-0.08291806351936448 -0.49496924245240187
-0.0984317056402224 -0.46704391189965205
-0.2652987290238102 0.023611781006354925
-0.3588893165710652 0.3236296449387497
-0.4037101587786163 0.3821927109834263
-0.37720545370044856 0.39471619255006746
-0.40022961940227886 0.4674405853887438
-0.40948156695577587 0.47252669824519894
-0.34131121716081453 0.28173720138518754
-0.26603129305982864 0.08683239395220178
-0.2666628847079534 0.017733991391202727
-0.160491319428813 -0.2806433559451717
-0.09927129314156319 -0.5136709756159412
-0.07051772527135054 -0.511803189105451
-0.0523827747459035 -0.5953082626455946
-0.030495627778893492 -0.6813164668307621
-0.1582575250308345 -0.468611933662613
-0.2453841649495988 -0.34344625539214935
-0.40590330898144855 -0.10276005736980495
-0.48384728786029596 0.08489444369026608
-0.5158785872553239 0.11645669150446646
-0.52079488882996 0.12124435365665091
-0.597969978325012 0.23150863193031246
-0.6130587397111661 0.273874883788749
-0.6140078885708545 0.25352114853605534
-0.47751707494981377 0.050138142050599833
-0.428451886058519 -0.05927853349098505
-0.3359186557466572 -0.19014543708844192
-0.12197570963027471 -0.5208230792967247
-0.0848458223770958 -0.5865239585327473
-0.02441649911683381 -0.681420073094976
-0.0036146777402026554 -0.7054138127772093
-0.02892727911854252 -0.6539632051156229
-0.058528270190978886 -0.555663127372363
-0.0902555664935996 -0.44717404837192465
-0.13169560892657067 -0.28213286829016476
-0.2527306460796143 0.028135113466299218
-0.25651043589100647 0.05749076707929606
-0.2650557896355663 0.08036454425526195
-0.37945652015619674 0.40749723599326565
-0.30488576023157 0.18289375495147014
-0.28113717493384466 0.1106302037026036
-0.28957073467358124 0.0770313051412514
-0.19350536256393072 -0.2548480197759153
-0.1741010499300235 -0.28692487100309705
-0.18223198159466047 -0.34456607729294964
-0.10335279538760057 -0.5262457342966673
-0.05667167006512463 -0.7725727261804635
-0.047447309926983136 -0.7621511834859953
-0.06824098682798702 -0.6743860027285213
-0.1940239825484044 -0.2780962087825914
-0.21392844823404095 -0.18443679390840267
-0.23015390398617414 -0.08562563601982531
-0.2657016617798656 0.050686873627333616
-0.29641991823899305 0.17049438689794288
-0.31735274136664327 0.2221645122627495
-0.2909946437757324 0.17803953715098234
-0.25028618452326457 0.03973150851138807
-0.2552484531383265 -0.015773377518333593
-0.1995244179334326 -0.1449632182822454
-0.09077391532817371 -0.5468591124907768
-0.008801708037713261 -0.7155694572348446
-0.00545903250187202 -0.7538193488703634
-0.0014270223508453023 -0.7691291067648529
-0.1093171706272698 -0.5848307538194469
-0.10196445328101836 -0.5743374463540858
-0.10591134789606226 -0.5648100459806894
-0.15403720311671878 -0.4990270451061998
-0.20954584774671617 -0.4127814622344761
-0.23062094365125685 -0.32978330930312466
-0.41089212138681186 -0.000776239620853167
-0.5193654280929941 0.2117455602370924
-0.40622151321160666 0.008456382038456674
-0.3890623605988435 -0.03567965181218013
-0.33389715355329314 -0.1380010916502524
-0.27705905285816573 -0.2856711665547334
-0.26029455834160703 -0.2886312691147671
-0.1376041660850284 -0.512511016590385
-0.05119461816987952 -0.7021002830965981
-0.025413399192765196 -0.711983855165948
-0.04553338447724689 -0.6594635623131719
-0.17679493586197773 -0.3165811411365994
-0.21853663848235136 -0.2292290499302418
-0.2281940044401394 -0.20966235567018296
-0.3078132159831497 0.035127903230651174
-0.3957937236637779 0.25900197436077277
-0.4077883846452975 0.3065567876973737
-0.4307105730016542 0.339499652761464
-0.24627887715420518 -0.20674001581071857
-0.24182932572406876 -0.2600220718981279
-0.19674977840292457 -0.36368993985874776
-0.16447023208012435 -0.3557371697883429
-0.15054508480410972 -0.491886739266358
-0.11363538482996041 -0.53396298301029
-0.050560926104016794 -0.7478700467499257
-0.031322615303096935 -0.812335254136721
-0.04986910867581299 -0.8151120458110506
-0.05410607597873504 -0.7432356615709445
-0.1342555343009531 -0.49052685611216
-0.22119952386672695 -0.18276164402838962
-0.30340354959288257 0.08606054283879967
-0.3006106617434503 0.08780620747372532
-0.33939537738038883 0.2126135898837919
-0.39937550219992585 0.4185658484305971
-0.39680605734618485 0.3831389949025356
-0.3872017604666244 0.3694874033400789
-0.2135440072587755 -0.061557704779394054
-0.2168614910203788 -0.06722020542089537
-0.1261865787035333 -0.25197190619982396
-0.06712885089014789 -0.47774147568217135
-0.027454742676716874 -0.5521116503722113
0.04621979505873353 -0.7210437114605217
0.03215174798799076 -0.6814090645311041
0.009955499658174948 -0.6047465758748568
-0.09663647370701609 -0.3645202828451304
-0.1216800450370517 -0.29616318871672587
-0.24393405061668694 0.023008510497207098
-0.26219399089327555 0.0946927862400333
-0.25738008567881404 0.12080189937944699
-0.29771893680346284 0.20000239433155054
-0.3052268764254538 0.17848024760646589
-0.28080611622061036 0.14489944570858876
-0.23967093915409637 -0.03312383447939813
-0.20765761837182115 -0.19144773335534626
-0.1970393123970385 -0.19609680569410304
-0.08971736877228217 -0.5736317039209811
-0.0901764378821609 -0.5897079150102681
-0.043308444658001356 -0.7705314503472059
-0.08414312428226617 -0.5196410768999243
-0.1411313282564319 -0.2986730837594035
-0.1388179652252274 -0.18388914393625458
-0.1688357328023531 -0.12902896155002747
-0.17535412822836938 -0.0755371682615552
-0.22415337259937543 0.09186253785297187
-0.24623325403202334 0.14597195279850844
-0.2848500757153544 0.36562322666234554
-0.2225166090512973 0.17628322832624815
-0.21909442782676783 0.1049257648110851
-0.13377530040019345 -0.21217179641564385
-0.12113533847108537 -0.23867325136568274
-0.10055602711705586 -0.3469139275067924
-0.06129367784687086 -0.45367438163618623
-0.03381747949904474 -0.4923413284858149
0.002849587610778137 -0.7130255357059724
-0.0067430034007449026 -0.5973189742068792
-0.016803719080593353 -0.5655369566526894
-0.013268798790873598 -0.508316909368876
-0.01964726210684103 -0.22502348773974162
-0.03401843784320706 -0.014259612525857609
-0.050658144268201075 0.12235964695189654
-0.04831877648229879 0.34689482075172057
-0.04687095828965371 0.36150740897655503
-0.031118668066540015 0.2155471386382791
-0.02888896681245347 0.031467119000142874
-0.02749628237281595 -0.15867271360231394
-0.02025129965421738 -0.1905231946646835
-0.009771887243068392 -0.5010451548259487
0.013707767131023738 -0.5459859096542263
0.016980285035880192 -0.7159359784668485
0.008367959174714895 -0.7502754391447916
-0.013521283389092741 -0.6852653110342608
-0.029698471456074346 -0.6124705564990467
-0.1325284997150958 -0.3285262839729594
-0.16013140740026352 -0.2638783170509989
-0.153357096571294 -0.2597029538524337
-0.15988114927795521 -0.25414957072677374
-0.2202681827293385 -0.08450900871046839
-0.3099367199232528 0.21005630560257613
-0.20835564969837228 -0.09148470290138366
-0.19936777158242724 -0.11179913897361742
-0.17911831910150047 -0.150414658636447
-0.13567058574713783 -0.3133920195602505
-0.055250454839133815 -0.5519063058327327
-0.04773168668455787 -0.629987497557567
0.020567286167398495 -0.7433618825312708
0.017432209753537674 -0.7716689493238251
0.004627187894102677 -0.6937800493804158
-0.11059291854637178 -0.30782388462599025
-0.17515866741430233 -0.15357403571257094
-0.2000061058655247 -0.029899569419573384
-0.18497789459193886 -0.02187944921030859
-0.20696110494948441 0.01596792807792744
-0.22038939683010492 0.043050411581760296
-0.3433510526522951 0.4989044760067955
-0.3409647974268151 0.4970282629804216
-0.3375765544240741 0.41766882183073173
-0.2895735057411937 0.22215486310635546
-0.18864929723515314 -0.1369545013796616
-0.13187667030288577 -0.35413868801876724
-0.11516641829235728 -0.4261229214648742
-0.04313321666734376 -0.7830699252446359
-0.0373632816429997 -0.7907088046715214
-0.0689500111180635 -0.6946700406965322
-0.11489544179449107 -0.6450410363921241
-0.1438452302411294 -0.5605854966801954
-0.18142580206023787 -0.45461605648213993
-0.28941686108983405 -0.23716949415261848
-0.3743243640562116 -0.06238666202392785
-0.5285004388608033 0.2741202434744947
-0.5459798791181798 0.33405311303646956
-0.43255795865854796 0.10756278823234137
-0.4099933425390937 0.09477727748409404
-0.3659105159493756 -0.011872531210299842
-0.3150563592093147 -0.1023845323217951
-0.29536474910150884 -0.18003105466072183
-0.08320998639935545 -0.589297901250601
-0.07754871315701013 -0.6342822139731061
0.007285329544117214 -0.767630131681104
-0.06893442481437327 -0.590508393626929
-0.09367834900573045 -0.5255058290343487
-0.1142733749428326 -0.4215677736203157
-0.16875701705318025 -0.2501740783650121
-0.23356058919390585 -0.07525386828290695
-0.3449997515147255 0.1421357490513883
-0.3667881502169692 0.24217536137440016
-0.4277283474648443 0.449191265105597
-0.4028825012430238 0.3591043058514144
-0.19503122602929654 -0.19116610444568785
-0.19439281346347562 -0.19952199798714623
-0.1882021950123479 -0.28660464150438036
-0.11479748741165072 -0.46537132592050157
-0.094429197390344 -0.5222670185374026
-0.0038097048256527976 -0.7682824475488017
0.005742737605512814 -0.7918246679526445
-0.15595718728618052 -0.4790202661117088
-0.16315636065099973 -0.45904646831856755
-0.20996941915599882 -0.3548805314243175
-0.2856271852653001 -0.2321160420209201
-0.30428721157648264 -0.17515594202870774
-0.495528503872536 0.17352811027477907
-0.49785998094766565 0.20030577533703725
-0.5619648410334175 0.2799505297922935
-0.5049889077697193 0.18513396337310406
-0.43631596147483137 0.031387400940238695
-0.3034270056178662 -0.17573041589075936
-0.17563433093257222 -0.4343854921269496
-0.1489009139135577 -0.45012840018925626
-0.08871510567083495 -0.5628168322681848
-0.06566867996369806 -0.62694776575502
0.024128578414314244 -0.7744381547262781
-0.1591809380139835 -0.3385184733382242
-0.16543197446107671 -0.3093079865906781
-0.1595324760588699 -0.29917544013345343
-0.23905009763234464 -0.1645906985729383
-0.23582766937598523 -0.11915021877616928
-0.3632839748747252 0.17625332971621013
-0.37814819375929126 0.17061257272277797
-0.3798106755952857 0.19405320464461565
-0.29741448210357413 -0.012398184386616593
-0.24030988794526958 -0.14594477239405823
-0.19750268897570594 -0.19071213918420257
-0.21462802588047308 -0.21827723979539151
-0.16681639701115342 -0.32536418958278734
-0.07841484261597692 -0.5578590117088048
-0.04130546795598181 -0.6148414945336467
0.0033100567242853912 -0.7245067602916191
0.06989798338420798 -0.5779056881043756
0.08324206846641144 -0.5489395312397413
0.0889457062177944 -0.49348933386761185
0.23826625612886804 -0.18194108392019304
0.22106213924011053 -0.14668008543248381
0.27359954226952793 -0.07857052331017489
0.4127826814514048 0.280264648647353
0.4435962837802069 0.3363031989928593
0.4306494553458647 0.3018837160327982
0.41404518944371427 0.2291828862339479
0.41046595924435103 0.23015724735424783
0.3815151347408756 0.21517903562884075
0.16037834926713948 -0.3486954699831992
0.09724811848792678 -0.4955788898702068
0.06852940592139471 -0.6220396358514062
0.020701793512884203 -0.7086614819205184
0.12608596151454746 -0.47261467464866513
0.16055070413456995 -0.40651318609497744
0.2728943913067726 -0.17002402698297925
0.3293830685260155 -0.05265088490444404
0.3880004122740058 0.013908473701805304
0.3708332223501983 0.02311967824822683
0.541341168700774 0.4075539803166675
0.6434276279569101 0.5942485909289438
0.6253676171735806 0.5638759498909466
0.5761145588851961 0.4832318197994945
0.3699204440217247 0.015593895553525857
0.3270202307441393 -0.03788167423621431
0.14732158323633512 -0.41936002249789095
0.05509202970733358 -0.6204823648883898
0.028886008546388883 -0.6774110779632808
-0.04004045838325848 -0.7929129992321432
-0.03415880472915188 -0.7866718496997269
0.05626217002946105 -0.41760682701116003
0.062407155853264694 -0.312492277482238
0.07326526752986337 -0.29373930896623157
0.06191065993922286 -0.2769493437877082
0.12350526146315331 0.007056408888776209
0.2236713430719264 0.3365769676226412
0.2376014137923481 0.44789053131319945
0.22407796041078182 0.39798898539745103
0.19007674047934842 0.2668844073725459
0.2009858720461346 0.25925232209946875
0.12903272817869715 -0.014377940801434091
0.05868440629210206 -0.22688605720115104
0.0481707365461142 -0.3229597154554298
-0.04614900072783544 -0.7128033447877282
-0.042039783398731836 -0.7315139345379623
-0.02409352501392744 -0.677252867747146
-0.01310404352802275 -0.6010850398112392
0.01399224069437972 -0.399146488006549
0.07279923127600649 -0.15950077235264246
0.06665340380777476 -0.11526914263916165
0.08180033741025053 -0.031973505428759874
0.12743443578007416 0.24495385779664053
0.14230422294818157 0.2667104575278892
0.14635440385004242 0.25461487449614384
0.12016133916198792 0.13187540125629876
0.0918085930399851 -0.10028551091400098
0.060456564334040244 -0.1502555976995586
0.04280426349588887 -0.45927676456376093
0.023415017138074746 -0.4669435163180629
-0.01848730954406614 -0.6764064912790265
-0.019564630725150967 -0.7456246355928603
-0.03027304206896457 -0.7102911656399016
-0.029456463667480115 -0.6561069508030976
-0.010405260143237444 -0.6506682329372788
0.006315325316019804 -0.30642303547284083
0.005227950217781643 -0.21595352858136255
0.010203558566347493 0.04984963598065466
0.01669937080579422 0.40001494904927226
0.02663597466818446 0.5228565529577609
0.00446367450488514 0.14062386614488234
0.012859711838235949 -0.03947782051330974
-0.012233329386391021 -0.07476255224566447
-0.006458082315227914 -0.11093387155912207
-0.007497138516538946 -0.14680508809367684
-0.02325446223689024 -0.3129592291874928
-0.012504769377822831 -0.48795109549108157
-0.021782492166200495 -0.7777599055689877
-0.05235972742118376 -0.6041612011409202
-0.07951352100991832 -0.45665359554204454
-0.13137334727803834 -0.23649891124356848
-0.12861749962004324 -0.15276079258963435
-0.13151000799546209 -0.11402901183433076
-0.16243694051768315 0.013175323099793482
-0.23575440098193354 0.31256560048072257
-0.23253177978276213 0.3717172712992789
-0.19280151867818876 0.16304839575885732
-0.17161425076424908 0.14931858695667535
-0.12137844048119295 -0.2498141547538679
-0.07342936572296871 -0.42894982131560205
-0.0009635459031916687 -0.6312559752644659
-0.0024194815777166777 -0.641401681613225
-0.0030597040848395155 -0.6800653022657525
0.008911527134417015 -0.7407520351753547
-0.05768250782576467 -0.498476462890881
-0.07181338941379356 -0.42656148835888924
-0.06564544696143994 -0.42482533432308867
-0.15577821918609908 -0.06917720788441648
-0.1641696884841653 0.018324406253755095
-0.25740068386496207 0.40144751294379916
-0.26317681246049063 0.4551831955011841
-0.29598314423054894 0.5155737047307651
-0.2962737483784337 0.4576590760248277
-0.27735873958749613 0.39321129810699684
-0.23027288108892385 0.3077933645355378
-0.1340432938658764 -0.14134661788024888
-0.11298958894101081 -0.23685770005958096
-0.005927889294806663 -0.5699072236489224
-0.019870650778067482 -0.5817801615032353
0.01472344143516256 -0.6784818605024312
-0.011844184686681102 -0.515251318050712
-0.03320524233175584 -0.32817764493740714
-0.11611959702548798 -0.06939710538182453
-0.10815163210306418 -0.04957050122495126
-0.12464686066109244 -0.02893921447799529
-0.11332476599014214 0.0069644320114023274
-0.16691946222331205 0.21605227925559217
-0.2367529999300558 0.6178164942967926
-0.24417091092708462 0.5978752122846682
-0.22325214996980455 0.47021729727764716
-0.2102138584071174 0.4142004312811841
-0.1790935109386233 0.2665548475960008
-0.17791685539463356 0.10043598039052626
-0.07087162411600453 -0.4163719890137402
-0.04849314226986707 -0.6422734946214134
-0.04670228589338632 -0.7090447357127742
-0.04279410035811171 -0.6911054309504365
-0.08558640633231154 -0.6498980382725325
-0.13624628059706276 -0.5340911785872723
-0.15246500231263055 -0.46904320688721257
-0.21222426575510606 -0.34756565638680215
-0.3225218394460573 -0.010410904757057488
-0.419036572177476 0.10170574467614912
-0.4562977234272847 0.27744106816593944
-0.3055177202473486 -0.07186509270930524
-0.2624049330497758 -0.16388657391381212
-0.25812888845563187 -0.20079182721115418
-0.19418929193594645 -0.33506170334630875
-0.15559142842948698 -0.4379004773492626
-0.14288271674404143 -0.43964269180472176
-0.13544521473191795 -0.4496036687545791
-0.021594767797921945 -0.718341562202549
0.01603860140985973 -0.6711268842462534
0.031756734332385045 -0.6011947835064708
0.16375828593703434 -0.36671631280897743
0.20761454917949657 -0.2618149897273641
0.32404371350116484 -0.027871861701285895
0.3999763153284786 0.12722384467579276
0.42409726836669026 0.20285822286208038
0.5113291625956963 0.36559362081726227
0.46946522603407587 0.2719004661343242
0.4293087985932099 0.23007950129520974
0.3644709147653098 0.06787327411556669
0.1879543437646037 -0.3316766920773747
0.15966230596590078 -0.3989704235875198
0.1279422587336516 -0.4550802278109764
0.0993949053625118 -0.49715183798552126
0.0027257047199346026 -0.7287281347298704
0.05707566027841326 -0.5817835658243625
0.05617456377421749 -0.5436462152243542
0.07262308979699095 -0.4843861596078167
0.18368340479915826 -0.22862698651858546
0.1880007838461257 -0.14639846068850693
0.21012581232770497 -0.11597714755534513
0.302921539971702 0.13382485481492687
0.3726078386854897 0.3307495274160575
0.3551066531462565 0.3096974726335166
0.33060963850422703 0.2370226935197663
0.2694522134675441 0.07828724285563096
0.2281137092428621 -0.10523802182008724
0.08772970034198072 -0.45053627738458457
0.07680804327423946 -0.45138552469820714
0.013648794294624553 -0.6349931271285498
0.002034138513041648 -0.6935709218744546
0.20340198832843023 -0.2951940319931864
0.21083725018482824 -0.2956591352473561
0.20468560082246928 -0.2793296954207797
0.25304051283250684 -0.2104722207987182
0.38122941241102754 0.04443054284678104
0.4038465504608978 0.05960572102927096
0.3995580191400306 0.076521118173882
0.4669165718574964 0.214325486198379
0.4505123760008607 0.18930572890483985
0.43145006524162305 0.09001850842415732
0.26750882270906257 -0.19789019862560842
0.2518389049884517 -0.21961102883546096
0.2021344303333108 -0.34010019756430415
0.047607399609695324 -0.7046576447710262
0.04416683768599694 -0.7211097333322407
0.033975379098747836 -0.7308214274388575
0.06376630575515597 -0.6388895549993325
0.05935378822626582 -0.6140325065624829
0.10147095224947357 -0.533055305323935
0.08906795619368192 -0.5129528973501696
0.2115765930476555 -0.10883115710873964
0.27372763667004374 0.10822852833392557
0.3674857121083969 0.36038149212404486
0.3861737885575997 0.43069800479059306
0.38848962314650937 0.41912793628019784
0.31601620468618863 0.14063505447217656
0.1572009442403231 -0.29520979905413075
0.12738783003926107 -0.30248949303473144
0.06685367681225558 -0.5242408773586631
0.046062517314429834 -0.5876046283727445
0.0099588117921281 -0.6847671640993681
0.006384221187423679 -0.7251239369040933
0.01715027567071016 -0.6617636775152499
0.0768257500478776 -0.5519378464851936
0.14466693122491228 -0.4057973227388816
0.2813916225225946 -0.02714000595555487
0.2980211971574686 -0.03024285413062707
0.3033715845553917 0.047462580253664774
0.338963882586491 0.13762748228170155
0.42159943913001696 0.3180944523372715
0.39723604129597745 0.2793415954447229
0.36599505365561674 0.20126781114402728
0.1741577602503109 -0.40663868638975204
0.172806113806834 -0.43041947232087513
0.1548081403653446 -0.5119645660807026
0.12606812897279404 -0.63235597888282
0.11746595895256316 -0.7182703233743236
0.07373092663312776 -0.7664020859791907
0.13032066568607525 -0.5752937091619801
0.2099044223102702 -0.32721147582316107
0.21333532431887658 -0.2940778064422969
0.2780898802921187 -0.15022351074090468
0.28634948097846186 -0.009967273677387145
0.317198602300327 0.0339237438235472
0.311412279281575 0.06687105322651107
0.4034088326575404 0.37603183585666705
0.3275398757822764 0.19528054557491237
0.30632016343673885 0.07922625888878439
0.2818565346614304 -0.0021917733605470568
0.25564835756695475 -0.012336975851470236
0.1989209271784237 -0.1434474069934024
0.16877854832956757 -0.23453438593319131
-0.028118397510761433 -0.731531182810582
-0.03713477774018319 -0.7286935651796332
0.06016271639691419 -0.51672562760709
0.1447053163961621 -0.34081621930655737
0.16697392427432395 -0.3096150274886848
0.15446920996860308 -0.3016693797504806
0.3086656103179174 0.0038476585187136886
0.29793410128236253 0.021438153745748985
0.30513465321500877 0.07017214824850522
0.3515587862373133 0.09973820144054252
0.286826197633288 -0.014585417239792817
0.30382137073991 -0.043994766812325024
0.22886078554188755 -0.14869437109627742
0.19643599420827368 -0.18597858274957058
0.18446567375037928 -0.2686427120503339
0.09856819616046471 -0.4410223516549766
0.06551800579373497 -0.5159049765572585
-0.02988339421618423 -0.74666128091706
