-0.06888657588507582 -0.6548933642208891
-0.0919136089791755 -0.6099959359219677
-0.2551920303786896 -0.3679029247619773
-0.39166652236161004 -0.16172387863995247
-0.43495346997151385 -0.08952128418849484
-0.4926519003514447 0.015577092168519695
-0.5539779142876803 0.08761190572993244
-0.6973737655986747 0.31962141881128786
-0.5014237473840091 0.010386425347140335
-0.42467474195736105 -0.08571364684497144
-0.4041042420311156 -0.11061734905033871
-0.3605595281794576 -0.13199939822553694
-0.35700848180000544 -0.16960505626895708
-0.11484716697683789 -0.5266957371066396
-0.07756831585635492 -0.60539860897461
0.028531593932274897 -0.7420673174500931
-0.030140657247575017 -0.5760336035788709
-0.026702941514782655 -0.5162211408768468
-0.06604547687446856 -0.37359755258474686
-0.09939906190183402 -0.330741260592748
-0.10298990656431657 -0.32197330985398176
-0.2229965585781251 0.1731132935343335
-0.25943715341437207 0.31917588281967313
-0.2689027301926149 0.36135604575372404
-0.24851534406660106 0.27547334873824275
-0.22653839939217432 0.2652883735197837
-0.22670684497215554 0.2173997904598537
-0.20241492972319955 0.06447054305938968
-0.11507399654938197 -0.28298623880460066
-0.07948061287996115 -0.38586564544166185
-0.02796330861806216 -0.6608796020810711
0.005606737118389286 -0.7012596467373742
0.13408248399037434 -0.2941485053110574
0.17972290578851952 -0.18998202845502954
0.18265236981517513 -0.16437664041672842
0.18443091193352074 -0.13255978125986204
0.3424971801302662 0.27701374891565844
0.39572833365652477 0.4440621158204938
0.40847328761644214 0.4859559594992975
0.423815214397926 0.5256130613847332
0.34427893245475905 0.3133176864905214
0.3159298094446465 0.2131611568968074
0.29744399233208835 0.12031923282785315
0.2856492882228335 0.10093433798470701
0.1843858161541545 -0.17607855420791285
0.12042176580136299 -0.44733871140043036
0.06175664791274308 -0.5584082843457204
-0.0006156601222696882 -0.7284923422565613
0.02793662808730555 -0.656763883596318
0.13955905794081952 -0.4368401241719942
0.17288932308509655 -0.39523060918084385
0.193294132137372 -0.3533466642500947
0.20283029355392615 -0.34918681171476357
0.2574123910020175 -0.18543789841422795
0.3718305640877054 0.03010486492590381
0.4952176691912376 0.25722586678422354
0.44594030704261634 0.13874063979136614
0.33331652147549895 -0.0991167402521559
0.13505215260499737 -0.42253594687402896
0.04600049912327988 -0.6454705298675595
0.0015235623285274266 -0.711157525948545
0.008919333848850802 -0.7219022116520348
0.010136912591080332 -0.751616585035412
-0.022684260666967906 -0.7744506510509686
-0.05349273665913373 -0.6637921565561068
-0.08130053187118302 -0.3247893265927892
-0.10265501566346223 -0.25009735277424894
-0.13123005739853805 -0.2415071986675255
-0.12331103061550305 -0.20002127607237533
-0.13285702995915744 -0.17726363008932486
-0.14283793301967107 -0.04688440611842813
-0.24318486776299383 0.6767623973877289
-0.19891377245669278 0.42891658391756315
-0.18389966635169425 0.3254922876432051
-0.13002787554902404 -0.04456641410739276
-0.07767509067559847 -0.2635319441728157
-0.06330749268613499 -0.34782981369096644
0.013547788383591407 -0.6408228314747727
0.0005618803335123174 -0.6772612519051312
0.0009311130085774605 -0.735226113150239
0.17574046175180758 0.015745121821101667
0.1746436829013398 0.026958233602137505
0.1776682890250513 0.07036486639094876
0.19151485512500227 0.10676730844723491
0.21206975344310008 0.1797543088888468
0.28617466377460177 0.4904575318961925
0.2903693692163552 0.4957563016961919
0.3102471032561262 0.5841871666914827
0.32381826753632215 0.5742739413251644
0.2813544349999133 0.45160199013076674
0.22850535824095686 0.24991133334916815
0.21726435437092245 0.1965673092444173
0.11574385682925818 -0.18636738878739767
0.00688833194502262 -0.693865645729626
-0.021913728254199363 -0.7661115691607969
-0.015742985429864628 -0.8027162173043941
-0.13883263131076262 -0.4152098629065215
-0.13448400028168414 -0.3999495484615199
-0.2872138581027164 0.0324408670655671
-0.32056413850581406 0.0761910957070394
-0.34029069777418774 0.16348916712494668
-0.341821792484349 0.16582037621141388
-0.39789803291942344 0.3851496771632378
-0.5062801007280509 0.6980756360619292
-0.3437947690324884 0.1967943768692133
-0.18321475070333035 -0.18408342627440324
-0.1572150629360582 -0.2779815459420791
-0.15524515315774493 -0.2997028566938722
-0.09534863544143922 -0.46435012685629545
-0.027414171935279286 -0.61227520022679
-0.02094740911184584 -0.6941180154087458
0.007240333308457662 -0.7358807359469903
-0.07113360815743108 -0.49392833335778197
-0.1101107300146738 -0.39152510061004986
-0.11510703783509695 -0.34009085921642
-0.16531944952744088 -0.20155007468175962
-0.18135408666008068 -0.20236798573775303
-0.20598723705470215 -0.17429756866644616
-0.276231194503909 0.07355658411750639
-0.2888334671550019 0.10558625970921148
-0.29921057824520375 0.08541337213092547
-0.28390387117633814 0.07595478570706933
-0.11642532380816367 -0.37874559449769724
-0.10288599813242132 -0.3917776347709405
-0.10785349866568977 -0.4440490347293259
-0.02972597181737025 -0.6413143562517732
-0.03436270200265508 -0.6784119461197149
0.0137417191738307 -0.7715259172832151
-0.042507922017042 -0.5981996793886849
-0.08012072703077497 -0.5517863136481159
-0.11316129317796346 -0.390305773911972
-0.19640357610484827 -0.23747503410905013
-0.20953068651171505 -0.17335767517393846
-0.24358649338989655 -0.12774644759388426
-0.24062999684190628 -0.12554087974992487
-0.49346451891920107 0.5677931920345267
-0.4346736902392678 0.4696334083959649
-0.3756310987805387 0.24350889344584972
-0.32128092522859686 0.1219070671805304
-0.32257167709427126 0.0829784869298251
-0.22810467053868094 -0.1249935033364024
-0.16321499701669565 -0.23357077147179978
-0.07396501646790046 -0.44497499311123145
0.04731432304072461 -0.7612426154598276
-0.021081000079388762 -0.6055885951765374
-0.021646248995385618 -0.5920980084010325
0.011888117655085823 -0.5785352850805312
-0.10030830956095918 -0.3385084546296205
-0.24130057838558935 -0.022055164501461832
-0.2944210883697497 0.08841445413160484
-0.33070520113984087 0.23856919009673813
-0.4405158501256531 0.4772281915025229
-0.3663815814195669 0.2563011055055526
-0.34608459506447686 0.174323175505012
-0.3400443332432468 0.1340100678662974
-0.273778814537735 -0.013744151535636096
-0.2405037121223767 -0.12413325114616063
-0.062189039401151766 -0.6625751867828157
-0.05493303514401052 -0.6692401120794214
-0.035063462612527733 -0.7601313030421806
-0.030566233287130137 -0.6653956798485563
0.013956926513613858 -0.5360662686362997
0.03599010317658716 -0.43142204508677856
0.05001410233871238 -0.3664672646447579
0.1111672160499011 -0.03670718251884644
0.19187505380856365 0.2600302240693804
0.17152454377541249 0.3126115480340652
0.18918610088683085 0.33925364046644413
0.19013462378457116 0.31998022581627067
0.1565170482415361 0.16146380673281582
0.13948549342806701 0.07047440215233378
0.09934905563440878 -0.17429807222119947
0.08574118602068936 -0.28714359899401337
0.03705224080349332 -0.555015727954186
0.03920508138817704 -0.5960795203118955
0.008102503372372883 -0.7350180935744428
0.12024560054707452 -0.5329028694818655
0.12329027100656628 -0.4895874301478881
0.1359975548374863 -0.4835306688562011
0.32662085373846983 -0.10400275570708901
0.36760508887312876 -0.00013990461085764804
0.43759823242721585 0.11793213349752772
0.4575802897848039 0.14881780446729773
0.49873601126067457 0.22739839843791126
0.1938979980488693 -0.38348406140488533
0.1706506111531689 -0.4316375875925264
0.15472971138659053 -0.4363422516711858
0.14548931267767132 -0.4542328137737657
0.1373396203672388 -0.46537170803228983
0.05258945409919847 -0.6796493187934292
0.0374387443374232 -0.6881664472789175
0.03181810552450379 -0.7014600929507329
0.06334515714907088 -0.4737846832705805
0.062065529722604484 -0.22234141935404175
0.0885175917416408 -0.09999989270131918
0.08102060887318732 -0.02395462037955987
0.10305975736869415 0.16899505313416274
0.09874944257360721 0.17035523971582542
0.09268932109374864 0.2631339483596624
0.10576038632259621 0.30612661120146684
0.102684147373533 0.18396775430610335
0.08207644448878387 0.09357058252659609
0.07068252802083325 0.03953040986753218
0.09370471498053023 0.035577385400509746
0.07958755225734625 -0.05415813287419922
0.07069885755240078 -0.14563766843139467
0.00828148019418162 -0.7089136479268815
0.014528905373333324 -0.7551446746790036
-0.07612195670964866 -0.5355689002007206
-0.19506645168451892 -0.23171653861723798
-0.20318914696740764 -0.21454719822878893
-0.3007302400569253 0.05947217432723886
-0.329572303004387 0.18058063282686493
-0.3441064675361375 0.18859429932089908
-0.39409743462805 0.33751371127193697
-0.5494561336452826 0.7250042623224391
-0.5203208103020135 0.6591439877605375
-0.49674577744430387 0.5827080910798339
-0.4842825530507095 0.5464744624717386
-0.4105504020181059 0.3251033452784853
-0.2183711135656112 -0.24528085501744312
-0.19014165745051473 -0.2971620232116549
-0.04019621371367053 -0.714817581578645
-0.029566504539532683 -0.7367624415228052
-0.007611544067587951 -0.6955569531150202
0.01012444199766958 -0.6789712469108918
0.08601766782937034 -0.5353254286048852
0.16316895204047532 -0.4669939919318759
0.3803491776393994 -0.11083741605595063
0.40666631524317143 -0.037394228408484324
0.5594257702280868 0.21472034884494862
0.5970801454922527 0.2573233757050791
0.42869067427126595 -0.01899337346673721
0.3858577237623359 -0.10967287354008824
0.33962301774005776 -0.2081140408549141
0.2138075067539692 -0.4253581667416379
0.12216703365630557 -0.5438037655784544
0.1191488167383241 -0.5607361998142198
0.08045377830235345 -0.6576065776964909
0.003430292812392361 -0.7726448930021711
-0.08799022398177495 -0.5178558182020893
-0.13678459383591154 -0.3650827600471875
-0.14706440525447909 -0.25228346788690875
-0.1832848324792049 -0.18850813333218724
-0.2554112976146611 0.042368633313671786
-0.27500057161839814 0.13295110954740352
-0.33106697934584506 0.32110670864062196
-0.40780816822658716 0.5417278206446559
-0.41125644106420167 0.5256754643614411
-0.3713126878067167 0.4261392526181846
-0.27930989024525343 0.10801832206337414
-0.2620991932790403 0.08230564174507095
-0.2701475310330785 0.038191042273594204
-0.23483739486876465 -0.06604051144160693
-0.19742610615691109 -0.20784854919312443
-0.054211224932725295 -0.7150964309653298
0.13446436032884063 -0.17591230909310518
0.16295864374016267 -0.02852770068427544
0.20091562865732351 0.04316123899402361
0.21454842993454007 0.09573584044263668
0.2518684604915121 0.22021294712981188
0.28461813958001997 0.30686991649746936
0.28013410424977536 0.3165964272250091
0.2940283855501362 0.35336218831845095
0.29001581982479174 0.29926512497700225
0.27668328621069205 0.2931784236097504
0.25338283767902164 0.1837199609209019
0.22873984212510087 0.07786375376915797
0.19939992019642777 -0.06194276053825381
0.170309818751575 -0.18347016352652432
0.11369273459867009 -0.39157296637934974
0.028508228854410646 -0.7882584228268252
0.09208500778322508 -0.5868306782786873
0.11058500252690233 -0.49285168978764726
0.12156815181259255 -0.45014096383872393
0.2372701148745098 -0.022250106760711763
0.3483915604836604 0.36872300538869557
0.3379977445191492 0.41000228364164043
0.35636993173578446 0.4513785042838186
0.35406433428197437 0.46573070944917877
0.33269866170459883 0.3890413750254241
0.2753234349819592 0.19481885301864826
0.1513378037948399 -0.11615618618502709
0.08534482474403766 -0.2929488835473778
0.0860818231816925 -0.35442256447964415
0.04794350417106666 -0.44413502775915
0.0038259528305072325 -0.5776419245507661
-0.039627755229201096 -0.699193237751591
-0.0634653835536405 -0.644079608616381
-0.09923627050613923 -0.4511148570011024
-0.13160134514648003 -0.374334196034399
-0.16320268734398094 -0.28299764500469626
-0.21297758777060447 -0.03745204469942128
-0.2587575219367411 0.11039270236548077
-0.2721987422123264 0.18136876134601487
-0.3434299531784396 0.4192121552919326
-0.20743086804231456 0.02317442123260665
-0.18287487936486133 -0.09185917459120571
-0.028119137279360308 -0.5594390447770418
-0.02418023298437285 -0.5904096959059429
-0.025652492853895103 -0.6121766526823395
-0.0073074393704668245 -0.6328807736130083
0.005818995618181458 -0.7020478264515481
0.026036436642931343 -0.7735266905198455
0.17245700414036477 -0.3202785793975777
0.26166024486782 -0.0829488408601819
0.2568306956269196 -0.04775876173479054
0.3322670032088442 0.1760685362337577
0.35389713533119066 0.3029461860248983
0.3669942346905413 0.3100608765013331
0.3806116164165918 0.32149538830043994
0.40772754600607924 0.41811244579095685
0.4166585362886578 0.4024831332035293
0.3114073577410401 0.07680237479795231
0.2939208883826405 0.07422995151559705
0.26296918763720367 -0.00020544879406414414
0.23091478636966498 -0.08562638604784946
0.03495642550762768 -0.6506110136544858
0.0012123173233188835 -0.7408500787981509
0.00016205917915341483 -0.753095143106529
-0.008018182151607392 -0.7235626722488371
-0.0001472695581273449 -0.7015999677637449
-0.07851629249379581 -0.5070307346189186
-0.10670829724996395 -0.4979525146570611
-0.1383613266238285 -0.3641894619695311
-0.14268680544818912 -0.3561623849186407
-0.1935412212922868 -0.19612759728957574
-0.36878960754790907 0.266179931052659
-0.3535197050305484 0.2373159079850713
-0.3387934140587748 0.22871528106879108
-0.28896949861548477 0.07842469092662749
-0.28177462689414107 0.01167633110321322
-0.23659020935554387 -0.03726139365155396
-0.2143587047913882 -0.11881768627697543
-0.06783948894951675 -0.5586382974423613
0.0191455705597567 -0.7763680405921398
0.05578147423010884 -0.6690153708282524
0.10303855008180664 -0.5413382729854627
0.21539439033358568 -0.26666885977902927
0.32315571124306236 0.10757695789245937
0.3746576947774403 0.209501323371989
0.4024060293089396 0.3668839275219426
0.42065643979357703 0.45362506089619514
0.4413160261426445 0.4674119998616967
0.39617068199304944 0.3608259667827506
0.3157329369716015 0.1256238808585822
0.3000362654556845 0.07301033577046424
0.23720374966461436 -0.04004447418806354
0.15764194334998566 -0.4377699323181006
0.11114602222584336 -0.5594442679168392
0.055612277175015414 -0.6616063279574017
0.03470767730918198 -0.7277532472041337
0.12273506960797653 -0.44370564709626287
0.17568807351038412 -0.33191730575001327
0.18706818756584398 -0.3051066140551608
0.2757386884227939 0.0243104413414535
0.3068294672485978 0.06524599711135218
0.32000276898185787 0.17905422706430757
0.3616269976817825 0.2801354359316737
0.37764925549066175 0.3032319942504216
0.37580304282410576 0.2904619733335889
0.3185638839776434 0.03441506628537131
0.24957509093971153 -0.20829627058450126
0.15884758881487074 -0.4435540864790892
0.1487348447631312 -0.5036586798739173
0.157830840116272 -0.562761297725395
0.13281791983785626 -0.6418949165755121
0.07834498691802796 -0.83361709963648
-0.04177404716985546 -0.6044901931483386
-0.11748815258591568 -0.4161486403513551
-0.19297749387977245 -0.27935727341024424
-0.21796035920038118 -0.26911950666009854
-0.24751778201071573 -0.16765820779513682
-0.31543695970042496 -0.06240564779235872
-0.38874586161010855 0.09292039605571052
-0.43136552695749775 0.1926651500531362
-0.3601328317946012 0.05988014288105985
-0.2920652587333572 -0.09813672162015899
-0.21834680581554874 -0.22086163534242653
-0.19414653065206366 -0.27710390141061436
-0.17824145825181975 -0.27994980803842096
-0.14712961040002454 -0.33755039346742455
-0.037726829350969805 -0.5711391926023476
0.03228287055598679 -0.7146831789443389
-0.01893923189974294 -0.5877591752153529
-0.06404253721072754 -0.46036966863788104
-0.06585340540373008 -0.4382135487257585
-0.12609926615932768 -0.30363772538880585
-0.36936241995155167 0.3033099836097873
-0.3561101166271464 0.3305832082522553
-0.40267739860587687 0.41116403678058605
-0.40237838485391264 0.4198488840580652
-0.3705612843098691 0.35983397007773743
-0.3181230271040369 0.16835521337313475
-0.3086266233079406 0.09476378275615539
-0.27426927864913425 0.05288590473396857
-0.23308506873966134 -0.052304492406696705
-0.21843843869818647 -0.10079911962718002
-0.04637090977805738 -0.5348718577411711
0.02967397455176338 -0.7817689132804962
0.04343670283372382 -0.7726667253842501
0.08271069917129559 -0.6303527901204173
0.11438505096976356 -0.4555217738346555
0.14745859116243443 -0.35263768040267174
0.19179272737801042 -0.27629639319678045
0.19137316309036978 -0.2415458726199408
0.3069002147425781 0.12306693548813026
0.3503651932001878 0.30701452864928425
0.32027911430788725 0.2568338936366662
0.27432547138785357 0.11242413250871841
0.20601007687134462 -0.08528574129255069
0.1962200724250523 -0.18096869778826064
0.19223369331690704 -0.21737791165008644
0.19855616147040905 -0.22802198737553506
0.09216790923715393 -0.5012568296752608
0.006220591469847356 -0.7726525324810262
0.07658928795172963 -0.6076136371404456
0.17035434039576985 -0.4406320124762034
0.2109134286041439 -0.3778230216968283
0.24808473183688573 -0.22684880714254033
0.29350835978671486 -0.1657472689530689
0.3673259795352235 -0.01095473198201578
0.46744766604045407 0.2350904992578904
0.5039640219093829 0.30173997681605363
0.4719467648625111 0.21862737085047373
0.33915358852202615 -0.030549854137755107
0.2918504465045563 -0.09358914974271876
0.23578740062282041 -0.32530955339136536
0.16698080810215166 -0.41087602639995513
0.12557666112419702 -0.4426269961603031
0.0876612365707962 -0.5164273350946215
-0.026406819182032037 -0.7802030529709905
-0.04308443269151345 -0.7272727112251679
-0.09451648721983152 -0.6310594970134056
-0.1660494664928182 -0.41319256611583527
-0.1750271156729629 -0.40884036999653744
-0.26514251476869827 -0.16341972069556662
-0.3580992255054544 0.02128452025101015
-0.37037583416677466 0.09281083575941197
-0.4400398877702644 0.26390262033380574
-0.38675009491572426 0.12258722510191315
-0.28249917945646597 -0.14781932581322543
-0.22517935042692244 -0.3327052687710033
-0.18486309283154778 -0.40233918634640564
-0.1468702725202843 -0.5304470069596072
-0.11691082326683025 -0.6017425046239535
-0.08763826727760732 -0.6348759558690436
-0.05607364543931287 -0.752677321679806
-0.0635916476906547 -0.6982235410204758
-0.09023210940886447 -0.6038588198514083
-0.10867924128833267 -0.5316217019232
-0.11708644914382042 -0.468911744427128
-0.15125100756858298 -0.4003411046334625
-0.18994148001645864 -0.1818690181033114
-0.18228715546186303 -0.1768070983189882
-0.3582534086089357 0.41975502964236683
-0.28228893681804185 0.20222109282873113
-0.2620080770572833 0.12090360516241948
-0.14947261797042968 -0.08335486870874262
-0.09168443293677357 -0.3185846626424586
-0.062064555686418256 -0.37970409445713743
-0.05714176539060699 -0.42481393792921307
0.0019155856375122444 -0.5552703541658225
0.09027028552257768 -0.7952691598851992
0.13937504197586428 -0.6076544102373003
0.2763998041349215 -0.2165221730879638
0.27137843732756317 -0.18085062568817853
0.3148714046334606 -0.08145352701781415
0.3493601360914343 0.01649135874300221
0.3813887028713089 0.10328923390119894
0.37982903405124285 0.15145885321668903
0.4313774482600423 0.2743224794917449
0.3528520883808518 0.10369476590893761
0.272093411230366 -0.09295958306210579
0.22612043979816132 -0.15442046069802723
0.22060506494027327 -0.19676547423522298
0.16994599527730736 -0.2899002953617164
0.14374144805746833 -0.34334855265955866
-0.052955618194244006 -0.7657424660066423
-0.06751468699223967 -0.8155170577645666
-0.09383245983763983 -0.6994585336792287
-0.15685964383732684 -0.4672267735955044
-0.1352439565590248 -0.32944183526710996
-0.2266533935631312 -0.07947408855371355
-0.24824492854114313 0.08066095844900228
-0.3038201122627378 0.22029484369272023
-0.3563869047951998 0.5603999022922479
-0.34879845440965196 0.5698165913877296
-0.28895239103493914 0.3612642505622418
-0.24915578530450036 0.2625045942401006
-0.20528837842822187 0.13242877738938957
-0.17334409168999815 -0.01991457157823057
-0.14394948169763305 -0.04159836367430006
-0.03943596179329412 -0.45000177872314684
0.011939019741492155 -0.5645078198243032
0.06518099742988509 -0.7425393696075483
-0.010971846789550928 -0.550630971901523
-0.011477580027844726 -0.5331502057299954
-0.03907335636894901 -0.48813256851179354
-0.11682945968204249 -0.29522910885397
-0.14936705195541336 -0.19602597689519125
-0.2053553127495247 -0.08529483652512534
-0.3238972959485235 0.21239891198027563
-0.3760646175178718 0.33780800817350004
-0.2587429647222778 0.05742328481946146
-0.23635719397400554 0.03502262830597985
-0.2102230111901671 -0.09379268319653035
-0.20693118306855726 -0.11822417100544713
-0.158298089063751 -0.20015395938934108
-0.01832111023822057 -0.6221098953663429
-0.009847107694862913 -0.6834387456899202
0.0042133030876209485 -0.6999025450712293
