-0.005601522250981029 -0.7406709825092654
0.039333001277931504 -0.6656084627700071
0.20505721632081458 -0.24351802448624738
0.2907056265963341 -0.05414247000828011
0.2984030276062724 -0.028696276513643062
0.41351708664254033 0.25530900880030377
0.44639594847734526 0.36594165565245557
0.5539641322817487 0.5944257050333909
0.4726585621796321 0.3347018389051401
0.3417565826031446 0.07474394550863268
0.25581785600447055 -0.18496029664549754
0.1048855369943153 -0.5336772729450028
0.08298682370029034 -0.6147866933124895
0.08090886722948633 -0.6316518436547419
0.06555948947069454 -0.6420231593563758
0.02217364991687109 -0.7594461815460515
0.054450061841915906 -0.5310087696106475
0.07514497506766053 -0.5055292937800036
0.11096738877221962 -0.46171237558756917
0.11804566816288997 -0.3496412341662209
0.1399642906021577 -0.2249500334645328
0.17639397996121928 -0.13395822392985912
0.24478638581441 0.09924212088574913
0.29278565581984606 0.37754284654973724
0.30085373293477635 0.3755044258801015
0.28244166550820643 0.3073753581527541
0.13834714294711567 -0.2578666615821872
0.1454196087591719 -0.2656739734457695
0.07652987195376022 -0.40115317390665167
0.03557757741324259 -0.5774455063454077
0.04030863270986423 -0.6220202216953727
0.011754295373141283 -0.776189423303101
0.01674354070480666 -0.7342153608646176
0.10570260507159536 -0.4972702159564417
0.13772806449505273 -0.45788210311232463
0.24173704451031439 -0.1462236214095368
0.3041643495772719 0.11893584841604332
0.36358007341630666 0.3046796229470356
0.3879974066941056 0.45233112413878673
0.43783328815733297 0.576648073737864
0.33718954105321836 0.28033233190114887
0.27917949761574307 0.1067946924517324
0.1098970334670436 -0.3096278502524652
0.07261344724552192 -0.5467807268038476
0.04959310621362297 -0.5450037273462843
-0.008455162787103438 -0.7068570107063562
-0.021152137390551766 -0.7206147281614603
-0.019299302272176688 -0.7334386777626487
0.013473223269433055 -0.6907532887461486
0.1742943750497906 -0.3783834277960569
0.28917072925663545 -0.17368623130782132
0.2930818909766329 -0.1460196803837837
0.30367828811901254 -0.13425275912754053
0.3298749041099555 -0.06105995690307593
0.372146521193804 -0.00784659158365454
0.5582448813323075 0.36641660619065786
0.48309183543044315 0.1845824807672913
0.39696170280029336 0.02573014713995811
0.36104950708130445 -0.010671348489300379
0.30433815294953215 -0.1387083212185514
0.28356432106734725 -0.16509914553457194
0.09921374818031228 -0.5006891498920585
0.07763549414646942 -0.5927105020885218
0.018882532271098193 -0.7132361684167947
0.09165944798728168 -0.5789514589046192
0.09180659643537674 -0.5117154438908603
0.12853340689024437 -0.41194827374068355
0.22072678138823235 -0.18657763820476153
0.2592080787052863 -0.04943747940011431
0.28321287561358016 -0.04531420360727025
0.275280431293136 -0.001425840966355063
0.3983776630836259 0.3028283337056757
0.33121156344338903 0.14618452991480743
0.29978768373627357 0.08435045483662436
0.28202360865275417 0.0418667654442106
0.12200152826681553 -0.3663243111802696
0.09294456840811463 -0.40491104060974986
0.09045207589315973 -0.4573407970820094
0.07166648531472382 -0.4977707059651485
-0.013144784831186918 -0.6857283684017208
0.03292826676139125 -0.5995706657366984
0.1450467191623631 -0.19067646063592444
0.1516849235548952 -0.19174687917051778
0.19363600378257748 -0.08979956274230266
0.22404617021074105 -0.0888977099304608
0.2475648819829241 0.028744232158186642
0.24355813393901077 0.04917596514251781
0.36608743833114543 0.3860452603270422
0.3204448764790567 0.27928854834421474
0.3071998881376622 0.17624049403080536
0.2890414048664299 0.1668276490686281
0.2359169197388259 0.05680814817681365
0.16997310390763679 -0.15100152790443744
0.09471812762441922 -0.36458350526029126
0.0030046615683136115 -0.6125136727919398
-0.04647826880225971 -0.7585841214206593
0.08418703670607276 -0.5601661142131252
0.09256642710719445 -0.5484889761173344
0.1125679644952911 -0.5102802627827338
0.26100166216308496 -0.2667402364093633
0.30665833209339993 -0.1972253116085822
0.43251073675998847 0.017896138779543026
0.5107245989802742 0.14495405716011256
0.5501750113755767 0.19144593120643597
0.5014222507151629 0.10012249799765055
0.47546038378069344 0.03868022238621044
0.4049447478704964 -0.08343826588268241
0.3561141124665199 -0.18586380842551964
0.3293896682436161 -0.24067528873471547
0.23390682019441528 -0.4190055761607908
0.18339932059651648 -0.5246560991152364
0.05976961762436 -0.7284404742403027
0.06698440710584068 -0.7294167040570921
0.06966591204943152 -0.7214151545122364
0.14280816606219773 -0.49306389183670035
0.22009188101218244 -0.31762615301782277
0.22386839306239614 -0.3058770896533582
0.3392852510154285 -0.0009823596033528997
0.4119341182391833 0.08757611267847452
0.533473203287779 0.47065808724682334
0.4449807017020783 0.21606845424517215
0.3536367792399645 0.08060375892920045
0.3581444930820642 0.023168761705439987
0.25785407134301164 -0.15332461194915345
0.2215884887135435 -0.260588101271262
0.1324814821434283 -0.5219290768055624
0.0622557564316654 -0.620637641680371
0.01459258009277388 -0.7708499325946704
0.022591479884659083 -0.7590652847906425
0.06289393674624624 -0.6709580495210016
0.05722949302372928 -0.6516858939777885
0.18374121981894423 -0.31549742758827704
0.18185074279076666 -0.28897885580778143
0.36499966718715504 0.25092301748810386
0.39583216831596885 0.29095702380425476
0.40558646735396875 0.3392650304922704
0.3594358427313041 0.22106952466057395
0.3637460193415988 0.2180507535272096
0.21742350445582684 -0.11449124227120212
0.16310610495933509 -0.27244175933284603
0.16088430894707664 -0.3211427098805418
0.0789826776796138 -0.5383248346587399
0.06058400067510224 -0.6117244712787675
-0.010470868035068673 -0.7959846460966422
-0.0044954233956604975 -0.7275412153529063
0.0998978291466427 -0.4441821829528385
0.14198473101184825 -0.35447971796253214
0.1571631442820946 -0.3190842515117908
0.16552716623353067 -0.2978403074233526
0.18159667470350976 -0.23662476177765596
0.28302234550874683 0.10322595744339626
0.3380991372710082 0.25173223556644514
0.3213316326279626 0.2484675359499289
0.2875772520235341 0.1256424867655223
0.23635664618499835 -0.013698179647564184
0.23255395253433978 -0.04025210041014526
0.1676220436790988 -0.2532017670794405
0.06850195017347681 -0.6010335512081486
0.03681824233004392 -0.6972191682599942
0.017231530516523264 -0.7205691914002493
0.11674628139810352 -0.5447121539085099
0.13893111092524854 -0.4771477663386074
0.1295891702664646 -0.42596910844290786
0.15052743059112808 -0.42309275366486704
0.24446135217599482 -0.18407245280828466
0.26081104197252203 -0.14869545637108747
0.3247218751473941 -0.008240898699236934
0.41771399634766976 0.20295623523231074
0.3899817697969054 0.1651251656720931
0.3383431595762666 0.027683322949860874
0.3312553411078306 -0.04860415115484764
0.31044995214445814 -0.05334680885121748
0.2833037863897868 -0.11293577321987389
0.27316518645394894 -0.1678285327766291
0.12074497421428058 -0.5381038019591363
0.0351261723675677 -0.7810122043215878
0.017738165376297337 -0.7805179980558589
0.02865999267507345 -0.7214386526484446
-0.13745018484049157 -0.22356109892146878
-0.14882428762334096 -0.20916685591548717
-0.24873578100070087 0.024719911558468293
-0.2390432372436361 0.09044319346702136
-0.31040384872812166 0.27852561230362405
-0.3381551563285208 0.39110296826730084
-0.32120489094432375 0.36418553428839195
-0.2736546192698469 0.19033846813132857
-0.23751761686189235 0.06195570913691662
-0.15054826060982088 -0.14116361222256404
-0.14109192856206365 -0.19438265559613055
-0.047003420451231105 -0.4403746517915611
-0.023232660287282037 -0.5587214833382014
0.03667228241689516 -0.7263902380904147
0.12424532088660585 -0.504174759978347
0.15570925529623647 -0.4043999402431525
0.22980355689943985 -0.17434870410714676
0.27344382553289015 -0.000763181346884492
0.30588789441140735 0.031635192903973444
0.3645510125188194 0.20651268310043447
0.36818621257859807 0.24977697541416294
0.3835302999090627 0.2892250920036591
0.362733030333215 0.22573493024082492
0.3531155549312343 0.21895451986188585
0.31041092360133726 0.11458132217096334
0.29999072230256774 0.11324966002943362
0.1972205372584394 -0.19971001698338345
0.06141443401612544 -0.5363568822941746
0.01779195623517639 -0.6321050159524847
-0.01399572791689268 -0.7328863171827991
0.01665946048362618 -0.611180110319099
0.030017589719857077 -0.5806071814582107
0.07644666911428025 -0.48826338122457236
0.15408732809272582 -0.22529504961576036
0.23247690002291307 -0.009376179610255244
0.24557085927133393 0.07054450893813
0.2687676399693445 0.1358457963828403
0.3582375039977186 0.36837374191605526
0.3328210044742509 0.3184692035063603
0.21868155094992542 -0.06401607023257128
0.1951746650742288 -0.08757811817480833
0.1812081525003742 -0.12588356454324512
0.15501801240547516 -0.19347123487135162
0.15282401239264934 -0.23733252983666242
0.1432822047005826 -0.2637750938556468
-0.022591263201651494 -0.7620558896242703
-0.023395006028482983 -0.7480883393178164
-0.03581874178296452 -0.6873808180919009
-0.035863212421510825 -0.6344762062762556
-0.08578431287302059 -0.3517729015980715
-0.08068749277858463 -0.33940467014305997
-0.08292884760031921 -0.1896680799067896
-0.10745059082845446 -0.01705048173084975
-0.12025324296672812 0.07921913128152536
-0.09188846034169462 -0.04641877993140117
-0.07032436083764423 -0.2580895160436762
-0.04875260232404885 -0.3415221636358376
-0.0430650551396261 -0.3566881977394607
-0.052396963353188726 -0.377444613885284
0.013770729950194616 -0.6886442529311758
0.023613230128940815 -0.7261811730751214
0.02943536471417409 -0.730168127747266
0.04650230691327744 -0.7053615279992475
0.06533610482889386 -0.6326090789017967
0.08554914594168307 -0.517330834429254
0.13599696945911613 -0.3894839977040187
0.16812321055393206 -0.30838071217982066
0.2562112917865367 -0.0321743647297661
0.25736673747585026 -0.024647513586964508
0.3577828141377885 0.2907667435728671
0.33508738620362755 0.18096813415711901
0.30675246669160383 0.14263911484205982
0.24012450544041997 -0.010600145661122827
0.17734203290233969 -0.17574447999917847
0.1427502458860476 -0.250393622772851
0.09014002261510283 -0.46907014731639735
0.029927579604311208 -0.48823469502019706
-0.03523603566189895 -0.7342997084468773
-0.03903224993996551 -0.7093331124778942
-0.05714714713103632 -0.5676228639605249
-0.066843616809283 -0.4304433875452918
-0.06225043416751138 -0.37653311303043824
-0.09678250594952557 -0.12406838294132615
-0.12887882722264662 0.13294532043274723
-0.13532027110413303 0.3024389346018288
-0.13550032689222857 0.3225820847260626
-0.11849640795333627 0.19922507486274893
-0.10581719459877727 0.1875183426923238
-0.09232740617838968 -0.12301487903650274
-0.08576890326315875 -0.1268601526712629
-0.08402141799308473 -0.2558672186882412
-0.07708629445681842 -0.43806498480384676
-0.06426453154128553 -0.5527648190142938
-0.046651286580945577 -0.7484979400265188
-0.0854290305295274 -0.5701138173975682
-0.07899480698974978 -0.5060730162657373
-0.07973864000441387 -0.48771096022561344
-0.089207171357555 -0.4320457721145623
-0.11491310294452732 -0.28418160176089596
-0.14209729506472737 -0.20786154569995563
-0.1778999691581618 -0.060914761062839315
-0.22018305001397745 0.297057206199931
-0.19819123362858823 0.19766634435056318
-0.17970835203368427 0.18712919024475874
-0.14621374107579724 -0.03650305352917592
-0.10825222109761004 -0.15435688503116765
-0.06462332680860738 -0.31354767804118194
-0.04981538973651013 -0.32628757067632097
-0.06758230548073552 -0.39823686726424345
0.016075833034995535 -0.7272567952602641
0.03711384171637647 -0.6981494898413845
0.08325866292723 -0.339075020169813
0.10308784827359804 -0.2451143506337013
0.13826894986679772 -0.08031945549133188
0.15776493641354025 -0.037906281917256195
0.18724715729541078 -0.009164790190846374
0.20277192585298842 0.06175108367380409
0.23540148616496745 0.28865706575276634
0.23438623984693335 0.27087142834189104
0.2157462910042734 0.22463137045877818
0.17849530633741717 0.02298739284171153
0.10271187966065706 -0.1782264297915116
0.11702796365493666 -0.28709041692624804
0.08256913311691069 -0.384134542989653
0.024635986291969614 -0.532374091655238
-0.022246530993906586 -0.7847048505075029
-0.03811993895887185 -0.7453068060800696
-0.04204733690173731 -0.7332467644072934
-0.0826425709076552 -0.6171720096588947
-0.11278639526040639 -0.46296814493013416
-0.1634669565671189 -0.19183836304332974
-0.2336776830056753 0.03373685392966997
-0.27662745834541774 0.28730693616862507
-0.3227195367310852 0.4642394240008808
-0.25682771505993074 0.28266445746237473
-0.26368500394471955 0.26623885297425853
-0.10651360047270934 -0.2100101064275446
-0.07144984590037158 -0.38216378885893637
0.005378317446410456 -0.5857766530451585
0.015102045383802555 -0.6510818799246025
0.01402729569719189 -0.6548326726560612
0.05379454665881816 -0.7697472266675748
-0.010999871421667551 -0.5931912994915932
-0.040132753421931025 -0.5156517589166468
-0.19973503822174518 -0.12685142250106388
-0.2652175891507565 0.019279782629312056
-0.2789397237412561 0.03565375706866911
-0.35479521038657263 0.20451226820101367
-0.41413498935587045 0.3541198285060927
-0.4191762798744721 0.386970540044162
-0.3958613556603032 0.3100292719744223
-0.3347811749083486 0.17753425868795017
-0.3008640224969687 0.07934899780663074
-0.23159625358781025 -0.07924364476485227
-0.17662797944754902 -0.23027375835504837
-0.15818134626318017 -0.23940450041786604
-0.0623346629977487 -0.5458638677359872
0.030789366666540877 -0.740994686596766
-0.004846020192775364 -0.6780499065723629
-0.11516701366949207 -0.4813491156989463
-0.14457226790415573 -0.44867150882216955
-0.15259306622285304 -0.4020755481049513
-0.33894999765187384 -0.11534477664821453
-0.45592112683522173 0.11974381867508806
-0.4890602386598657 0.2326222733458511
-0.5322305887382973 0.2901557494864566
-0.5245238101548131 0.2781946774226911
-0.3155751506629096 -0.09596821838633085
-0.32341088180356864 -0.1035475220998512
-0.15952034313047975 -0.3251219822938493
-0.1598298436557665 -0.37114463811757026
-0.09602559893792426 -0.4808807540907936
-0.07430952574536215 -0.5383941967787269
0.07699395709297598 -0.7782635094943561
0.056060725678083734 -0.7275303529881977
-0.20106994842894907 -0.0786162563942305
-0.22528738802340523 -0.0295601920802706
-0.22662451487163954 -0.014064242783281604
-0.2527617428303037 0.06837267144104667
-0.2581247435288173 0.09648925867140257
-0.2813630969660733 0.16148447437387126
-0.3695184403021006 0.34234410110358365
-0.3505422196316432 0.2578192233204032
-0.24297774962573498 -0.03918329166424049
-0.15525094848157425 -0.29524604195426685
-0.12163114467773738 -0.3992505678830998
-0.10569096850315246 -0.47700574228495485
-0.08173487406549805 -0.5808073285516281
-0.007983192467004565 -0.7619533243568823
-1.3022553988414533e-05 -0.7957526928852968
-0.016012306404952947 -0.7813883291544823
-0.11176862826496638 -0.41154367161301425
-0.22168774564000907 0.038251734124521417
-0.24505241078900766 0.05068243297377407
-0.24438270001517623 0.06496626040911795
-0.28388183290670516 0.22173898017197177
-0.30610452211012523 0.34803912606339
-0.3447986274619247 0.48080154139856235
-0.2788106447569137 0.2718099326259186
-0.2854181305517057 0.23372167669094085
-0.1955883373728609 -0.1768068559238679
-0.1614694349803851 -0.21623317905776304
-0.16294751980849642 -0.2701171472279979
-0.12381571940655106 -0.42037564982511305
-0.07015133243826123 -0.6109862193115322
-0.028960671077934718 -0.7544106893847465
-0.037038370351766686 -0.7328825401992212
-0.04126426618074791 -0.7115115970711035
-0.047287868784060924 -0.6774063248484166
-0.06147100431858968 -0.6197974963358287
-0.11957280567881766 -0.45831986232797617
-0.14335223290974353 -0.3891062106040577
-0.23195563265224223 -0.1152087819947519
-0.3342858362800744 0.23192890040801034
-0.3348082292755578 0.18422954826913565
-0.31555412982972175 0.15950774270893425
-0.22424818235091246 -0.03888147222075897
-0.17798430828075898 -0.16488336039049
-0.09217157823678332 -0.44412430578331835
-0.06451416268897803 -0.5224504956776601
-0.03679728387688432 -0.5661227749682635
0.04485046124624724 -0.797087396671844
-0.011489406264545844 -0.6253301173655025
-0.03791952773840482 -0.5908344885568098
-0.04343017153200351 -0.49891432061864815
-0.07716860007562512 -0.3833358993067653
-0.07986733794197248 -0.34543087732255673
-0.13428704196531333 -0.21026061731514617
-0.20615813318531326 0.031144408762071894
-0.3386942298236579 0.4844201224577098
-0.2277823788936244 0.08051984876533662
-0.20277341266394652 -0.0350552974062061
-0.16672499671774643 -0.13000353480523708
-0.11974546933632364 -0.28230592826636397
-0.10694532748675513 -0.344912047530238
-0.0701159359318493 -0.48849282464211863
-0.005116889237279456 -0.7347956865041235
0.010413262273450338 -0.8005051410536741
-0.23062393131545528 -0.32037265578379037
-0.2446799669518792 -0.23215726964929156
-0.3347030296377561 -0.07996426708267285
-0.3989895995676315 0.06656949913421358
-0.41899091737252564 0.15076871067465053
-0.4570552077810912 0.1850134568861576
-0.47566520394297274 0.22102347796601346
-0.5224790297914146 0.2887365832443868
-0.4941856574785115 0.21966701963564197
-0.3678361137577537 -0.01736645239741718
-0.26501439893215867 -0.23116334430602864
-0.2353067106629585 -0.281938950466585
-0.19751898410288357 -0.40641889653916896
-0.09404818414530088 -0.6513324237002592
-0.017067714025390212 -0.7793517394808099
-0.0016100528610120133 -0.8044670471853296
-0.05287544267559577 -0.7049667105969171
-0.10953563715071045 -0.5646243658153015
-0.14349913425637958 -0.5155646098861635
-0.21391975310255706 -0.35335032902505903
-0.34448185081419436 -0.07926375503349471
-0.4105705004473392 0.05945313574467254
-0.39370379117618876 0.0712829767389257
-0.42071405053779654 0.10417887780133617
-0.3977681794852632 0.052380640337081334
-0.3747727222601171 -0.0398462475548593
-0.34286027014518217 -0.07711776635501741
-0.3378623486590649 -0.08538856328301794
-0.2866143924043703 -0.1450594040324474
-0.10073723973945352 -0.5017590252074
-0.07855617465023794 -0.6211711359015829
-0.019619630685356222 -0.7024184023723097
-0.06571477600575795 -0.5665562752007499
-0.10275984022671633 -0.5050442235413919
-0.1275383980797733 -0.35919869240574653
-0.18370850547474182 -0.2791748237234853
-0.17062237284024062 -0.2564852716220384
-0.19565056568763747 -0.2509931891124776
-0.2762351274641766 0.02499457474815694
-0.38175194730685436 0.31008131243450976
-0.2586761526762182 -0.06299672882508105
-0.23141901046701108 -0.13820202761946646
-0.23322183983794817 -0.16193090476370928
-0.10908023237920461 -0.47197602257392984
-0.09746037393993559 -0.5279146534588249
-0.11003895061441649 -0.5509371047732518
-0.015411790582615858 -0.7321341454373979
-0.015454198595870184 -0.7723990770610768
-0.08455304534152491 -0.5018893816244953
-0.16891021681396193 -0.29159775224429657
-0.23566489479100503 -0.11692011524193817
-0.27006720348899615 0.028596484639361177
-0.30104922847532606 0.12114826396739226
-0.3818475644267369 0.35866839488582053
-0.42736575211153666 0.4820213714774952
-0.4631284525528866 0.6129300166375332
-0.42770893639115215 0.48917413102113566
-0.42132928671760606 0.4312619998881015
-0.38368961209187047 0.3881142508325119
-0.3844725961966525 0.3798838897627644
-0.23825255667534584 -0.13769883318599285
-0.12511154051177667 -0.4192667949590167
-0.11915445727440804 -0.5194730471861089
-0.021107750219741643 -0.7585995459672318
-0.05219838612010272 -0.6698260591887415
-0.061761810790796776 -0.6694180518872073
-0.13256085239028895 -0.5319636213017068
-0.12127533648298613 -0.5166918344676598
-0.22050962330115859 -0.26321219722788736
-0.296141549124995 -0.08993139560913949
-0.3829784106879989 0.09723944540399705
-0.46686941748604477 0.30945395963053746
-0.4697488982216874 0.2513384675771701
-0.3531555325422333 0.06179981935228644
-0.3486388337932388 0.053477381676870536
-0.2993881919789126 -0.0465973716773373
-0.20625301647296207 -0.20596371573306393
-0.2091009974625076 -0.21821858296706254
-0.05042375594660225 -0.5587363194067508
0.03861199396904205 -0.7827043108785695
0.0889287526602057 -0.6160805169259047
0.11978446418806729 -0.5971804512662632
0.14692972769098703 -0.5006898505832743
0.16949371383739775 -0.4349803402923432
0.3724046905939103 0.1301142019535948
0.383852680467609 0.13372935663797172
0.4747833015473436 0.3519912063919503
0.47726958387204566 0.36220919088274894
0.4480798510604285 0.2885977756717152
0.3537323969012106 0.09916896396862825
0.3614478218239244 -0.0012562650876533962
0.30090560065122707 -0.10129284646192424
0.2309876181297034 -0.2653551239626695
0.21842628157396657 -0.2706746060849992
0.18908874908270165 -0.3676242617315853
0.05027199500769146 -0.708798939157279
