-0.04164306097076066 -0.6868142038369974
-0.06792875246102639 -0.5844741657578554
-0.21091347157058932 -0.3147186187197242
-0.210326315497726 -0.26655841781789774
-0.26097662942914795 -0.17612211923944052
-0.27777165811624177 -0.13029060279493457
-0.4823179343400588 0.2778062484117835
-0.4801556915381712 0.3075069074302116
-0.3317542005343446 0.016031978556772537
-0.30923317114825793 -0.04074444468605347
-0.23323364605564925 -0.16271715414130125
-0.18582290971835494 -0.27035899927355833
-0.18327016157693074 -0.27955828717880254
-0.1652574290810219 -0.3443559762905617
-0.08827651731654805 -0.4546315944265274
0.05032370865200614 -0.7421440916150547
-0.024225871571486132 -0.559865152537827
-0.0906470761409534 -0.43445724346099995
-0.0890951389381181 -0.40951217199926215
-0.17965688214766878 -0.27280112697695164
-0.2452001788771711 -0.12494534165458106
-0.263919089042466 -0.03294519039031464
-0.3923429016276789 0.16733908630284094
-0.47898796629119744 0.40986679994873765
-0.45538033425303426 0.3625358215595706
-0.4487308349365358 0.3504461320377344
-0.36838515791950793 0.18597638320744111
-0.26889026277221667 -0.022449697353067465
-0.25310511793020524 -0.10572895474210871
-0.1550148744638825 -0.27200248333921745
-0.12555628545043468 -0.33392528335671157
0.03192286246888559 -0.6906708949089003
0.06786430490117475 -0.6089042138463976
0.12639224742999375 -0.5290738123758127
0.15443651000915054 -0.46456962619981046
0.24552708036971654 -0.27025888313936797
0.2816217086348579 -0.2291304801442179
0.4440533697983495 0.11134209248975308
0.5138113005885728 0.26734361397937323
0.5438135190661175 0.29578178219636686
0.5279161209805617 0.2522567581573157
0.5312398395570989 0.23020944482372419
0.5086848763366495 0.2147872939017756
0.47681959432569326 0.13504709360815373
0.0975246851187879 -0.4999255376121938
0.08574538893143929 -0.527457636782243
0.02763492818892668 -0.6212566663821852
-0.03200732351332375 -0.7451349152269805
-0.007520469203861024 -0.6859292384235552
0.02025613943188547 -0.5468627549955972
0.06413765430063481 -0.4315674107861694
0.18584207317788007 0.0185914154717389
0.1852051006372304 0.022366049747119667
0.18945791929734684 0.022899927896218406
0.19039526621209013 0.060968876993566685
0.2732354878265172 0.3476117852276586
0.22218693623496916 0.16834406477158853
0.17410774788216551 -0.15844177616723581
0.1546313040452076 -0.19429524602366793
0.1046667539066532 -0.38890239302392315
0.04663800056593247 -0.6127815911719331
0.04847902774017824 -0.6606725533376707
0.029088696969813217 -0.7272081778308893
0.019872748795393524 -0.7799433377219172
-0.029053982460187224 -0.6574676875660601
-0.09651108531797938 -0.45733053625940506
-0.1642183516976452 -0.25605746133596446
-0.1846986429279537 -0.2277420778908305
-0.26512422473780584 -0.008805006162807338
-0.28823993898753 0.06283633336316524
-0.38042964149429626 0.3737129954297438
-0.4068501452534771 0.423621450091994
-0.32500318662037986 0.20024449739695155
-0.283544701454719 0.16170119413868994
-0.2867905126135994 0.08634951492939338
-0.20198352012494541 -0.12401154483202245
-0.1777160886693034 -0.18000834272220193
-0.14075506472299748 -0.31233346472843787
-0.12353602283474803 -0.37528013321031933
-0.002583595269696405 -0.71644323233222
-0.016566811694319578 -0.7060513160523144
-0.01636637874139333 -0.7019331433100158
-0.06325074173583115 -0.6267566595867038
-0.07398298674845208 -0.5602137313396645
-0.09431422169941571 -0.5132941055147369
-0.1478952127403699 -0.444539511984582
-0.4160162471112101 0.10651454735364081
-0.4731569093092489 0.2236087823709653
-0.44405551028952395 0.14677784443280797
-0.40631345560917226 0.0626901801363412
-0.34392496347367946 -0.07790933237860134
-0.29881347231550903 -0.1802388009139315
-0.28835389606171313 -0.18725901327901168
-0.2015153239352007 -0.35067987537121476
-0.1369347567794073 -0.5563545210940619
-0.059406489102450624 -0.7334342806543107
-0.0784945039071272 -0.5484373012418484
-0.13120791790486472 -0.4254935352079514
-0.12822012061269247 -0.3775489239799801
-0.17653986743881567 -0.1527296393414436
-0.17174513833756394 -0.08122124849298928
-0.2375755171378955 0.15327055985733695
-0.24079320916024613 0.1759318394054725
-0.2444100711795056 0.27928097329531637
-0.2196243137029479 0.16257331399694522
-0.20244101199450312 0.04464378129072512
-0.20329208474194482 0.03347482519794014
-0.19546676856691764 0.03117157492994464
-0.1509542487104481 -0.181036678809691
-0.10674625769650216 -0.3232811051768629
-0.05344362991935163 -0.653809113776515
-0.042244782013882924 -0.7021671315917309
-0.07878792803985979 -0.560797159289625
-0.16006618374424889 -0.22443653225330878
-0.21064262538802636 -0.06700722021025352
-0.25550918092092567 0.06799902837921132
-0.2973429296168139 0.19789285346129665
-0.28395852528665694 0.2019843842798053
-0.28849119049162303 0.2545740572352588
-0.36784529141793487 0.5230027255237837
-0.35615143103195424 0.45824023000800035
-0.31344634836353763 0.31721049773481974
-0.28147808626229903 0.2278394589118588
-0.22541048989816215 -0.005716431901437006
-0.20488261239900216 -0.055462186157591825
-0.16272607539127135 -0.2249243211829609
-0.1354911252909604 -0.23953207415084615
-0.0007539461388932774 -0.7974407852824805
-0.011275874365540835 -0.7686096544583888
-0.02983565678235648 -0.7285459819639298
-0.03878527255679355 -0.6432816614469072
-0.10089846491542848 -0.491792244866142
-0.08487718908825465 -0.45557640544799594
-0.0993641096348533 -0.44456283410387254
-0.29431032259979356 0.23144571719733764
-0.30261275194876824 0.3033961530165876
-0.26851676473596503 0.1766446883379409
-0.2470047530042296 0.14411210322746829
-0.2578716533966193 0.1337128283351377
-0.21137648104251427 0.04868985028018737
-0.19603521506326124 -0.03078839265426757
-0.1926091715988714 -0.03214024551388857
-0.1402141332572839 -0.1981755524958895
0.0199899856023344 -0.706234872663326
-0.029251817493092254 -0.6227868901672069
-0.2672754233505592 -0.1594662161886521
-0.34194461773215495 -0.010090666388374357
-0.3893056097119018 0.06445453459886392
-0.41249263544062037 0.13764897730232545
-0.4351034630003855 0.13635992395496294
-0.42869804159972336 0.14889241981084567
-0.45706208176049185 0.20523168452841747
-0.2836619956412709 -0.10870548840498528
-0.28736171810027533 -0.11142940486775206
-0.15461604220420544 -0.32841156432673474
-0.12503293099872173 -0.40476698057800414
-0.06880371448039839 -0.49180662244545326
-0.004370723612345249 -0.6402155585066277
0.017203427492570346 -0.6798380719345761
0.03952716004326461 -0.707299410027275
-0.02787388980457567 -0.5610250740927636
-0.16698630055614114 -0.32754888125128956
-0.24898090280975002 -0.11643605824495563
-0.25177409325353767 -0.07645717981454593
-0.2921756012700819 -0.04336410636124981
-0.4250796801089624 0.2676174263378036
-0.47470504772312794 0.3328218539342441
-0.482469267638612 0.36462666874056615
-0.4430716768547379 0.2502044534817984
-0.375454258632226 0.08303896459178689
-0.3714751016473337 0.07538907798324357
-0.35027662130736964 -0.04034672658154326
-0.2263869350003412 -0.3187798121931328
-0.1866941494910715 -0.4372811141912474
-0.11366824620384913 -0.5912387981496647
-0.0553422145252458 -0.7654919069300997
0.03066564520055347 -0.5850007152057752
0.03688276281852425 -0.5163644486884502
0.1761081027853545 -0.2674021131303116
0.24805051358161112 -0.13691555465894234
0.278399081147724 -0.07406556856778049
0.310107258046227 0.017565478512989487
0.3605230375281757 0.11010189023914732
0.4339855261475641 0.27302467259482643
0.40859892076727095 0.2114204818687772
0.3660241937630506 0.1050094191660481
0.3176636397944661 0.014509014847821312
0.31256687348844975 0.012484826390778017
0.2781264339280823 -0.06190780998191328
0.25252174269283306 -0.15784954667608087
0.13058425847624647 -0.4344721766966813
-0.0009752322113153303 -0.7464442959736021
-0.05154723183238107 -0.5639824902076853
-0.07851041132110621 -0.48115214502607734
-0.14199915625806533 -0.2393504208675375
-0.13047533077569387 -0.20218221336954362
-0.2372418951466825 0.07973552994831207
-0.2326144419406514 0.14027102792634064
-0.25304336694344354 0.16543346146229734
-0.2876700205886303 0.31937181116176355
-0.2562946571671805 0.21581282327005705
-0.15990135040949194 -0.22999962164925872
-0.15005336301403402 -0.27714823004321526
-0.15713534300690676 -0.2824843727305435
-0.11954107960519661 -0.4460386613624273
-0.1176618182235388 -0.49528434694426693
-0.10198568781846841 -0.5501588334849215
-0.049044265730131084 -0.7809333353471437
-0.0802030431661295 -0.7203776224523348
-0.09820813919195613 -0.6234040809173049
-0.21656379815514518 -0.33282196544251763
-0.23701676578115224 -0.26584269659416526
-0.30541440272805304 -0.11974326068648206
-0.34319669252404933 -0.03349806962900845
-0.412707055134562 0.18758599605892012
-0.4627021466720199 0.29307247277275655
-0.4176948201551595 0.17076496295480573
-0.3733102531829934 0.08827769240132884
-0.36270505871270226 0.09278956405520725
-0.35030004862683584 -0.0031661677511888864
-0.3068723437434542 -0.0445630942783617
-0.27998565290700683 -0.15465523794200683
-0.15560005362191104 -0.45513413003293807
-0.009106166763742325 -0.7676835151130635
0.02940909296046397 -0.6440725709622015
0.07080699636569554 -0.5790086948512052
0.11620364123162161 -0.47400930860873225
0.224566307105852 -0.1936714451559447
0.2313546633293313 -0.18425313001625443
0.3744061038425793 0.22493907442593647
0.3950803090045816 0.2547102227529134
0.4183010727928058 0.3027660180732539
0.3417115917595873 0.11413097864619443
0.33328127996207085 0.1136374800068786
0.31795893326097274 0.07621897441660029
0.2294458773056131 -0.15369348604030736
0.06682802485875505 -0.5659475052611901
-0.014105722669473278 -0.7079732182983288
-0.05350354665649368 -0.7883656954587969
-0.04590316705487128 -0.7975219708529898
-0.1517089739225229 -0.4757466891498295
-0.196208816124966 -0.31977753511972884
-0.19772368566590354 -0.2676496438634957
-0.29275298842390574 -0.01696292592748166
-0.3228433336078398 0.051747271571437894
-0.3494880193559911 0.1129496697119834
-0.3862193827343835 0.2766418139508249
-0.43443177702452285 0.4542739898401384
-0.3633504505564804 0.23052615516001274
-0.33012009892657246 0.17528579705787126
-0.27328970782820083 0.0026778786469184666
-0.23078636062596403 -0.13753182851897894
-0.22569346125102085 -0.1720615551096555
-0.16412667184751778 -0.2843393633163959
-0.03636422635926177 -0.6670766869131038
-0.008463897103628317 -0.7838674611862486
0.03180339812559227 -0.7054942055768557
0.07248012558560837 -0.6480303850822056
0.12117668680475244 -0.5630562699848098
0.12143944768390755 -0.5322226512946694
0.13307102129291107 -0.5131091463481964
0.21755700187476812 -0.37807243836844945
0.33783997005583477 -0.13993153780228795
0.5119578809601592 0.17309411952419113
0.24850047670864064 -0.32232148213810446
0.2248571358087463 -0.3334990306897608
0.1405311301798951 -0.5350575688736866
0.11924642855312832 -0.565203488360668
0.0791563600289025 -0.6186187568976427
0.05029163256840851 -0.692940603168605
0.022202530770531616 -0.7759393137559635
0.0012736087955477673 -0.789919147764139
0.04067022358677422 -0.7147165476792606
0.11040101931840433 -0.5178283837571611
0.1524911058070555 -0.347662708326622
0.3612479865012952 0.13017324900996394
0.3570939302904864 0.132574583100726
0.3811995879907589 0.18066753316692816
0.3931878249872358 0.2630024311094325
0.476488188324537 0.4371073578401504
0.333710728736873 0.11166426080183398
0.32594547365983695 0.06928471367486833
0.31630452142775495 0.04036063177191087
0.22561878597834326 -0.1158288663804325
0.19042141189912593 -0.2610080165849469
0.08280849950248877 -0.5131663074499018
0.06894853670733365 -0.523011578935934
-0.019466984736384405 -0.758807593268401
-0.05963543560654332 -0.6117727096275435
-0.09036902563291568 -0.5046848347107203
-0.1135296509541676 -0.3730573066457581
-0.19117848981653984 -0.18183404200609957
-0.26488654922217003 0.14027580300996634
-0.28224953600648806 0.16774011330709268
-0.29800367415150475 0.20808616515608636
-0.30871368223892043 0.29874909975911446
-0.31680166799272547 0.2741692597735507
-0.2226057977082106 0.05597051024993654
-0.23462428158704046 0.0023355060596826635
-0.23579341400850848 -0.008934961863191966
-0.1842452343350788 -0.15201531497183712
-0.15782049409341622 -0.2108389377189419
-0.1567034806414399 -0.23484459517643083
0.004674290853745581 -0.7698338500325062
-0.08951745441224906 -0.5159013794621715
-0.11696723054976682 -0.47113761737677373
-0.1430754021538276 -0.3400740291035916
-0.2140492535596224 -0.10801034472544235
-0.31701779291949067 0.06527015571084241
-0.43507481061081443 0.4013269943425662
-0.42984082279134483 0.41413715442656845
-0.45952777556955954 0.4646430076449646
-0.3495920017299273 0.17207763974903742
-0.36211455715438845 0.14786184588736243
-0.3512595970893559 0.09123222959710973
-0.32571064896792684 0.09106402722292987
-0.2972482449011555 0.01556182861591743
-0.14510393719271752 -0.4577436673818769
-0.10490985408739578 -0.5981298173786777
-0.05230909738988581 -0.7245693087500272
-0.03223586265433176 -0.7103930579941455
-0.008174373884801574 -0.6328147231082318
0.049669331255424165 -0.37706432449452093
0.1514297583353086 -0.08556317429282692
0.17910279058043965 0.033967066785889906
0.26034472571119216 0.2806938348976127
0.3249989890055675 0.4948139532479899
0.33400091732151105 0.5300420072982058
0.2987150354231321 0.45504012739076705
0.2704937290506364 0.43242464866480856
0.2556961658064184 0.25101380759269787
0.20954599374840982 0.12306369893383214
0.05244694406011671 -0.42555801424679934
0.05110316474427166 -0.4806470556068052
0.024246705648681574 -0.5262865617833463
-0.0010852208311430396 -0.6390767166856991
0.051396733223628525 -0.5424682981895134
0.14999116621622177 -0.3207243634386182
0.2049108133199547 -0.2611372298070438
0.2137787891952156 -0.2599219870717
0.28969716056217204 -0.07072040216979074
0.3156373790600946 -0.0003187936031642802
0.436816192959037 0.2295531344548579
0.4878031380497232 0.3057507458302927
0.4740908075363955 0.2591761226322979
0.36043223444544653 -0.00987412111293093
0.3215245040114659 -0.0844409918155931
0.25891289733153416 -0.2032428652565043
0.17345287585140204 -0.4233555934525795
0.0625370527452976 -0.6627110420717853
0.024352008705597963 -0.7536148223293746
0.0004222362008077912 -0.8090848745083365
0.04294369230360802 -0.6758759150796698
0.10939918900193216 -0.49126499375082566
0.1960446106519387 -0.21381379179587898
0.22706884754707363 -0.05070662868769619
0.22420313935350344 -0.009939436553824583
0.2955112744315574 0.1021615495908356
0.3693422106046619 0.33122160374562704
0.3672430653289352 0.34126627392699904
0.3353262378508279 0.2309612163014318
0.29733879738519836 0.09250011997555468
0.2519274411863454 -0.05622145885107951
0.22394324122202516 -0.11306915152747239
0.20739085495697263 -0.16344942902392573
0.15014056425561237 -0.3729015641782496
0.008184581857767931 -0.7792426402049623
0.0007690301521899384 -0.7924526564518463
-0.08839322357395142 -0.5727494009924674
-0.14564393380910848 -0.37972007600839514
-0.17704025897062753 -0.30201973308841384
-0.17840320855113664 -0.2698793873585461
-0.21749713983062402 -0.221761880356223
-0.29732521661373174 0.09083003642365874
-0.3464006780163776 0.22178249466483752
-0.39335725267599514 0.3580013182090235
-0.30145732161730293 0.018602281957455648
-0.2800095394473482 -0.04485615103106403
-0.16423919804132564 -0.44258386657711274
-0.14037737660699678 -0.5483006922329466
-0.10344681434967648 -0.5841158112431585
-0.05803424072419247 -0.6812100275370458
-0.0710153183385133 -0.7295261179188238
-0.06448936780834956 -0.7378801223976588
-0.04572578097245609 -0.6932441146641625
-0.027657761163651606 -0.6865352051169753
0.03232698494225259 -0.5675641106753496
0.0990608005437378 -0.3886013359995435
0.1243625279517447 -0.29351577549712937
0.1946066074260449 -0.17298810629979602
0.2656007277527065 -0.008014054771098357
0.42350863129048444 0.3662577766551582
0.2241119381058328 -0.18325317612098674
0.21085914497051447 -0.18772569900869607
0.18873157935017743 -0.26396906963045363
0.13642976698248493 -0.41300946842593406
0.14096298796201967 -0.4217938433945636
0.07596325687878064 -0.5787972304947043
0.05147677344236453 -0.7177801817657705
0.016540248333361304 -0.7731328391110487
0.11393553701671096 -0.3592272166146579
0.20128119385788681 0.1232273252261705
0.2363474337429062 0.30746935224495303
0.23766116992293648 0.31684655524319777
0.2651708192560328 0.43455006248690947
0.2565983239408943 0.4838056523349489
0.2603874896044897 0.49462194207293203
0.26634312342228406 0.49788639768772086
0.2575933615483023 0.4823235126534356
0.24324932069628252 0.3632503535707039
0.13393491240835037 -0.06309878830793189
0.07371419427753766 -0.341797304786182
0.03281507899978535 -0.6204193705170176
-0.012331836727508328 -0.6602746418191683
-0.029650915418194857 -0.743470393056239
-0.03449431045064384 -0.7816512513419599
-0.19637648186123635 -0.5172531051404131
-0.3079125226591798 -0.3351677449319671
-0.36209959585808676 -0.26290773025668873
-0.35854399924016533 -0.2568445138957059
-0.42711413813408466 -0.1605320318546854
-0.5913336783286219 0.12016478395063745
-0.6451557551533613 0.17361332411150657
-0.6552629937486439 0.20734572358219108
-0.6027829760995528 0.14834761124925394
-0.386590060496273 -0.195960538115989
-0.32553709190740315 -0.2645842495366668
-0.08678765057780718 -0.6045933068974063
-0.057544851477054244 -0.6880893696466565
-0.04047569902985836 -0.6967316378278104
0.00025269462914976 -0.7465286418169876
0.01632447911374517 -0.7635273618976222
0.0502665620630342 -0.636585717547669
0.20554772446878436 -0.347805952688317
0.2470678015448236 -0.20059753505875647
0.3042430719421182 -0.1080726359492867
0.38547099471602886 0.13899169569509257
0.4689072195545542 0.31398207228449093
0.5119779436411448 0.41672525679320205
0.5216446765633181 0.44324366619592565
0.4456889665197649 0.2609231453464673
0.43211082094679615 0.2526754784959631
0.41044780006819404 0.19502230903132473
0.33323053648144474 -0.0007403976064520655
0.1494899274913239 -0.4771023121204814
0.12286105465809873 -0.5015738482970334
0.07247621116765202 -0.6608223305573055
0.0384363108464854 -0.7348180666607975
0.029082226878049035 -0.7372140398524212
-0.09005775304115543 -0.40045110710349596
-0.1912265673572968 -0.13442103292266966
-0.20955138421656358 0.01673512174506346
-0.28763440254331873 0.2223837523986437
-0.32326130225652366 0.25470094403134447
-0.35312000226562906 0.38652611616895843
-0.37252834235734333 0.42516139201482755
-0.34726539848391186 0.35589134700359215
-0.301047842661911 0.15443739718649502
-0.27960506621288705 0.12248488159723518
-0.26996219235160235 0.07308469874707632
-0.2572195436956023 -0.012726846099579144
-0.18405004825803722 -0.17918356132400207
-0.13772388789922918 -0.3650179462759188
-0.031038058624070518 -0.7569113614390267
0.016308346717539828 -0.5970684791848816
0.09817832551609014 -0.2933696416111597
0.10356293316665269 -0.22279283320990773
0.12133672124997756 -0.1906621776156457
0.11581380642812138 -0.15193436635074048
0.14287502927581885 -0.08423837299648294
0.2471023065213903 0.2134390581703491
0.2439940038894073 0.25533749728361654
0.21135883769666514 0.21780828585710416
0.16985917805449577 -0.0880445675431698
0.08708367440600354 -0.45907824139738895
0.06093428919713332 -0.489765221198436
0.01566037591795246 -0.7156934547965208
0.019294960594485322 -0.718406772811648
0.0239470883123624 -0.7289990423423778
0.01026667775913918 -0.753579892452943
0.0055546747287113125 -0.735638097343347
0.10530401321217576 -0.5372278802582889
0.17730479315630693 -0.2998693479458699
0.16408957104169075 -0.2601838649106195
0.2582145059580303 -0.08426457767314299
0.27622407433063245 0.020152457450560757
0.3384982033693835 0.16513233644428277
0.43171175334096223 0.3825429339989151
0.4339543994801807 0.37661661254363116
0.4404719583070491 0.3709705322094469
0.3588782122065831 0.17633572992235264
0.2756055352986853 -0.008767484069879452
0.26502446485660314 -0.0066270891313066176
0.15138531651619527 -0.3724637576888863
0.06057117101117733 -0.6673158146255342
0.014536037934870754 -0.7537777135958343
0.08845118017618832 -0.5810114656288231
0.11915224259626896 -0.5848973045182567
0.22384467617628295 -0.3870117593487846
0.24512191012947887 -0.33347552920215057
0.25811477809363287 -0.33793789535621827
0.5746739626848868 0.2135002702918752
0.5695082407575742 0.24378594595743988
0.5905139262043548 0.27194621214757597
0.5811617306894293 0.250014461730219
0.3441837082966117 -0.10499099488275031
0.3484075173539769 -0.14574048014847005
0.31628541122204057 -0.21848549597037578
0.25646616161928704 -0.2605820747405223
0.20539139126199926 -0.38600754738903337
0.033818031149652227 -0.6612442218972239
-0.010748141830110252 -0.7140630136019903
