0.026133919906223855 -0.5402454725121747
0.027608561771009787 -0.30232315157244444
0.006854852295926996 -0.28983046430110976
0.0261124257421029 -0.22461179209972396
0.050137160554301605 -0.11349639041088695
0.04085108564914736 0.005040834458112802
0.06857972926721548 0.20574522842955864
0.04202362786052638 0.2117026832695223
0.03591217695673431 0.20485135652057845
0.009783358958358471 -0.03464016432208432
0.03139707924703902 -0.20441445855521728
0.018432093038276226 -0.3934267301897056
-0.0067303672266259005 -0.5070737841582857
-0.002331779323932642 -0.749559507966571
-0.019149696417068457 -0.7706155450045767
-0.01671283435603319 -0.7823793789400239
0.047036360617631646 -0.631897076623179
0.13177417637951372 -0.47799276315940886
0.1542655900354477 -0.38681164808070795
0.41015117990305316 0.1014291405240692
0.41347273527172235 0.14261133070366036
0.46860406185809644 0.23399164835974098
0.48110286294214344 0.23500186754328664
0.5806205838325441 0.4905501764231285
0.5125825968167083 0.33535105397506043
0.36011603358495836 -0.006338806353334345
0.31021768446774733 -0.06508828978371176
0.18385642894058113 -0.3893952317050275
0.11343087800132681 -0.533554398267653
0.06802528763100418 -0.6731326196870392
0.020272474831874436 -0.7110239069821018
0.013885921998179968 -0.7773013753351954
0.13458631264579338 -0.35086970201837553
0.11462304439444944 -0.3462367028382787
0.11324268932978973 -0.2747400176203797
0.17123536476659235 -0.10254787182745306
0.18480812898047913 -0.03332345178784569
0.21617938809217957 0.05125064314688503
0.2965716508924285 0.4185015794788188
0.2976181255913125 0.4755664331569564
0.25785380008952286 0.2625394118432556
0.2321054028415344 0.15810423336721577
0.2024692233563326 -0.004981833047491321
0.17546888038773256 -0.08824109513941493
0.15555282041482538 -0.1483419031429143
0.1728836088731843 -0.20303843207266556
0.14727492410055787 -0.20908408320098587
0.03752271844087022 -0.758368944058564
0.09981014384031292 -0.6453957583011319
0.1523944553206818 -0.4849275549656512
0.1680790780843422 -0.4442281648077891
0.21352320730275567 -0.3150321354262552
0.28879616645637923 -0.1734967924001692
0.3716325869188973 0.057999397898755294
0.47039427333310224 0.29745608984378635
0.6158886595848971 0.6023903788124687
0.6142593540609212 0.5987174117283076
0.6155521667966364 0.5981394549002076
0.5250719479365269 0.3967207266272428
0.4827302877299898 0.31563980248800705
0.41139692633566627 0.1476105536306707
0.32249035954234356 -0.12288647534018333
0.28542018049879353 -0.21643516012514188
0.05680477560007856 -0.720905993596289
0.2959655872068434 -0.38246766000604876
0.31237787628709984 -0.35381881727254194
0.34990723644743993 -0.33876713123233826
0.46047576912721533 -0.14877991424421855
0.5069571555741853 -0.12802757503028878
0.5816747295621261 0.03150240998173918
0.6331462316713562 0.06925529880308923
0.6425431102798584 0.07694968740831082
0.5624008738199128 -0.012616957833488743
0.48262920380598373 -0.16563903544095057
0.2663672887380819 -0.38527993448763037
0.1572713907375133 -0.5638037193157421
0.08188227021834348 -0.6492877877682437
0.06487218959146188 -0.6657150936593353
0.06339422227199219 -0.6885881426704711
0.0038431431486856695 -0.7491601962657224
0.021793281153863153 -0.6678290360115514
0.057700367183385295 -0.6168955971663366
0.07103300606155698 -0.5777308906069358
0.13673292596104664 -0.43001291877010145
0.16799722199586364 -0.31689453423091263
0.20135820633077126 -0.20158896053490352
0.3432378257115564 0.15450029828549863
0.40844213756483283 0.344430652083588
0.3538880054613894 0.16598281899885964
0.27379051080979 -0.036526527657212496
0.1869378240660718 -0.29727745639448605
0.13417144840477727 -0.38088471146992176
0.09026026674341281 -0.5637998357111551
0.04929097130406725 -0.6122603364125689
0.04776697081295971 -0.6429693978081495
-0.007235506883171906 -0.779043709432642
0.06405907634131129 -0.5206184269792883
0.07226119105272608 -0.4625038186444932
0.11035011984346052 -0.3263170860569227
0.12205464414465182 -0.27561162451055177
0.21856695434357454 0.07503421272461411
0.2778365497776073 0.36910713190553324
0.29065967793074027 0.4055695004089944
0.2941295452637114 0.44630862397738025
0.30195031360607477 0.3922338699499486
0.2314573821872752 0.18143011613262344
0.22019358944018147 0.09508118149109722
0.21799746668084677 0.050754658746934904
0.17068004347794472 -0.05600211334452914
0.16653119343182182 -0.20321622241613346
0.1379601313529029 -0.2478711865618031
0.011350691483474234 -0.7950873772590481
0.0040059644837609635 -0.7675662514242896
-0.07543751349050444 -0.5796955198492179
-0.09993344322599172 -0.5336408836945868
-0.20252852490531412 -0.2987575176132257
-0.23586811352296383 -0.24127177195686011
-0.2583326231099947 -0.2199757134719295
-0.2770439342271544 -0.12823084034424023
-0.4700163682764905 0.3066684656105062
-0.4393701880480935 0.21581694409826904
-0.396972935272164 0.1785474958013482
-0.2840661231243891 -0.0952517296778734
-0.2599716135739781 -0.1658265994145355
-0.2039990361148006 -0.28009241504421
-0.03807873390438814 -0.6970371595879433
-0.03484107720207535 -0.6992123025645048
0.015956321285753923 -0.7857818773092073
0.03662806333381043 -0.7623734126388227
0.09162737007447001 -0.6693434344059294
0.06906923495907658 -0.645985632370747
0.1277639785593719 -0.6065631691189233
0.19052745209926839 -0.47907809617873526
0.4387814840409797 -0.012657029011385285
0.44233878915128766 0.033453805868505125
0.5464811938006071 0.2384761800154805
0.5049789327055912 0.2041839409633692
0.416080875760389 0.01396649455571006
0.31000904635942333 -0.1791703209582735
0.2626180678913308 -0.2058523939254326
0.18922050525107906 -0.35627541531758
0.015023536927021672 -0.6288968071755011
-0.005523917211210415 -0.7173096863727664
-0.02821326530999444 -0.7402020315692814
0.07911573518089872 -0.559980834120701
0.19178702489294236 -0.33816613494648406
0.21883229456442987 -0.31327088459636954
0.2804785803911888 -0.17281565333007937
0.34390410480161937 -0.05711631592039636
0.43699954942631003 0.06833580876110937
0.44515619236817705 0.12929562553305765
0.4778255444187602 0.17263730487445714
0.46566888144788326 0.16150609170653576
0.3627719128860942 -0.03150970092831295
0.331934324330411 -0.06895207349305775
0.26398645611632604 -0.19608640938083238
0.1500596356188474 -0.44952823005677733
0.13253714403005418 -0.4768038992029096
0.09555723176041495 -0.5660243392164819
-0.01483080622074968 -0.7510184531024362
-0.0004752728805053237 -0.6924423991391859
0.029842672917675003 -0.6416860579650846
0.1949153889329068 -0.3775907975910168
0.20141394593505188 -0.3782310610360868
0.22372734186079452 -0.38239954662316844
0.22010058720588402 -0.3424405291084858
0.4842158876514133 0.09037291168524629
0.5482252901356266 0.21488395450567085
0.5049965511918906 0.1298324033988671
0.4516720822064871 0.08550601286214818
0.36045327342352207 -0.07932211249757959
0.3013566897089974 -0.2541410644014593
0.2478135060142612 -0.33057741259419327
0.1767154679971274 -0.4178760793918001
0.10705032835405685 -0.5584863703333326
0.00542382255064791 -0.7464140375748014
-0.0074433376341827805 -0.7190398162506219
-0.02006088103056472 -0.7136105425747437
-0.04661688499196228 -0.6898962584887485
-0.13267458702402501 -0.5219185306102253
-0.15430445920174626 -0.5134144328492702
-0.24731783316458553 -0.38005522837319566
-0.3018234540994081 -0.25680147041345713
-0.417726183265791 -0.10348283085988219
-0.3999428299226815 -0.1383722328324832
-0.3860889843225086 -0.1997250936913396
-0.361380080813194 -0.19581114548527292
-0.22222602652307075 -0.4124229608828707
-0.22812329181528326 -0.4475370344570381
-0.1979341031752762 -0.4758894671597749
-0.1572771319974445 -0.529291347438954
-0.03746583529032972 -0.7379811669357357
-0.03541820922151982 -0.6903260720082482
-0.026783805342911613 -0.6724598598255295
0.0036580492100162128 -0.4947382797169678
-0.005905001932950383 -0.4924646703876195
0.027919914578748532 0.028123214762045785
0.05246894908197905 0.06257840079051706
0.08124590081032355 0.34022421866014146
0.09896392431318446 0.4932553355746444
0.07656196809389486 0.4328347028683299
0.08040904299758549 0.4010553490150992
0.04858930762427225 0.18340683065997365
0.03699592181839571 -0.00879236023385727
0.03557112361745875 -0.022570998577574882
0.027296467962080996 -0.4300263052964077
0.009503233954785147 -0.6402836066222675
-0.01612816065449162 -0.7306735282798427
-0.004166501134933194 -0.642532005781469
0.08713727756214915 -0.4368966122230747
0.11196924442075597 -0.23583072744311723
0.14217500427502872 -0.23896833025145012
0.12137597456917527 -0.2324444801387868
0.16026129079695656 -0.11864743653383146
0.19523687466547512 0.03664122397229208
0.2177685798570509 0.0972203784066169
0.2111689736731826 0.07099023747662947
0.15688663144037876 -0.14980834744791874
0.12775469959621188 -0.25504099665127117
0.11865035964418794 -0.26417400031361127
0.1338093757081157 -0.27011440296070155
0.11190912234130103 -0.30610717068673154
0.10445730409427498 -0.4085813148519966
0.021629367125340557 -0.7420267631771932
0.09756386540138821 -0.5568326101588171
0.18267353422212929 -0.42294004647183486
0.22421871270614294 -0.32645481972377915
0.26624617006569146 -0.22401363304938837
0.2957990022357306 -0.15958814859567486
0.30142901261622485 -0.11997796808311408
0.42902107225079417 0.1534455208027817
0.4662719750676022 0.2023350445943619
0.33575649206391983 -0.07705392495813106
0.2464056782734408 -0.27739389703203216
0.18298273231442277 -0.4019818879121081
0.18372121522859566 -0.4539146147509377
0.12901102164478376 -0.5472106087848291
0.12132018636876012 -0.5769789920421274
0.06457598001747067 -0.6512752617732432
0.022570628806930813 -0.7743369618255147
0.14662453290838565 -0.5154932424447579
0.16513157065514264 -0.46884696080714516
0.26236399474472616 -0.3232635844068794
0.3331745829215861 -0.11866317555667683
0.36823959172238246 -0.1002997079300394
0.47818290849165196 0.12902260941463223
0.5683132076603482 0.30999936514839704
0.5688305981762909 0.3148615729850395
0.2445325986943543 -0.24988428065257812
0.24033027434127166 -0.2595210244668059
0.15887995591396215 -0.41206742738381985
0.0915775023950687 -0.4929585665102741
0.0705186224895354 -0.5172932707553065
0.04060807836188026 -0.5900197112905574
0.02774418976816457 -0.6145201390038283
-0.03906423783453495 -0.7406383408891516
-0.018732490489985494 -0.734343011321075
-0.058547773083491295 -0.6326176019485764
-0.10210554564143592 -0.4461237261223812
-0.12829911397337626 -0.38343132584449785
-0.16058865557182914 -0.29228857506738626
-0.17919060132677478 -0.1968068177977415
-0.2633161658133633 0.19538178079946533
-0.3156940441532723 0.39127631943972085
-0.27365228032597866 0.18502244390441308
-0.24083605199534203 0.13150418638462044
-0.19456226499546025 -0.0011536388986537827
-0.1920317271587739 -0.020963581481650888
-0.18903699283818837 -0.037535100395198806
-0.16431898252925745 -0.12345520713083594
-0.11506744461912985 -0.3132598814508867
0.02341570933552269 -0.7899319413460714
0.0758708360361571 -0.6765329839408857
0.07844487796384646 -0.6583921362819514
0.266274373300751 -0.23501368291356967
0.2698843354686849 -0.20357332598715228
0.26728693279999227 -0.19832061989855698
0.38664440033657543 0.09328241455146898
0.4127132781591756 0.1499847293321877
0.5001059867394613 0.3590659835805247
0.4808222500229766 0.3190457550126537
0.2532536180699999 -0.2854171620146177
0.23778152937541516 -0.28742229348004267
0.19571929986787512 -0.38640724899486134
0.17518054191784652 -0.41571558340940085
0.09305044568012612 -0.5886291069792441
0.03916297875428115 -0.7821233637868582
0.03228137457584764 -0.7979188999294012
-0.003291227645939688 -0.704194902794393
-0.11690626313684428 -0.44556391735345485
-0.1166553425903452 -0.4097296979874578
-0.23739288857919 -0.147146968353233
-0.2663312539290824 -0.06927545203646043
-0.30166000479002775 -0.001816646752792812
-0.3816988296299712 0.17651394787630545
-0.3973461404507425 0.23431408141801385
-0.39190206971417196 0.19762470424306056
-0.3659729091731248 0.1482503921852168
-0.3486657505455246 0.08851115098678103
-0.14682150128570565 -0.38247807598506006
-0.10229759791757814 -0.48051198001504425
-0.031340856870479085 -0.6260106611137809
-0.011736072439375739 -0.6972241140036826
-0.009141358393283743 -0.7141198973711528
-0.03074688798078864 -0.6158746492712271
-0.038481968324879295 -0.6135731429208381
-0.09927732444795159 -0.5292049500943559
-0.08878857377431162 -0.5148440099106969
-0.10648020646973673 -0.4187913485787275
-0.22605497453318435 -0.14532140363476378
-0.2580896659614985 -0.026203445596208682
-0.3767802145617704 0.26395222766436893
-0.3307880817961176 0.1405319189188637
-0.2825966663010278 -0.0004641100819018527
-0.24182918408014023 -0.053856860071435204
-0.1664621587316374 -0.2813136835021846
-0.14729243929682437 -0.32723776236526286
-0.07784659023597512 -0.542379326355697
-0.05780924965013593 -0.5704755850735898
0.013669807588222862 -0.7408704229657572
0.021174695034395667 -0.7266345637175444
0.013323870031971765 -0.7243379178533046
-0.04921581481209584 -0.5812643712736456
-0.17087151245972096 -0.3193535176636372
-0.30555375551362773 -0.07470625389376054
-0.319913979623816 -0.023213191845486085
-0.3518391697159934 0.07861246475294661
-0.4143409484028047 0.17472979929429522
-0.36128597540619645 0.04041153690411927
-0.2655088561920138 -0.17285013210157196
-0.1617998751276158 -0.35659374013130524
-0.11919012101864453 -0.43878061295745435
-0.12588849764015847 -0.4610823077734342
-0.08467702102759009 -0.5910625252002307
-0.06865366355086182 -0.5853299888515284
-0.010169733940222877 -0.7132905793550117
-0.04573273009251842 -0.6362736656860938
-0.1538141327522525 -0.48352739245858833
-0.37059532427124714 -0.15249765758856834
-0.3859304748679319 -0.12187589338890216
-0.45531362874261944 -0.0343448765250549
-0.44911848244871955 -0.008018001994494966
-0.5243394623573778 0.07267891041373052
-0.5331046220897986 0.10354522402477345
-0.5079430861617648 0.045682682496690184
-0.510117670896764 0.03918580933468921
-0.3168966484110671 -0.19037477955908488
-0.2888027536151928 -0.23451041904996808
-0.15179436326975954 -0.4755622185416334
-0.10871821367438825 -0.5312394803811216
-0.00016550663635317572 -0.7080942470428354
0.002721064234057888 -0.7140962370412655
0.13443578020863356 -0.06451699322494321
0.14847399172423625 -0.06398699959558846
0.13598592091855538 -0.01403296062949749
0.17666540734897399 0.08263415400636093
0.1725384153437003 0.09517828869329631
0.17162291226731055 0.1986665929245237
0.17795382944247273 0.22720247957315948
0.24926715712127248 0.4819423990141535
0.22323604335577793 0.3473980499469227
0.1791688299692071 0.11587122139247216
0.18275159006360336 0.05884889082012326
0.09703662776283538 -0.19625436862512116
0.07688774353535935 -0.2957951756742668
0.052274910063892815 -0.3975274070299823
-0.029852919181733745 -0.7338166487066771
-0.01249329464910659 -0.7693577368173095
-0.01199383415340715 -0.7132174792853045
0.17675421616867276 -0.2695646536903931
0.22996334064336704 -0.1626723208768157
0.2487825277139658 -0.08739389999410496
0.34088847914299275 0.16640893568849593
0.3702120576679879 0.21801172471707106
0.4083332126360545 0.37627906172357145
0.42430283732201285 0.3827148118126156
0.4090570462787098 0.3443811605410605
0.36106122560826126 0.2436100479136575
0.3485982838195818 0.1733306468410376
0.19706533902059034 -0.15290751513061998
0.18976545729646493 -0.17707452131813087
0.07885324069327962 -0.4789614194024961
0.05223740778866972 -0.5474642824846861
-0.007406187090188819 -0.6746227175189353
-0.009483559136645819 -0.6272944082166368
-0.0058317032912459064 -0.620861580484229
-0.03984247650274446 -0.5859979542877539
-0.19055246671836487 0.05880635462695071
-0.1867455538685645 0.09489834712787838
-0.2488701121948897 0.2560085631659698
-0.2695960313225417 0.3837091806450031
-0.29203587855071056 0.46726974967411117
-0.26352617365848885 0.2942410702462785
-0.19886358246531946 0.07178175226556399
-0.16732308197174203 -0.09106988314072154
-0.06758093276988654 -0.5480723530605327
-0.04346127970351001 -0.6109141253499516
-0.017768672213003572 -0.7002122266419549
-0.020422628069807713 -0.7306946513485971
-0.015126300363924025 -0.7423243904941614
-0.08840180593197 -0.5374488794464676
-0.11667864116651332 -0.5202071533779155
-0.1262107018338182 -0.42147230567869276
-0.22459510993708584 -0.15535574999323742
-0.2939516674414221 -0.03674553148539421
-0.3794505369150018 0.20882238844168102
-0.4450876957861471 0.3936039601480009
-0.4529799114564493 0.3966190350430809
-0.42605611988035297 0.31258740236017213
-0.4143105743616392 0.2967631549967466
-0.347545052431703 0.14832714429654792
-0.3430841512179291 0.126772845276369
-0.3017536125615305 -0.04450891959143428
-0.16334010503686622 -0.36661174309215244
-0.06741147290698919 -0.6283715809104765
-0.02158229039972595 -0.7358983332111563
-0.02346440618402366 -0.6121313599158694
-0.08813465242383374 -0.4038526973587252
-0.16386329304865488 0.11530344836096955
-0.17211413048087904 0.11633828435961702
-0.17298437131930283 0.12681153901143521
-0.17410531412543942 0.13350508865477426
-0.17975222029506557 0.15794357017332805
-0.24983646935444526 0.5700604542786986
-0.23735918675177714 0.545546530566677
-0.24998692552949175 0.5361521682639975
-0.20813004304192162 0.39520421671777944
-0.13736769869968382 0.02975049005528573
-0.11111401768520619 -0.04370721974012595
-0.015853722030637892 -0.5895664245636703
-0.026818177036637355 -0.6025884795347243
0.015266931372901135 -0.7428053236749137
0.025741153175480834 -0.7000552356412689
0.033624709975598764 -0.6349995057011611
0.07857235668805541 -0.38828600298545657
0.1541199767707258 0.07057190703646496
0.2023680292845168 0.21791095916437156
0.20836310162725089 0.3009735491420297
0.22315043960729133 0.30680216528243476
0.24224425887178214 0.45112142592660265
0.17930575893357664 0.15132161982841777
0.20120205049027118 0.1434998021165302
0.1705868221124827 0.11704879535564996
0.15182693719652238 -0.06017528611826579
0.11436474371944731 -0.23502256857081255
0.0037441038441149814 -0.7388175951454506
0.0032407003337599632 -0.7678302054970458
0.011586012364795815 -0.7750069817740155
0.03555019012489444 -0.6945993741952183
0.12994310414390003 -0.381498131964892
0.15871182722547097 -0.28421647252721227
0.17001071875980217 -0.26112225706669734
0.20672277784387416 -0.1253044305407666
0.2157225456337084 -0.08200909923083086
0.30079696287415353 0.2296213058279814
0.36567199348526896 0.40799274006600694
0.357983467447073 0.3570984085208707
0.22483688930096732 -0.046728330775047136
0.2111985785479351 -0.1600240666656177
0.17770313117741957 -0.19852843079549856
0.1535786200869266 -0.25806388582157685
0.11879890190682899 -0.33968084723926634
0.0015390685105062677 -0.6858485249153509
-0.01236382229372094 -0.7378390855608462
-0.014263885508336922 -0.7299721465469442
-0.027183336307647153 -0.7205944526369755
-0.015388627823037553 -0.6661617021746951
-0.08651395752714161 -0.4648405877713537
-0.12278920785817299 -0.25724707632380067
-0.1705577857136114 -0.039041228482877915
-0.265614123106386 0.3105137536091839
-0.2740318055710774 0.32148222148699157
-0.2595811347173293 0.20822011892368003
-0.21833760706637495 0.09211667062875603
-0.195109531910087 0.022665461288286937
-0.1492283604116054 -0.0950700812879721
-0.13606996007129307 -0.203146818332754
-0.10404779985711213 -0.33427978945031556
-0.01961502047805452 -0.6123188741797406
0.014953995543517923 -0.7412417181539744
-0.09313330419211902 -0.48489715677419515
-0.11125002351077364 -0.42462248933364677
-0.11056598010537733 -0.39480446529427926
-0.15305635097014847 -0.33378544704131474
-0.20568176291330276 -0.20725824111248706
-0.22767046896805712 -0.10029002216955755
-0.3153950616569721 0.11532579908405927
-0.3386520745746632 0.17797205262221233
-0.30750864768424313 0.16484996522865622
-0.31090989556700016 0.13465294954768042
-0.24449174010512326 -0.04027454299950834
-0.19196723815560715 -0.2638858707897979
-0.10560002191669852 -0.40399459635503004
-0.04362496179977129 -0.5504384261593106
-0.047537507309816825 -0.5724289064096911
0.007897593194769391 -0.7260360175374965
-0.05641947047989192 -0.64824094916549
-0.04604534172470902 -0.5673423527395031
-0.07710646439042931 -0.4742896253617587
-0.12426062237196257 -0.36264732507783054
-0.2796256184325387 -0.04173780085910338
-0.28507463589451615 -0.0016245347001481018
-0.3897812952581332 0.21486703933219847
-0.4499064429173937 0.37445519382428166
-0.4228578326210421 0.28625329260281757
-0.35329292446983296 0.06680613925437248
-0.3394524571038402 0.01719156566032343
-0.3015647179980513 -0.05295078156818285
-0.30089600378701137 -0.079472839891017
-0.17153074500334017 -0.44033310422184174
-0.14764859810147837 -0.5108816708500258
-0.09371164603115412 -0.6846584022153178
