-0.023192228303473846 -0.593582081727457
-0.05780699123717449 -0.4539218310082966
-0.09106894523596422 -0.17440676330042085
-0.10245457646465973 -0.15687671554335875
-0.13534308865813968 -0.06825236850495343
-0.15807211063358687 0.06175659403752502
-0.18640771463995115 0.22279801594923368
-0.21663738596411927 0.37841058880802614
-0.14627363458056228 0.040861078241141754
-0.12881834895385996 -0.007672436728000152
-0.11465255603907804 -0.057486653581919435
-0.11085535069398637 -0.1045503497148217
-0.07364949156271876 -0.24785792947991708
-0.035159403024148925 -0.520604833651921
-0.020898216240959534 -0.5476521258583562
0.02754071115745376 -0.7304257092198039
0.017844188783292414 -0.6716311230775212
-0.062217521191755956 -0.5180808990007816
-0.22651034221930375 -0.024621458348540515
-0.2764648230536784 0.08762817789092978
-0.294335107257204 0.17738008003683678
-0.3106815533499793 0.21296722713210986
-0.329589143791208 0.24389515169285864
-0.3617478616670564 0.32099598947534425
-0.25856044063996103 0.047465132499837866
-0.23017615054038912 -0.005186329278289053
-0.20275024489543966 -0.06765234168854896
-0.13739780325407347 -0.3281357468348576
-0.0846849370144988 -0.414249202715791
-0.018847726791593897 -0.5591505762283598
-0.0003570180775558981 -0.6093127428191932
0.03916847581309811 -0.745223198238153
0.0179383832621216 -0.6242763335375514
-0.03976770373459511 -0.5412886732023657
-0.08039224057802133 -0.4115997021360706
-0.09513739235327645 -0.39174346996289217
-0.10460542214042895 -0.37522056570734535
-0.287655460989568 0.2018371481594175
-0.3275117291511918 0.2785956079860127
-0.36677163314427386 0.42937130142584085
-0.32717355517059304 0.295008154298001
-0.29559053541036245 0.1706066757657225
-0.2573246477156528 0.07013058113488761
-0.1671409730902375 -0.21514756806305552
-0.13422540444330677 -0.25254011980178315
-0.04219769022570289 -0.6176602092244898
-0.01681919633972549 -0.6866324292379506
-3.707780726827045e-05 -0.7414514774423839
-0.0997091243784963 -0.5399211524205616
-0.10311121842260254 -0.5119166159958103
-0.13713799977169278 -0.46185614978143674
-0.2618079229966612 -0.1832884790895159
-0.3713990951827073 0.008802286341993391
-0.41304264586443995 0.2029936828083309
-0.43088469918319894 0.20133080694158229
-0.5300064319185399 0.39016661317262485
-0.5056472915642635 0.3445318251728187
-0.4887039415821797 0.2718900227425804
-0.45518384727281846 0.23982111660457187
-0.4245793881140422 0.16475005294610354
-0.39010088831147827 0.1498214164160761
-0.22922342257299028 -0.2482502885388677
-0.045783816358938294 -0.5637303007733502
0.037488197293137134 -0.77284284499124
-0.02774284053353071 -0.6769138341576657
-0.19273742167760344 -0.4275406281528109
-0.24827932091985325 -0.35430630148114334
-0.2740631963956075 -0.3039076749423945
-0.3454591673877881 -0.211990726288447
-0.43307332154987965 -0.06013429473005263
-0.650133611893659 0.28467594455480505
-0.6615007255025515 0.28025118087133394
-0.6624077498087562 0.27343417988031116
-0.5481855836814038 0.15344856842275395
-0.5330032648183345 0.09041402459608182
-0.4280505346978802 -0.08145358976565766
-0.20418115024604733 -0.40815329303835635
-0.09405375614521247 -0.5832858418518
-0.060838253418853475 -0.6520270941304349
0.00624794547194972 -0.7354114869432863
0.008640087347377761 -0.7210073116934049
-0.029964037101832115 -0.5888522029569326
-0.08455528297554181 -0.3404451608028503
-0.09780822248573601 -0.22463282846839483
-0.180118759473067 0.04359682810723786
-0.21562627444834453 0.14070353075015604
-0.21347553322328558 0.16453662326643637
-0.28018946063970307 0.44182798526207856
-0.23714630319307115 0.2778383248691406
-0.2342665666239197 0.23243925691173914
-0.2092040651487583 0.11884684999631283
-0.16456217759290753 -0.047150436923490975
-0.16104521062898652 -0.09662428341471199
-0.15251718284222127 -0.2320272499197141
-0.10462442932764494 -0.4566417955739605
-0.027039168522394665 -0.772952422262445
-0.1643486791363687 -0.41983822623756273
-0.230482483637509 -0.309153782666039
-0.22279106784070885 -0.286879774384168
-0.2556175964033567 -0.23624875826721664
-0.26655072862016443 -0.14100475315273214
-0.3768270652820577 0.11375984710783847
-0.3913830325775799 0.15574085866440956
-0.5144271655871312 0.4388851931368041
-0.4657576301306338 0.3236556828607436
-0.3745067196682627 0.12579283650426798
-0.35155002785323175 0.04781165817508869
-0.1860048863043945 -0.3449640257482863
-0.1144488773519119 -0.4910184284171461
-0.054777450548538165 -0.5991452482677356
-0.07676042596746249 -0.6122634034504513
-0.018553374544595245 -0.7324646591561377
-0.09092913907061569 -0.4430016354238782
-0.10782814772297566 -0.3680652708800532
-0.11196504808991548 -0.327060530816007
-0.14160338439689787 -0.277819104176768
-0.15272077442110243 -0.2742362220312053
-0.15659045032543517 -0.24455842847517842
-0.21225817844265063 -0.11648245815891936
-0.2926666309744785 0.18081627188720611
-0.29282415024373837 0.1578945243900671
-0.2419420905991626 0.04805184038295345
-0.23528392882328794 0.04933929724792042
-0.20669361398977323 -0.03450931038091563
-0.0848808890859496 -0.37909352318691514
-0.042265347318435925 -0.5428177984695143
0.0035463127965304504 -0.6916823726434727
0.04925480480109247 -0.7737848607400547
-0.006371208101212311 -0.6221129319503661
-0.021262433712513337 -0.5991173713696853
-0.14797693738247006 -0.29544215563633774
-0.23328482232458245 -0.11555533221313814
-0.2478399910446233 -0.11069399238365367
-0.2658287983563663 -0.04174621206168745
-0.49634851079590714 0.48114579776290234
-0.49134056014216154 0.4982395465261755
-0.45015463972651404 0.386309616929225
-0.4032657689692428 0.2808566662890363
-0.31963588682878064 0.13247669746919025
-0.33297822530199617 0.09524738215018672
-0.22516133086014917 -0.17517298677106932
-0.139852388678115 -0.3744557764954382
-0.008530982331384569 -0.7095610792416601
0.004579579897953439 -0.7503453876536295
-0.008671032172017833 -0.7285498061910678
-0.08862711563722464 -0.3106892271827806
-0.10375943795555581 -0.3063007076599044
-0.10771114272929724 -0.29482051694308065
-0.09829561392733957 -0.23681182620147415
-0.1737092237717883 0.02970452323882174
-0.2673374216789408 0.29165386311518804
-0.2728515074153248 0.36912662692492915
-0.24198312345569117 0.24273983452563835
-0.06053153651240671 -0.3739706265864472
-0.04882338001926648 -0.3969166231788581
-0.06597672664566924 -0.4392353234510872
-0.05476971540039411 -0.4447099038432239
-0.01357080268447064 -0.6114346952301944
0.006532645424459446 -0.6861060289302646
0.033902457551430766 -0.7811249113104556
-0.018674982019392463 -0.6419718420023398
-0.1529109036183421 -0.22429086297836132
-0.16427365025196097 -0.16048080187922797
-0.19208443921811363 -0.12309462936317658
-0.23145621991194482 0.0025846676625876823
-0.26955997036201246 0.170732948201786
-0.2770976429095724 0.20578306244393452
-0.3064960530739581 0.27190375598868444
-0.27840528198557446 0.17818240387177406
-0.24945175534812722 0.09610280752817413
-0.17405033471254086 -0.1911608802971877
-0.11750511411939295 -0.38531994268707365
-0.08737135577217228 -0.5290997506477587
-0.06511033225149311 -0.5844701421176556
-0.003696262814817079 -0.7229564722395161
-0.011585517837869784 -0.7502063108314093
-0.05601411384307879 -0.677683060721789
-0.1628988713492093 -0.4268759558415048
-0.16826688228228132 -0.4219417632202924
-0.21570333537469352 -0.3280230515499512
-0.21988082170326217 -0.32370265095656553
-0.4188851025642357 0.08781641895631308
-0.4997324756702213 0.3077979506801027
-0.5433115247510161 0.37738837936991865
-0.5340968857003154 0.3382849797395494
-0.5049045660708013 0.3314412448355458
-0.48200089443515975 0.2718097601612547
-0.42288012066907643 0.17027105559844444
-0.1608421453407279 -0.36455337131420185
-0.03173258753848586 -0.6122994728918639
0.0175040602910828 -0.676089801101244
0.03920797483778982 -0.7274062597917437
-0.10644212256930155 -0.4489134195282282
-0.22854361806236984 -0.21711514209880162
-0.28486357464179923 -0.11738562443497898
-0.39600231263022906 0.09367680567504347
-0.4137823063774476 0.13824053702746447
-0.4237345414952511 0.19643196135045646
-0.47455869248253457 0.2545919935635417
-0.5373824563199753 0.3691988619099155
-0.5398932524864234 0.35583446181840006
-0.48651161461211834 0.251198820339938
-0.4307509014999811 0.14732307093391342
-0.4254504526810826 0.140473641833597
-0.31587554260198036 -0.10476972392842332
-0.2780581640059028 -0.1480661114964391
-0.04766797637073149 -0.6716704142598133
-0.019211060492525085 -0.7478314192891758
-0.05109705376644294 -0.7303383880546557
-0.17187667508115692 -0.24142647596700512
-0.1863864293233498 -0.23821997969395975
-0.2585560513996508 0.03455235301461622
-0.31061841067091583 0.1201109323334832
-0.28600953779726157 0.1295986560235996
-0.3082196271381851 0.24406629059659563
-0.35420197321692204 0.31937486240414076
-0.32171378604234585 0.1496124810479359
-0.267017924335774 0.0720907419197642
-0.25738690337114023 -0.03241464034155126
-0.19295591598357995 -0.22592415652346967
-0.1710322264858122 -0.2936458384317394
-0.07576280551904455 -0.5967612285903606
-0.09213349605524364 -0.6046442692338574
-0.01762594200523049 -0.7747273654755585
0.01986369899149348 -0.710654473031434
0.09282488929458815 -0.4792152757580915
0.14025098344634437 -0.37974542358522667
0.2983108478848156 0.020539752195023034
0.3117324555264124 0.03189745962104148
0.3481528711558529 0.18729970371516141
0.4021499760130641 0.277005729805354
0.4362148600522539 0.35111205748919944
0.42169440439225314 0.3304192972518748
0.40162110335749146 0.3044756086618958
0.40615996486136263 0.29891879230354124
0.39607888713667105 0.25057437933330384
0.32243831955977637 0.06744581456589421
0.28545793521022544 -0.047936613048613054
0.07644423034528806 -0.5639566175092087
-0.0031138367760009766 -0.771775866371097
-0.009745202099106185 -0.7545008272262581
-0.025137707688015952 -0.6198175686741647
-0.057361030898384444 -0.44165982699925393
-0.0998341956785719 -0.2679370773259697
-0.13040476292807415 -0.12344005166819227
-0.1249661818249019 -0.027099440868368102
-0.174670968311621 0.17370076465063283
-0.22438649960423943 0.387435543393235
-0.22312694415049852 0.3141832629653135
-0.1893001503404104 0.20768309150978675
-0.16865919985480216 0.07107269991671478
-0.15579850420483204 0.07056641005879158
-0.10810951611198821 -0.15393443056662978
-0.1151614428405294 -0.20952886714912322
0.007631425040268574 -0.7421226233718101
0.01056985130004219 -0.7732714005332988
0.03629774762636693 -0.7022620550446136
0.08402912637340902 -0.5691924551160219
0.14518066056389548 -0.41223093036936864
0.22001226280881406 -0.19542400096736318
0.30588689368258165 -0.007268457854975509
0.3092984930485464 0.056751361656395806
0.38454225087641125 0.20387890541668952
0.3959555676226753 0.24106214974348278
0.36747952754782565 0.18246997992859024
0.258921085536563 -0.10296253279262532
0.24499810080586798 -0.19812490250678697
0.225538494611927 -0.276009269776476
0.17592159706485766 -0.2786490751643543
0.14376952464552414 -0.37906616040992736
0.06746069322896689 -0.5865749779672451
0.022415794684454385 -0.7486713865595132
0.0910292551549619 -0.5630089881669089
0.07210104750416096 -0.511462205244342
0.0871613041004298 -0.49178239779734395
0.0949702356601559 -0.44763489077365015
0.16845071323277055 -0.19052863181205737
0.20571086360158725 -0.030063056936914908
0.30389027501161175 0.4237472648048919
0.3798741939521449 0.6828025930398658
0.2305223900917605 0.20753432176087064
0.2205402114986692 0.18373072435372134
0.18318673130103275 0.04671915522241063
0.15069669524914062 -0.13046717858665766
0.07288275726211378 -0.3526254422878832
0.04677023872141882 -0.5249191410773149
-0.0097319537618989 -0.6636562201187866
-0.03966287624935461 -0.7375439132553431
-0.05584977569084807 -0.7020980492691524
-0.07656789460185778 -0.525896119985279
-0.08614786457163862 -0.4539320065900891
-0.09681973090321547 -0.2295117553974956
-0.20980695878834013 0.4689954108368428
-0.20108879240114333 0.545801303772638
-0.22133807344164713 0.7068022021277384
-0.23270474656111162 0.7258799887870256
-0.1839954881513142 0.42456307015427797
-0.1873202232522743 0.36021084880939225
-0.16071010308477962 0.2786388617809013
-0.13142160114606619 -0.0064581321759222005
-0.09062061549598487 -0.0730748658114709
-0.0884511771193662 -0.1525191566436918
-0.0977802822685771 -0.16444807833408404
-0.015321010593874983 -0.7097718533532569
0.06611736364875159 -0.5740174980385073
0.23299481022760804 -0.38221937554849883
0.2528347703448743 -0.36750194347719206
0.5265950895674054 0.025055522627808215
0.5996134929798256 0.11985853012425941
0.6223482477497536 0.12258351515380869
0.6301116100139107 0.1526964965333767
0.7438366678875616 0.32300044923624904
0.7134767446405013 0.29671655690735604
0.720140837520473 0.2577094160160812
0.5152209226800695 -0.0034880921109809748
0.4290856122794781 -0.10940539308057656
0.4027691113845094 -0.1665651018233647
0.19000183744403287 -0.4820763655239337
0.1660799278033934 -0.5340987052607005
0.004089246513161664 -0.7255467066066896
0.031125562778102602 -0.6887543531813677
0.031129567840373747 -0.6696616562431239
0.09145349421821612 -0.5761893860665076
0.7048699685730984 0.41632049683485334
0.7294995761587706 0.4329841471381663
0.734623460321692 0.4831777697889058
0.7380624399819434 0.4970099970647485
0.777121434370719 0.5326561744884333
0.6910527428014729 0.4151907584838903
0.5522428665540449 0.14926180721668456
0.39957677193907604 -0.0840548773382358
0.38390257989166443 -0.11537966155229464
0.32752212076296777 -0.21999151959061966
0.2847542703834927 -0.28778663647836156
0.16060127285149117 -0.49583896305015923
-0.011017424877985474 -0.7768263992704422
-0.03913880817894697 -0.7023195343284934
-0.16421566185455144 -0.5019321947015696
-0.3919860010688777 -0.15771071146959395
-0.421163902273434 -0.12606181116236034
-0.4697439199041863 -0.057568174911331246
-0.5737034722167546 0.10879440739564882
-0.574464141544564 0.13124114206074933
-0.5963467722765051 0.18730775687610668
-0.4921713160959463 0.03199453170381287
-0.4624477057144765 -0.010485546326566687
-0.4364498619690979 -0.06445811087232711
-0.36451590056324773 -0.1709404698300896
-0.32677688655453935 -0.2673116712059
-0.0726175028816433 -0.6554777019302376
-0.057920222016044354 -0.6513201574230749
-0.011512955496685793 -0.7660818192246848
-0.03932478710428215 -0.6856401551648961
-0.04380593134447876 -0.6408112059878944
-0.07071015145312637 -0.5136312642335172
-0.09211372262009067 -0.4908712778541915
-0.0997390536258351 -0.416424078672981
-0.12127769151265312 -0.3631750661281732
-0.24630079782640882 0.15676894939687264
-0.31053861824930395 0.38299388877286156
-0.3111469982015058 0.36653339585595424
-0.2130808543119615 0.010676430948335376
-0.18830586718582748 -0.00011145685739905129
-0.14858771775235716 -0.21591778457700794
-0.1481209667933178 -0.3084849836585644
-0.04894491599577569 -0.6778874896749439
-0.03184446119410665 -0.681134752028849
-0.016369618969516938 -0.7639815479058756
-0.002577055168546142 -0.7318951879800899
0.03910430476892651 -0.6088440733162964
0.05880538215210217 -0.5717095064931184
0.0759096159949333 -0.5343289070519139
0.21348743852263588 -0.20584722650833556
0.22222148406145342 -0.03802393652616092
0.2616891959221139 0.008339748819561012
0.2642233772783479 0.02121302575273165
0.1506504315436793 -0.33879565482952556
0.14582316393732925 -0.3660915769767284
0.13480985809159657 -0.3977716081993822
0.1260052675478337 -0.4422081221054431
0.0897507937004712 -0.5712145291274788
0.05291415163837233 -0.6267584826217955
0.03629278654943114 -0.7532286457198689
0.025013115629846643 -0.7903836478955839
0.023015674357611662 -0.6565334196228125
-0.009269411591763964 -0.45191721550738456
0.007622444977799181 -0.21985458674290168
-0.006590318183235671 -0.21145793798004092
-0.030086435230948505 -0.09619111452825747
-0.04005988322704198 -0.051239434565815575
-0.046246817686925186 0.05180827026103572
-0.08031644980252772 0.36892602370727745
-0.08245788029997737 0.2391449648953245
-0.03138320629553379 -0.0945120904361348
-0.0365122543938656 -0.15121046979329408
-0.01828826102140824 -0.35493064794396856
0.00038115103526463164 -0.5951949048977628
0.021272071200322228 -0.6858282993634081
0.024236931783328704 -0.7225182226688329
0.016224323794367113 -0.7516051463161539
-0.045207543471043624 -0.5974309216810544
-0.09999417270783918 -0.5168535986529104
-0.2801566543371815 -0.16400490702380266
-0.3031640315867925 -0.16396918518469739
-0.3039069951392419 -0.13316571420489984
-0.30788783846872425 -0.11858153476902766
-0.3164196758877693 -0.11486510585576211
-0.31792198534587957 -0.09484813060013786
-0.29987323843992125 -0.11805909402994308
-0.2762979422307288 -0.16600211731770434
-0.25432182512139095 -0.2342195557643834
-0.12226010914537605 -0.4260521044161955
-0.10670460710322313 -0.4648278418313487
-0.023609135155143554 -0.6004286473551854
-0.007589601390434422 -0.6032395872687266
0.07132959284466023 -0.7829368779654073
0.06862589873768975 -0.7749611619314678
0.06850562064066232 -0.7473402451987797
-0.039482437409816315 -0.5272378791603867
-0.12469025581391335 -0.35188037793463695
-0.21224876274705046 -0.08426945948228941
-0.31863471622530487 0.08625618243606432
-0.3408730891878796 0.13231082488005283
-0.40056207166657115 0.2641574411140478
-0.28532711391379095 -0.00040900333115359523
-0.26890246760286757 -0.028830218612433442
-0.21114949603345348 -0.1546092545625508
-0.1883062488047189 -0.23885657948126174
-0.06251898499355055 -0.5255785508420862
-0.04998167785996448 -0.5351157402959494
-0.06594525063687262 -0.555178355139195
0.02758379549538675 -0.7280796204530353
0.09254321791109739 -0.4793647299367825
0.13868407820729223 -0.33821859980952396
0.18944735523910008 -0.26330590291869765
0.21874158429006071 -0.11256838318187208
0.2941955493915912 0.1513350520582856
0.30927784590221286 0.16961579581791242
0.37041722547463457 0.3432909735027325
0.4163464811456731 0.4912460388651175
0.3783607858080264 0.4303821762471658
0.3653669882532364 0.37268598273828724
0.36979535757043197 0.3674708279083655
0.271490250929536 0.08952689584875319
0.21463387595808067 -0.07257675939705126
0.0619948823856111 -0.4380763111023063
0.042047500198068875 -0.4963978794199309
-0.05257343645403269 -0.7391109552107946
-0.041392058071600304 -0.6175905182500385
-0.022363746913680572 -0.447711080588472
-0.0066105080087922935 -0.4435710526411346
0.017771127676875866 -0.28687381785225874
0.03898229863018124 -0.1322509007286311
0.039580319284936896 -0.11210977972738619
0.0748980933814132 0.05135183964554466
0.11404801905580025 0.3810290375243843
0.11046763160942064 0.26084554588060793
0.09014737964674933 0.0030858014616105896
0.06007441559758443 -0.16765332347484
0.04716096614364369 -0.294265371002567
0.035504546290226806 -0.48124071380894906
0.036581528938166186 -0.5292082994044306
0.038838513985223116 -0.7462802460100301
0.004825473471162747 -0.8174667323927562
0.01112562788463706 -0.8053021675357483
0.032548951416848465 -0.7153031577922443
0.24522159974258106 -0.41311995897365017
0.3513607086105502 -0.18926484403770671
0.3820072930135099 -0.128784227081315
0.4987532090839428 0.036555910840631645
0.5214881436511397 0.1447751667270512
0.5750336049544593 0.2046404946909699
0.5197727861996008 0.1290567981030758
0.43867109711281616 -0.06005319416779973
0.34702215118885477 -0.21732313574072307
0.3412670884146912 -0.23681311460413254
0.2828168916530351 -0.34473134923544724
0.1671451295131776 -0.569090437516947
0.09195680373536717 -0.6985591831460932
0.0618185760232882 -0.7476862191354685
0.1178701680513349 -0.6503466969771349
0.11228336576742139 -0.6207091607982977
0.1355023958651393 -0.6210531107875041
0.31219264851727685 -0.2383643212759464
0.44888549605883793 -0.016814868783653465
0.5712164373622445 0.20939969068080266
0.6728075143128776 0.4593572406043959
0.7475746972539942 0.5764512001206465
0.6462704091462228 0.3860050825111409
0.5982321827757944 0.31134810508575633
0.2814963531158211 -0.33755345047537416
0.2475760868211603 -0.3751962553806172
0.19713457861706732 -0.4983251819090103
0.05045837242239182 -0.7968652771550294
0.02535667344843159 -0.7949741288251374
0.030355586655001637 -0.8204462533265399
0.06722889018609747 -0.7341085385546329
0.13194666206057104 -0.5858387588321754
0.18221362403834526 -0.40932589004310393
0.24658530907358106 -0.2164426337489502
0.29656563060731256 -0.14532150805857763
0.33431194492107397 -0.049027149099438214
0.4187300320570926 0.14927846846668993
0.5796780792336804 0.5508620381411249
0.5660214639293784 0.5395136236316098
0.3822344849779561 0.16573098063080566
0.2651198849269362 -0.11842607836855326
0.16089582606305639 -0.3089271496898791
0.027503699924362093 -0.6369932881246573
0.0010482590484859416 -0.6736520644307029
-0.03936558168301839 -0.7324601249315899
-0.04831520200808065 -0.7797385679590175
