-0.009898654609125049 -0.7295369557704089
-0.020364420380423708 -0.7110814220174366
-0.030310263323360467 -0.640460987686914
-0.172892544549872 -0.21787699899496796
-0.2161137068234085 -0.20684004801325936
-0.33844275753637293 0.2132224060959872
-0.38920161988840657 0.32848355289776354
-0.3847675920312447 0.3368074598340913
-0.32605017112430956 0.1803094736839333
-0.29635719174960556 0.04434024301324695
-0.23437120833928296 -0.14707913213905213
-0.18518657623514032 -0.23002538686181107
-0.11990327713971051 -0.5040455903499123
-0.04996964194756304 -0.6971308224844545
-0.05553102965650102 -0.7167332856083717
-0.020768649642377564 -0.7761580453318555
-0.036820991486875364 -0.7014783689603568
-0.06148347164299589 -0.6045091025684759
-0.0688725241323857 -0.5941952918498269
-0.12149455276823701 -0.3490554678075334
-0.21072392620964195 -0.03795951029482153
-0.23054205874396785 -0.026879586847110837
-0.26967930689799363 0.12321613408851712
-0.3360117821158348 0.3723190567362989
-0.29099434817352193 0.25028133310678746
-0.2558507950831007 0.09342130287329924
-0.22969825965754573 -0.0024880099414153678
-0.08913858981310496 -0.3557389148084921
-0.0731232182616439 -0.4582108237292994
-0.056036053157213314 -0.5690883370290497
-0.028887871269767666 -0.5643176541223062
0.01819891535987425 -0.7207057231733199
0.06412735289844078 -0.5976242831222794
0.12493784750810775 -0.4560928858760334
0.17271920098160856 -0.31505865840242
0.17991959213918143 -0.2971042542982205
0.2595853061777492 -0.12368438815111292
0.36223994644580304 0.165325521459171
0.3797233458321661 0.22832956676199476
0.4308620432544484 0.33067794209748214
0.4068702979762805 0.2516196373018745
0.3973134568987266 0.2235379743245418
0.20674162790588582 -0.2781679266892349
0.09170865089272393 -0.5988392717887328
0.08670061467485138 -0.6156980936404601
0.06052047787496833 -0.6736406896983537
0.0035195213258449563 -0.7817159835680657
0.010253943674236682 -0.8037114600239302
0.011883088680069084 -0.7916692538736472
-0.05763619585826396 -0.566104216083178
-0.06578676277528478 -0.557045867781654
-0.07999318200371221 -0.5514785355124805
-0.06306454572943965 -0.48233228458010613
-0.17714434572085266 -0.26171356580459976
-0.18607532008386532 -0.23566311226798117
-0.38966527708377097 0.39166670766051387
-0.3564716018983967 0.3466054291113605
-0.28136290272095754 0.12449497387732104
-0.2439794992597062 0.07258017146050136
-0.23127201896266486 0.008316078748191964
-0.16424559248304438 -0.17269670784134883
-0.15126634296128624 -0.26119634034235906
-0.04290752980046987 -0.5502534251170209
0.036174003716779 -0.7390909841632439
0.032819513898561276 -0.7159809578467939
-0.0048465462836380455 -0.6566494247140156
-0.018509915279627653 -0.6015557409711856
-0.083135125264883 -0.46145106536936054
-0.09414355638207696 -0.4131500209114765
-0.14386095557710632 -0.3454588270031748
-0.2155102135909086 -0.15708283180859212
-0.3878208554301022 0.27957266728417535
-0.29398699746736356 0.06648850677710753
-0.3040095149474887 0.05688821335712607
-0.2773072476934886 -0.035405557510231146
-0.15602113918754804 -0.2860251980474517
-0.15292840610810132 -0.2895960267833797
-0.09767366989997575 -0.45079194953274604
0.03678854322487522 -0.7766056525506635
0.04093970892689361 -0.7774252370780075
-0.057922610645252705 -0.5213812695871042
-0.13843108695045964 -0.3140310289404894
-0.20184723217191478 -0.17156175628663606
-0.20219185566414566 -0.15943843440092734
-0.2849815378968456 0.03756672860353537
-0.32019244444515704 0.07137261698581877
-0.307588280592252 0.09910695149850265
-0.42066119092224774 0.3665611163702575
-0.27695378789155495 -0.03226433726269359
-0.26934862890628464 -0.058299633221842104
-0.2650818939409265 -0.1028123279519986
-0.19470584135645938 -0.357143700689974
-0.1277396284989266 -0.5170250914222678
-0.10967623919069719 -0.5436984221886845
-0.020285306596678 -0.7654149065069339
-0.029006567265668474 -0.7816305531007902
-0.06357935250515453 -0.7186067407184046
-0.15764092798678847 -0.41234804356518734
-0.24227595358723744 -0.156126087874964
-0.26392787631787973 -0.14770118536700375
-0.27907420427711926 -0.06282325032850179
-0.38859075258553955 0.2796582643701065
-0.4529831099916299 0.3938848601148836
-0.45855261079028725 0.440501081985228
-0.4037238794036583 0.3359134311338196
-0.2805919759970045 0.0762702464632188
-0.28077700415041823 0.014637006970637625
-0.21399924839432644 -0.19815307858925543
-0.16199402459160964 -0.30648557680720134
-0.054787517949618156 -0.5546616982526346
-0.013680812088248447 -0.6836966008051648
0.012599532148970872 -0.7305004293038789
0.04289233792011224 -0.6944355479026042
0.17366598314095352 -0.31105467539984866
0.34008526798284655 0.01378913081244195
0.3304207617498881 0.026212344204015105
0.3280070653507547 0.04908366946545218
0.3382364255499904 0.04838030859288035
0.3634861453578371 0.11221950505647069
0.39178991446644074 0.18968277561810684
0.16640754147598102 -0.35199137312812656
0.13427300991011243 -0.38024587657854864
0.07207745907324072 -0.5610074582684966
0.02663180263645428 -0.5939927982835428
0.017558521175209944 -0.6151100715555817
0.013852696899884338 -0.7040826940960165
-0.01832405877613094 -0.720934789591132
-0.03308477498962743 -0.7675680663777255
0.004877548436554358 -0.678581127197727
0.0037532666108491923 -0.634466143236386
0.08179798234247908 -0.44286233078929965
0.10860889068104555 -0.38512934344456834
0.19561619884729095 -0.19955330270688323
0.20324907985606475 -0.17506792287142303
0.19307574701924055 -0.14948585393888836
0.4016096507130706 0.38988915612923464
0.3702013929062427 0.2882518703473275
0.27827833431170185 0.0072912596635289475
0.22835794216009928 -0.1251871380734439
0.18859214815874503 -0.17681201074163042
0.15697489688356836 -0.35739594091449267
0.1322168794039658 -0.38435666446381084
0.1029504704264692 -0.5260213680324629
-0.006129626267605834 -0.8083902274782303
-0.12347953886870675 -0.5196956413615951
-0.15848254401495965 -0.44710270429189186
-0.23320774705205977 -0.2690311630534709
-0.2788033730845129 -0.21068605891581652
-0.35659312225905837 -0.008877193973862763
-0.35000684949331107 -0.0013192290952157302
-0.4320226742768767 0.19494619716232872
-0.44251031949172015 0.22882306790878934
-0.25399647067518477 -0.1574985265698188
-0.22085264531352689 -0.22888242338893255
-0.09508027944866485 -0.47465025220720325
-0.0711443588457619 -0.5682862623986982
-0.022614204227682313 -0.6007282977623449
0.025627381143143543 -0.7466833856228318
0.04019085918805028 -0.7503120515175745
0.037385537996978635 -0.7590291058048538
0.07725236875221116 -0.6870331835612349
0.09592155881403006 -0.6814860811009393
0.0736549313497884 -0.6496545474740484
0.08805269405035797 -0.6525423165393236
0.12436792999535368 -0.6160527101471065
0.373692075520875 -0.04614519193495205
0.5469424078194949 0.3426788872475006
0.5649583329916017 0.3477845461575842
0.48453549646393135 0.16740981391941104
0.4749893473050488 0.12437661934028717
0.2787100777957595 -0.31614950108312817
0.24723036032850354 -0.3458737189489476
0.11547634328753191 -0.616924500488796
0.09989144041596433 -0.6364000110747262
0.10936632345783104 -0.6596303845951903
0.029974882371317308 -0.8279533685782509
-0.019111803518331125 -0.7014649925607648
-0.05591425347892119 -0.6143715330153068
-0.06321343553943294 -0.5789173241978796
-0.17959492785456233 -0.3072128643933763
-0.19017597176741105 -0.1361036521159601
-0.26344610989269923 0.0060454267331717
-0.33140862737783294 0.1297650823217127
-0.42895901276327447 0.4129794666135462
-0.17857534129110547 -0.1892425431858168
-0.13857866652052478 -0.3052966990957363
-0.12675055584680264 -0.35086682208012965
-0.023790001376192 -0.548399157019489
-0.0010592942421866994 -0.6306530839601685
0.04978557022301052 -0.7282429574810405
0.03986107349917532 -0.7408249047290846
0.05922078692184362 -0.7748959462053562
0.002735439952004615 -0.6308841784542814
-0.010617627368217034 -0.5771577982907128
-0.06449540480876448 -0.446562262485837
-0.1909872150505237 -0.08009584422192455
-0.2273434897578441 0.1325141032963915
-0.2476621842414924 0.19834619897603137
-0.2712554896986399 0.20192308803990971
-0.3296640006175162 0.3794193640431225
-0.2094867245971855 0.003610087658391398
-0.1914597998365785 -0.08843289451047935
-0.15617264436177622 -0.18164398196986717
-0.13911162535355273 -0.22748948469989203
-0.1320522109512858 -0.30272191283853944
-0.05096888001823907 -0.5311368820869331
-0.02171941140252904 -0.604587077611636
0.012528132986753605 -0.7352117524600639
-0.00937411267894308 -0.6811611637282352
-0.07695338653298785 -0.5937203919315818
-0.06598017435077343 -0.5828222984860697
-0.3112430822605393 -0.0905797967159774
-0.4407824769244413 0.20500446154715665
-0.4794047197855041 0.27020248014224413
-0.4918827467010274 0.27640763252036954
-0.5412652979709964 0.3543696511892048
-0.4720028374627135 0.23614914693378083
-0.31074322104066454 -0.1678689171952087
-0.14097752568800823 -0.515927137375206
-0.11628116161891973 -0.5931505767543672
-0.06341928454639285 -0.6820141471408206
-0.06389308203231023 -0.7155474408372375
-0.045849640181804076 -0.7390996475949153
-0.030742034697082938 -0.7634866947900608
-0.08231356321054 -0.6451671047925738
-0.06816294016468226 -0.6208974246198745
-0.15919295346485846 -0.432341753000897
-0.22154860265152407 -0.25055508180626923
-0.291284400738258 -0.07518710248151665
-0.38493705099847203 0.13316109333273343
-0.47530873482748737 0.3209795503296201
-0.4713684409991614 0.33549181027165004
-0.44455755915600303 0.2835156048971637
-0.38156743065594606 0.12210862988578393
-0.2953866283409645 -0.07855913672539112
-0.22508929839787842 -0.19311433170508013
-0.2351949830786804 -0.21386732127559738
-0.1996882705775684 -0.2614524577030634
-0.1801114959326144 -0.3844797183204567
-0.0072230195193762415 -0.7577644441019574
0.027809317762980762 -0.7111870539797015
0.25948401445059194 -0.09201783742304279
0.30731183710545923 0.01359069436818566
0.3292715363634549 0.05638325980030452
0.3520362449154946 0.07243507883562307
0.38370127763827333 0.18520923802110228
0.40929304809257344 0.21660563382364206
0.4694270296619442 0.37454073563415125
0.396961156541297 0.1793948664654515
0.33912204992017575 0.03053507142916183
0.29631977100114065 -0.026502492126089745
0.23096643066357864 -0.16845520413088066
0.12604289006409067 -0.40918522000493535
0.1104566831829435 -0.5125422508768779
0.057530943985030926 -0.5984660977091926
0.01121889310194869 -0.743276015341143
0.02740158423961317 -0.678535028086502
0.03855779104084987 -0.6509230298193835
0.0995762204498707 -0.49008421378272915
0.15420404784042693 -0.3530255091048897
0.17050192271691636 -0.25213033686789194
0.28859506910184896 0.07170835050257317
0.2902073948882593 0.07820405938065542
0.3816689643466569 0.354389142307171
0.35992966226064443 0.27056331593727273
0.3489082975493646 0.27060903635878064
0.33082563374467583 0.2052438284769357
0.19663293206340082 -0.22941922693606115
0.12850415739036836 -0.4265665887286199
0.045739240651226414 -0.7097619310069168
0.039703896636895754 -0.7640102984656596
0.021914579189103413 -0.7787645037214543
-0.043460176786696295 -0.6350817804182783
-0.05438099584898329 -0.6099611681371473
-0.18426279258188152 -0.2640637882570943
-0.24057185704513026 -0.11427620105969633
-0.2857742841981003 -0.012300253624359098
-0.32550698936051303 0.11327798969789571
-0.4028446569840461 0.33685314471654143
-0.421651556204512 0.35855470693655134
-0.3858410834206821 0.2555212869624133
-0.3595560600308198 0.1587053006135033
-0.33807276903417843 0.13164232388633515
-0.29497939790835764 0.0527197369503122
-0.25147865013911047 -0.040393739535057094
-0.16079178526081828 -0.33107176829470136
-0.13017690763896253 -0.4007407155658632
-0.0042739666276962 -0.7029853158491152
-0.05466059593071491 -0.5733306176706603
-0.0708646962032184 -0.5189719630651826
-0.09015973512807315 -0.4276763125013047
-0.09127694016509241 -0.4058720980056636
-0.21307684320365874 -0.10102959487947905
-0.26973268371609066 0.042058019302904426
-0.2954277014812294 0.18723787412884274
-0.3985205121188704 0.4412434485651461
-0.33492148380767356 0.2742605021750099
-0.3142197494285236 0.25537317189969866
-0.2364815092756727 0.034385863441487016
-0.17218373101421214 -0.14005735223512836
-0.1480231529620078 -0.1885806850219348
-0.12739436124933184 -0.27390141262270856
-0.05044695137888419 -0.4218390887844978
0.03981990046861446 -0.689024056721231
0.1278119137190227 -0.3988594142527099
0.19762377059612576 -0.1593331160994361
0.2131055891677314 -0.12795344249678464
0.2188249802408061 -0.037542200895137615
0.24953280576434533 -0.009333748616202333
0.2403618792624849 0.010411396400560336
0.27892959951497776 0.13886989562336136
0.34408834050560966 0.33994233762281484
0.31145348535172634 0.29225901358762374
0.33353423312550307 0.26365117759061063
0.30378364194951896 0.09896461933559123
0.2804332115206274 0.09795684902313968
0.2648517699738775 0.04386965458805285
0.23152153004979195 -0.03269273333907843
0.19453564304331278 -0.15247203157245437
0.03628438837304684 -0.7485779549638212
0.25163899914924104 -0.09228512576787325
0.28051964099702015 0.02111848975278703
0.31205489029047095 0.05897898835637017
0.3298865001285779 0.13386422422334418
0.3511100310652641 0.2068157208930541
0.34816460060382837 0.22371780041295214
0.38722536726636914 0.31653770035097967
0.3909586392800537 0.3170763062500699
0.33898001208039447 0.20380596374924606
0.3268745394658457 0.1521535820236197
0.27707549736749415 0.03253720569356934
0.20368121876301898 -0.18411239529682583
0.2099000765253776 -0.1974888011938028
0.1963689040711974 -0.1967625736375883
0.07348911286294506 -0.4464798765738932
-0.030764495523866654 -0.7582358800535867
-0.16311682795491347 -0.31889750169492875
-0.24297513557404946 -0.03887882747252149
-0.26261329920844 -0.011741621111175202
-0.25330115989206176 0.015171619193609119
-0.2866097577416172 0.054141993680604794
-0.27943019881768755 0.1351223301990403
-0.3232584296406632 0.2517929938470704
-0.34718632013203005 0.3154465423072466
-0.3464946488034543 0.3092243127914278
-0.3233808135989959 0.26519415887316566
-0.2862061244822802 0.1178369354594939
-0.1854486835851018 -0.1526477512068769
-0.1798722211300667 -0.16491229371946398
-0.1252829729856219 -0.29075622758188824
-0.07502614676084195 -0.3998809842038221
0.02589222716565795 -0.7083952969466274
0.05232409771845673 -0.6326919825904843
0.12524227210253583 -0.44438805982094787
0.195733947804567 -0.28234894392087345
0.24359927015354677 -0.11607998595857484
0.30468787715716633 0.03716682613182772
0.30825976209104833 0.06222394570754885
0.3642479384233139 0.28069061784591964
0.3919026658880503 0.279805335757986
0.3522085749902168 0.19314860935398429
0.26372764178164015 -0.12868036714662692
0.18895183781640074 -0.2704646972001095
0.17519828110201027 -0.335597716111537
0.05479760743485608 -0.6437809581632055
0.06817538425044646 -0.6751571111686038
0.034066469843311235 -0.7542734844776277
0.014810945582641007 -0.7678626595983853
0.023637465386564666 -0.7023820118347383
0.07191998096511316 -0.5630505262119205
0.09570027860790091 -0.5039310447613439
0.13050085117468357 -0.38588072502061016
0.20076589982407667 -0.0992034326682428
0.24248457609058102 0.03319885473977037
0.2656125825291263 0.17087143311153546
0.37092939682346204 0.452879970181476
0.33766641022935506 0.4010848334280059
0.25200069034170564 0.16638672431550997
0.12803869969079582 -0.2253997723221106
0.10840079879749533 -0.2234317585543477
0.09500776706716613 -0.24570658536381781
0.0014691377138245996 -0.536882124486817
-0.016833174962274596 -0.6153558554705136
-0.08438832356423287 -0.7647728957895202
0.036527320400505006 -0.5616599501398144
0.03922906589779369 -0.49504555972008585
0.18207955099396295 -0.2400483402466887
0.21962593072119208 -0.14329309227618972
0.2499982797923563 -0.07665678337041201
0.26637368908783743 -0.06957793697024586
0.39631660205762054 0.19275613253178095
0.4164399636665356 0.24691753232920222
0.3700210942601522 0.11966748710065898
0.34397908637885055 0.08542615917883284
0.2657303806212529 -0.1336923673016447
0.20277476869725633 -0.3341540455777363
0.14983528102467325 -0.4033830198396557
0.14980190907542684 -0.4274539545946072
0.14741150055620708 -0.4664901679171307
0.028115013865944737 -0.7274124755426753
0.0704945994442111 -0.5221642011201176
0.10102683733781156 -0.44431406198822615
0.15386383153007277 -0.17577665884260815
0.25510193800422215 0.13639048532738546
0.24537295613238672 0.1803129060203696
0.2638636562602999 0.19060742952197815
0.29680190763011355 0.32446212490580334
0.2853538399351877 0.34209600698804943
0.24276316544336932 0.24138381421526753
0.26491970897290584 0.22699657994558492
0.1878868219042131 0.034863286725235296
0.16181213558663568 -0.08711934609609376
0.16417513933037384 -0.14797251283926677
0.0459053592885283 -0.5154984978518846
-0.019169362482423784 -0.780135678307538
-0.0269682567718202 -0.794384124445946
-0.006038988887913351 -0.7493944840041442
-0.01184650496284494 -0.73406829043036
0.08417216801414108 -0.5494842369863878
0.11486502884515286 -0.38011278765230644
0.18696390594921997 -0.22450113367820457
0.24794236093598865 -0.09894173679145167
0.3381972975311199 0.16738015460980096
0.402877776940535 0.31118312229033646
0.3480735556581798 0.14505510925077475
0.30887740588740015 0.02677789820195845
0.3015300102831411 0.028246370628523542
0.2576217019154977 -0.0650762977251883
0.26783652763363125 -0.0829396020674734
0.2471189141802264 -0.14342925075950233
0.03840016626842439 -0.6825044534309911
0.012536219320394932 -0.7795395374542002
-0.06205257712783557 -0.5475663566550824
-0.09448659964379155 -0.47068657303715605
-0.14072609215080453 -0.3354510083530052
-0.21540114747229305 -0.06582707915088044
-0.26162738639628946 0.0823798015538327
-0.24996761471014528 0.09724697564947146
-0.27481256843055024 0.10258487392714183
-0.3346874555672404 0.33048103452527083
-0.3181206665769129 0.29304052594367325
-0.28459118021497587 0.1458506190727821
-0.24942712399668154 0.029966742759832146
-0.19552555476759123 -0.08503887444039082
-0.18430730863582784 -0.15404494347302072
-0.13751333995099804 -0.25581823523306807
-0.0026402145664637553 -0.6519028632621714
0.024725525344936515 -0.7479405223663664
0.07869871873454459 -0.598446540748429
0.09522146418403928 -0.571572314576778
0.2052096469176372 -0.2227827735424754
0.20659998805726426 -0.21476578605681593
0.24939017430077498 -0.10029327730379416
0.38925861640832804 0.2156026004393008
0.38526817757682336 0.25292334710032344
0.42466359936992343 0.34967998698916314
0.4079488399019193 0.296347048708445
0.38715347628915214 0.23773520380700802
0.16375954657861047 -0.32110870318488344
0.08471007101015578 -0.467049576795949
0.04292464676481861 -0.5873211882470141
0.03380186046377941 -0.5846992390870481
0.029650657923012337 -0.5962934666723134
-0.012452135410366974 -0.721687547170577
-0.0059566654670865846 -0.6992581018553843
0.16031768895913512 -0.34177180651383476
0.20616141800252846 -0.23306368505890937
0.24029536857715555 -0.1543775441694937
0.28991756700463683 -0.045721555044729655
0.327413859653603 0.0291844480893263
0.3249512705510748 0.07397704917696625
0.4500172992317859 0.32685274124907815
0.4122414085168514 0.23215364201228658
0.4065859646563316 0.2106814181446322
0.3309911077185503 0.03877056362798563
0.28544145152012507 -0.09148244962173395
0.21166269416178402 -0.27307506635175216
0.055057073642753994 -0.6144395865382075
0.031052572183993817 -0.6436282748649989
0.0014772963159517534 -0.7494952876859988
-0.12423995150402542 -0.34094688537141243
-0.12387512439262446 -0.2721860477759444
-0.1966293701019988 -0.07776072543305072
-0.20680211439359675 -0.06217770648439479
-0.25102414550624674 0.11112343482619905
-0.2620627536777755 0.13112000684088923
-0.27663505942172717 0.16846458607530265
-0.30934321939941534 0.32595424182884253
-0.19388807703401925 -0.051257155567212304
-0.15493550187883964 -0.16620717732796866
-0.09602500022888445 -0.41354302821083183
-0.07124950836070275 -0.45854705131582885
-0.06627814542764263 -0.5263824252954393
-0.04644401075624162 -0.5959176053734072
-0.005890878678149672 -0.7158348264443736
0.003445625691213212 -0.7623013285167222
0.020154068520263507 -0.7199432062414014
0.014371437254163144 -0.701265119715575
0.04979049102793596 -0.6918362193722095
0.16435607333934207 -0.37852361383404753
0.1577742789392008 -0.3696446059470328
0.18412839511766366 -0.28726531577995046
0.34086324546106245 0.04173822579642494
0.46369591148175093 0.30747947444148016
0.4376042895495813 0.23949136763060616
0.4329947140454007 0.2125778975381055
0.40963915493076175 0.1434895283822454
0.40722551013970965 0.13834762902721381
0.3737182785200557 0.08295004509320958
0.2886434576966423 -0.1280586203552031
0.2063015001932736 -0.31859404005515246
0.0728367178170495 -0.671127346335457
