0.013552701101108771 -0.749587727406959
0.01989309681774249 -0.6970309458977263
0.23483879102305652 -0.04500432288729049
0.25274883886954114 -0.04741342664780783
0.29118487288346345 0.11497848061965689
0.3442637124730156 0.23288127551947663
0.33991787792102657 0.25271461893746655
0.3811678691929231 0.3574364406972385
0.32669479302333476 0.17200985490244977
0.26439598225917904 0.009146979577350377
0.26413772040243916 6.384121891146082e-05
0.25547847066017976 -0.061699698004327126
0.15141075356522693 -0.33821582989344695
0.08869912266039906 -0.5751266765001977
0.0431969316069812 -0.6841704393548775
0.02324740534629219 -0.7533883471142158
0.055263009969034944 -0.6602606493756334
0.061735817664530894 -0.6465515719054679
0.11404294193390463 -0.5098459350741456
0.29102825104710583 0.03584209946118781
0.3140107287365582 0.04117702259348799
0.32746528385834395 0.12894236284628222
0.36978544387132317 0.2300942168287656
0.41413966470489916 0.349998389453505
0.3605533905834394 0.2487031543699046
0.25333875640192943 -0.0586959456980435
0.2420544244161455 -0.07872259237318456
0.09941225183428128 -0.3949072329216418
0.03758507497538927 -0.47581975852851544
0.005852439410021528 -0.5203897819396988
0.013618563056515598 -0.5386286860358657
-0.032466565418878046 -0.6420658031024291
-0.01787362732366812 -0.6075712575056761
0.05134286232006164 -0.48269990066482077
0.08033976512244784 -0.3392881585122066
0.13101759662926316 -0.263808022698566
0.2901232958701611 0.12538646025731046
0.32479233317901984 0.1729209447321921
0.3362496876828044 0.22355305859154867
0.3837900868019253 0.31443074436290874
0.37561377308181665 0.27578678102645543
0.27998315839127763 0.02205272491363045
0.2711810373806582 -0.01833821913156565
0.2508776464811839 -0.07422401701625124
0.24636361990004058 -0.08707273316971686
0.2512386545485648 -0.12140135988539155
0.05797138426013297 -0.6158051276929183
0.016505478563683472 -0.7563438571469583
-0.05446672949694505 -0.5774680173099083
-0.06960288325486912 -0.3626299722482211
-0.08075648280155458 -0.28713036840983147
-0.0990739820650022 -0.23018735545911911
-0.10337919451440072 -0.22355686795085564
-0.15238313728364675 0.09634385677601986
-0.1984120685441598 0.2334274926536553
-0.2358558534267941 0.42954091348575435
-0.21386635779080962 0.362536490840662
-0.19254542215382275 0.18942662300853386
-0.177526526941535 0.15769036102759176
-0.1304250380782951 -0.05192743378206969
-0.0552285906809475 -0.34837419271125075
-0.052500962901275705 -0.46879073657043835
-0.02968681301829638 -0.49160155943460293
0.024618827966033104 -0.7586450748353103
0.11108779563811798 -0.495230652505387
0.1804736514519739 -0.37492965167807935
0.27191434638755607 -0.09611013983229619
0.3095465374474089 -0.04002597366372146
0.2970445690680123 -0.028307374983514495
0.4798235634716795 0.4151914900123631
0.4686627934225512 0.4538132473779162
0.4943556940711759 0.4705561878946274
0.47978111140622626 0.39201914654583914
0.47207331733665736 0.3829080255661447
0.41440967712720606 0.31948495584928743
0.4004803783890832 0.25639610424202147
0.29143987574209473 -0.016841463235910275
0.21332950859792266 -0.19593433479419045
0.14234079806345604 -0.396684704639563
-0.010544652113515265 -0.7589374933508083
0.17021335580130062 -0.32951187627538586
0.20543088310920735 -0.30172834831830136
0.21495970628302616 -0.25484448487590305
0.3055762759086498 -0.02941803833601601
0.32834662303900986 -0.019075576213664288
0.40733610241243645 0.20076639154883044
0.42239513168967135 0.20649712868235412
0.4204348905803851 0.2150757325909648
0.25526355680331014 -0.12316211038201182
0.18895272460823925 -0.24546328157728603
0.17919272153365912 -0.26939299410920636
0.170591514391186 -0.3225597230916283
0.05023790146307661 -0.5298067052373889
0.051648343874083846 -0.5692207521960829
0.017109746205869927 -0.5754380729362518
-0.024676221880154267 -0.6987674152804042
0.04155360247780626 -0.5135436519581813
0.08590768425247772 -0.3751232198251071
0.10854622572983369 -0.3304456854544133
0.11688479315092275 -0.3263786841143817
0.15597476378209782 -0.16060166079587157
0.21636448539697406 -0.06756406050642445
0.29947885951452846 0.23503669380989875
0.34483001079163567 0.3527799635475269
0.34242960296782965 0.33216007628421973
0.34122758727828684 0.33179543640755205
0.24417946144347633 -0.03912954096746465
0.10524790777615213 -0.5176498524011771
0.09383076368217336 -0.5667073302066453
0.09837821050872955 -0.5682748438073696
0.06418041573998245 -0.6767886816792481
0.0507613091915889 -0.7242994638169895
0.10852428731217822 -0.5755905471369315
0.09900721249902329 -0.5689100172655708
0.14181075700463389 -0.46992555426922
0.14955178793159182 -0.4013986623301288
0.17410793595195917 -0.39822884773642764
0.19915586696866536 -0.3186134422567197
0.38738844911914017 0.21404101917382948
0.3983858295865321 0.2539100345743799
0.3520248081227409 0.16431936249054785
0.3362086623016357 0.0921659781772843
0.17840162138331772 -0.3808054578621733
0.13545214507062142 -0.42679670194276265
0.1477990321778291 -0.43616009923662924
0.049575051068268226 -0.6897479437945315
0.031057329183735088 -0.7038766967427565
0.014022439702897236 -0.7922452824389205
0.03362909017390634 -0.647246065698619
0.04778067402952839 -0.6489925761564734
0.06785286151579747 -0.4972571038168893
0.09107916560443324 -0.4240126818944994
0.16153767583060336 -0.13312369881968875
0.2551048136295686 0.24016943390022183
0.23586612600513296 0.2764841588170146
0.25557385403982213 0.2833218374773778
0.18929141230833646 -0.15081036209219598
0.17519060689355553 -0.18840754438751808
0.16057195931883655 -0.21914077356203082
0.16991424120696208 -0.2515493282237681
0.1558019870759332 -0.3542996598840108
0.10941747587828603 -0.5636298457511264
0.08033592964602898 -0.6441760055880784
0.06553446060813804 -0.7936855261116738
0.07292321149827845 -0.783654440383214
0.01912863564062545 -0.6380804195602656
-0.14210118246569559 -0.2655986260492474
-0.16976320334714398 -0.12241873620915605
-0.2633648333564048 0.1550906547304595
-0.3227437722484283 0.3263627929823731
-0.3221941298023208 0.3406785912753571
-0.3567832723515403 0.4321811004539797
-0.3407541485645915 0.4107182442842525
-0.2344396939423368 0.10293639083601155
-0.23745591525709284 0.04594486011191126
-0.22124371931506964 -0.004651258290140986
-0.07727965674275362 -0.3804580737820391
-0.031374631218718384 -0.4588116031578996
0.006915727003259371 -0.6711695781459809
0.04388557406721732 -0.7585184644112548
0.06135915871134838 -0.7172935860249612
0.09030203245021211 -0.6948887731247451
0.06833386735320751 -0.6528922007443654
0.11903295755760122 -0.5222410861768362
0.15243381156978547 -0.4744456870563099
0.2312598443295093 -0.24449802919152408
0.3544855569073096 0.09903983758991035
0.4391666648573885 0.33209526278437684
0.43111553794972346 0.2663794878139724
0.4251214067263117 0.26026736080756063
0.1931742377360453 -0.22520021415413893
0.19053532815594598 -0.2590542090476497
0.07455017209400845 -0.5107157586530978
0.08458206215062572 -0.5211352402481714
-0.008651397344369961 -0.6863492817577053
-0.01716042891740398 -0.7300846865839201
-0.0131551701290973 -0.7063184182134066
-0.08355229857916546 -0.5806301721027022
-0.19877050909667368 -0.20416783744043238
-0.19882841245425112 -0.179777266692616
-0.1998996679613742 -0.1799532016007526
-0.22779085918279424 -0.18144415080572512
-0.3286902796801061 0.17740369460843436
-0.38921254811263717 0.3816987560333194
-0.3490302480847199 0.27932548869866514
-0.3024776760964415 0.1416824945933702
-0.2367388438552235 0.010980172957019679
-0.19211632372751491 -0.09923027990897296
-0.10921368682224457 -0.27681519954006795
-0.07470261918707957 -0.3747046105705382
-0.0956591894066883 -0.40576673754746917
0.033526743103835986 -0.6829175025625511
-0.026541935276371022 -0.5266503800683832
-0.044310916172482624 -0.49832036010111547
-0.0657424791723068 -0.44695833766359894
-0.09855370598468124 -0.36316231415774264
-0.23233955162686898 -0.026199009223722973
-0.30791868226195773 0.11691964272315346
-0.3949853583530934 0.30610474835951673
-0.4003622665731184 0.3401241447724464
-0.37472571564543744 0.3035148703764987
-0.3804112938541369 0.29348771095044446
-0.34933547932157977 0.19936334455129343
-0.2983590819599668 0.015486483034200572
-0.24572278260602298 -0.11235737664747017
-0.16130793873365465 -0.29087172601157174
-0.02281137230568162 -0.6880329152463271
0.00934779255123793 -0.7577650708088325
0.10877143667382284 -0.5063882338368121
0.120353452044936 -0.48054628784064396
0.12932489805823638 -0.4759000330532338
0.1839343195624023 -0.2975916588960602
0.21226385996156938 -0.2819855106202847
0.2700226246427273 -0.1281107274565157
0.33382489735061555 0.04738889819570575
0.4224498070714665 0.2670619843312646
0.3822510049304533 0.15547282187342337
0.3499365038886481 0.08178894720963253
0.3335077132172378 0.02846560504789819
0.30041872556341626 -0.103617970453413
0.25916358503645853 -0.1371977520404901
0.29557981444753867 -0.20487196458264362
0.2472736787571796 -0.25834408030845074
0.06318938539024199 -0.763068802594605
-0.07850334702770063 -0.4697938702756622
-0.11464954642974903 -0.40649987859684034
-0.11159938319955345 -0.3905065460703487
-0.16672020993750677 -0.2805428091831862
-0.18582376742191337 -0.22327251831265457
-0.2193702486289387 -0.1758808850802771
-0.3458549605326251 0.06818584601711686
-0.41609859803090776 0.22905705696652856
-0.38450156936257784 0.19104095494679613
-0.3514480129540168 0.08871490122525846
-0.33544312279353994 0.02697542723220894
-0.26916747728339935 -0.10572111833206294
-0.09238386061476758 -0.5398703568659071
-0.06938848112200445 -0.6059927111314503
-0.002791789347511931 -0.737613123330025
-0.009242583843692196 -0.7414350341147262
-0.0421213743904529 -0.6078035887233799
-0.05443390120296841 -0.5679097222140413
-0.09132701985838414 -0.46713520429952143
-0.19094353127703317 -0.2156065935789333
-0.2578714904602932 0.03226709764285683
-0.3032374241023871 0.1539156624513762
-0.3356532833777684 0.24158807174255922
-0.344123785063136 0.283130721820242
-0.2517305936021173 0.06689597456759466
-0.25329328755458347 0.037198920083319306
-0.1760134081376903 -0.2464226961998193
-0.13123914500462075 -0.359500257496402
-0.11586707558873215 -0.3783799147256248
-0.09367740409165519 -0.3958423439207335
-0.08855984557367418 -0.4415440557875753
-0.008277727576219114 -0.7185376451186081
0.006092809604234379 -0.6758126923650217
0.13034830471465308 -0.45265060710211796
0.14107819722279413 -0.40935603888476785
0.14855937835571786 -0.36412699410299426
0.18033535651889354 -0.2743403076079397
0.3096147760680618 -0.022249182243660827
0.3637149204399746 0.12547226152173163
0.3838805225519021 0.18169174628782062
0.388490635682356 0.16646466637896537
0.2977647450514649 0.040679128533780515
0.27335876802044634 -0.06737394395216989
0.2709473502486052 -0.06877687746870825
0.28126282928790675 -0.08280736644268832
0.11592213470262852 -0.4687643876860878
0.05115836827330515 -0.6056668212610667
0.01769196806257766 -0.7100762484525508
-0.0715052649900425 -0.4942858917135123
-0.123671662594097 -0.41935733784995194
-0.15115955409543616 -0.3628123412138377
-0.20564215732428262 -0.24103341426148417
-0.2180544187725056 -0.20297061890155993
-0.30598257245075533 -0.024310508541110856
-0.33430948810551653 0.04768875855526469
-0.4667768486152003 0.3326963394700295
-0.36622918379835007 0.0827203256714382
-0.3651295077743008 0.07234377463537318
-0.2751533849395792 -0.08292754406055867
-0.2473874989754443 -0.20011754549036995
-0.19819944712823348 -0.2986684916382905
-0.1549370151998472 -0.4330057921044638
-0.11354089561535086 -0.538505822301806
-0.03226458600567961 -0.7618335688176622
-0.035529999373211336 -0.7296253773943879
-0.1041248789846841 -0.5896385415489404
-0.10060404526476827 -0.4936261471389202
-0.22386676427742658 -0.1188775357285039
-0.3452766386295603 0.2669334358851373
-0.3667933764759489 0.36727091519290234
-0.3956205038701843 0.37683324178685573
-0.3787504838763263 0.3863525527300612
-0.3342281064658544 0.2137204094353524
-0.307410377204699 0.14600695107963696
-0.2927607187704337 0.09643591793456822
-0.22083012205701621 -0.0885396942659385
-0.18461401695492444 -0.16899587203661076
-0.09448698140203302 -0.415316820454385
-0.062391854361085644 -0.54475067917235
-0.0012258439139071298 -0.7622843488739993
0.011290746953692608 -0.6389313025421102
0.023001737392113288 -0.5960056766972565
0.04068928063917104 -0.459338514845243
0.02210894932093558 -0.4178680384042262
0.056264677678291145 -0.4141591355038755
0.06593793954476704 -0.32890775673711964
0.12409911200045398 0.05910999537438853
0.17087387729381412 0.3353169094370813
0.1644591102755626 0.33106649432739405
0.16253425174750114 0.29152579155320674
0.16562071992979485 0.2655799865058371
0.1317776000219064 0.09055737461515706
0.07360940167317737 -0.10005096546145606
0.03852317803480817 -0.2515555331511596
0.029699880722917738 -0.271204365280177
-0.06579341837462085 -0.7250221023405939
-0.01774129183748959 -0.6675833551792372
0.006136730016268976 -0.6337478557832782
0.16051686074638896 -0.30843106482196825
0.24683893769897394 -0.17629392781141617
0.2976891332193663 -0.08925365050235295
0.3461543676021588 0.07270826504871802
0.3923581631191248 0.11899565992299557
0.5180476205125492 0.3301429704340459
0.44725037067411566 0.16753185611565904
0.3597576297019032 0.018801241531795375
0.3279366033923517 -0.06049276698399861
0.31604958223442037 -0.09477876031045543
0.27766660677015986 -0.17856535459224943
0.2880907962034225 -0.19838748441207674
0.2163438798073549 -0.3679061949201936
-0.0023349090693540486 -0.777413026393495
-0.04036994002607816 -0.6633327890365566
-0.012974373173987152 -0.6514541332803648
-0.07893781811394657 -0.4903851473851398
-0.1726915379312494 -0.1943789269054079
-0.1654992505469672 -0.17222407093494985
-0.20029604402894405 0.007187372364657652
-0.28387782677539214 0.2785570845141833
-0.3116949147116326 0.39067926053200963
-0.28314801917762805 0.2522907324690121
-0.2650276158611914 0.24735476766514555
-0.2505760149955423 0.2191333054943334
-0.16359463792716242 -0.16414186392017238
-0.10344977089883929 -0.38636242102035817
-0.06190494575108868 -0.5210130538823129
-0.03466776927973356 -0.5376966109775958
-0.020292412634294484 -0.7012271565499569
0.10881055574377568 -0.3820914912596059
0.2045007064784641 -0.13602588119669023
0.24512216553325306 -0.06406184046032362
0.29313015141400217 0.09089177513527653
0.37834532913051355 0.2639414613674245
0.38791766402557964 0.3195252039961995
0.4297972184112189 0.39700494517052015
0.44434103907340594 0.4620808204556734
0.3145572957343951 0.11464711322155804
0.25657602563131515 -0.08872662947824186
0.16474098054221434 -0.3444832791122577
0.14862174463379457 -0.40512805512843403
0.16669658487672342 -0.4126345215034519
0.04959443119157523 -0.6883229810399086
0.023620358291485306 -0.7228273830423048
0.030036145677308567 -0.7331027153438312
0.10602490073154174 -0.3821606256073798
0.1581366409449484 -0.16027820601540518
0.1815290895554696 -0.03684415957423559
0.22271236643976877 0.1815889196453038
0.2343423327944335 0.18526999364267915
0.2818673189560363 0.24281408814534305
0.28818498274844806 0.3948212285781117
0.29112737866882266 0.3978904598882153
0.2554342599923671 0.20199833830684522
0.2385049087730573 0.16964410235917166
0.2166353040583403 0.1009884875977763
0.2188400387150662 0.04076161085691139
0.16847887283305987 -0.08881440240802298
0.0668475418786445 -0.5281713332242182
0.03299144495432074 -0.6560742229240838
-0.015004918764082041 -0.8149371594821867
-0.06154105862666413 -0.6069542396068314
-0.13557428006716865 -0.3513186987313799
-0.15948364097349446 -0.26531749899448354
-0.15094699557220673 -0.2600406370195413
-0.23076482826830907 -0.002505500682521329
-0.3235778591251775 0.3177596431331122
-0.3086650191948637 0.36436649261638043
-0.3420466229857872 0.45245641062941666
-0.3340961208746784 0.4056041693645305
-0.3081278923394605 0.28317709735128777
-0.2926536322245371 0.24534952836154514
-0.2797686024321896 0.22229059194130196
-0.25395671275430187 0.10206189724394549
-0.11431324025839808 -0.5031299152602997
-0.08614776143771366 -0.6352620936096779
-0.046359184182768014 -0.7924734671308257
-0.012744569107375094 -0.6891166873494048
0.09580479248476603 -0.5524076258864333
0.07175278322613861 -0.5211356341261163
0.11845686405659112 -0.49198992533632113
0.18877053436516245 -0.3092867242585548
0.26470968868027855 -0.1286990136632245
0.3860945315799018 0.08702183565318342
0.43855828527287677 0.204815757445993
0.34730725324236666 0.03342187374408088
0.35755849671056894 -0.032852906672905004
0.2917406066238801 -0.10012501087116311
0.3032972114434078 -0.14897104242709872
0.18297953421885357 -0.4570870254038305
0.14387183438795162 -0.5662851766577077
0.07023399938815629 -0.7343101328277594
0.0698142787831663 -0.7377522612723411
0.07394888172068372 -0.6939007282465345
0.0996027909456991 -0.6187142187337322
0.14192578941419204 -0.5454211097507294
0.14968713169720935 -0.5126199864440831
0.2014339410421591 -0.41731209260433677
0.1979332416687276 -0.39959110537533793
0.3557803949424432 0.1338469544499037
0.39501432883229365 0.260181166580845
0.20927356024981758 -0.2952672202497238
0.19147361124026663 -0.33507119503871163
0.18218102596834715 -0.34988719569537996
0.15104343914658186 -0.44528183819555656
0.15236702841645985 -0.47225740149786244
0.07110708306477315 -0.6891956982695804
0.07125761218485 -0.7571418955716483
0.053294916608997496 -0.753247300815063
0.09332720583138274 -0.5713676548336242
0.10626079103695049 -0.5341178859967386
0.15932066958184155 -0.42908231184942264
0.18772786758082682 -0.2828473848301634
0.26505040795400053 -0.06525320421049699
0.3257415317143938 0.10455314739411717
0.34118518497059286 0.14030550676465384
0.4015700707263829 0.3403603326840828
0.32906076244032134 0.12773202949654197
0.29649657524776085 0.06756070274574236
0.21708219970514273 -0.12952868212896915
0.20129684165200756 -0.19210893067425439
0.179532644918474 -0.25547269916369614
0.16153113566702532 -0.30228331281146137
0.14197133855516314 -0.3038972555835416
0.013106459430090584 -0.665162341262006
0.04317954399946916 -0.6316787172524134
0.0701002839369385 -0.5397347923924947
0.08367905908114125 -0.4826949174624003
0.1641832896796644 -0.23423653708396194
0.1742005529415137 -0.18542871625756302
0.19295833118581787 -0.124086242025315
0.29875656973400383 0.20234392501208331
0.3767166578743628 0.3921408137134678
0.20147189840732257 -0.13260053012906137
0.21473958293541806 -0.14079973092942197
0.1768067324419648 -0.1999276285763683
0.11013295822523347 -0.33151248719611603
0.07546664548615052 -0.47842777394868974
0.04982572441440705 -0.5544947074976158
0.06246933218937234 -0.5717331010957744
-0.027964149412089384 -0.7929771527592574
-0.04948890315995311 -0.7068809591785878
-0.11645184561764974 -0.5520647318808334
-0.15281327452172705 -0.426480894146909
-0.1571098626496698 -0.3850594198924213
-0.20388538314832344 -0.2866006218104544
-0.2600736457372843 -0.12946847305147008
-0.36892409505747537 0.2390532159423369
-0.40669196950463427 0.3341894890153583
-0.4044666952818121 0.309312461631728
-0.3687857978929062 0.23621382605970476
-0.3196231324351985 0.09778123510343066
-0.30898921785165245 0.050819060798039495
-0.20173240824035657 -0.19411227297921357
-0.1277112529189313 -0.41749955780136333
-0.05461678382314854 -0.5604003945446661
-0.006032898594609275 -0.7581240075039247
0.024853732364593904 -0.6573102034301651
0.04468678212007177 -0.5669628319477396
0.111717540212404 -0.3448774675851368
0.1414836006464698 -0.24995819106360198
0.15502504256637265 -0.22639276839838673
0.1641844888467834 -0.18522793986941674
0.2658122232424663 0.17641554641128737
0.28897553081369876 0.22225236491541264
0.24212331742034932 0.0758820278984179
0.20977587787495258 -0.01965092416459514
0.19994829950289153 -0.05674519175892694
0.1923622644358297 -0.16182258872000352
0.14750460255338751 -0.30938235865225977
0.0930910209338878 -0.4870181418183941
-0.009360649635413354 -0.7761769507619365
0.0035365889841580474 -0.7843372725443114
-0.09618024312286166 -0.6219404729618644
-0.1275122834289364 -0.5192727590852073
-0.14103274396551052 -0.523661610317091
-0.322182568991603 -0.12143870924835852
-0.4458084203908679 0.11072044574443746
-0.48732613200431113 0.15440293289646717
-0.523075534514874 0.20795348373065903
-0.5436572325900778 0.28356638723431377
-0.487605842759558 0.15680787913649286
-0.29226575386690584 -0.226543161909221
-0.26015900720003093 -0.22945774040359043
-0.2349338569934872 -0.2539443354225824
-0.16669502966243707 -0.40212650181103987
-0.093354672039681 -0.5006742925755796
-0.02430793578588064 -0.6798972804644952
-0.0006053035514540601 -0.7213276864188085
