0.013630684898423723 -0.6851813545907047
0.1475365197325849 -0.3876749414009647
0.1611477605286257 -0.3425482123776649
0.2452304718580002 -0.15210480464646678
0.28189966639434194 -0.03255394608540049
0.4224356141013314 0.28332422749919073
0.4296426451910385 0.329940832649091
0.4273471350003831 0.3370435787373597
0.3146177994421361 0.08044026039141629
0.3062208854168142 0.08157129441060793
0.2976512586531318 0.014917369010522348
0.2549344105650522 -0.09972560069270339
0.10309244163696979 -0.5049251875770996
0.005252464512659073 -0.6789751352912423
-0.00407586723713731 -0.7327597028293539
-0.023263996768462147 -0.7583194226843681
0.035429610246323205 -0.6329331256406683
0.15180802808706115 -0.33095641976007034
0.17188921301908858 -0.286525045868919
0.29764472920420915 0.01198227101623061
0.31093463882207817 0.05097472307949217
0.34981104910658894 0.10460095874449772
0.34238482378282936 0.1396262448240717
0.37882624250988756 0.21731726944805388
0.3647070928271352 0.17205478732382015
0.33470660362673116 0.0733534232857234
0.2844760329062854 0.04984487342687459
0.21104321905994144 -0.1507730631331868
0.17542860158410842 -0.23184244928249254
0.15328684154601238 -0.28433144991831494
0.13769318791976543 -0.3176579446027327
-0.049829501476536524 -0.781290722894974
-0.010821632169598283 -0.6618116588236201
0.05791846341812418 -0.46680097127890857
0.10018235099800031 -0.3658259629152509
0.08494586158258127 -0.35361582814467346
0.15829730321056099 -0.1818226200172196
0.17971882969494518 -0.17820622230302044
0.2320987393948074 -0.0014735171109929908
0.36223401328801574 0.37830788378420616
0.31215872377824827 0.29626366174049656
0.2974134874677786 0.21357805458009643
0.2799101054221263 0.175284863891186
0.2617271521188288 0.09902434317674735
0.24090972272978828 0.1051080785958111
0.15072125950052695 -0.27995415567802534
0.14059142792125817 -0.28610504347633564
-0.019891143399046518 -0.7573842234349049
-0.15473405520277375 -0.46885015001050767
-0.15889716601787962 -0.44927470437058603
-0.2028800082002652 -0.314043928878955
-0.236170764449079 -0.2913172120515397
-0.2411234212579488 -0.24862584043411598
-0.2802771423357243 -0.15925846665073248
-0.3887572522682269 0.061787314433749754
-0.48203852437991046 0.2777186659969645
-0.41316038568696994 0.11971575696999565
-0.2372256632398584 -0.22103990551396183
-0.21786078060365902 -0.23209455883127855
-0.22299833870010763 -0.2915141663977617
-0.030111296111366335 -0.6705775359493695
0.016258307813169445 -0.7345985092564068
0.017882119561027872 -0.7433358251665652
0.034340910083758176 -0.7817679780761616
0.08918205433807473 -0.47294420943756604
0.10401692976004524 -0.4121719048098974
0.10811707938195396 -0.3995322639226467
0.12751801452703884 -0.363288998812463
0.16735701948055182 -0.15453295983885237
0.21349586887219663 0.07186100613613297
0.21109932399490458 0.16910204608232526
0.2669088743397505 0.3867427251930255
0.2182802350635618 0.17855103454298438
0.1955563279743087 0.11466489508036104
0.18004812591690966 -0.012095983539190933
0.1221937223793097 -0.31050759851779475
0.0976749650569487 -0.4490295659874447
0.04528730216066855 -0.6509101012673882
0.010648618759724397 -0.7443720790521641
0.020308031627244524 -0.7870434258790631
0.02837391689459639 -0.7744666027296363
0.163624390201058 -0.27034936824380906
0.21372839713305877 -0.12862260896526703
0.23513953518865585 -0.03279977224407088
0.297731189860134 0.18453784570417384
0.30515139143723596 0.18994326805237685
0.34465060779639073 0.3439498017452202
0.36420279527853683 0.39457213646844724
0.338934031053216 0.32138192106914604
0.33015090897152255 0.2524881149955772
0.27095579601865405 0.07004531882024813
0.21494374678710243 -0.017889465834203675
0.10595127329273116 -0.3142454765935702
0.02158896129193039 -0.5634835629950996
-0.014965775796923406 -0.6749281614615112
-0.03252508342875085 -0.7426499903849226
-0.037170630121067944 -0.7110377108375942
-0.09300061118747663 -0.5144277084653247
-0.14813186704308473 -0.4236053609192057
-0.18960934113768282 -0.25338502785641653
-0.2619963593821604 -0.05538300380993241
-0.299744446875311 -0.022174143160829794
-0.3670737867633414 0.2815979302113513
-0.40836177546648733 0.3372977799492757
-0.3442344457586248 0.19964743157726844
-0.2906814094541587 0.032598963488099555
-0.1926381365905437 -0.21633366398627638
-0.1873243805323651 -0.24237823681039417
-0.15247174561576907 -0.31688618891062886
-0.11657054195620056 -0.40913701048334905
-0.0916921636555106 -0.4399827620259146
0.018082610716085773 -0.6999057381677918
-0.02120582812330104 -0.6178990629966411
-0.06682423513322382 -0.4962415031237253
-0.08774291230113779 -0.49127678249478984
-0.1088037828458977 -0.38258349117506424
-0.23505227922869237 -0.07660008834775743
-0.30132535055063375 0.06585355149054746
-0.40873564385952227 0.23212114465750436
-0.46105318565731485 0.4563926603634677
-0.41476252026074956 0.32911776369149426
-0.2666739382021016 -0.02708994142401333
-0.274428357691832 -0.05984788842307631
-0.2710547711689385 -0.08246437020754722
-0.15610767938639677 -0.30471908368160394
-0.06871475731316548 -0.5653771023117488
-0.0268468163747601 -0.6570872986741273
-0.013742303792452868 -0.7044882084780193
0.00595090082095491 -0.6247471152487039
0.02800603479752153 -0.6179487671088212
0.1607826176081493 -0.24287091948901826
0.21675184408384487 -0.17027747745163252
0.21759136536087603 -0.16550129881338918
0.2281534184221234 -0.12069204579660106
0.32423174754656914 0.1318724868381586
0.3869624597306287 0.2496825866682948
0.39622054771272275 0.21439873205917667
0.35458464769422354 0.16964534479823712
0.33066815217843437 0.1012067701669596
0.18255484409555492 -0.337725908246315
0.08177904920044499 -0.5604111676173187
0.07529128343605665 -0.5590844493502374
0.04410973414312996 -0.6538147336798804
0.004122796792990728 -0.7827671420265573
0.022696435858221654 -0.7027695500071038
0.09061611964751812 -0.6057004679940791
0.16301425306062436 -0.49145510228586214
0.1919641326424437 -0.3394712959383183
0.35660845716337497 0.03785107696736062
0.3799953625327515 0.072047243694487
0.4655023299633411 0.29336130119841203
0.49111753517743206 0.3710127707118462
0.4500208682158415 0.26872762164202335
0.4370787451333514 0.24255949616125833
0.33720306802507866 0.02521849565952476
0.28024297222259803 -0.15413600558383714
0.23601153339513609 -0.23475813968447884
0.06666403049309033 -0.6195804114358847
0.05269713457598089 -0.691550772715746
0.034327929698889176 -0.7383609912291255
0.07809444849793885 -0.6118563633474505
0.13263225089392267 -0.4313697415753552
0.18927983191005038 -0.291965398195436
0.18776826687447287 -0.2780849855333939
0.21426181377638046 -0.20958563335291122
0.2486090129774337 -0.09871544829710771
0.2637398088189378 -0.052485057973957146
0.39388339803819844 0.2975833660401794
0.3830857501884598 0.29360442948071275
0.29218036242781 -0.005148656334864462
0.1671175635643226 -0.2193681935227676
0.13123882857779803 -0.32278732998511467
0.10535007940195192 -0.4186792794004781
0.06506196160976528 -0.5083697727034294
-0.01691192288975918 -0.7130780473298629
-0.04297188145891471 -0.7674251199252299
0.046559584011555896 -0.5507853803778269
0.10780029589674786 -0.42663586164010686
0.12166331768005 -0.33869163422897247
0.20687907685020243 -0.054109915612169227
0.2556702634253664 0.01819589309506
0.27238244958510244 0.09951878246001467
0.3118915687903024 0.1121664304065761
0.3807877458571385 0.3465414078739129
0.33298080130903174 0.18152356634717307
0.2998382157403403 0.08959813655112071
0.3099304439841057 0.08621659440612224
0.2905179728185064 0.0685618686084667
0.22647883157662507 -0.10257644953596379
0.04405676233928528 -0.6378358988251599
0.045941126111116705 -0.6820931906796772
4.3345245544657936e-05 -0.8114545664975903
-0.045842403845374996 -0.6158008383115133
-0.07226164431062251 -0.5997411263631582
-0.1712723890931895 -0.2538084741677001
-0.22129427262886991 -0.1224810443996796
-0.19706815939329128 -0.11310578648415122
-0.20130185653290447 -0.07090893263870804
-0.23046869726508545 -0.048110250095261715
-0.3472461105145258 0.3372252893077806
-0.3218711685519165 0.2405739820712529
-0.2543540617897723 0.004576208383593805
-0.1892031329926893 -0.18846370502388463
-0.16465610217166307 -0.1984913747947457
-0.09942507448185174 -0.4549747381950732
-0.06338116849834659 -0.6118305274089917
-0.05693883312855784 -0.6276906658478792
-0.02683681616304875 -0.7331557505194891
-0.14503705926896523 -0.4471459005544772
-0.14749791751662078 -0.3411725957820918
-0.17638981675265158 -0.33516681926321196
-0.23394455964857666 -0.16736587972438172
-0.32125315899147616 0.05372419677730234
-0.35802386292369265 0.1733793619842363
-0.3901248283807437 0.25578011711207593
-0.3913830822612377 0.2841704587974808
-0.3885510892061423 0.28378516175893825
-0.3769386375136511 0.2785360738694709
-0.17380217406015655 -0.28115811359996734
-0.1379359287581147 -0.41252385573666506
-0.11333580934980643 -0.49541091795965075
-0.07211157556425588 -0.5128602104797712
-0.0035611778319628263 -0.7477912514486337
0.016307083812456585 -0.780958609247498
0.016183929740185624 -0.7448384034439592
-0.03181973670376757 -0.5753552381583467
-0.05216739871536513 -0.5486916391198019
-0.07795441874156454 -0.5261037646970228
-0.11514486578586174 -0.3481663550082083
-0.24226927704014573 0.08178083698091458
-0.2651475173212833 0.18414496145452372
-0.29896398081955794 0.30958215464538796
-0.10876146817311441 -0.25943972950722305
-0.12178282598957751 -0.3333575309013212
-0.07741759203982403 -0.39914411922832227
-0.03694180816561218 -0.5409310761272501
-0.01042522954913564 -0.5741499340141886
-0.018537684656593358 -0.6025111336479464
-0.011677505697249773 -0.6294237275825383
0.01521006751143856 -0.7102289533667678
-0.016203768402081743 -0.6426832211951568
-0.10376164651512666 -0.41123189248014175
-0.13806054307784876 -0.3291823094733586
-0.14245475464941823 -0.2791193606348185
-0.20068074736962602 -0.10569302397895582
-0.29891735208077047 0.1148875350221469
-0.31451161140661066 0.16571600830586358
-0.3540429750971647 0.28212584731431095
-0.319058427309033 0.18272115477569206
-0.2632016312632554 0.040732862620060505
-0.2502784688952618 -0.027733189958221237
-0.25673586604891324 -0.03524373079787438
-0.25846802711557265 -0.04001475816497936
-0.17885686909869264 -0.17427038537241016
-0.1630178830823146 -0.3211962641588327
0.007162816480566456 -0.7749720297428229
0.18583225324390834 -0.2630261987067468
0.22361224140509872 -0.16180994570122795
0.24308470142338082 -0.10309817750121682
0.2704855885016905 -0.040528986018460014
0.29316929356004395 0.019322250483147473
0.30492371794239903 0.06518385138511767
0.331789027423784 0.12957919706301502
0.42377072464145626 0.39617780204435393
0.38207169723722073 0.24341253905230947
0.3248623131565412 0.15608008426456235
0.29973897227367097 0.09881076850466121
0.23892540322554812 -0.08348109402892757
0.08070748079439115 -0.5520892449875333
0.03833673777729296 -0.5957979106463217
0.032006999869622486 -0.632476886431726
-0.012514386116259464 -0.7703941725582765
0.013582759758871335 -0.7326886105819209
0.024729002977219285 -0.6953378784545382
0.11793056733796124 -0.44165461639923936
0.1461435588248026 -0.35451451301565917
0.1292658390613929 -0.3423553049280122
0.2025238164053654 -0.16799319917052372
0.32515388648667487 0.21943992459078634
0.37991331480636925 0.36131446899735964
0.30329547794931994 0.11487085102651984
0.20159952464191408 -0.1392483885847928
0.06635752645252146 -0.48503677769003484
0.03943581889303245 -0.551229347575834
-0.008770308569882458 -0.6395060739037389
2.3342081902402376e-05 -0.6750141930877304
-0.009282917073549756 -0.6770373694148294
-0.03396472737828134 -0.7632405950224154
-0.01709791577127978 -0.7066053762349298
0.12057923291138209 -0.44954061120722383
0.35314101764955996 0.032385438749712725
0.37319604836359926 0.053159721021493925
0.3557892405144696 0.08470013550234903
0.41644449599806316 0.1544640421269537
0.47284444206345844 0.3105292189439539
0.4819980433682901 0.3262066106580804
0.4606733908149988 0.267696045875372
0.34162499149997305 0.02929778373348692
0.24943297523202107 -0.2578450962905125
0.19666689504326637 -0.38605544253722285
0.10717203027438424 -0.5833343183134028
0.08668033228559124 -0.6677237396949508
0.0806577557341598 -0.695296868588624
0.04434901154210539 -0.7656186631327283
0.17183225619363937 -0.48110702963531826
0.22022403181586406 -0.30843068741874075
0.2632196179038581 -0.19639381294486827
0.29233669362046427 -0.12530057626270613
0.3333974088979094 -0.03724870797431579
0.4279631133231088 0.22148384956997788
0.47314080674073483 0.3179989246726873
0.47602954357508886 0.3312371515347396
0.44460894871876067 0.2604632722731295
0.42834179096824526 0.2633934516506978
0.30399317044184704 -0.08670683166972981
0.299093279386526 -0.10339322240364855
0.2730611665081454 -0.16250564637846185
0.09521893632350312 -0.6331432667467333
0.06665001410721882 -0.6984061165283562
0.02582223537854261 -0.758677783916905
0.075823912136232 -0.678068241778
0.1351543569738999 -0.4492586592520113
0.1850355546281133 -0.3208975668208503
0.20786008723294971 -0.29768528392490184
0.1874435739085541 -0.2565481855500524
0.36331069200162686 0.19252723425862361
0.4567077758678116 0.43072112939284474
0.46083823306121857 0.45721929161102215
0.40188354772128226 0.33746569225697054
0.38845452876372316 0.29751753405223214
0.2921887779194293 0.007351333466029371
0.2748134697930416 -0.08772100914371155
0.1842566069874935 -0.3377961120777735
0.17046184748722765 -0.34069228488522846
0.088019190189534 -0.6053231559193676
0.03393756581098382 -0.7569967763054855
0.0729474018412648 -0.7380766541745016
0.1816049628116802 -0.43544154244048583
0.20221966849745274 -0.3754723648138194
0.2542956350371318 -0.3184548626729527
0.2686111912322026 -0.2029733085540259
0.3779149255226569 0.002777629783826695
0.41886153120043074 0.11988554073913986
0.4788026682319168 0.22504765714017344
0.4262755833329531 0.16623209591351884
0.29831698290594855 -0.08560743712722199
0.28277297308284344 -0.11459584739693537
0.284892435993438 -0.13350296775702142
0.23709991257435237 -0.2029639896350588
0.2487138858133798 -0.2100296078794641
0.11213417206832291 -0.4083701080187847
-0.02744077205799741 -0.6919949720177663
0.040451523946332675 -0.5703794595240053
0.09285838900204997 -0.44705471877985037
0.1497393077083679 -0.304091309344155
0.25142571725727775 -0.11935046637432638
0.31855871075610787 -0.0024415879608602883
0.3773116613603032 0.08143237319654872
0.4549769477206364 0.26137863344499535
0.46533727914300077 0.266634277467546
0.443782587011454 0.2640097239952939
0.3989855601856622 0.11394553394675884
0.3811668585614537 0.09732765325116396
0.31381505252010317 -0.04466642197061473
0.18764908431242497 -0.31407252533156094
0.07923720572156667 -0.5629979915157882
0.08472000409353211 -0.5668123810457569
-0.009752528121570786 -0.7531151965109523
0.03463222531403525 -0.7144298366161433
0.015176439885833526 -0.6324926064838456
0.07616558932674172 -0.48248555888968153
0.16843041280958382 -0.25254015508152644
0.226376279072165 -0.11602971416837551
0.22228527064232614 -0.10148707952614125
0.3528903888986933 0.31561351624435374
0.39128746835276584 0.39218183298362824
0.3287586789827943 0.24502464045135472
0.3420976507658673 0.2189283677983533
0.2985769838796752 0.126860407450864
0.18324758584599213 -0.22562754082911685
0.1654303341704545 -0.2372325714574332
0.0621571737234303 -0.5422408229402925
-0.025412472349688787 -0.7035797382326398
-0.01487558257944524 -0.7489170558360703
-0.0077720216962659655 -0.7220964365576477
-0.02117244620327469 -0.6943872163085326
0.0003830629025749989 -0.6959950494020466
0.016520835629244612 -0.6386437295545329
0.06896192149175423 -0.4093161476540942
0.0893733353637953 -0.34917074354453487
0.19516597275949468 0.02567813832617542
0.30684907512027537 0.3869916293144022
0.25190409559119387 0.21601332840781692
0.21060496580335555 0.0005213827676502896
0.1773078128671668 -0.08115658402537886
0.14523733945670175 -0.25601242195486584
0.12700662932752874 -0.30635298882791134
0.10574553439724471 -0.3250034167215314
0.02159487104156222 -0.610622834960509
0.002587226198501079 -0.7647948027173517
0.08300961754561505 -0.4854302526505572
0.16127913138750635 -0.25988680433074296
0.18447837770210657 -0.2524260126734674
0.19701441585485666 -0.18250626635333295
0.28654654553293574 0.10670666391050172
0.29174815505355284 0.1482629177896082
0.2833514357297183 0.18923464336077317
0.35488731612560365 0.32358466147058396
0.3255963849930085 0.2555695804322557
0.32979592083612236 0.24709912031965434
0.317733927007778 0.24010944267988585
0.22040222965827738 -0.05909194892385611
0.13788447419113606 -0.25107492173195456
0.01211868674248586 -0.5953544784927998
-0.018928793754011113 -0.6357613409598196
-0.031675503847514684 -0.6903813165364007
-0.07670679947719553 -0.6166981603227798
-0.07530399511146567 -0.5995173225334145
-0.11415907815758941 -0.49841394138404976
-0.16291836066410187 -0.4098072446470391
-0.21848481159475142 -0.3306666254322872
-0.23857284224671205 -0.2968092791879052
-0.3804434446554388 0.03128709912722072
-0.4897040059881147 0.21992152481087537
-0.4344351912471713 0.09872006916149427
-0.34489221390597835 -0.05736002864164592
-0.2936705128837766 -0.19747092355217474
-0.19868455564070653 -0.40408274606672007
-0.17907974711051855 -0.4582456349210138
-0.16134650538736645 -0.4710246862413441
-0.09849437598739136 -0.5662778157845403
-0.01613482005783046 -0.7558107460675626
-0.04258891073794707 -0.7010844683129003
-0.10516263273880186 -0.4786767652514751
-0.1444857716577176 -0.3275898051310644
-0.26832255301484537 0.00398485923611926
-0.28565236411484635 0.03760446846166609
-0.3329086106814097 0.22060596121084888
-0.3731054387801082 0.3494727920793213
-0.38702181258017365 0.37684252913601324
-0.361805907117395 0.252662287870953
-0.3487154420666579 0.2412658476149693
-0.28671314229272954 0.07811540032702657
-0.13624791182876103 -0.380786174630759
-0.11442750540210617 -0.40510123903652034
-0.07832706423381602 -0.47747092607663033
-0.015568390489012545 -0.6706782041035766
0.008435843284744404 -0.7547265738509397
0.02980826808085142 -0.6288361681808905
0.11112260599175988 -0.46236535269246887
0.12613916230139638 -0.3734149903048772
0.1525180843014407 -0.3560406348969147
0.13162312917895785 -0.33342064234391394
0.19411289642242008 -0.21449717550468728
0.19032688080410062 -0.1258710920711828
0.3573042829127798 0.3452039933006268
0.32183134747889375 0.24429448645195903
0.2178803492936989 -0.07138463248947342
0.2059188777399945 -0.07632195104262078
0.22140144089662706 -0.12066171079754767
0.2081386112486639 -0.1436034805013327
0.09669111889013102 -0.4970632177358553
0.013455386873069141 -0.7074217639040612
0.016303328320357354 -0.7819060714580244
0.05829743804044786 -0.6777359370702595
0.11590495159762536 -0.4609421491792524
0.2575112961197661 -0.02001389620626812
0.285901886483482 0.10395168949321781
0.32104926241103665 0.17332687713130687
0.3173148893129399 0.1999858372985242
0.34450570760954974 0.2440080291666475
0.3556108613399006 0.2874747239990884
0.3226815682970568 0.1926330472337126
0.2520456424978853 0.01812986996013715
0.23284404012167145 -0.04616640418778252
0.15664190824750024 -0.24807372945347592
0.1441020770411458 -0.35508605081265837
0.10588946987598256 -0.388048088630225
0.10510396383037465 -0.42538430172469
-0.03732354690244075 -0.7847284980690805
0.11263892477361774 -0.40700847861039063
0.13772225013784353 -0.38701100178322734
0.23038724201770008 -0.12200359852985045
0.26036679262275336 -0.08969468156711385
0.2716316350361711 -0.04923358761277398
0.3126077836506408 0.019909586479300013
0.3682511752106791 0.1794088158772519
0.4114591532405005 0.2903503041349996
0.2934493000118491 -0.03584226625496866
0.27325854337945843 -0.08784192531766662
0.22053934704494974 -0.19919277713015343
0.11979958890610183 -0.4239138256706692
0.10155314789317273 -0.5106216493367168
0.07596589252434617 -0.5642425438075169
0.07588030255211484 -0.6127741724881826
0.0006380150114806101 -0.779722867898146
0.0288827425432865 -0.7033962011871522
0.11917239040351729 -0.45833098701069663
0.2645066982976042 -0.0458480829057585
0.2908349319026375 -0.0071845302549449425
0.3618169859282773 0.25852743624133856
0.37273761988722115 0.2719618861469424
0.3956072741152205 0.28590987964978387
0.3892055948012867 0.32410579072985946
0.3308523733938997 0.16981735467544165
0.2961978077590989 0.0882321865906038
0.2191592566935341 -0.11984379768141586
0.10095218653937635 -0.40714107923792037
0.049953898647529665 -0.4960782827880134
0.046291631487069815 -0.5136492262946427
0.04443397902644543 -0.517274830519516
-0.04107142019481944 -0.7430767250132596
