0.019139947010895796 -0.6595690109745296
0.042384161988697336 -0.6631657953451011
0.03018532073618742 -0.6534980440529271
0.0930782960326287 -0.4278895785611855
0.1696415534811051 -0.15526262907507335
0.2045611119729182 -0.0045044304580663524
0.2802740420329356 0.27764587704054644
0.2929638821592703 0.3125985255007634
0.26684228440840185 0.19067425608105867
0.1942545308183935 -0.11167757102548179
0.11450361156623386 -0.233971961591662
0.12568633538861362 -0.3048393211459731
0.00602594715770104 -0.554103803281744
0.02391494025657613 -0.6254012109076894
-0.008179108649257177 -0.7266459986904275
-0.024151014518283498 -0.7726712063747673
-0.042664533207161376 -0.6777758490373742
-0.12505716399591005 -0.3814257927290917
-0.17776892976907696 -0.30669069841301366
-0.16516353878756734 -0.2733649128257562
-0.2833079556691566 0.057744503716336756
-0.2976357363585858 0.15275004455434996
-0.3272741040004057 0.2669503599384603
-0.370001064722219 0.376908877083557
-0.37719422344525305 0.35184758350296197
-0.3671929464455407 0.3253880559329871
-0.35357317947738104 0.26684297153496767
-0.27352907114793856 0.05271423529019548
-0.19168460195469847 -0.09409994427610163
-0.1292023267935789 -0.405403647731882
-0.02363237200229648 -0.6682139131609058
0.00788830126203379 -0.7533807940851516
0.061355780995084236 -0.602762766569851
0.11027413769411924 -0.4412984191180862
0.1827658475227739 -0.12289371900176012
0.2390418224739996 -0.01211428812668803
0.23782540858799206 0.02822013856822133
0.27350215368685554 0.11183234495382288
0.30279085553604085 0.28490244002217513
0.3411198281089329 0.41359318887804586
0.23055905975574253 -0.021646946213159424
0.1795674775270402 -0.17868609854972375
0.16355187686880585 -0.2138390313495438
0.14387602468321553 -0.31006998156010085
0.09157715377756918 -0.5023548016765369
0.0965743675636386 -0.5338753656626228
0.061894898812049105 -0.58348016355171
0.02565697138034055 -0.7913745580950222
-0.07520452188684833 -0.45954196519682844
-0.08727480297470705 -0.4034381776037845
-0.09468377095568029 -0.33707895716301534
-0.11636137118319287 -0.28758898330100646
-0.13751884491568617 -0.22633957025434168
-0.13908117768159234 -0.1844106300992028
-0.16578287601175223 -0.10163620474556241
-0.3017934519708285 0.37403887081905657
-0.2823413543655753 0.2983137773865003
-0.26906250639249435 0.22277833705096994
-0.09816478850382769 -0.33034865176959727
-0.11392372263681855 -0.34377399348808124
-0.10275305049528256 -0.37957739827899184
-0.03744983151188031 -0.5533518372549763
-0.008324425934010175 -0.6684092121553418
-0.005091893952624954 -0.6909180634728492
-0.0007814032192232092 -0.6753394044260537
0.0769575460525887 -0.49293571311357126
0.14877134154619318 -0.27234190344624887
0.1935585917354033 -0.145790765860199
0.21071245893520296 -0.06747530287548151
0.23973449081278667 -0.07423018192171536
0.2578379336867198 0.015052839543917867
0.3991941262192364 0.37348984835171867
0.39686877475952764 0.36269034572920184
0.2762229734852689 -0.021906514033700482
0.23719801427639178 -0.0903555666493972
0.2088827308483073 -0.19341986264933014
0.2173110710932454 -0.2022806660433329
0.19750862217049242 -0.20632279193024938
0.06568745607748565 -0.6148074890434618
0.012077509333989406 -0.767104951007567
0.06587869970159449 -0.679909210403501
0.08595244347191866 -0.6078638389961947
0.07695845308653229 -0.5863393393504356
0.13464654636052106 -0.4077183949456327
0.15128955752799805 -0.37379115721225603
0.3128016538337337 0.013920912022407377
0.3718825192180661 0.20904398222249146
0.39178986361079254 0.2521619772496061
0.31907961697517107 0.10494336015575738
0.19075877574425562 -0.19202922409369874
0.08537908934445668 -0.4226171125020327
0.07161293293065961 -0.481141733291018
0.007914359385930415 -0.6076753551231114
-0.02684226111243178 -0.6599497179775368
-0.0485679710647529 -0.7202006134524701
-0.05115069049475 -0.7408333988870582
0.013916940234653181 -0.5763712174564352
0.09487729662294607 -0.4154730966646557
0.11478997380403654 -0.38442703943336204
0.13191662615259406 -0.3595036713524812
0.2706361930667911 -0.035915972898800434
0.3612579146496204 0.14213999217150217
0.3775209379961133 0.17070627603073138
0.4569869890823048 0.35848678241252385
0.35087234104139414 0.14217610026873637
0.29880973403963856 -0.0154887886337807
0.22644850668631067 -0.23829715935531093
0.1386706681643224 -0.4329993274692778
0.026589039788834777 -0.716514659844563
-0.01067425678637559 -0.7386303996174176
-0.012589482702896643 -0.7590816573764892
-0.01527469920386212 -0.7766549666160824
-0.05849288161024083 -0.6413202779259133
-0.06253707203050309 -0.5808060349271459
-0.13416121917337798 -0.3672581268331165
-0.23679057271697238 -0.0184905253142998
-0.291280192993142 0.15087059921783189
-0.3271715830329025 0.24495955751186152
-0.37404898767583394 0.4009427009193807
-0.3676977833945262 0.418503021554456
-0.24928495605494197 0.07579845865394455
-0.2068465092083195 -0.046435151903280555
-0.199072279646092 -0.11432676980367848
-0.13114237325840555 -0.22624012914685335
-0.14307905802469945 -0.25910115586359916
-0.041152016382999465 -0.5718313115030106
-0.007168811088588009 -0.6819512784832258
0.034514459576193375 -0.7704194632677265
-0.022237255294709293 -0.627093657128564
-0.03261326360642274 -0.6242524207125261
-0.04926111743526641 -0.5213878547773059
-0.09343014168346539 -0.44927162966832185
-0.12565150839390118 -0.3986505444557517
-0.3289460501561873 0.05948005989489903
-0.321283105954393 0.07131311387435624
-0.39414744534549156 0.22317748276794136
-0.18407950906746212 -0.21639506286314125
-0.14944030109916034 -0.2831458307429943
-0.16080070812325378 -0.29982863179505276
-0.12363647270427662 -0.36786510779685927
-0.0846358996787001 -0.441895491167441
0.03606707003428344 -0.6938464694523012
0.05814129191931339 -0.7305560431796357
0.05698118676220806 -0.7526488802667473
0.1199498330060846 -0.4838854397880574
0.1316544359860634 -0.3900012525942781
0.1187296904153763 -0.37038653473146343
0.15607782940347384 -0.3031194631148013
0.2314909965680535 0.019287797992626234
0.2348694325964368 0.15048665714728363
0.3059392435569325 0.453269273290772
0.32467543517869696 0.519899703596929
0.2839935963912315 0.38878383616899387
0.19168890608770445 -0.03852408091535403
0.1520275441757441 -0.1954916058386773
0.12276546532268534 -0.29678520687606325
0.08251742119776978 -0.47541897544245143
0.05897451041397249 -0.6221583413079409
0.048638352789174374 -0.714682492131663
0.014382666874567284 -0.7594860110474286
0.1385897483448632 -0.5104169272361729
0.16028447224766398 -0.46371291146091204
0.14887654125248567 -0.4354075111245097
0.21319036024439167 -0.350833283431902
0.21789047915472914 -0.3208885557931311
0.32004761604469883 -0.08268667136003793
0.43292610289853056 0.1798923682170079
0.5520346048907714 0.388184148363878
0.42413387543933984 0.12935346031481207
0.29708978459417 -0.1543424791179961
0.2541665690748998 -0.23045693650707494
0.20859861556896664 -0.31556147444623367
0.1856038747871017 -0.4148196052144588
0.12830137748271747 -0.4437311277941349
0.05426747808897547 -0.638751117746802
-0.012173384125205295 -0.7425872885421533
-0.012210093739605687 -0.7281196913967892
-0.10572215760415954 -0.3538280069351456
-0.10561083322713455 -0.2758181991231001
-0.12374208710613922 -0.2717294705620013
-0.17602384520330533 -0.028410540575330455
-0.21928870155843735 0.15210738789344264
-0.2325170073886861 0.2643667820421105
-0.2801597021098997 0.4331161228464205
-0.26447911832736737 0.36270242490079324
-0.1289874860915192 -0.22708028535253763
-0.09838432879901009 -0.3806707285887657
-0.07782509168055059 -0.4886890844993705
-0.06415696242236701 -0.5184064227298831
-0.06021360783069345 -0.5963602390891455
-0.04904975679575342 -0.6142707163558208
0.0038804882163340987 -0.8134223606907567
0.0060276736543367435 -0.7885461142937443
0.07814039196636016 -0.6614841432093687
0.1729823851504918 -0.4376510952136722
0.4359870714881853 0.08084176970261128
0.4414156684768908 0.13576102882979374
0.4591286154138847 0.13054578624633217
0.46498554267718034 0.15357622276993946
0.49007605546192967 0.21562904136374036
0.4823617019633031 0.17731172522471614
0.36761639231876214 -0.019824858268254437
0.2788329994587103 -0.21306146801245854
0.24260583102931366 -0.292633679912077
0.1842094204218037 -0.41065608408857324
0.11922823094922129 -0.5210364078645803
0.004880425819570888 -0.7607815342787028
-0.0035083124696183624 -0.7630774497033257
0.05269496954189826 -0.6409131998249341
0.22431991042956642 -0.2594061324617069
0.2278226953768786 -0.18116945501853887
0.2618871415044695 -0.11725463147516133
0.344854049586894 0.04528315815546885
0.3843284059310716 0.10908722764817118
0.42751248145699705 0.2194370409904906
0.4187778260999112 0.2299789205606133
0.3318715626537778 0.030098517922475372
0.27635596718265765 -0.1265582499925931
0.278503169530318 -0.1707317975057496
0.19157599131553132 -0.37590508116194593
0.14037823803456667 -0.45467493984310753
0.13381660392884262 -0.5018157290941017
0.07023267036564242 -0.6848699909227983
0.03392449563624927 -0.7522946322018478
0.04768196845339119 -0.7270396971963519
0.06534661879546098 -0.6906780024657208
0.09208069993172857 -0.6348242845244599
0.12995761027622338 -0.48232944229745794
0.2367476821129518 -0.20735565707397535
0.24515759684876035 -0.17660705925341855
0.3455674019104628 0.047709331293130805
0.37544090894781923 0.1504269682294039
0.3669352868025615 0.11241337681799043
0.294303156770733 0.02123650915615055
0.22167344053054108 -0.19288149305782262
0.13608414778858904 -0.3800920608253078
0.11027984487632199 -0.4726833536544303
0.061640685291441275 -0.5576088037765013
0.02222873128635232 -0.657758480829661
-0.02700787927759014 -0.7514519061198689
-0.0736869957454362 -0.6532497712241355
-0.057202543223735774 -0.6453875849386514
-0.064288944581379 -0.6294870071447622
-0.1277497722819564 -0.5034239883365436
-0.2126955219789916 -0.24998630689748647
-0.19745887198058473 -0.23518413376897496
-0.3196011854519903 0.16160212569484014
-0.38245686898406556 0.2846801222489149
-0.33996545827356117 0.1445227726858371
-0.3337497640505565 0.12878118991640713
-0.3020627510947442 0.05442599821846206
-0.19342495668997972 -0.24179369746029664
-0.11734633485622985 -0.4719697494670734
-0.07844558622166475 -0.5496611128210708
-0.07932553515725363 -0.5587696837786545
-0.026174410505212582 -0.7353998526508374
-0.08511237601938111 -0.5107436654374593
-0.1862885756274294 -0.1938307962185182
-0.24143600023711126 -0.10207888997595213
-0.29864360350933516 0.0627070533171457
-0.29687249946896627 0.07595037834480824
-0.30798560642253753 0.10997909486185786
-0.30658108399442924 0.15307808239015722
-0.3821507976891341 0.343149700474942
-0.2563942019397236 0.04407093341484403
-0.21848723643321058 -0.0566059183806557
-0.22281832772519317 -0.09515948491686327
-0.1684614937929492 -0.20770599129015377
-0.12399961102451557 -0.30955407719769723
0.03091716771078903 -0.6917982331676873
0.010767033695264772 -0.7264000746605869
0.02293751583728453 -0.7329552752116448
-0.025478742947225422 -0.6388207888220503
-0.07013065585561559 -0.564964388294854
-0.10620390968363541 -0.4396969943158663
-0.348960248066458 0.0718491860403368
-0.36097153006955474 0.12724925404790566
-0.44069466110097877 0.2667468104045992
-0.4672855813408793 0.3158595269015427
-0.4821845821372389 0.3616378334365667
-0.41843428599635735 0.21276004964692855
-0.17593102290894896 -0.3745421107142689
-0.14276090177128714 -0.45152265455674506
-0.1416071407981546 -0.45623242867201497
-0.12246554833512185 -0.4982937310022325
-0.10243788295230996 -0.5706676190962129
-0.09005745504831453 -0.598259369905868
-0.009442829033420702 -0.7780473630465852
-0.06642944273908935 -0.6613907142994965
-0.07215195706403882 -0.651325160652827
-0.254467419262375 -0.1650074845811274
-0.28139509033805377 -0.08198985189432631
-0.3071860515847909 0.0477367499475734
-0.40173416875231366 0.24609906796403994
-0.42942634111185396 0.2636430435279481
-0.42755424087010063 0.2982448297559458
-0.4223172639617039 0.2546729990792079
-0.39327382331424837 0.18287790732358256
-0.2905778053267333 -0.09092233037311603
-0.2628067743705161 -0.17941080166250373
-0.20989173017584412 -0.2596440656243373
-0.08044956552755028 -0.6499559992628008
-0.030991099410412518 -0.7834759555029623
-0.02796839928513656 -0.7991100416958751
-0.03518429834579179 -0.7895704376440157
-0.07197852391877421 -0.685070720312769
-0.093083335880846 -0.5690106057029228
-0.16465259881400085 -0.3412785774162141
-0.2596285664306472 -0.02637319220224804
-0.2802146446660677 0.11937045143467369
-0.28885264407832817 0.16352100245416568
-0.35947110996522336 0.3615621962227437
-0.28620866540744155 0.1762925479865583
-0.2268865015521105 0.001737696042495211
-0.20434947183617563 -0.035326065426391336
-0.15119341384626403 -0.16595081012907867
-0.11657804692409603 -0.2856205959754017
-0.095488313283057 -0.3727059170981925
-0.025704443250654473 -0.4977255831892053
0.06612163547719803 -0.7591317318013207
0.10320021661501748 -0.6150752488475583
0.16997375925362498 -0.49730443059154805
0.18105771616271352 -0.363788825591674
0.20240083975589482 -0.3390078408151581
0.2472424416334436 -0.19889760484329808
0.3548140864103412 0.097224666179161
0.36202075031801584 0.16016310738417122
0.41351248583469324 0.3094463064559513
0.17465041741913154 -0.3218125831100707
0.15316716890989324 -0.3625536404398609
0.12890956569248435 -0.3742309352211043
0.11361175104871385 -0.47915569399395264
0.09637405740191717 -0.48543979759793293
0.10081438426538764 -0.49824847205785644
0.07993320676323162 -0.5739659996368157
0.022576790273914456 -0.7002700559204409
-0.0019935661362634333 -0.6354706979060625
-0.005510745490523642 -0.5706497480387936
-0.03202549487883063 -0.536994375740172
-0.08537649070563237 -0.3701300521799976
-0.08327940913145516 -0.3454130447133242
-0.2323258627006803 0.12053536841715762
-0.26295571369949583 0.2940596895908547
-0.283314851997528 0.34352602660157794
-0.24794062889624763 0.28522274184214624
-0.2154612863279609 0.14593193003002847
-0.20136737369424965 0.1050013440574232
-0.18370004483480523 0.03380826354791388
-0.11022409737669758 -0.23070948852885803
-0.11823675227192088 -0.2523965061165389
-0.014536007935912231 -0.5941504811038393
0.011246154248660491 -0.6695160476635529
0.03426883806823439 -0.614948878566577
0.0342856214925968 -0.6113528684077016
0.04148128959975387 -0.6102928098259135
0.1208871168805301 -0.3507703273545391
0.15539852841844895 -0.29277426558397424
0.265026361371004 0.05413266347418034
0.2950365104997826 0.06361114756488517
0.3539625724818471 0.26460748484542235
0.3374933495770329 0.2466775294227161
0.27890283660856824 0.01819154337704045
0.27179916959330014 -0.04202639084472629
0.19329128452431635 -0.26148986197349267
0.18270450289359833 -0.3347157457524253
0.17515027380997988 -0.3333887808997826
0.10287108128545984 -0.5780596206195622
0.04383247663154103 -0.7570048727453245
-0.18741233141473165 -0.29136448374389473
-0.284010105736972 -0.15815618176684282
-0.33787296999949484 -0.025979782968284713
-0.3402879766748498 -0.004271009119807012
-0.3627452975498533 0.02270566512470458
-0.5204095241755018 0.3189114459356993
-0.5354116820434314 0.32655333764204325
-0.5359805492065164 0.34988420704981243
-0.5368028528403708 0.34864534470894687
-0.5117057395771474 0.2971092908895059
-0.4393341424010012 0.15112959271173426
-0.3640562129794807 0.0071154157526795315
-0.3247544738668015 -0.07522433865143949
-0.24782819599122247 -0.21385389347353065
-0.07069866648832857 -0.5679051973454733
-0.0006194530691176424 -0.7183984006034981
0.02353105422889598 -0.6533642719415373
0.11367909872976809 -0.4080157239637293
0.11348279481816731 -0.35307020688771035
0.19464857262128138 -0.21426001362819672
0.21908801424229205 -0.11076345354786729
0.2598745778094405 0.0020355648050434764
0.27982824699922537 0.06107119407761099
0.3864622046697919 0.3167292698270147
0.37765913100514803 0.2877696284454324
0.3117041997671626 0.1083318402291141
0.14525840852941954 -0.30408989603688313
0.12436276350113601 -0.41272783527465856
0.05211909455568643 -0.5539586097792839
0.05750659100740556 -0.5576259607404921
0.07432373525533265 -0.5686709041438245
-0.006193588216764788 -0.728200398783176
-0.11849611344896152 -0.3693255887485324
-0.11010794019293454 -0.35536887029807973
-0.2009641477843245 -0.2269867632119899
-0.19014629231745692 -0.17888666156865393
-0.26911812358114984 0.06320652415868862
-0.3183709790083209 0.1883892952528541
-0.32291337437767037 0.19547830580149997
-0.35521543259400473 0.30949440595323285
-0.2004510865987021 -0.16682988077575878
-0.19903138780926816 -0.16960153786047308
-0.15949239815966593 -0.1963437052862667
-0.133747712894711 -0.31414943053434363
-0.12677934339253896 -0.38459692976670423
-0.0721925264854497 -0.5131615528787121
-0.025518962574091343 -0.6935385174863916
-0.014185028735299162 -0.7050352904766155
-0.016583929105552633 -0.6668865719911841
0.03203183095994086 -0.6199158591748131
0.022200436587773667 -0.6158868819350776
0.03469042683005464 -0.5735394649280131
0.16051633504672663 -0.22463820869270668
0.24643630613737688 0.021083646227665016
0.30467173441739465 0.1950604597541349
0.33282360077847734 0.2742273820936694
0.19736558563008008 -0.16456559764346154
0.14202631235945537 -0.3505173571990177
0.13053307375572878 -0.3485105393888746
0.12477045367070617 -0.387160231049685
0.10626656481241956 -0.44607596300834684
0.0713598284233685 -0.5397496688934889
0.02336152586675829 -0.6792283397396227
0.002988742765475769 -0.7830949297815116
-0.023264022745433356 -0.7492225946485153
-0.06281217682207658 -0.5734338676284486
-0.20542616960050436 -0.24863566949164967
-0.21912562556540482 -0.15212892153584104
-0.2555199337811705 -0.07099676769841973
-0.3293463356081328 0.1797164962857488
-0.3421994655831475 0.20701946621335238
-0.430608674318152 0.4303607875571205
-0.4324062880021748 0.4171226994924666
-0.40120058764217686 0.3694918084366678
-0.4207043169717817 0.36060677770897837
-0.3652955171812037 0.25425153372950793
-0.2764943820837718 0.000124331992114711
-0.22210023114125038 -0.1181759829972178
-0.09831280483201996 -0.5314009861529458
-0.03251994259738826 -0.725176913352061
0.05846319589870494 -0.5736635347033954
0.10322994496785852 -0.3903914442056237
0.10452552814868551 -0.3650237811930422
0.16750538642054874 -0.24021220689415718
0.26787018811610436 0.0462385417881566
0.3005285665595703 0.1008383103008666
0.30397038086109357 0.14601262684560387
0.3811328176045527 0.30729093760791765
0.30022275432528417 0.04546153127809956
0.2939832604871116 0.01887594036848874
0.2536411059245032 -0.12701664858873757
0.2462902046280502 -0.14414511609697528
0.06703547470910756 -0.6165836158595519
0.07443180791053983 -0.622743009952306
0.06488605575259004 -0.6474405578451735
0.02333360500435843 -0.7677131960454857
0.06272241374617715 -0.6964234365193596
0.21018332127659722 -0.2646497295174348
0.24513844349960254 -0.15203844256984894
0.2648797523628785 -0.10685972202999222
0.34206930683013936 -0.0042136339931686355
0.3111937559082638 0.017425413378737455
0.36496110679954297 0.17080322826616678
0.42927108852411094 0.29915351195935574
0.26098356823609126 -0.06582629252964278
0.2383461629760768 -0.20641202010512621
0.20688146907031973 -0.2104205631069135
0.14524936879444425 -0.3990073545660844
0.1194357880042263 -0.47811429004147304
0.09380450092469052 -0.4922446612302447
0.06445739067136314 -0.5494476735439768
-0.006398629127561374 -0.7360468607317956
-0.04389307631063624 -0.6551210598172735
-0.1759271946583464 -0.34616624847610034
-0.29406587220425195 -0.024067986739826536
-0.2932130116604849 0.0007869296962389998
-0.29395652448455467 0.0008080721970495626
-0.2936805171131865 0.015612253700171186
-0.399754023729857 0.2679347369739294
-0.40834849961685593 0.29191883791908346
-0.4140108973193281 0.28638230400720993
-0.3572869757938444 0.13086634001858635
-0.25857459114307524 -0.09328205774429696
-0.2400256381117938 -0.15186499255347083
-0.1815366451018562 -0.32158321761675634
-0.09293517338091903 -0.5665063455787276
-0.09341643639304564 -0.5845570424730256
-0.007225538577212578 -0.7896817874954847
-0.011893888287320927 -0.7636744024249158
-0.05923518951927866 -0.5848968378375672
-0.16298625249102575 -0.23808042892182724
-0.20058473256504114 -0.12271700142122004
-0.2190288789597095 -0.055511146723326896
-0.1994594566413685 -0.034675605394823554
-0.3042113582177891 0.3206643421768613
-0.3127718866486795 0.34548716007127844
-0.28656709218680093 0.3190920300725698
-0.28233212437755745 0.2501963985897332
-0.26537038981855576 0.19174794989117905
-0.19406680839063722 -0.11410129828562549
-0.12748756306624764 -0.3660800702505124
-0.08598817134446228 -0.44011144243801137
0.002576105680382138 -0.7385198928454194
-0.005771005112450455 -0.7726271776111115
