0.036860839160232056 -0.640622516379125
0.04659463859793515 -0.6208191671336417
0.07559080891504712 -0.4991410339578492
0.08591266336081535 -0.4739767193749894
0.09229594730535848 -0.4488776454731784
0.12033468284520597 -0.31256005053502667
0.18358069541453123 -0.026916648212828714
0.347596488203231 0.45647412445356794
0.2798299733234417 0.18555464701070581
0.2604112331670918 0.1445775177803141
0.2307175732224431 0.04805164137872774
0.1388024071699059 -0.2714766537926816
0.14597097469894185 -0.2958570895320893
0.12417408124367882 -0.3203247333062205
0.08386943562270696 -0.5123248041276306
0.0030190746959014017 -0.7886189742050557
0.0008331065602484918 -0.7381375174941853
-0.05137563592545932 -0.5286711049015147
-0.14548142985938992 -0.20763487435247813
-0.16547962922316367 -0.17962513629961466
-0.19831803008188492 -0.08044051457412894
-0.23035039159258897 0.002762642034124177
-0.23236014618070525 0.0362645627527743
-0.3456420574385204 0.43972130062361225
-0.34440260347916085 0.3994003379657704
-0.3340615604819836 0.400648365605829
-0.3223150774615567 0.3182019089827396
-0.23722184109190186 0.0784427604297885
-0.23125090238730164 0.03025299134151715
-0.09934420539540811 -0.4132153780430392
-0.07680781237807473 -0.5234766994717462
0.0007408212887483676 -0.781089929830202
0.03313556155495723 -0.6885635899550459
0.10610411665784282 -0.5071310020092721
0.1585861154889397 -0.4493473001865117
0.15342006857047055 -0.3621840360693021
0.23720959451931506 -0.22510004744425194
0.2956795042186281 -0.053482790103245775
0.35163270557857484 0.08624122041568004
0.4238890974555783 0.28036084718955345
0.35716193924066086 0.09533040812974389
0.30801271590200174 -0.00563035603692303
0.23432687062581298 -0.18008286886325933
0.16321361291897984 -0.3345157471270283
0.1088353572342458 -0.5019501565281936
0.11034387163812798 -0.5194309516345673
0.02744580677633246 -0.6916861863019358
-0.006150579704143907 -0.7566214850879076
-0.04190031119198636 -0.7066657016074643
-0.0456225337902204 -0.6388719030792012
-0.22182626885554005 -0.21163210932353474
-0.2310852882057351 -0.1998816498459285
-0.35433117558257704 0.11846138737213502
-0.3552507984034847 0.12591119543499443
-0.4299983072801435 0.36103172866436645
-0.43820200959066646 0.3656109053462941
-0.4077410097091602 0.24582032063639783
-0.37394995205076115 0.22695311153943562
-0.35179897571673524 0.11050115235116072
-0.3239278697823847 0.08127672420032703
-0.2783438523347541 -0.08549332259079917
-0.19403187977693098 -0.31600022282702894
-0.1174648710803774 -0.5244443827613104
-0.03290572058390448 -0.7779186582556048
-0.0066239156896629745 -0.6852613683260845
0.004182844153175859 -0.6865952707846583
0.18261289443377482 -0.25269793966161574
0.16697900592560488 -0.21565557977277533
0.22257368093226168 -0.14545335246461566
0.3530642456982198 0.15202695414414938
0.34042238219827753 0.20355667695497134
0.4455930956090211 0.4814971782562798
0.21114876411614414 -0.17424375378351525
0.21776011999384304 -0.1855368349920354
0.18097428272740196 -0.24946152373088515
0.18408804337970874 -0.3035980668496838
0.12815115429621332 -0.47849926944806337
0.10112457940312032 -0.5624707339465375
0.05194668777402583 -0.6678191211413481
0.034442029916691756 -0.759382233676982
0.014257308271635162 -0.7008085633208365
-0.033629319921643634 -0.5342956120639865
-0.09027981589824932 -0.36689864211836015
-0.10092648229949538 -0.3292552225493763
-0.20181186740799797 -0.0429941671093327
-0.21142548217937956 0.03919250696531987
-0.3259511157968219 0.40196636093974614
-0.3493124179864926 0.4644963197239106
-0.30764072405483417 0.3286278384641127
-0.27873869199502505 0.18019445854376495
-0.25651406102753416 0.17849851936291078
-0.24896350613119383 0.05427742031645622
-0.22925739606454493 0.02650661536119993
-0.1865753749475118 -0.10968221338829785
-0.11333137977653644 -0.4333695281762798
-0.016819740745804144 -0.7256867680943903
0.04715489144094767 -0.5193419418433289
0.06307423292929178 -0.4907171820764356
0.1270813138626518 -0.31175724916045916
0.12441918019455078 -0.27075224282230925
0.1296346881101734 -0.255543197625754
0.23896539564721556 -0.025597000377033736
0.3130590622254223 0.21513645274495719
0.30237017369222097 0.22566571868578925
0.2468067808654836 0.08236959373284548
0.24717176803329924 0.04569401119580178
0.21709023574135664 -0.057872313649332915
0.14789846823378114 -0.188881704168158
0.04648018835343032 -0.4490861144792349
0.0748847868869863 -0.46603615230822426
0.016163528330935758 -0.5299086219815903
-0.032617102900181966 -0.7478414595192586
-0.07050741485067039 -0.602430451203401
-0.24872373970336925 0.04512403261098784
-0.32614002281055177 0.162731808624245
-0.31991765028226876 0.21667942325451597
-0.327360690352326 0.2269796147783786
-0.3601433011299791 0.3042510580556374
-0.3473426259760979 0.32430266091862103
-0.3786338820484612 0.4128163971521105
-0.3746390847104469 0.3606485584057123
-0.27889981423831645 0.15021699470947422
-0.2908205340964866 0.13129900303738995
-0.2504400775610499 0.02470184671652113
-0.23703421531916524 -0.027228028789151537
-0.12067331834909763 -0.3584697869298514
-0.09165371751572922 -0.44020013594879953
0.005533651760387654 -0.729778395476473
-0.023099604352238134 -0.7032741247693066
-0.04549762578045764 -0.6026667932329277
-0.07613812666672555 -0.5612383844607833
-0.21524330945318892 -0.2620881835175984
-0.28417171752447756 -0.04675704874596927
-0.360981464817974 0.025647173544048076
-0.45914036303450767 0.2396041780116394
-0.5030018665208534 0.3198743725487383
-0.4552537791763684 0.2309329426459798
-0.31213453933286556 -0.05025916980757851
-0.24733520622370248 -0.1582058904807102
-0.20702094587112502 -0.2583769861048583
-0.10014558996330174 -0.46523060882248213
-0.04732651913721208 -0.6265389915946108
-0.029307478396551952 -0.6221679481211411
-0.018166756863060744 -0.6550440393221778
-0.01627977875716483 -0.6510502736728805
-0.04499087133447949 -0.6461410554156689
-0.1064483113754417 -0.4095118436599232
-0.25188278863477237 0.018332671191160062
-0.2401755172048483 0.044355975015299094
-0.2642546578890246 0.09828722475019286
-0.26751662024377243 0.15110268906597596
-0.3585343053374268 0.3638157573416488
-0.3444667472401352 0.3269889320419231
-0.35014864234656007 0.31673115531321083
-0.29353937600518487 0.1725949457674881
-0.18431583743920713 -0.16312598502100492
-0.19091667462177278 -0.1916024203516185
-0.16231676728895977 -0.2680848017163454
-0.050661146004016354 -0.5690572756253985
0.020177934770085518 -0.7973808538857668
0.11812207766618027 -0.49667854811342727
0.2299184296989865 -0.16040764207149485
0.23568509569439342 -0.14767649510482803
0.2538557691203285 -0.11180541989909436
0.2630911682625628 -0.04783615614854789
0.27576807959017585 -0.007827230123649425
0.29373714231927733 0.03572016390842772
0.35371941699326925 0.21401239621945695
0.30789658235113304 0.11178848476775294
0.27917851246537345 0.013351125187381966
0.19722881273251328 -0.2392214177545442
0.14896184466860293 -0.4291949290788962
0.04567110471080901 -0.7119468491790887
0.030498071694629966 -0.7243571401191825
0.01734100606196102 -0.7375358582706101
0.02693374684036068 -0.7786517559091963
0.030508940761965343 -0.7591738039358376
-0.024977752459339236 -0.6740454984535167
-0.18493517917449628 -0.11336676148824026
-0.21325590260338204 -0.031074555846162106
-0.21959901977277865 -0.0074020197407581095
-0.259003846600129 0.07544451620682692
-0.26392470017077657 0.08959545025936867
-0.3625163597067267 0.407790165400693
-0.31133130024245254 0.2981098891544357
-0.3142375291784833 0.2550947169263711
-0.21326922491092767 0.003941991753771166
-0.21914777826783222 -0.027754550617863045
-0.16083242705817347 -0.19752133921054826
-0.13786117434167683 -0.2684579959653466
-0.05524182838884789 -0.5254080496588872
0.0250086600507049 -0.7562079978885116
-0.001870478748554557 -0.6827018864605743
-0.0690861907619098 -0.5661466959984778
-0.12064090980563828 -0.4474894157010473
-0.2938749108225165 -0.12722499037681184
-0.38623322048372605 0.08431517140970028
-0.44867881923813735 0.20310399658139985
-0.4449725552035123 0.22389566421379753
-0.48235626912343527 0.28355999530950327
-0.2898843655374299 -0.15259289630458198
-0.17641810297158497 -0.3518823890969085
-0.1544488160017919 -0.41324238535897834
-0.15249066179708176 -0.4347228825883527
-0.10003230493956354 -0.5107246661158641
-0.06429959016148432 -0.6037500639537562
-0.0039008500873212674 -0.7039087944438521
0.00354421709985605 -0.7496195044434976
0.041462444238957064 -0.6933137401407686
0.066797363900295 -0.6493689833545608
0.0780186493665386 -0.620559078310749
0.10375936503525947 -0.4968265863709955
0.16799184989609883 -0.38439973183957377
0.17285652763768228 -0.3509851435112456
0.28617826323570533 -0.1324719828365827
0.49404934383865573 0.32563422669309444
0.49613650297574513 0.2958092237577648
0.3976139732914955 0.14817565113964892
0.2978760172574581 -0.07199678983593152
0.27617578325714165 -0.13999009292579764
0.24266799064221597 -0.18757005358541573
0.08945844047050125 -0.5298230779114084
0.059923569178412385 -0.5785448660635284
0.016973359325687765 -0.6846342772592542
0.014150762402117097 -0.6713970630477656
-0.0027672824163436863 -0.6208673963303227
-0.07002273561663787 -0.4618818671670761
-0.17997531537423583 -0.12172003921514127
-0.1871505454572391 -0.0504634637444796
-0.20635028892745125 -0.023299400301291236
-0.28121704585415513 0.18865232636509022
-0.3733209792119394 0.46480663765557195
-0.33627322762287426 0.3151681659699975
-0.2970981652168062 0.2238420964788585
-0.06460644799008858 -0.477087197368681
-0.0747147991489725 -0.5366784962720597
-0.04815373690332535 -0.5811306677359718
-0.018140185524723386 -0.6435170557843831
-0.004561836018950174 -0.6462668069059342
0.023655781771698695 -0.8144558940188431
-0.008343398677249893 -0.7304020610132412
-0.04857666465555828 -0.657314672364864
-0.06464033885194785 -0.5924091333591615
-0.11464580143854997 -0.5382289245882296
-0.13717107051791666 -0.4563832345824961
-0.3618309009934376 0.1450558600232769
-0.42904507439884254 0.2317146181801266
-0.4974124450744014 0.42430808259159813
-0.4522858514324888 0.3240813305445942
-0.40903108971817254 0.19994405293590903
-0.3667322142915489 0.17650337654237452
-0.2962603188562105 -0.026409614288434403
-0.19730755424425814 -0.21111322278051659
-0.1855853230717878 -0.22760392282282202
-0.06691855471958927 -0.498947767828558
0.028642516176906926 -0.7324015638886229
0.16514970592851863 -0.32305160687185985
0.17183650598064143 -0.26274092135387184
0.2252100945447078 -0.1783007089111208
0.22413973423538336 -0.1505437506345286
0.22649603855650832 -0.08067267510000026
0.2670694611959585 0.04575385319399554
0.32706819683508315 0.2210258005761127
0.3988956675617297 0.40531401588125143
0.38573162112581477 0.3192961471301466
0.20063810131306936 -0.22265768720199514
0.23460437000334952 -0.24736992855611087
0.17714849763820106 -0.4132830231676537
0.13228599402713453 -0.5056978686218548
0.0926603319425326 -0.643467037281116
0.0779836741815261 -0.7178336988393546
0.05595133405865351 -0.7662224610779022
0.0891932253761486 -0.6034509079813496
0.1262896961584799 -0.5097894355523264
0.25887986301626864 -0.09781363198456008
0.3403395169137052 0.1299987771207472
0.343971709933434 0.17129165892719034
0.3469096348524713 0.19894015584697505
0.3749947892854907 0.35239268774679083
0.41487267681475803 0.40164361657623326
0.27077409563497273 0.029178762864283427
0.2560264012693975 -0.013650356842920071
0.17694685471387425 -0.18057601849188082
0.14024578457271264 -0.3542993009588774
0.12675514458228954 -0.35906932099039623
0.04032573753178709 -0.5468143991942516
0.0006669937555680038 -0.634977248891102
-0.03507760471985618 -0.7289772732671195
-0.016408725566320517 -0.7193843568389537
-0.005397467521314904 -0.720994783117441
0.06346852139563111 -0.48484758850604104
0.13337848286329723 -0.25614781103394146
0.1765929922164045 -0.14395372257564468
0.28372297897931253 0.16849058871465067
0.3088496688668297 0.24402015464752988
0.3437409895967302 0.34975964101075957
0.33738751505899056 0.29198456046293314
0.20510001839804298 -0.03957534239870113
0.2093158839603724 -0.076465349655722
0.19458420221562636 -0.14555642913681383
0.09367621611550517 -0.38150458157836076
0.0415663468308541 -0.5838531805670594
-0.0014036309101549908 -0.7368887869288937
-0.011029129719582184 -0.7386311574636935
-0.1211692715881311 -0.5457330839021908
-0.10981088372283958 -0.4723762811834703
-0.12469640265328122 -0.45516917007142865
-0.1582848994047072 -0.373593108663405
-0.20421456514864078 -0.28499649501360325
-0.29752084623395186 -0.051566147410816256
-0.42101717992057885 0.29116488353993913
-0.4496204680934185 0.33114312106622573
-0.4362720475988019 0.290064689570297
-0.3273062593288846 0.08009097440800107
-0.24741979602694741 -0.1444425697752285
-0.24477906102864044 -0.1911808205631579
-0.22218910100473305 -0.2110805789874581
-0.14841171630820693 -0.3453569680849374
-0.00777957185210049 -0.7236744841196503
0.04915840726902957 -0.8168984457638097
0.10477062618885617 -0.5928773336286015
0.09641937412508872 -0.5740238419093436
0.3253695140858401 0.06372124903314993
0.3100036731744904 0.0889319199713529
0.3462172134474865 0.24169316767336438
0.38831530926136393 0.2929227991046168
0.3861032530661511 0.3134640564790517
0.4181621406116737 0.4106589967448914
0.39369465078510757 0.32934901281767676
0.24435322152678413 -0.0813308868000893
0.2181619092155831 -0.09621195784084254
0.1725432430972496 -0.26815359052437143
0.1421288175339462 -0.32448809285187175
0.025046502917495092 -0.6927228698026127
0.024767457494760795 -0.7048559531992105
0.00890003745110492 -0.7319318169782512
0.006563656279716797 -0.7107989796263643
-0.059353545502856146 -0.5337523996879971
-0.11776264720326957 -0.41437959002414493
-0.13733836488721848 -0.37842621451965985
-0.17140070564243345 -0.21731900326691708
-0.21184020969847098 -0.166476786501359
-0.4021822151040796 0.3222365329283489
-0.41513467977259766 0.3568251511158701
-0.41417071367552144 0.2784153713845732
-0.3515340050037634 0.2163381945864583
-0.21712205640542806 -0.24121179897837766
-0.14998815559099093 -0.3356439112472718
-0.1299415639549502 -0.4563404921994041
-0.0310612908199054 -0.6838167410488751
-0.0014959956787716278 -0.7671774998906173
0.007185639619874575 -0.7920710099613923
0.03028863834061654 -0.7097313743486366
0.09765433665887702 -0.5069278103261898
0.11396653286434238 -0.4759188273305049
0.12094372601420605 -0.46141626834694127
0.1418213119839271 -0.4220183266043783
0.13756577327413672 -0.41201092564329184
0.2543843505282544 -0.0804609366807952
0.4001468161444219 0.3280094999070181
0.27530974710614114 -0.047394396577097736
0.23901894076522803 -0.14901110485700056
0.17342023719901656 -0.41109071510541845
0.14426699453206868 -0.48006253847637126
0.12296494637480401 -0.5419786352310844
0.11561922800536567 -0.595484227828567
0.06101734161854546 -0.6988380494579663
0.04881243326934761 -0.7566695150180871
0.1747796003042506 -0.44812272938280256
0.1924386738481019 -0.3904147959595027
0.20652738879136617 -0.3482852612602128
0.24880666983875746 -0.2991593300767563
0.2945005406717389 -0.18424800316695134
0.35670869364591856 -0.035838099611945
0.36033812622054057 -0.004826841587258128
0.4716982217177091 0.28919991509271376
0.3745730848614809 0.07579858568550475
0.365198334934152 0.02387238056146379
0.3239210991840372 -0.07856825300929768
0.30020391217314335 -0.11721331460776038
0.21815560480591178 -0.186575065293479
0.1921229189558078 -0.2613298100426307
0.10122179219087442 -0.5045617501325289
-0.01895602274757066 -0.7564602210312333
0.04001230975411605 -0.654152192720844
0.14865828811012138 -0.4263590704650517
0.1687212388679563 -0.36075433438444326
0.23940451861630213 -0.2548535747865364
0.24738635293897998 -0.19011356115028905
0.33927363670918 -0.08928036697568636
0.44989919760596325 0.0963921710443871
0.48702470821146565 0.18633583443548402
0.4638055273335766 0.1669504206227019
0.43232924754947444 0.051500291732788056
0.37428427874922326 -0.05058096393500743
0.3496710802144592 -0.0943013329201873
0.35610281371007285 -0.1059544082533945
0.2665591062830218 -0.21185449679030516
0.23077229243239983 -0.3386878309604308
0.010349473388795516 -0.782409019170516
0.017327986692635383 -0.7378770189653394
0.08880441516056262 -0.36922351400572073
0.08689322061965873 -0.3376675514379976
0.12896924545602345 -0.24003530326176908
0.15592279178122284 -0.10682035829182052
0.18823335810516748 -0.012726630882299018
0.26447596319322536 0.309409856928895
0.2825319018671911 0.443548282388313
0.28093284751165065 0.4370806891941393
0.25090051059778395 0.3444669136301168
0.22715151934827799 0.23270637141491843
0.21977247652534118 0.16499757690573602
0.1794058134151809 -0.055671118612959154
0.11869411163871543 -0.29205357875930177
0.01254974018697919 -0.6903241739314814
-0.01029951152846961 -0.8201014538501487
-0.05117755699327906 -0.707769570650307
-0.11993987096817146 -0.6164866937249999
-0.12221723169400382 -0.5391854042856065
-0.21038908464655542 -0.35301681487494874
-0.21094857817089668 -0.3286783946436904
-0.293655663609717 -0.1262413341079432
-0.4115894812414148 0.07418349969811634
-0.48663427980484647 0.283959394443713
-0.3907348791877805 0.12470149394291148
-0.34564644656261273 -0.016471851655900514
-0.32708921041338535 -0.06439936436874172
-0.23993328037927708 -0.23308324122710294
-0.1142401294144198 -0.472726303085598
-0.12535503732471698 -0.4880983278741668
0.002356785641650574 -0.7262147997828768
0.01430625697106126 -0.766636599523816
0.0828349455868275 -0.5865773036545768
0.07628040044679979 -0.5801394956925537
0.1621360639821961 -0.43825858020882485
0.17453992287405343 -0.3873665965373883
0.3441097988888176 -0.00959602832860498
0.3765252973956338 0.09790716639238874
0.43819670181590215 0.19361809209847733
0.4463026893188625 0.20668108961297293
0.3007955958104003 -0.04746337038670974
0.25043065989037694 -0.11378833580348902
0.17705012822637015 -0.270510594299438
0.14828003257845523 -0.31134153650433916
0.15782369131378235 -0.3248510485766738
0.06728718247657471 -0.47124919573700674
-0.059103821119577654 -0.6964875187247608
-0.0915784721559632 -0.7452837905508279
-0.10293953261791246 -0.7131957402161597
-0.13300847510099165 -0.5369125060092675
-0.1700608800935932 -0.2809168242282075
-0.1832326711754681 -0.17547278309747924
-0.20752425153310552 0.016901446293512673
-0.281075739508028 0.3767573746656367
-0.3028528578244719 0.4678621227855156
-0.3092388832998025 0.4721597596121232
-0.22821209846081678 0.20717294504792436
-0.128836923961378 -0.1927374353696157
-0.15041459403802002 -0.206509392235171
-0.11444906368235927 -0.24987745840334033
-0.08548732828915043 -0.41873916191871857
-0.06424723054462571 -0.42335368024080344
-0.010287430628068486 -0.6824351173653249
-0.0032555031985570955 -0.7279747428168023
0.003923425855200113 -0.6644658533707019
0.016312457016192956 -0.6513100802087388
0.039940657491961636 -0.5582537749809399
0.045836488712113 -0.5587093492855096
0.2229091131751845 0.009017520280481913
0.24230698007619342 0.06762921191144852
0.25407668852377924 0.18211611041225775
0.29015573560967656 0.24363367652709544
0.23760792620280627 -0.025240094943875042
0.2274882858330062 -0.03257242604213219
0.2034467031514002 -0.0931505294530393
0.17503002359178724 -0.2107952435076278
0.17373013725929487 -0.31063493698267675
0.1479096576871703 -0.36321400526537584
0.1179191780040294 -0.4415545357576362
0.0384014937087163 -0.7810499983408579
0.2792305768899082 -0.1942812454159618
0.3258764291842368 -0.0705286169168161
0.3396116468552423 -0.05590310616200124
0.3431603920302008 -0.020777747603568143
0.3532424030039027 -0.021766963618437146
0.3883653865878214 0.07849846763878136
0.458020755065247 0.18755285632831106
0.4561269353914331 0.2513800253338277
0.4239271808574302 0.19723813139885812
0.3986736549238958 0.1795055265552281
0.40475583636766205 0.11898578221478884
0.376505216988239 0.09690505823810959
0.3709221018647259 0.053826938006923265
0.19960104268865478 -0.2990982552971235
0.15970071208897327 -0.3105949257242236
-0.00979545116081347 -0.6860446792253919
-0.09495837554465739 -0.4881983925907403
-0.08488967314876537 -0.47536580014664076
-0.18434786190806682 -0.32671857323365866
-0.4041313683052569 0.1329256163678944
-0.41573277860074526 0.1511603876222772
-0.4243552754942331 0.16345589799986637
-0.48249078246618615 0.31241106662231616
-0.533664979806443 0.38709573468326164
-0.46156325490511313 0.24687776929345304
-0.4037173513930363 0.08550865985687699
-0.2585320033620838 -0.2761443232583645
-0.24049317665915687 -0.2782404188435163
-0.11459806288255893 -0.5868477411291997
-0.08129405000980439 -0.7080313562714905
-0.058226547852176624 -0.7293490191897808
-0.039065942025866114 -0.7825919641735589
