-0.1141106488818151 -0.5035086235094371
-0.20102457171297036 -0.3162743516203444
-0.316349168036696 -0.0957110435966033
-0.33764244814265654 -0.07509198425469232
-0.34107588323988514 -0.0033882535605178022
-0.43102877771325826 0.17821886152993827
-0.5036584767587426 0.32051748366455757
-0.5069786674702494 0.34537204254760023
-0.48370172612598417 0.3494727414175392
-0.3920076012025319 0.04407390370030203
-0.2687412949450656 -0.20089268985872646
-0.23306863517273493 -0.3135467884243545
-0.18109595516423815 -0.4099557863011086
-0.12748150717792464 -0.5506724781091987
-0.06224502086162139 -0.7447803850166046
-0.029885193027084346 -0.7942523198829746
-0.04830056604686319 -0.7810413507920827
-0.06019287637331445 -0.7151151596994142
-0.1022277852150848 -0.536250097164903
-0.14981148969380526 -0.4726396877096563
-0.20518768091909909 -0.3258662937683468
-0.20914381973033677 -0.3248830073590188
-0.4291478285755895 0.23777087919817896
-0.42804653519873437 0.28951457138077147
-0.37138236695116433 0.1474557266211259
-0.30320085209672104 -0.007395813245654552
-0.2359569728550752 -0.1971746497353888
-0.24291382480874504 -0.2273253196882692
-0.11329536095906259 -0.5686223219244853
-0.03919160093037022 -0.7107348753509918
-0.034454618271664045 -0.7235356994917868
-0.0215447568200883 -0.7857648905361105
-0.07870625629193562 -0.6320553627222145
-0.10322332660639927 -0.568814230585087
-0.167855702056244 -0.4423715405976925
-0.17961285218909465 -0.36561462649177096
-0.17807182512753847 -0.3293426213013038
-0.3516987401142577 0.006103313337019487
-0.3426179949023763 0.10507952238849766
-0.45706165074310956 0.33453240539208695
-0.39352089733679985 0.15318642561225404
-0.38920040018023616 0.1222896748833701
-0.3736287809791471 0.09511854104880335
-0.33220899107345575 0.010975868515448371
-0.3239055231674118 -0.009743726110295618
-0.08989368749907078 -0.6121536340077971
-0.018123734002950073 -0.7573755069842084
-0.006674050712520976 -0.7933786448081017
-0.0041058382094410735 -0.7746422597640206
-0.024725254267706 -0.7201406217965001
-0.07175335650838287 -0.5440992334075494
-0.23468974097152132 -0.02673821777723725
-0.34289126328513947 0.19395069138336662
-0.31488439530278056 0.2368478728505986
-0.33754375238299344 0.3037333931017808
-0.3588893428937074 0.3725288809539958
-0.32724949160862243 0.22169604604746584
-0.28459498604748884 0.16142749221026276
-0.2775384140488417 0.11498606315866283
-0.273347108212904 0.034115332166774974
-0.24544374999509969 -0.043406405717710296
-0.1804455235143096 -0.2764557106565562
-0.10086519834652764 -0.5541996627104347
-0.059126475399213826 -0.7303854553192944
-0.07854949123744785 -0.6344175979167522
-0.09093605353119956 -0.6374927871052463
-0.1574691098336598 -0.5171305574072333
-0.13892431311676698 -0.4776334969727786
-0.35721622945289927 0.057622775632755356
-0.3907177180898172 0.13789936258725388
-0.4333717488950415 0.23399405681952923
-0.48296368377775245 0.36286087436770004
-0.4302843900777252 0.2453722327393944
-0.3705312813360833 0.14873587773182206
-0.36599789309535424 0.11408798343613705
-0.38596816326010047 0.09974278222041315
-0.15710430200761547 -0.3849289806259972
-0.04317108229166531 -0.636902951432319
0.011375235851103421 -0.7323803836032414
0.006588403674140645 -0.7418581511068267
0.006529779128891057 -0.7110592094891681
-0.021128047304579813 -0.6301279157415526
-0.044051884109774814 -0.48414363178771713
-0.14833020848435294 -0.07108065038908415
-0.16053869500061488 -0.06904722036976248
-0.192064927295356 0.02287707004479126
-0.21067695645218912 0.20545903622011905
-0.27071530262136256 0.35552293306190613
-0.1963952586604477 0.06923423950041326
-0.17315091218839493 -0.026513427463184927
-0.16888799978163288 -0.1196473859524909
-0.13583566171385852 -0.2556014451075496
-0.12027950635617256 -0.4044315864792198
-0.09868628834479608 -0.4222811478435775
-0.05981663806116229 -0.5887286878007099
-0.030554443724309585 -0.7734810053298933
-0.05227409920094383 -0.7377096077076776
-0.11471835512212364 -0.5361385395874092
-0.24958354838335803 -0.2190342256010789
-0.3013901149645863 -0.08834049214602588
-0.3302674860269569 0.028950701698580574
-0.3510061490283642 0.10407032271337173
-0.41229849899536086 0.2383510667806536
-0.4200701574301331 0.26369663156388806
-0.3973864963450494 0.1872680997853919
-0.2601772479930303 -0.10648101912838909
-0.2385043942885124 -0.15812109643136812
-0.21362380611372042 -0.1840816696926804
-0.19080139632345516 -0.22598266348142837
-0.18723774957004466 -0.2520582731754622
-0.17200659901539694 -0.2578732728608134
0.03633859413753044 -0.7197100222594317
0.017955605834391916 -0.6620793827198442
-0.044472670486816274 -0.5244127411955454
-0.10689556885288694 -0.3908122315401673
-0.13714860529355638 -0.3729278970802583
-0.30094636701548405 0.003044234448379869
-0.32939544104170315 0.05511775201943194
-0.4457962233225124 0.2991412585528297
-0.48648632460284846 0.39322463288628784
-0.3651914047942806 0.14880455569350748
-0.3551439353786095 0.02946701728802041
-0.3374300192197045 0.016859989748416696
-0.2224754601085636 -0.21122604419466184
-0.1686207582235819 -0.323144166757996
-0.10472889805637171 -0.5010748079364881
-0.007091923829083514 -0.7221817198653694
0.017131451462205183 -0.7717368391826871
-0.008350327166789582 -0.6652613094639734
-0.05109747302114187 -0.5800961784544507
-0.09549530060170443 -0.4522888943606429
-0.0952649499121814 -0.4412708823958137
-0.15799981144904793 -0.30886229779069385
-0.20162538470507832 -0.20158310889862754
-0.35442499424673884 0.2552223491294743
-0.4111324893605269 0.3969617976174127
-0.34567598498523666 0.18128866185323025
-0.32655259473538006 0.15167602817298292
-0.27958407336209995 0.00931254390457649
-0.21550565894494106 -0.200906954007358
-0.03719542420821198 -0.7246270814211906
-0.031238753343882025 -0.7738982864302861
-0.0277896494272967 -0.785686569049602
-0.01232910687279986 -0.8225375454673101
-0.04551116647361192 -0.6915159658801199
-0.053453448459528166 -0.6754040255983904
-0.16010619949064028 -0.29447362391800874
-0.25984997225963447 0.024229662098467976
-0.2668486461885939 0.05663870204123972
-0.29118225245654694 0.19855426820828512
-0.3387223231514358 0.2571835728909597
-0.40921597165658485 0.5232285177674229
-0.29172708747534964 0.16785413936824495
-0.2850619147234895 0.1332471418759091
-0.2171200142921646 -0.11364120747760457
-0.1689629514870015 -0.30541090076581634
-0.12666630605583123 -0.44429283524361374
-0.10309758724648627 -0.5160935386584196
-0.03806737233198098 -0.7133817514374046
-0.03206149038336503 -0.7365506922722118
-0.046571512340540126 -0.6867297490586293
-0.07028005859721914 -0.6324857681364312
-0.2520789009096754 -0.16459485742345126
-0.3485026123300952 0.019652536081639017
-0.3599948962994841 0.0801017509068636
-0.4278533996838062 0.18569728896774151
-0.42285845899972735 0.23890590522529073
-0.4727711901339377 0.3243990819913874
-0.4487452291906695 0.27106882300668445
-0.4478147605129033 0.23581031947804842
-0.41907227168463174 0.1963237653751929
-0.2770410751983534 -0.1040282786549399
-0.30140258891995314 -0.1194141545272616
-0.2856826880144014 -0.11484820654178914
-0.14599599161202176 -0.4091908526759223
-0.014720558112287743 -0.7518955782801394
-0.03213929121974395 -0.7223942293971528
-0.11208473635134858 -0.5100098717188164
-0.1845698536277284 -0.372633161083559
-0.26236365949211915 -0.18931215164196263
-0.30355612142789445 -0.09248489005757443
-0.46714957681139313 0.26961101171010404
-0.5171930676109079 0.3330235048186343
-0.5073304952033382 0.3476568597494611
-0.45724313679953754 0.22108744148772494
-0.3884589845800334 0.05348541125593706
-0.3597129980573219 0.010565028907167125
-0.279273582941329 -0.1620405345887216
-0.24857181427703318 -0.24174809667826969
-0.07836388669920209 -0.638531870892165
-0.04144606334616139 -0.727555156152372
-0.00894435824837148 -0.7971427782668278
-0.07739116570613284 -0.6012242404623072
-0.08921546054417909 -0.5374212155787845
-0.10889713896663115 -0.5050662479188056
-0.24116279723958164 -0.016164664589102755
-0.32582451237955523 0.2723704259322356
-0.34808612371743153 0.3308734805085056
-0.3619598296434699 0.38898473020356217
-0.37779458838824426 0.44146774526966454
-0.37263504878948206 0.40562271872983546
-0.26818688504904914 0.0998424911261587
-0.22776410643822542 0.07292982729114841
-0.15934443665608428 -0.21582366909512288
-0.17313973078880482 -0.2299907060799932
-0.10984230666418615 -0.41913580550170454
-0.03417064160248355 -0.6343166858588499
0.0062101723840227285 -0.7339879674429175
-0.03810691022766486 -0.6388779037252635
-0.04230057017170096 -0.607675088625174
-0.15081651890256476 -0.34596376351445884
-0.2691543378267893 -0.06356688547726673
-0.2903622285246334 -0.049918363703202046
-0.31580051463016945 0.015781035669024304
-0.392419082543115 0.23224225278515048
-0.45122848304769636 0.33071072224023357
-0.20217356116119722 -0.3177957552695686
-0.19559480007546595 -0.318671474778927
-0.16100377552022543 -0.3145841045677708
-0.17306703706103335 -0.36663181872190465
-0.1507511998758027 -0.436031099150054
-0.13061764007622065 -0.43968054286476166
-0.11644677555722009 -0.4702857236836861
-0.004330069592183572 -0.7751330013335512
-0.06000902093033969 -0.5909451607272848
-0.07416815536012109 -0.497745584667875
-0.1464551100582426 -0.2302086244792642
-0.24730295126367513 0.08368614434085797
-0.2825756152892505 0.1849223669237764
-0.29795532049385826 0.21201698489978588
-0.30772840398985696 0.2998048849387635
-0.3477684737147333 0.4157632970762266
-0.32235040851132996 0.3483387285199597
-0.3165551621043266 0.3432965648055023
-0.31430754896975355 0.33767103136113524
-0.15237360169258857 -0.0936732272042853
-0.13976210779115925 -0.16021440115793842
-0.07649164127961508 -0.3565912425450995
0.04146438800542733 -0.6295347977828676
0.08632954559069037 -0.7637703589963927
-0.10248687820903601 -0.38573001939614826
-0.20318701327793956 -0.19755368564702958
-0.18848365894798158 -0.18916221155071153
-0.19852790617809238 -0.18985692840323176
-0.21328479615029688 -0.18258879529495378
-0.2920850777514717 -0.06940962193214541
-0.40527366771778983 0.19278451018254264
-0.4454393229191915 0.25808294648417973
-0.40681682428876526 0.15546754709139077
-0.3635176868740852 0.05771331328744509
-0.317903438477258 -0.04803876850101319
-0.2727460696140558 -0.16714070344058887
-0.18385690739668656 -0.40117954895224467
-0.09823565982349736 -0.5843980705051638
-0.06726286846411977 -0.718292874626069
-0.04315041715766434 -0.7504645776235742
-0.009253547098117139 -0.7036375252379639
-0.020193472087054385 -0.6699822103349126
0.0420339747060898 -0.5325201680136106
0.10242148504050447 -0.4369564612511381
0.09312349917258261 -0.430252015120846
0.42683932307913314 0.3240484150134702
0.42510377986524456 0.34207467800599417
0.4496574888192966 0.3786097211710636
0.3871303642396511 0.20793582240375552
0.34385770208669836 0.06934172740710438
0.2662558876146285 -0.10407376049863401
0.13234834895775774 -0.39795661484539585
0.10269599421477771 -0.5134449216999447
0.031468993333959874 -0.6461365935215181
0.005656718357387635 -0.6898768013635836
-0.0002493633513822541 -0.7308370440096563
0.07329293203219314 -0.4473463145412299
0.0632583180262342 -0.43639888797854653
0.10753090551230224 -0.26850876499514764
0.1282673796346802 -0.26817241821756466
0.23178136342669492 0.11605559532696111
0.23869623196745132 0.22120858587328648
0.2667052870020103 0.3422628929833742
0.2860291589242072 0.39581780227819585
0.25635394203118395 0.31678905911439176
0.16353433752261504 -0.043980054799715826
0.11975474854191405 -0.1915959420161575
0.058909362278950606 -0.49713924540451754
0.01705568863108889 -0.6477748603836075
0.003255918331128403 -0.6823408338412466
-0.025776037703431114 -0.7620286058865919
-0.021700521622404264 -0.7633995383306562
-0.02573457629946963 -0.7538462439002144
-0.17003471280667193 -0.4118937770470391
-0.25285069427846324 -0.18346791109658972
-0.3302412040282601 -0.044599089548874205
-0.34458674293114905 -0.03160203753862376
-0.44370103391193044 0.23435485668874606
-0.460370945693775 0.24838583372684586
-0.4713010413259758 0.2801260378236417
-0.4443132340615577 0.22278742263980575
-0.3519247643882825 -0.004817342779579638
-0.2573380685990132 -0.2341998442791758
-0.21747210484330928 -0.3406362935119019
-0.19019875658552654 -0.4294603379679751
-0.1532089869795264 -0.4865130026893371
-0.12328730813658997 -0.5860761078729477
-0.05462079330154759 -0.7406673535069971
-0.07351184868996845 -0.5946418227295054
-0.10945832331404065 -0.4293529581960812
-0.13046196789688103 -0.33303999452920363
-0.14868927662674025 -0.17426637985988683
-0.16645045769202552 -0.10690315446872896
-0.19114430224186096 0.03429745036766004
-0.2337222736364528 0.246298159778924
-0.26780477351276266 0.4411898190631868
-0.24075671032090054 0.29524455664542004
-0.2387966957157044 0.27608121531397706
-0.1790752189667231 0.07009111691591692
-0.17326181958603407 0.021978579677479126
-0.09589816519731488 -0.22703145581908832
-0.10083478435077883 -0.24293238069747872
-0.04850278131187432 -0.5509187142953337
0.03811876611257212 -0.8063537725181563
0.06141138958092821 -0.6631957866494691
0.13537411465013616 -0.47479908883204786
0.20803072859856714 -0.14646505773633822
0.26604647086086103 0.08373070991474181
0.3132517968000167 0.20891689991618093
0.3419516253200685 0.2958699451915415
0.32439614673620437 0.30577430271661493
0.3537385636596192 0.3835772385079658
0.347619794337675 0.32700668008115097
0.2622109312305564 0.05890687207013041
0.2268326091665008 -0.04184725313556211
0.18444943159134586 -0.1336408782799499
0.146647011489755 -0.19126624119310826
0.1601445559469047 -0.216307220004098
0.11288980463050026 -0.3971504788570164
-0.003994983543398403 -0.7773251252232835
0.005596207407504817 -0.7420296750517053
0.037018260305933734 -0.6242555121897926
0.3652209822556665 0.10568860174445352
0.3987931928152601 0.20434770936897542
0.4084326282125678 0.21502961967835063
0.40215254216916807 0.2255449333798022
0.43249392702926215 0.30899804751968174
0.447623694655643 0.32702038181157805
0.41774366868343793 0.27776291760487304
0.37477228185884087 0.1397201005345977
0.22605333762594754 -0.20546072450822275
0.16820035704891584 -0.3440939828304571
0.13316942603859458 -0.4462901184350655
0.11708678021304515 -0.479035484408011
0.09866966789449558 -0.5206303391050785
0.032520499235840994 -0.7014987201248387
0.06167762573036325 -0.538297774169342
0.11097165086575306 -0.40042905752890406
0.08851934691139077 -0.36171061700303764
0.11117195856308537 -0.30989766824237186
0.1935854701436913 -0.06804853658141333
0.20145590902914157 0.08322507313329679
0.21615403962640556 0.13487158730749596
0.2539650050294196 0.31523954566821605
0.19130647699804068 0.12192813332711976
0.1934745010713638 0.10518063895324109
0.17851320055560463 -0.03899800629018391
0.1527205871271512 -0.08095373187330769
0.12211079577181382 -0.20469552809878727
0.04351087586979821 -0.47606049648306914
0.044669527050495664 -0.4899773442357416
-0.01138785157989684 -0.7170691686538408
-0.017533801778387693 -0.7142374179114198
-0.019675735719761795 -0.6129143237303106
-0.12413349897101603 -0.41456556644855197
-0.34737339562593506 0.1881500825651132
-0.33688438655175235 0.2010502155711199
-0.359253483844585 0.22267746001198768
-0.38061346922915773 0.28230780799532007
-0.4238450120430181 0.3798960881894773
-0.3591395311586668 0.20915142241776036
-0.34569153507646266 0.17155812292775227
-0.3193644289459328 0.09687913436402248
-0.2607041919610472 0.01853887517664595
-0.24804324494540247 -0.03624737240039739
-0.10673054648265852 -0.3433421933519722
0.05174486074515341 -0.7809316679152309
0.05057318557759004 -0.7832865772756985
0.05193924915699244 -0.7412670071150075
-0.09514366035706727 -0.4009009465513003
-0.1764053786245448 -0.2551830303144367
-0.17302704088801318 -0.2149164151352956
-0.15723439764555594 -0.2042560402242304
-0.23253824517238916 -0.06730339658092137
-0.351317154318755 0.2546851422861694
-0.39855611791242274 0.3702677359175371
-0.38632092959723197 0.3433372871769647
-0.2774039543991029 0.08456674456821567
-0.20922770519929726 -0.14592978731969658
-0.20609743407871745 -0.1502981894993138
-0.16960029057210133 -0.17749024738108693
-0.07938979857518678 -0.4460247994350617
0.015081347369474814 -0.6943855658406718
0.02285789960147347 -0.7146999579407671
0.01128894278117035 -0.7023144351759135
0.047082400680090515 -0.6014357664870534
0.058675814242588394 -0.5761389093118015
0.148745225714528 -0.27936789267287593
0.2101744904301446 -0.107161141242473
0.2640331597957056 0.08474007777259407
0.2686855614146245 0.14796932511406624
0.31502036480254303 0.2759984490282399
0.2997615024872487 0.2519838986376262
0.29781571225322895 0.252345812071418
0.19715663047419904 -0.028079791165339145
0.1632539980619307 -0.09497426194016799
-0.03864749851669416 -0.5864301145690013
-0.05616369737868752 -0.6383628028196915
-0.07550296035471372 -0.6667884552105969
-0.09334455532869299 -0.732250886739604
-0.06452290548106057 -0.6453869185731024
-0.0514022218898333 -0.6174203036496673
-0.017709805831579852 -0.5454073911712867
0.029420522250254336 -0.40769966773389166
0.0931087049392552 -0.26811804175976245
0.1083369338450926 -0.2639198334327985
0.2392681350457143 0.04774071203104388
0.3571232201196964 0.35269345182655837
0.32054271350764085 0.2915835223280415
0.33689045891154085 0.25485857834035835
0.305776129652601 0.2061062235080865
0.28508230684815683 0.15270840265296057
0.2790514594756243 0.059072804403463394
0.16625366871141573 -0.19830199613422547
0.15620776902561234 -0.20192224335409187
-0.01333929106361526 -0.7768506155292478
0.10080969750125728 -0.4983548591733391
0.12334783363310481 -0.36152019671226465
0.21528723958237533 -0.18558898102941082
0.30325330760554237 0.06368981587006273
0.31646927511746625 0.09061327176198442
0.2980560078008729 0.10784410004359213
0.3252139352331884 0.16056547580347028
0.4509632859710881 0.4700725905892639
0.4376649803313385 0.43428116899071195
0.33889860409004396 0.19238790043033563
0.21058774437361766 -0.17319425048949552
0.11045969629898049 -0.3976908439886803
0.10727784447109488 -0.4801856891992561
0.050416014801929254 -0.5533596641582486
0.01822636973703979 -0.6489313118018631
0.0011218263307459027 -0.7228794170230511
0.07443791487813553 -0.5375203262067147
0.08189237098190696 -0.5042328703941795
0.09495126305220701 -0.4470917900444953
0.12628090322096183 -0.4233880024268258
0.22897479137442694 -0.08522808250780912
0.2735713597298747 -0.08528365493334564
0.38746980867077285 0.22267243967393177
0.41437412130998513 0.34618094521388343
0.27664702536919233 -0.06655094263398367
0.2780369509620379 -0.1434055605271262
0.205202275517915 -0.2836784823044345
0.1942438333343097 -0.2876270917802691
0.16452247346959578 -0.4134552623270324
0.15380677933883116 -0.41562233974393414
0.10262380249458247 -0.5896245069164634
0.037487183001918015 -0.7847991359697256
-0.06092400487441458 -0.5490364817941296
-0.07103797529326937 -0.5189892713111888
-0.09663357214900953 -0.5179267630959279
-0.16505339502388525 -0.3468616262773812
-0.3661206511587785 0.1224238610356499
-0.37732889857567736 0.17222522976975224
-0.39800587363811274 0.1829339564957962
-0.44737522785908057 0.3155012634558199
-0.4182892190729688 0.237795465581279
-0.38635757556435824 0.1825353206137862
-0.36964248028555646 0.16237734215584868
-0.35033585989674815 0.14265936786974245
-0.18114374616676843 -0.20456242694012575
-0.07239072592592975 -0.41018116951266925
0.04952818429933599 -0.6599295563755873
0.04313883181586692 -0.6772500500313393
0.07433879248080712 -0.5295879973263282
0.07025257572327553 -0.5277723599363463
0.16103444829393207 -0.3246031130675321
0.20044681814835796 -0.18891333698224821
0.21591353108647032 -0.12610505178566653
0.22630399571798843 -0.12715852065428995
0.25731365564391373 -0.044040448567009005
0.3984443512909673 0.3860793943286639
0.32572367900347765 0.1365282432916531
0.30322055848829615 0.07045110543487454
0.18424566367110304 -0.2645299825374928
0.13843186647401562 -0.3563943127399817
0.023113071873833116 -0.6616840169014236
0.020758948058187246 -0.6833139479300588
0.020438321599274147 -0.7272222266370146
0.012721307113069544 -0.7569199473813532
0.03504736422418486 -0.7311173303853356
0.0717097054303065 -0.4832236693955866
0.09697883439596716 -0.3965367565060134
0.1199357721872621 -0.20957519223173834
0.13625889435234276 -0.18595175558885566
0.1365004529606402 -0.15595975188718464
0.248070862631923 0.40562985921170575
0.2623267131268263 0.4503691994673335
0.22905643336446588 0.35213680378965434
0.17906648255491703 0.18190889488754525
0.08887648627064822 -0.2544467765489265
0.06475090713012017 -0.3365879053903468
0.01906629853241716 -0.46671824866577805
0.008191773916305038 -0.5530745540687542
0.005772161925696504 -0.5560836884638378
-0.037017581710009836 -0.7551100157562265
