0.04439438330645254 -0.6337292050482867
0.11886686922863397 -0.39869587372368365
0.15632986860857365 -0.34507941457739094
0.2008599247895877 -0.21921920636816647
0.3418691736279007 0.23583156368225097
0.34385068076452896 0.24197426607447253
0.3449226821171021 0.2684297814373815
0.39717697512187977 0.37903654999755926
0.34605564816882184 0.24669419675569312
0.30770358965183414 0.13071902798480492
0.2699481829952217 -0.0050159430157726784
0.2603922058950196 -0.04930305688786013
0.15552259726477535 -0.3654398280518404
0.1294937144630829 -0.4978439988488962
0.03825681636247581 -0.7378790691931026
0.02724133929781097 -0.7466345763502136
0.023414696080739504 -0.7104451311547494
-0.0023275686945856237 -0.6878626172645652
-0.0021596759472773445 -0.658823229395593
-0.09709246969448511 -0.3619506818553751
-0.09744646651869013 -0.32679042225575966
-0.18858569330846492 -0.13669068829132983
-0.28435237056311685 0.27450063579011275
-0.3004005553983876 0.2890452129860622
-0.29288346289658657 0.19214814717941103
-0.20937180209809286 -0.00917143799288897
-0.20247930894919308 -0.092809297850688
-0.19464770088722994 -0.12393743432899772
-0.19020413230808797 -0.1426994575708781
-0.1409546327793468 -0.2754820982389735
-0.08513817931517402 -0.5383635898830386
-0.019679474510296672 -0.7497454060074146
0.02680575152430763 -0.6832449135094645
0.05344725464782623 -0.5856421460217875
0.1482372205785137 -0.3259771422456098
0.1741792419190962 -0.23007216235025768
0.207345929548924 -0.1763430658828698
0.22431823601351092 -0.024298799475991967
0.3605024835360324 0.2853155000521334
0.3779911814664541 0.31382120918558526
0.3309910614521059 0.19987895330626634
0.22106202400434025 -0.06265872666186846
0.19290170585254837 -0.12984171779360457
0.14914738529206073 -0.24952743007847092
0.14453205534242583 -0.27441397268061535
0.1228759694062372 -0.32810780896931174
0.12403799133030599 -0.3680481918189821
-0.04428669456458329 -0.7903164824770006
-0.03363748559072307 -0.7270426557968758
-0.02553832293320068 -0.6912805169084106
0.046830037583601505 -0.5395484204470602
0.03177770884328279 -0.46744875021913923
0.12733680998694785 -0.21093112965589897
0.11885291659088071 -0.19988433753722157
0.2640205503286481 0.2343787259302488
0.28648128960115693 0.3104998183128641
0.2750360372938866 0.22964815258898294
0.20237977618765157 0.0419261592397993
0.1894598490727747 -0.03580099868985233
0.14547106913092062 -0.15568310158085766
0.08165027106916549 -0.39497999207539186
0.08244017952937907 -0.41544018104841524
0.03677647362655686 -0.6646085309342638
0.011756086637836305 -0.7178257147316627
0.021162813573365497 -0.7048130019253878
0.04388129946588613 -0.629850689190547
0.07941672231435457 -0.5065112854953534
0.10751280765710831 -0.4561003498856747
0.23706534768060508 -0.1442872742860883
0.2924933176896205 0.12101627666596503
0.31966479223091776 0.14133040320039997
0.40728961710710715 0.4020837188681402
0.33049193647295333 0.14912442764801806
0.3063756490066936 0.13603464703883014
0.2737165361103443 0.016234959685880596
0.25044317944773076 -0.0854705902365552
0.22000118707236918 -0.12359122862689793
0.22261796117661686 -0.13273267658792903
0.0283697651877021 -0.6831187416008454
0.000449693084147096 -0.7517101439472028
0.07614912487120337 -0.5869199842887531
0.13024945342667155 -0.5096455725439688
0.1866393139719252 -0.3136552816037557
0.24669395746980682 -0.1855893760304423
0.28387699732298954 -0.06819342560246865
0.30498097986229655 0.01274165355696993
0.36951047688070804 0.1309566976972777
0.462375031572196 0.37207020943584507
0.45405919769431397 0.3459184759660606
0.4212197633958535 0.27685143597557405
0.3773207903610647 0.1608203537753306
0.3119970818550046 0.032617224640385724
0.2993880348232835 -0.02767463679229074
0.2658007923546798 -0.0391710874329552
0.1943705888632613 -0.2756653223016603
-0.0149498409629524 -0.7615753671477105
-0.07062281420932637 -0.5415074234341832
-0.11665096552833532 -0.38961158061784873
-0.18527337887793693 -0.16683455078037734
-0.19562993404176351 -0.11915059454819436
-0.22497633456410132 -0.03821093239720267
-0.26221994284413946 0.1512556193518993
-0.282577780770269 0.21252048499652804
-0.33601378346813315 0.3655058312937254
-0.2839087906782414 0.17914464395082477
-0.23848389124044586 0.13618194305747328
-0.17590594305757834 -0.18396208020736904
-0.1517993832869431 -0.19614892597972233
-0.13706386578296512 -0.23819577124967592
-0.06404441717157923 -0.45093430361974884
-0.04175242502424761 -0.5082990045888218
0.016776879529134186 -0.7117737900738196
0.06277660884717112 -0.6179795184347208
0.07723139117346642 -0.5831554837057331
0.16250954273458443 -0.3292722966726478
0.2435398619667941 -0.15296273522946058
0.2613621080901227 -0.10433918088486493
0.262372017229467 -0.03320688073959362
0.3261270026912976 0.055142331205193046
0.34589398247706593 0.15555158371430047
0.27647037315851536 -0.02786237291446446
0.253225149373511 -0.11475606102743921
0.143981438264354 -0.3340587639946801
0.0822309145053607 -0.4818241254427241
0.07621928242761648 -0.49781858365607196
0.032911308205646375 -0.6226077988953833
-0.038850719362873945 -0.7252774998347159
-0.03492583079320345 -0.7508856270453758
-0.029226437404542165 -0.7028497617395358
-0.0024835173229840017 -0.682451632861172
0.05759871165466318 -0.5117575298756101
0.0974923547101809 -0.34174056265231617
0.2299347904000539 -0.014296980457143085
0.2648619197840884 0.15660844300804513
0.3267185599090982 0.32444089314461405
0.33943700288605216 0.35838488721735134
0.34447722693635263 0.3094867279858295
0.279986581765062 0.2146832368204098
0.2914518641793893 0.19975590075639693
0.2050239134029798 -0.04461559269334636
0.1138696803523069 -0.39735590980166796
0.061469080713682976 -0.44864822969639545
-0.0008137248162797428 -0.6895838447196007
-0.008225081420374411 -0.7105960972969071
-0.0019105262998726147 -0.6810459753122502
0.028822200142044594 -0.640497636116409
0.07882770927637392 -0.5301569630598284
0.09736695861958088 -0.45302584622260833
0.09613882192185644 -0.45218021795758784
0.14003616736648172 -0.32291719423876886
0.34597392619062173 0.16493419807781148
0.3969586751991998 0.29029243377095565
0.3544527387850684 0.2087773127957273
0.346203310886873 0.16622175435370848
0.33349410647328026 0.16256927576803792
0.308468580593145 0.0694066334050657
0.22919832188101102 -0.14463841132242305
0.044301252863651164 -0.5726693378160597
-0.02703492126549481 -0.7514112290224877
-0.031035793098174048 -0.7570979724373564
0.10788567691407108 -0.37437681931398487
0.16963721907391152 -0.20170767364503797
0.19212545115828103 -0.1097497577224806
0.24199442703438984 0.007488581565421959
0.23879903845942038 0.00921343828273277
0.31772136104149146 0.2738516375654532
0.33150468074673844 0.28584520772197086
0.37522680125418334 0.4035974161902836
0.27721533076195143 0.1308382332328954
0.22331147152408307 -0.0048244262024347475
0.0995833988803527 -0.3456477867106517
0.0706346499874792 -0.4162374629428089
0.0801445281969266 -0.4612625702948417
0.047936716999051616 -0.5043736955445125
-0.02183706258278867 -0.6609486164139903
-0.033928193237829224 -0.7161983482335694
-0.02983335057928636 -0.6970628749626493
0.018040068370276878 -0.5941717450325583
0.07498784457224866 -0.43052197049922447
0.15965201237755394 -0.24024768109336753
0.1788840629682979 -0.19913374807807757
0.3335674277878389 0.16653630867824978
0.3520530176611942 0.20240181162481896
0.402119195819819 0.35793059070191785
0.37161159636038227 0.2741413346830678
0.36354384355090424 0.2301181559816343
0.279957283862438 0.03903988739686008
0.2467795271862429 -0.03767840927234659
0.2597509630205401 -0.09221927210369948
0.182311877196305 -0.25482534548272673
0.13951363747050588 -0.3710369307986493
0.03163079129327626 -0.6937905623108299
0.019045469497258244 -0.6477958543908122
-0.03163000491491544 -0.488287592396888
-0.06631228049914235 -0.38942216575392563
-0.10858346138240732 -0.25367234915635417
-0.16603632140405863 -0.028456676654628258
-0.20277857750938308 0.033430436154521265
-0.23876688174010466 0.20354809442690844
-0.29817341912681583 0.40042089248030616
-0.2259960923294733 0.16404529239702223
-0.2404882566164112 0.15067421245801593
-0.18074024503858938 0.014733339398123123
-0.19333559461181712 -0.02279427609085787
-0.15527939989544642 -0.14812288293022977
-0.040209997628061454 -0.587134317204187
-0.04198791090399567 -0.6139386089720085
0.009897567820097876 -0.7926323902833878
0.005295224206471372 -0.7654325425572874
0.019473814386734713 -0.7426979673923172
0.034035412784315155 -0.6313246120139739
0.18273949487599245 -0.0831469757476592
0.1734915814234331 0.020069793748104303
0.202393223096077 0.03712748884074009
0.26346497043203193 0.39169215422853193
0.2793251307421554 0.44069324060512644
0.2521836906680632 0.39765579501853254
0.25567202316256454 0.3887182079460693
0.2124330718811222 0.11840416752946217
0.1976099423170757 0.07019079941216348
0.12275889570159208 -0.22892754178986344
0.0646336139927583 -0.516293908731355
0.025228022318749033 -0.6008209652490064
0.0028071609640274416 -0.739814181523105
-0.11065492211007871 -0.5003763358976044
-0.24623426161185283 -0.14620498609493543
-0.2755320539892667 -0.0356326932658711
-0.2718995501905622 -0.0029560768677891524
-0.288240609408326 0.014768219252145146
-0.3365260288042274 0.14732435296126287
-0.3994478893652996 0.3054459103746888
-0.4184777100053518 0.32957737288932637
-0.3836413943784169 0.2650592565649728
-0.3618915576851392 0.18829328904390472
-0.3562362386826152 0.0860906181802216
-0.2695312664015898 -0.12800823411066384
-0.23610586980720508 -0.19310995297285644
-0.21142858774693138 -0.2520574580764343
-0.04822950496799393 -0.6604354906272997
-0.042414171180899574 -0.6977787440619083
-0.056699781259212115 -0.666994790078361
-0.0672756778129372 -0.6263053512394212
-0.19204931015663543 -0.3126336532674923
-0.2156505808979147 -0.29622206200508244
-0.21584518040415995 -0.2613415741365283
-0.22377256566400536 -0.2583861362715088
-0.3365220266623264 0.10993783576522344
-0.4190347345731454 0.27138893021722366
-0.3858397918797384 0.17811837462248978
-0.35924822505470305 0.0945135882966294
-0.28389315235104284 -0.07528126802928842
-0.2569242834468189 -0.11642516341440536
-0.2741296981581389 -0.12747468184554056
-0.09573523348826447 -0.5565519405192955
-0.10731026688234789 -0.5677793091633319
-0.009541633190629515 -0.8073360546635862
-0.045918315505718295 -0.7223807945720049
-0.09177919696328461 -0.6707944336809745
-0.09726917332158398 -0.6464904574095051
-0.10670620199013671 -0.6478179959393788
-0.5042676173154099 0.07148106943383563
-0.5555360753205861 0.1760788647746346
-0.5735293478348106 0.2083395526551024
-0.5807948087614909 0.20608061628990806
-0.5425119190219714 0.1860683257855033
-0.47800727384938607 0.03517673806813957
-0.45984893017706224 0.00304481626139073
-0.403605664224708 -0.08207964551983682
-0.3588978485152397 -0.18827825485352312
-0.3017859000813477 -0.31317059836391137
-0.060544592850861126 -0.705992068807061
-0.03230563008354466 -0.7363784687927661
-0.08254870346918822 -0.6480245302004276
-0.10254589035733727 -0.5527905534466167
-0.2229925064479022 -0.2929714663495245
-0.24031353147027293 -0.15965987573095025
-0.3857920854424961 0.14045168845112782
-0.37781475061797043 0.15525017453808837
-0.3955861644127257 0.19643779640876288
-0.40003602310662145 0.21702187127891068
-0.31545461651360995 0.01135545460224268
-0.256829944839526 -0.17202025087221362
-0.16503186828474486 -0.41384857473268005
-0.13945047218415496 -0.5069911639539896
-0.1390860043060703 -0.5238996331504949
-0.11201466104669307 -0.5755416948513992
-0.0802783664004803 -0.657920161328401
-0.055171748136467254 -0.7520312532752873
-0.08929274798289093 -0.6019802197614161
-0.09713248630520209 -0.5394131214211718
-0.12769724059024873 -0.42598791662404756
-0.24107364539611267 0.12957009547449957
-0.254531367863332 0.17257801199010872
-0.25665546167525566 0.2028820657345712
-0.27755211194417007 0.391755914017908
-0.2986601334840709 0.38926358775626757
-0.28104805111500264 0.284363435281818
-0.19309130321820217 -0.1353586920472435
-0.18164166017780808 -0.1394946138759455
-0.14790093219733566 -0.38221830651387845
-0.12283750790588364 -0.5303336109298561
-0.09382875817138894 -0.5769191761794799
-0.05710985623603946 -0.7622134336531555
-0.05555667552447274 -0.7943402575493863
-0.07891021270767279 -0.736527184137162
-0.05304963412844214 -0.7143201058295325
-0.10180044837711479 -0.6555791708657294
-0.17189038234973208 -0.3951867159046795
-0.2576409793733158 -0.1880883320360646
-0.30667057533997344 -0.00756562617159442
-0.397093121377074 0.2769378077871642
-0.40388495772070543 0.32936224170214967
-0.33369974167203226 0.1493328203067241
-0.31073473257878814 0.06114880382212181
-0.26362401478397957 -0.15893799926418
-0.22730666933266877 -0.2544190200247823
-0.15187212256947513 -0.4281750639988188
-0.13480696305696166 -0.4817535718219904
-0.08275682111156758 -0.7083157012311785
-0.0381016000730495 -0.8048069963245331
-0.13730679128381446 -0.5372344592376208
-0.24197597822481454 -0.19323939136184523
-0.2844084789940543 -0.10622473702315384
-0.28098235777302216 -0.10147071346107836
-0.2810071981475536 -0.10022126795992099
-0.3307396813898461 0.05994734343897153
-0.39421103662267565 0.2196895020484057
-0.4198031778892932 0.30610119561912064
-0.39851404186348155 0.24409438001433387
-0.2563278041006533 -0.05404963950032564
-0.26689688008170676 -0.0725366436260395
-0.22367089075887336 -0.17195937427054445
-0.18510235897676655 -0.2639484323220422
-0.17799266984808443 -0.29295940994492725
-0.05503293895481458 -0.5705120818670113
0.017619250637487247 -0.7407405052008242
-0.01031969739491598 -0.6616255994012983
-0.07140334228545912 -0.3111176540000048
-0.08929651245473524 -0.22719173256170155
-0.11710867069883199 -0.08120016647517811
-0.1266656724269588 -0.053930480131103756
-0.17265056549346525 0.12246042152595561
-0.24910903869035284 0.4377298728530236
-0.25809482857429367 0.49742371742591196
-0.25241943828497004 0.3806545415714143
-0.2497643014398805 0.3342947801157018
-0.24162494521421546 0.316476941770075
-0.1895145443545107 0.14193468253764574
-0.10222656309583765 -0.2557908009398038
-0.10989395854583003 -0.3030728158635542
-0.052233991753352624 -0.6231593990493097
-0.024042078373143972 -0.7392418715539314
0.009072553461837995 -0.6584787386446016
0.1431102014737236 -0.4327845826424241
0.16017852394737553 -0.36947608820350303
0.17899918162335793 -0.35189016520379507
0.22493570812495856 -0.21214588956118344
0.31117814011101974 -0.08347760081879466
0.38754704046513383 0.057731770199107954
0.5025747325040487 0.31723444207314905
0.4907190860927243 0.29075517941825624
0.48320719584421284 0.238270020994194
0.4158536465498399 0.16128235730354656
0.40763904677869395 0.09147841942835991
0.40903497676211753 0.07253081016719536
0.2673502512500994 -0.19358512400849961
0.19994429527174387 -0.35008045319505526
0.03369687120093699 -0.723616013878705
-0.0651024608445055 -0.45772918139523255
-0.07059507850152705 -0.43980673109772217
-0.07253893767742854 -0.4394523813636466
-0.09160965564517545 -0.35672718096142264
-0.11569524262028008 -0.2775107024485862
-0.2003055007174974 -0.029164014246918484
-0.3170716486635942 0.19561087328098795
-0.35408006980155143 0.3441709643252773
-0.27817456629805803 0.0970221348419992
-0.2550235148180291 0.06104974512767963
-0.24594292215948688 0.04403188672512034
-0.2332893848366753 -0.018126698750890218
-0.15226351321860232 -0.2464197465055428
-0.1045324363182203 -0.3597622320113741
-0.04661545798159685 -0.5147443773114281
0.019087133874521156 -0.7125373232357035
-0.01728096860723881 -0.6530472399407637
-0.007784021207650163 -0.6353214525541966
-0.12913919566342275 -0.3774069890081808
-0.221570545144974 -0.20244109240313163
-0.22360006545432987 -0.11404037237567775
-0.35601964676839337 0.1108275925119139
-0.42762030179604954 0.2727842262810929
-0.44567854256254347 0.33994731935760775
-0.41720151150015156 0.2914865536777062
-0.27182104999849 -0.0012631899428994743
-0.20007602865982202 -0.16875271349614893
-0.13049500010444487 -0.3194212809332451
-0.08382313418893103 -0.40080578231248454
0.008824926626837218 -0.571459258666835
0.07845857313299669 -0.7447219246995374
0.09419638087013747 -0.7651718114821187
0.04113773699117565 -0.6680499934159518
-0.006667236466578955 -0.5125465687281047
0.009319037250619258 -0.5058442815894075
-0.008527270352000694 -0.49840706494630743
-0.2048163873423352 0.0448876837739667
-0.23030143121958013 0.12766076458674103
-0.2645866652961061 0.17308576810465476
-0.31073342393312986 0.33107363773299076
-0.27187904663534734 0.1824592499357074
-0.24995948395924777 0.10322629355754945
-0.18893898006370305 -0.09768022525696908
-0.11387191360407471 -0.413655846017028
-0.10261303649213666 -0.4302277381995628
-0.07366353147508924 -0.47030004999956393
-0.08763577581079655 -0.5032400011950607
-0.032381288070404586 -0.7141723361456493
-0.06503740413247217 -0.6710354172797518
-0.04930470283649202 -0.5879152171942187
-0.06538954646442507 -0.5787281508889515
-0.11012080934329808 -0.5190565074933411
-0.193397972280014 -0.23205165512035894
-0.2738701055258955 0.08531336562318653
-0.3191767562039636 0.256050336314508
-0.34442722561760397 0.30702343577831576
-0.24554929395887276 -0.06785725802525713
-0.20514634716580654 -0.13611452153483658
-0.14033446662483234 -0.4363866078007724
-0.10410123723848608 -0.5166819530912913
-0.08201862952326226 -0.5658479709433211
-0.06972354166359039 -0.6393407179669774
-0.05228834812077679 -0.7270249422482924
-0.023725277122534093 -0.7795780920964407
-0.030084688853321582 -0.7639154050391733
-0.06710982984850115 -0.5734780292488147
-0.17279971045421103 -0.0991680472716196
-0.20126608503715265 0.08387964302418961
-0.2110562275025139 0.08849884221485009
-0.27151907938828224 0.36350795807513586
-0.29079166549298574 0.49967901234234324
-0.3031040159810675 0.5044030144125591
-0.23066631575280658 0.2250580457227567
-0.15485157891942414 -0.07129546215187835
-0.16954416218537408 -0.08681920858747665
-0.13675596754353028 -0.15597990625198274
-0.0921570068411791 -0.3372636457494396
-0.09652570948219194 -0.35686031008422026
-0.06018700258635326 -0.5342761165366752
-0.0044760597485521934 -0.713651869605631
-0.00995542705403454 -0.6989091150591491
-0.11420992259071594 -0.5721621456648293
-0.21751844713266896 -0.33818422263807313
-0.4592673368558404 0.09038660185025206
-0.5221557685299575 0.19049371861927483
-0.5479195183001689 0.2122797930040828
-0.5592995013042856 0.2442906252429851
-0.6161995815047814 0.3356956952433102
-0.5540895878047164 0.18884297079952544
-0.45261772733042716 0.026122835735405043
-0.227738813852343 -0.40842839516837237
-0.23342220298754715 -0.4136121496671781
-0.19561145602108382 -0.48981881346948275
-0.16002413991116277 -0.5312874170293298
-0.07919591160945345 -0.6983314632338095
-0.05363523741851331 -0.7410203136769424
-0.03662469008783623 -0.7323295681738847
0.05520653963014349 -0.5133202656164442
0.07281212226142532 -0.4721509673091148
0.2274746976775565 -0.13091630708149007
0.2937940085486695 0.030637932302472994
0.3654687971789788 0.19361227225789435
0.3680785232523729 0.22270294734398682
0.43503391475045783 0.3322535113507702
0.37380257942980877 0.15941814744060645
0.35975845643321347 0.1430653850850827
0.3189378125252757 0.03802694816621684
0.2333716091909584 -0.15736067120400987
0.2283003991667164 -0.1878150511008923
0.12469101171355687 -0.39676595176685975
0.10324881004015443 -0.4901207580758439
-0.016396490573651355 -0.7486699057372164
-0.12794922103931575 -0.3624992475595825
-0.12436079830837857 -0.35486674450969463
-0.12045068311635487 -0.31847970248763574
-0.18057916938796764 -0.12621619925540556
-0.21234167312328342 -0.03403283547201539
-0.27933961461235557 0.2678136574272928
-0.2792570238438704 0.3022212644680682
-0.30705473529582994 0.3357791454296871
-0.24731682732209057 0.0891431221813022
-0.2647522962032961 0.07335888184798664
-0.2062406640363503 -0.13301190999391796
-0.18647136855865432 -0.16087283089173482
-0.1266303675532455 -0.40266039489478833
-0.0758171796735182 -0.5704105068232197
-0.02268840098536722 -0.7371432866479521
-0.02611041230392845 -0.7823945702697597
-0.054092784803211724 -0.6158481475134726
-0.0725617570361651 -0.5438836301868193
-0.10993034893048664 -0.3749492531576183
-0.17367952595186636 -0.16023418222827845
-0.19910778213154134 -0.12364642427422137
-0.25466597676271663 0.13488724304857186
-0.2679693632070892 0.23183936591895474
-0.30214309695711766 0.38397965194754863
-0.2861004188218902 0.35192923591519715
-0.24826309243196143 0.17209957810183207
-0.16423541685404197 -0.08412921524496322
-0.14498666071280175 -0.25277500731316715
-0.09684310028417564 -0.4072823423468528
-0.04374416097936825 -0.6253779529594389
-0.007471608050718785 -0.7390930147111119
-0.007185255503383051 -0.7425687528856766
