0.01650755055985087 -0.6760159182103405
0.022464157713019437 -0.656809852584553
0.04172589426617766 -0.6566912753081945
0.2152846205350659 -0.0903061557323808
0.29113912626642535 0.1588028366708713
0.3315935350056285 0.2807042887844531
0.31044774073457115 0.3197267248839492
0.3512361911074866 0.40586226667189895
0.3354447703343271 0.32229530044304405
0.2931212622045067 0.20147708693243613
0.10872212382266336 -0.5045590088521636
0.08532727054779296 -0.5143090479996018
0.091351238686344 -0.5272837719618895
0.07898733853225208 -0.5577920005371085
0.07542701527886009 -0.5705688673612133
0.023640390654116532 -0.7446588226838985
0.021782829368068274 -0.7419329539750558
0.00530894631462105 -0.6518175789923973
-0.01280890151191401 -0.6344188597254441
-0.028383295155727992 -0.577997445805215
-0.10827366804432453 -0.32753934635657334
-0.19110583565452963 -0.03336125125717416
-0.282947850389746 0.2810909236709976
-0.29735455820371437 0.349164932945064
-0.25396336511605905 0.19937392796785416
-0.25482166199009926 0.145384311505309
-0.20361204485782688 0.018361041106242107
-0.1807474904455798 -0.22126052848451389
-0.13944079208294766 -0.31361707562934554
-0.12761853641491677 -0.42731222561547333
-0.09343125705645704 -0.4853270673534432
-0.03430657537768441 -0.7823877808502945
-0.07470675347605085 -0.6622964195517094
-0.08310917241123392 -0.6513290317842397
-0.08695262349305721 -0.6015020610214397
-0.13172012324171523 -0.4438007967219361
-0.15194324408544727 -0.43449503245831167
-0.2884462435228213 0.027550406217635534
-0.32926502392263046 0.09940794798860617
-0.3982994781898247 0.36348790326674385
-0.32915935580616956 0.19574709446553454
-0.3278020502086778 0.1087270362892553
-0.28698421413652275 0.055893078647021734
-0.2795257637667721 -0.04878787894252218
-0.27009334789624456 -0.054315107801568695
-0.07588992220172364 -0.6022492032927254
-0.0014252564324702746 -0.7571236770542183
-0.021042693659811255 -0.7661415477394584
-0.13942042898192697 -0.4722370547990482
-0.1498050208374274 -0.4702337599056761
-0.2755167029967976 -0.14792790098055303
-0.37737473558802076 0.16351730915900264
-0.4008543211588058 0.19972022932902253
-0.4268953687702899 0.2778982693906562
-0.43244042815325534 0.288525803351512
-0.47313960340200195 0.3863886881116786
-0.45668487445355915 0.3707149738793479
-0.45065736001408996 0.366373119636984
-0.3493823878235576 0.04751865761987599
-0.31039543875283604 -0.00038831094444760704
-0.2747915296722539 -0.08458361449784502
-0.23287085141303807 -0.18392259631991548
-0.11206603650897572 -0.5220319121140645
-0.02265270926766986 -0.6860014940239002
-0.007680122210826446 -0.6806334023275102
0.05321759255114377 -0.5000288736509737
0.19589262175859085 -0.15392105050088806
0.25048028870114314 -0.06462541304621089
0.2661441895432457 -0.05376856191001514
0.2643431386164013 -0.04404279901822886
0.38191345227413953 0.21666581385142655
0.39902184448386147 0.2652881745067685
0.37212277259041127 0.14166781030300932
0.31713792896050275 0.04422890980302599
0.271756150194171 -0.07439915354616156
0.2604628215923764 -0.10906475076946659
0.22646078789112145 -0.21078510246086407
0.14309743845267725 -0.46393658964967005
0.07388428936476414 -0.6205879994951722
0.038012436868132674 -0.7430512855449753
0.09162028789932065 -0.594209882285547
0.13567872897004937 -0.4887156671638271
0.17131139194628955 -0.3478383048410236
0.18333504222956765 -0.30622797393095286
0.2564941489019455 -0.12969308659209658
0.28536717219756086 -0.07991645161209684
0.3373939072075165 0.13115695853666098
0.44806181017591873 0.392775239365247
0.42921216384086025 0.35916079089659847
0.35284855883448624 0.17014286678041668
0.338805044813322 0.15791387870709006
0.15418715517039605 -0.3973956466551358
0.12068646971436427 -0.41646344237044525
0.06475038711022321 -0.5386588382189985
0.007967496053754792 -0.7205081705092979
-0.007879182807299922 -0.7655921735821385
-0.11746306755213623 -0.4486011960612324
-0.24971296219061373 -0.05332534786771363
-0.29206949414103317 0.04555556456434091
-0.32559205431814736 0.11126002762609206
-0.35537581924705003 0.1688346002351867
-0.35714704450934065 0.21822272101726034
-0.3904073834318149 0.267689937111588
-0.3751602537698023 0.2936253584672475
-0.322128233988113 0.13251778175929016
-0.3014725182033389 0.09269524021087408
-0.26276371242808694 -0.05250671116860204
-0.2495735238134089 -0.07410318974856281
-0.23644195955798616 -0.13709825087652322
-0.12651925256829286 -0.5143890605203294
-0.04142692995621476 -0.718116071067958
-0.033465473821886194 -0.7512875621336009
-0.083363108250995 -0.6427376079635934
-0.09702603504040153 -0.5688017806471907
-0.13744759555716587 -0.5000456316968382
-0.2580389740119612 -0.206732549412039
-0.3569047842003374 0.08776659551654754
-0.3930377663416701 0.15154749281391072
-0.40377223570369475 0.16803894099381142
-0.49646670864108666 0.3965896079905441
-0.4923646037098901 0.3911221878529046
-0.2628078139007765 -0.13155938749932442
-0.1631688339738952 -0.3989980801845348
-0.1611309809069196 -0.40721204435917807
-0.14679968725139153 -0.4626299407403773
-0.12998415852997333 -0.47544989383579533
-0.09955662996439424 -0.5634679935387469
-0.019761492705978104 -0.7579054471550508
0.0084526268361525 -0.7385766621858382
0.02189949274897167 -0.6645197593115725
0.07601907716559053 -0.4788474087151442
0.18400335495505085 -0.2258430970041984
0.21102417024486836 -0.11706719491694062
0.31462755855650687 0.11964072647114514
0.4059658807555552 0.3516334138597205
0.4273236080502511 0.4110396749762603
0.26885382038011635 -0.021175073668103186
0.21799504270459644 -0.14971230985522593
0.21172641320246627 -0.17489398126494737
0.16228790979663438 -0.3536518344949448
0.16853645696429498 -0.3609108406484902
0.04226436692393717 -0.6334010203664124
0.01813688391406914 -0.7224632320936495
0.0164892712415364 -0.7256997581907172
-0.037215526057619575 -0.6474371463246271
-0.079517947310163 -0.49030936933249425
-0.18428482130123863 -0.20234038684196462
-0.19727707873023342 -0.1768431968037383
-0.24622283696692474 -0.03884924455936297
-0.30560874509463465 0.06674709339518049
-0.30607939894372355 0.07311696647413626
-0.3842478325416686 0.27367354396646654
-0.3105392995364483 0.08679579045825252
-0.27713656217674937 0.02416223967636702
-0.2304892573216195 -0.12242831048403416
-0.20114787897285322 -0.15346409405380998
-0.19996335594559228 -0.2161965192632737
-0.05536395753745762 -0.5425053932952051
-0.03067905654682761 -0.5911741551057915
0.021442284999094702 -0.7256759692443615
-0.0927819441743141 -0.541879785501143
-0.2114651362452641 -0.29814646468760275
-0.23640011868188282 -0.26411205811878313
-0.2654830778361319 -0.17840367628635492
-0.3503955629666006 0.02367164720179702
-0.3601493292615121 0.04458703963469215
-0.4128632034955955 0.11162386848461445
-0.47892004826361145 0.2422431337425969
-0.36211854956946865 -0.027864120690443625
-0.29234297118950253 -0.1658137664987422
-0.24848305342314372 -0.23506531060576313
-0.15730116569395525 -0.41679493345665
-0.07955569647300492 -0.5833919241132227
-0.046208473683903746 -0.6088997681541413
-0.020235902893416244 -0.7034172130260538
-0.0016488772468340913 -0.7265965564843175
-0.0011145056983058975 -0.7124800191737485
-0.047773610904109184 -0.5758843055120645
-0.12219415376365578 -0.4119750231975991
-0.2141826635341023 -0.1817553627024715
-0.39640527309175083 0.26263615116991945
-0.43443364225970693 0.37999680030389005
-0.4101830421388032 0.3920715491438926
-0.4319473915272732 0.3938112805610038
-0.4257964905101603 0.38525543668021506
-0.39223098118070493 0.28478249723358234
-0.3744406958716776 0.2456902192558199
-0.300956113035194 0.07943806410061295
-0.21383293331081965 -0.17560402366665878
-0.23037722596599836 -0.18242099890389218
-0.16151997672024337 -0.39401771804743496
0.012889548611181488 -0.8062273358367097
-0.013691712854064625 -0.7486005458651523
-0.033318296560204644 -0.6686940700096099
-0.08329461085533717 -0.5561565452150717
-0.19715372347703938 -0.27198139441531155
-0.3168638895228509 0.030556349091389767
-0.3814899069266051 0.2424412184749719
-0.39825036637665157 0.28460244861955986
-0.4158970698129304 0.2881616985897093
-0.3420901288403315 0.09552130830954576
-0.3135265093293836 0.03201879999051244
-0.2585388733605569 -0.13153972120761687
-0.2164161002461735 -0.23052606625438873
-0.18100537751210918 -0.3151623947033651
-0.13226676446827818 -0.4658015587992603
-0.09913251853545767 -0.5585474818869365
-0.028311575974369195 -0.7541053953703697
-0.0643095404557542 -0.6547619702973473
-0.0840081203362997 -0.5950832432277203
-0.07608709929474847 -0.5279632506705705
-0.124770887231319 -0.4977681749442574
-0.1162663694189897 -0.4442345727722376
-0.28056333665271505 0.0718182527005389
-0.340979544777491 0.3374198493058171
-0.36056441680830037 0.35948150623987546
-0.3111301591293031 0.1583000119077435
-0.287646723576719 0.11537369248718242
-0.1555580700698476 -0.3271349067837565
-0.15386114348237911 -0.3424052103961209
-0.15975594235046026 -0.36134063590520227
-0.13056536747812986 -0.38713189176407486
-0.12640206318386146 -0.47041084350561013
-0.03501710393445609 -0.7386458618064015
0.07038692478916103 -0.4072397949696563
0.11168810661111388 -0.37690756377179613
0.12323784074018053 -0.32480589503326585
0.13055229032385177 -0.30606970552434654
0.2161983126194836 -0.03282807445805995
0.2645785772871927 0.07234742576349319
0.3141657706406767 0.22282182222303154
0.380618305346894 0.3996481853401206
0.3123623932154684 0.16712941897677627
0.2997777305403287 0.13989960862929152
0.292003132933389 0.12903865470307627
0.20885168571468832 -0.12631264229382705
0.2082011991783269 -0.16368288692670424
0.04121698655157195 -0.6200687830529849
0.0010825836917594835 -0.7761753778527968
-0.008342573004286554 -0.8100508171121842
0.16669652212814792 -0.40252679087878984
0.18626663963943688 -0.3260175045920438
0.1902637701466922 -0.31118614641718934
0.238048597826736 -0.19095810367567093
0.24000653962187657 -0.11541613816787798
0.35221999945076765 0.13517485619613878
0.40601272764429225 0.27325002814880406
0.4199572943349344 0.3096585057742586
0.24238553445565464 -0.1454317654718936
0.2328147075676669 -0.16510546216378122
0.18340174997487965 -0.2542136884968828
0.14625939688155754 -0.35160417953124506
0.13044090253250387 -0.36616413846495155
0.10904445204621545 -0.4614361174623283
0.09730759431218351 -0.4758808583541976
-0.010780027462889398 -0.7292049118522034
0.04684166283544983 -0.6060041896407709
0.04371666088477516 -0.535849407704205
0.1316550723954144 -0.34830515002839957
0.11605771232468715 -0.3080203359100891
0.22235925835295614 -0.020706664628452272
0.2427558761132197 0.039544340525798236
0.3275518736020283 0.31714870730926925
0.3734906724178841 0.44829111398170574
0.3451053907033257 0.3452433458543745
0.3204118335119507 0.19482393988244068
0.26951106881496817 0.03486547016874079
0.25097499183233235 0.008922505098470711
0.245480097271373 -0.0628604732292632
0.14609901261938302 -0.4137497266340558
0.10303388885784624 -0.5878643459680345
0.06262532640465157 -0.7586344798809543
0.01203843808270378 -0.6366426608783647
-0.10662978496250533 -0.36269113035165285
-0.10674496476752372 -0.24238708372978152
-0.16389301990732846 -0.10060737100479289
-0.2087916293311818 0.039053603006393114
-0.2955428330519561 0.27810574992465004
-0.3587326516654962 0.42040307424359813
-0.356616369223273 0.42123981961460105
-0.36710644737040177 0.38269386445879694
-0.34229263125340503 0.3421991479256843
-0.30914616645692766 0.24871828287244785
-0.24563310824728044 -0.02006696137829247
-0.06133412897484664 -0.6791055374892774
-0.05417347193577004 -0.701463897585997
-0.046149907194285855 -0.754457544103864
-0.02521234717841032 -0.813949213668766
0.05504211621027717 -0.47842745615075355
0.09605540722058128 -0.31642493958842804
0.11720861355419952 -0.22413943430231323
0.1295195669768452 -0.1641837186010371
0.16014360041324852 0.01869824771927868
0.17847852054172061 0.059798190536737926
0.23768809451437992 0.2931118569993605
0.24392576008972316 0.3615482680019814
0.1734964713472028 0.061838374197120495
0.15836228612025968 -0.010359126379691068
0.16857206701277952 -0.0971460899677537
0.14458636207858977 -0.09831212184042006
0.12435361090574164 -0.14923870047025153
0.10147874554980567 -0.27941680292458276
0.06378477330351397 -0.4365588901405164
0.0050196655178833165 -0.6969480766708774
0.09118523827757712 -0.42173071085981867
0.12066354857337735 -0.3621922518295796
0.1738124189417412 -0.20826918203820746
0.23094471987916387 -0.04132559473934359
0.2418579352190624 0.015377275828389478
0.28463642989535753 0.1645817079080988
0.36082490107658116 0.3703235811252853
0.3651641741635526 0.40596918732795867
0.29699940329650953 0.22886634221359659
0.29513055853212233 0.1533683655340158
0.2784142872130415 0.15822059850341924
0.25267882804811725 0.13867898354043856
0.12961085622577517 -0.29055559212037785
0.03908647888861855 -0.47939568286442164
0.05177313772936655 -0.5429368290256015
-0.03418600007404219 -0.7373741014446046
-0.028330453192779582 -0.7349708727724187
-0.046977840499415585 -0.7060564353116777
-0.08978444220043044 -0.581767495554647
-0.19567206376056506 -0.30406263415820045
-0.24742614409682864 -0.09576860571718888
-0.28702772403084215 0.02054681464737435
-0.28045434062303815 0.04009711178619458
-0.3762509619703596 0.3369987658412917
-0.3143687204699544 0.15876862406681755
-0.3075053904965977 0.14138164373841883
-0.21556830821402517 -0.05995925974604228
-0.1989085939541708 -0.11662400436921777
-0.1938697039820717 -0.1441927361362244
-0.17417703207975785 -0.27173493209448446
-0.16431021584320923 -0.2914253276689086
0.01227840236643183 -0.7463175182344753
0.0867991166647978 -0.5482500752905722
0.10724185752245319 -0.4068443663518277
0.15398571011129064 -0.35876353489681106
0.2169778829603422 -0.11301403697030143
0.2765566364111573 0.035657049197622394
0.3145100996115215 0.09355962292986338
0.37008620379236074 0.35215867525441513
0.41364727690702546 0.433406631086997
0.2888630920182092 0.029670658682292624
0.24748255040499223 -0.06375856114101652
0.1735136607063853 -0.32088213974782115
0.14269199951133318 -0.3718468919605004
0.04599226706007465 -0.7373161532125705
0.02534196914168412 -0.7927672390808248
0.007769977564157834 -0.8138468158600657
0.011406424152616538 -0.8182934882438816
0.011404182083999896 -0.811390640051495
-0.009174486849575383 -0.7866687175055075
-0.07987818217061265 -0.5759941220943375
-0.19425556697654164 -0.25272829350937626
-0.23558162326369506 -0.1362281105715876
-0.26275071739825157 -0.11967527398609625
-0.3647151819983656 0.1697177187612121
-0.4042277508422238 0.3080588125363108
-0.3778804353349276 0.22641514504982094
-0.2932630859821761 -0.011332525182600733
-0.23228052379746117 -0.14126184632715943
-0.19067627313794622 -0.2558741311310532
-0.10025407326494847 -0.5080220299765019
-0.0696006255205486 -0.5636465307516376
-0.03718405243606675 -0.6551475466443936
-0.017080065593060804 -0.6974563897716597
0.07837673513985584 -0.36873796774785583
0.15002988868193318 -0.08823101844127212
0.1722790252432882 -0.09012846319575318
0.17379935414827047 -0.08306222679325895
0.23646044751402961 0.13692550023751968
0.25649729886854844 0.24939679106303225
0.2648832434632903 0.2643981619977973
0.2955854784068306 0.35359189087711274
0.2872454164475387 0.2810208195390561
0.20616543286884126 0.008024270894885183
0.1578937479283886 -0.10522892326068482
0.1551488924416127 -0.13287944610833086
0.06824420233656388 -0.4137520328040368
0.07124378645511721 -0.4426314112345258
0.008973874534721047 -0.6613449218216015
-0.010449860752384448 -0.7168096146850809
-0.04742523008053986 -0.6296278761973285
-0.15158160347281777 -0.3474010398027999
-0.1733910706456725 -0.24477364922640996
-0.2434335965245864 -0.13349183984178506
-0.36106276578383667 0.2365702023691535
-0.38668086679396874 0.2862154546202474
-0.4213982882478578 0.3946567481722707
-0.42460359407373455 0.39692664602897865
-0.3645533329343775 0.30726991107048435
-0.32041466530674184 0.11793861804810098
-0.2935340190796902 0.0734010633795086
-0.22616561372895758 -0.06735808258132116
-0.12239125599050162 -0.36301351340441584
-0.022117106350585905 -0.5768697214002145
-0.014539237920092976 -0.6236894923701524
0.042161088946373645 -0.7699160134551934
-0.07972545130488914 -0.40862451546811307
-0.09945061267257475 -0.41514941579578657
-0.1380489130051838 -0.2938763649869698
-0.22116494423414146 -0.09536432861335592
-0.2556989699956088 -0.06609147499210999
-0.31357645523433264 0.14430203954191032
-0.3455980794372102 0.23983123229352377
-0.3731640529376848 0.2868320463780722
-0.3738110841660018 0.2542427855765011
-0.3080268635548858 0.04900437970877227
-0.28088086821150576 -0.007424190870983896
-0.2757977720979337 -0.02651055125387845
-0.2628331788436097 -0.06473796487572146
-0.25017598826945486 -0.07072882987410714
-0.2563643337766399 -0.13977998842662423
-0.04731838278202428 -0.7452034520653883
-0.030695459131027298 -0.6837914028564904
0.10688461027536256 -0.3087134787736304
0.16163884228125047 -0.18719925961450345
0.2178451196158913 -0.07245107658242324
0.24758210775726597 0.10099860963149636
0.31359027316541854 0.22941875974903916
0.31741591229218763 0.24657866926428054
0.3498196821695649 0.33823066638821864
0.3323290968434739 0.30543536425888723
0.25682705779722254 0.08342326359140415
0.2605708695901277 0.0529472481314453
0.19040840926974906 -0.17684955520329096
0.1482006825007372 -0.3372715544424942
0.05276951184272517 -0.5746546007004935
0.015773256749632807 -0.6344934034370493
0.003642827004394095 -0.7540826575420396
-0.0230376421390279 -0.659702994565712
-0.057299513238516876 -0.5896739741336476
-0.06800540080120779 -0.578936111534637
-0.10960798238353572 -0.427689237155017
-0.13620455437028928 -0.35926305038828177
-0.17847860010380034 -0.26488437236600415
-0.20983514150169008 -0.1424608420220707
-0.3741849600651168 0.27952186025336706
-0.3634981604972931 0.27251763246339183
-0.25440724486682365 -0.03205891566512069
-0.21497297471937651 -0.14300490094954948
-0.1966958810948795 -0.24956005492877148
-0.19832423388113515 -0.2508922188690361
-0.14284277860897454 -0.37054631359676166
-0.08909389682924702 -0.530891566534365
-0.012800134548774255 -0.739577578142633
-0.054532240938236415 -0.5732949850120308
-0.09027216859475165 -0.5134972589026847
-0.22820890604373265 -1.4739977630680995e-05
-0.313799892529273 0.24740987191850203
-0.30740920276259687 0.2671618843465471
-0.3418996697012054 0.36031441167563216
-0.3490208026977162 0.3926073571052907
-0.36864467268758283 0.4098400019630957
-0.26824572079678816 0.09823387766410654
-0.24658065458214035 0.018910456711545526
-0.21967968001433075 -0.058962920258249896
-0.1720449171319525 -0.21445930826391657
-0.1757733548469061 -0.22736967877887773
-0.11307240147301652 -0.41575759840199894
-0.08384847300484878 -0.5076504860682836
-0.015112890935960592 -0.7317338100905517
-0.07654875538894244 -0.6035202554172757
-0.0794981052903102 -0.5641140497166854
-0.11836581093923028 -0.48646843416625507
-0.16028080940004 -0.38715664499406677
-0.18930161265469403 -0.2646348401109645
-0.3362169448257981 0.0378789363682052
-0.33467263679710474 0.08582184591113794
-0.47308485818541735 0.4041389298295853
-0.4713152610926939 0.3591701016617427
-0.4494757929998633 0.30644547471143846
-0.4161014411065414 0.24883512220091192
-0.35570177728603375 0.10518603050774229
-0.34336311933163205 0.08362340696999356
-0.15338215381250705 -0.4079430587796083
-0.10319377003725827 -0.4422834268543058
-0.01721555761852997 -0.7345702144337946
-0.026452684269427942 -0.7161619019560084
-0.15942502152646681 -0.3250269711982435
-0.16215513772760856 -0.30922399068041884
-0.18918052316610917 -0.18233098686990704
-0.24028228145007427 -0.06912594620272867
-0.24574701870324864 -0.01033294099377152
-0.37126141667083834 0.33732657687397927
-0.3850242481923405 0.37958379316557245
-0.3521935371767541 0.26589919363083747
-0.24760082689290575 0.006655400399082045
-0.22645892278557203 -0.03330685046001602
-0.2293147340269129 -0.06591584806774352
-0.2056637707212161 -0.06287607065732512
-0.14827486477544663 -0.32084713513536056
-0.06091642077922335 -0.4782809792154865
0.022753232427455833 -0.7207134209793572
0.053650577852732084 -0.6424447730446702
0.12789897654531196 -0.5038494321701411
0.2639687274490789 -0.20471716426974015
0.2663746844436546 -0.18311119469001844
0.35279842971212194 -0.024744888605028173
0.34628948054240705 -0.007773952599798593
0.4311979479290671 0.1862294407305921
0.48056210877525596 0.2715307678530986
0.48221976392788657 0.2663647961677742
0.44887190893047324 0.1565684218089587
0.318069860704503 -0.04035899506000798
0.3115091910965836 -0.059229230386290715
0.15228162199844789 -0.3360945198995005
0.1339419881110113 -0.3879200775818503
0.13268887922524647 -0.39378597065923343
-0.017993397983871243 -0.7169398873384882
