0.12426017448432423 -0.36182485349083315
0.19471194643940665 -0.1853410970711253
0.19069343809067926 -0.1464836356264999
0.20694056466956015 -0.1376499162981827
0.26190447176032017 0.029614613703392283
0.3164869481043889 0.15571111712691654
0.371805854897458 0.32454892030507754
0.3915892886655532 0.4077706877279297
0.35366710446183747 0.22914576127030206
0.19099579771676012 -0.22389362995450413
0.15535993945915877 -0.3086587011475885
0.1365769158891706 -0.3701510766322867
0.10966178518828797 -0.4651666552295536
0.08134500032822475 -0.5003002459003209
0.07685360482736549 -0.5563847344832445
0.024832923805557985 -0.7093139708041769
0.03253047367373902 -0.6735489183517647
0.10209767048973968 -0.44036363350025576
0.1407734751722504 -0.32154323059196105
0.22364843275371843 0.027440234122981636
0.26053332383735683 0.13552400755427715
0.2748854598414338 0.18074975433783746
0.31711029643785266 0.2591858657128268
0.3427794464033043 0.3803495802442363
0.26993233466547234 0.1991060962735736
0.2555329738776527 0.10929193595553877
0.22172759889437765 0.014623324463590479
0.1673272817910206 -0.17415236419352356
0.159611899797946 -0.21451325639777266
0.08328420566372534 -0.4096515464694096
0.06737492556716575 -0.5489158340914406
0.0005642973338116093 -0.7696651864415042
0.02638909880530186 -0.6153294024368257
0.13162072321601348 -0.42744422494477413
0.2330192601651982 -0.07142150950164836
0.3727304625343754 0.3110794558150229
0.4062974175407823 0.4005502850813975
0.3952926389674318 0.4167333819271362
0.40388654844896 0.5101331631277483
0.437209693299862 0.5396894267235517
0.2520752786564082 0.07232034512600363
0.1663490217697991 -0.16518340869540551
0.14146966132766853 -0.20068949799422575
0.1481189035753759 -0.21465058209249166
0.10361924237132529 -0.32558347853671704
0.05276414452735834 -0.43692449456137245
0.04153974445852309 -0.43904499795442026
-0.07859965325726362 -0.7621680179799266
-0.0999206787613862 -0.6924293119676471
-0.11880060268373704 -0.6446832102180726
-0.13198693576041035 -0.5548568595401401
-0.16507681844370078 -0.5552972873614728
-0.213071533054606 -0.35884004828613714
-0.45825295548843825 0.2767230666128997
-0.48789506204134103 0.3737659006225933
-0.4855291422651965 0.40035280841306276
-0.4789565597959045 0.38811333764344425
-0.43292599478871546 0.2908529388713334
-0.3169955453536145 0.07505140672957228
-0.23069307564030456 -0.12198729597087797
-0.23478008914464282 -0.14620534105344554
0.004863708191399052 -0.6444384934439379
0.03809131345736518 -0.6606697137745313
0.06476256668660628 -0.7382726258095381
0.09197342234070367 -0.6417287171197471
0.12147051422759976 -0.5544190972217359
0.16866082924449666 -0.4110831067716951
0.16259672784330673 -0.40064996276396214
0.2328424582316983 -0.2536616931817793
0.26124376273705635 -0.10906460577622926
0.3748126430078407 0.2164915616145103
0.4068970901471046 0.34214494632538067
0.3862387222073282 0.28218543055302425
0.40507020414184486 0.26080460898085006
0.3710161493815034 0.21288516829062476
0.32931669110553563 0.09694810024972608
0.29150635419980087 -0.014597192602547377
0.2484607216873837 -0.18000002302366186
0.21127128466989983 -0.3391257978708813
0.08218533012423627 -0.7539221796052131
0.18248547220528613 -0.47258570143946244
0.18949965594633808 -0.44407404747201124
0.24172979017512392 -0.17339044473737303
0.26246070578444614 -0.13322835565662453
0.3177137148965449 0.011469323631825953
0.36710197759609725 0.2221646788936602
0.40287621950885383 0.3256731117962848
0.4111884988716015 0.3594405975773681
0.3833555507421483 0.22909934020699727
0.342246721458593 0.12740949597428156
0.16918578474586962 -0.2641395496312921
0.09142666602117075 -0.5001541998351628
0.09374545857834442 -0.5151610195367695
0.04212675828329491 -0.602455655934953
0.04249133713347545 -0.6064665339422755
-0.010273643594036 -0.7628575479679163
0.036319657478501605 -0.6522077653826279
0.0812811049591852 -0.5516764975858593
0.10707479776242307 -0.47791651468455487
0.12244823169832035 -0.44283231105204424
0.4167535531502229 0.18299889006069142
0.45837970003121215 0.3470500024506519
0.4888194712549923 0.3565221991713826
0.49391748147264736 0.4075577375407651
0.49937427694633457 0.398502574242375
0.34245424569472516 0.09202136122435071
0.32821648651561514 0.053730487794165685
0.078038343126423 -0.5716744977478957
0.056413797178649396 -0.590282007351834
0.018614932986303432 -0.7132445409109273
0.007217371736169613 -0.738833523393451
-0.011549712745484188 -0.753728558678235
0.0026081849156847203 -0.7468585757300413
0.05363606662829659 -0.45836859408366437
0.06926527658397151 -0.4186361389406077
0.1271290752673347 -0.33106442731389163
0.11937997800654154 -0.23946319621850012
0.2740906683886267 0.2949768273245824
0.28411574248115673 0.3063522751905789
0.30153831577509416 0.36639108068534143
0.27028587919255176 0.2415096163673629
0.23302573948771096 0.13987074008274578
0.22536063072000448 0.10870883006400472
0.1993593035573598 0.08343870142459664
0.11547867419537182 -0.23527176457258164
0.07551164100574331 -0.35748420969403566
-0.01498214692123049 -0.6044224098466899
-0.05008782443352758 -0.7422471035350204
-0.033617856094477934 -0.7412558911292115
0.22925082679981834 -0.04892007469370332
0.2635815286010013 0.028746070277668238
0.31999437609175385 0.1661962520080872
0.3305061641479448 0.16604052358717622
0.37353577831506335 0.3025436208838718
0.42310450683897954 0.4223330371389286
0.41996340198401366 0.4319617682158364
0.31707072372677164 0.20808743184289016
0.2906297262366615 0.09966618902889553
0.17983056580976625 -0.1956415479270585
0.16696650076364164 -0.20630711436090501
0.08086703720693159 -0.38707271468809445
0.08903465753359024 -0.39602694687479406
0.03348276546311639 -0.5355665021699392
-0.037900263072878165 -0.7147280610427744
0.115071984130334 -0.24528529575842908
0.14522629341114784 -0.12305554252047521
0.15954303840813283 -0.12732363962876192
0.17160941866276974 -0.09865922108597783
0.22886891877176715 0.11398182162633867
0.2213816398552249 0.1178008613453609
0.25203359329434516 0.1849829022347802
0.2941296780834942 0.3297244561465544
0.22077017738986968 0.06623866271528787
0.21893333297777345 0.05369264646545487
0.21614006860315976 -0.03914123894571184
0.20969113762096608 -0.0850009652739726
0.17090650736836682 -0.16010327157065848
0.10921852335737857 -0.43241956039124085
0.07830119445638231 -0.5934226623708122
0.04771339533344329 -0.7490624278188613
0.047620060939171885 -0.7032106891824559
0.014459885536436247 -0.7004079165117876
-0.1471030059864674 -0.31983014241218616
-0.21708709565138537 -0.14966227540770197
-0.25350900411687244 -0.06556378715220221
-0.2701812508530152 -0.026252643561041043
-0.35678179682847844 0.19974099718124208
-0.41623124307355686 0.29273352557473
-0.3758111171654824 0.2420387062641292
-0.3259187524387771 0.08224377633548487
-0.3106355499873346 0.014188118090069653
-0.2516058286360463 -0.16243147234149655
-0.16805172236952248 -0.3436478122493239
-0.10895412349835436 -0.5444455450837465
-0.08413867641312066 -0.5840822465678657
-0.03534508513247392 -0.7614498426117292
-0.023600978128223756 -0.7237576810732353
0.0028828283480534685 -0.6016243577823277
0.0470413164030596 -0.5848122768410841
0.07220074604200352 -0.542414064086556
0.08044021278705703 -0.4716240523070006
0.20297854629500306 -0.21859769131073908
0.26984501824282364 -0.023345685852273992
0.4487535338838219 0.3823695318340457
0.4102831666044831 0.29013198764415077
0.320404650124387 0.11077184926278115
0.29809504475622894 0.028337298688742
0.2161568310077136 -0.15628339860302856
0.13102193211680604 -0.3436254460484041
0.0025586301942477985 -0.6761416355282348
-0.008134358295003303 -0.7027780035100143
-0.02748599909975156 -0.7469185099772753
-0.007641620448074699 -0.6808650993975491
0.02928366710069254 -0.6405307243373437
0.035573526581788625 -0.5886480308191808
0.06250472683237274 -0.5394556145062688
0.1481277501397079 -0.3757689901882722
0.15472404532259862 -0.3263684420017435
0.29270373023945456 -0.0014228964636480651
0.4067189292997257 0.2635190851917767
0.3825101589287492 0.1976647200470601
0.2983386540146781 -0.02556656876189875
0.2811154736963577 -0.0634575408578388
0.24082007064536004 -0.10046991468112662
0.15930840311226738 -0.3184439422357881
0.13508453715849802 -0.4279838228045484
0.11156133508477607 -0.4411267470964664
-0.013716526589583694 -0.7464010333531093
-0.009569435874893763 -0.7413452299794533
0.06269075916022313 -0.5569743676035108
0.08077932347362395 -0.5035446779491615
0.12357005319019274 -0.4416076652619047
0.15225100517504786 -0.3686550362908819
0.24626507211331217 -0.10786951205544722
0.31396000293195575 0.03472726641713207
0.45198951596962794 0.375557926281254
0.38367832044555844 0.19009076353041074
0.38303061752393824 0.18469984337445533
0.2906287189026092 -0.046366364587287705
0.20635834408820336 -0.2981198612741481
0.11687933000776586 -0.51939483381604
0.038909886769696596 -0.7211040684142124
0.028646590255405068 -0.7565088342408478
-0.005218090490725162 -0.8398472486229724
-0.1630071438113666 -0.495987887632318
-0.1768754928654374 -0.4952162594916866
-0.17485468555113656 -0.3980057366157943
-0.3140856742551439 -0.15202543826289608
-0.4119194370771703 0.06383406397497905
-0.4225360625626881 0.12700666065370486
-0.5618434196009484 0.38433875439887794
-0.5532095732706015 0.40304845379719323
-0.5271117626905153 0.3196864589816474
-0.488655414136699 0.23635977113989645
-0.47767634640121737 0.21746576579765378
-0.4473883677626397 0.1985891707721608
-0.25952615086665237 -0.2729373298493651
-0.169977917952342 -0.44381487087986904
-0.1310638652851326 -0.521319219807229
-0.010799449075357008 -0.7856388173177808
0.027490698948651124 -0.6517529088226975
0.05257762190770711 -0.5537735452309548
0.1277833603106492 -0.39303005145045183
0.14770100252924287 -0.3301682687314029
0.1673586547688505 -0.2609785680872115
0.354341433060495 0.25966458661317776
0.36243135696892437 0.2622461506923048
0.3976943191163709 0.3910459921252674
0.3835167343342265 0.38094176645091904
0.29756063180824516 0.1335589196819491
0.22562496448083902 -0.02430470794779286
0.1503334233830726 -0.29821820966577794
0.10272706797246609 -0.3727395456890394
0.05950692034779126 -0.5133423347889303
0.07928505377401548 -0.5244943584733222
-0.029797765238842217 -0.7760909166746334
-0.20209123892519731 -0.34336368666213707
-0.2577327720329577 -0.09555968403663692
-0.3141859981634799 0.03471732284129224
-0.3484667905054585 0.10579327293604404
-0.37497596985447007 0.20400267142105197
-0.38992766087394315 0.20431214401551348
-0.4739956622914266 0.45041006207871637
-0.470999493698887 0.4616049407556391
-0.43389380607049605 0.3518372163736926
-0.4115768579587057 0.298995823176588
-0.34444283014112737 0.11647442912039445
-0.24459067015337344 -0.1046207424311216
-0.23676047672470252 -0.10664810628668221
-0.1744160490916405 -0.3218547295759773
-0.09670758818336139 -0.5368083964833247
-0.01042983425243054 -0.7292909634128965
0.056440234919692016 -0.5512912951129164
0.07842174650852857 -0.517521729030276
0.14309123445856003 -0.3671095734715911
0.19354889855520427 -0.26482339747037037
0.19579196138269098 -0.16567189967397053
0.25687378035327235 -0.042564848539166186
0.43649121662551854 0.3317460672172924
0.4388878679464848 0.3628263421290072
0.4393111829813979 0.34723564331907236
0.43255112531125334 0.34498655512653026
0.33045634798590806 0.09014840946818684
0.23110428162523122 -0.20156388264585254
0.18361677685780167 -0.32841530980378053
0.16960405194233286 -0.35140131876048464
0.118793141648542 -0.4793127316738371
0.0021595763463363032 -0.779935641726277
-0.0023670499650615935 -0.7709801990917629
-0.016851856653376303 -0.6939119350975738
-0.1076370249920579 -0.45743801109719384
-0.10514984746019695 -0.4387224063606118
-0.20242110325857368 -0.21700837892472222
-0.2511686459081534 -0.08691381431012511
-0.31946622589674306 0.13113101226649004
-0.41949886121168656 0.4326755491080202
-0.295927745078572 0.1095043742012971
-0.2593693279896505 -0.0059545066127080475
-0.19452808979580685 -0.11035292638523694
-0.2110302290130777 -0.12184305491562551
-0.1957055897927604 -0.13124781792618914
-0.027374747795711907 -0.5860881159661039
0.005530126033441022 -0.6843006860533666
0.03177214696084969 -0.7316238692403323
0.01962412098688323 -0.728924855100235
-0.1866766565142003 -0.09610289488698483
-0.21483005516698364 -0.02015109817373728
-0.2505709686094878 0.09762221913711529
-0.27065665083677987 0.1491701380634612
-0.29215879998867544 0.21563164987590863
-0.30915240288222356 0.2582184845198958
-0.3374708276268344 0.33465985826610817
-0.32364477859721724 0.27364485848562886
-0.3074783356502957 0.2007583301936625
-0.24610686593589873 -0.07243028823617689
-0.19270940606982617 -0.24618080344778334
-0.11785412711871854 -0.4228767455376548
-0.13171017849628341 -0.4388420237271916
-0.11450402054840818 -0.4694861158044034
-0.029198791453807178 -0.7643727620677775
-0.03454647258650668 -0.7488637466531103
-0.04977769981733182 -0.6666992166192235
-0.09235819455950267 -0.5881710573660334
-0.18190006183070415 -0.2397983529825966
-0.23626913778426276 -0.161205316477121
-0.315301261156598 0.14518174122155195
-0.39774749440442686 0.4103380323385118
-0.4044303594536869 0.43100955838254507
-0.3897101892717402 0.4240194340257952
-0.381231460976819 0.39464465915397856
-0.25431961755025895 0.04570063863642417
-0.25267512721305524 0.008791722157969457
-0.14841770909870683 -0.3001589319911469
-0.1096647395001699 -0.342036284388734
-0.0901540690309815 -0.42566774181902084
0.027721996980678676 -0.7525933366992428
-0.09612390120154339 -0.4573356630982296
-0.10339722624330143 -0.41244651392598863
-0.21064245224963438 -0.10885064436233256
-0.30698768147356253 0.1606604292790096
-0.3126624794990005 0.179406756896521
-0.32183671402423736 0.1777668867853831
-0.32729540067946855 0.1930569031687518
-0.37301879670197485 0.31240272108695616
-0.37538297967860573 0.2953080817193843
-0.3425111169711519 0.2591601623402147
-0.331625009041534 0.16888517913161283
-0.2974914720445181 0.09363923948734677
-0.17680392610922432 -0.2112571114473834
-0.009009521611858034 -0.6665670545479196
0.018085580939633396 -0.732478460410608
0.03071482060393216 -0.7656166745562792
0.07493024911391245 -0.6031238058371511
0.14505470975054657 -0.43829164628545375
0.14312873897407255 -0.3938943259651218
0.16011004886566552 -0.34932964051446636
0.2248073393187631 -0.04355694059066194
0.26855094357411197 0.037479077299430494
0.2929249213734881 0.13557144504786453
0.33214302670016926 0.27691011981989255
0.2772832411535286 0.05089899250549321
0.28336739553922025 0.02623352290652438
0.25830414545354125 -0.04221298921287617
0.19667613034232226 -0.2920220809537694
0.17838241947491398 -0.3762213284054633
0.11125696417792776 -0.6159285398277392
0.10648076817607989 -0.7065788492486907
0.0712723778482035 -0.8044099261464275
0.03245186333776372 -0.7225141340369001
0.053252164345726424 -0.7086478263960729
-0.01996201596500072 -0.6063835642233776
-0.028596733431282502 -0.5645001869530187
-0.057099929848867234 -0.5256966242866411
-0.2522104922448613 -0.12303072437884699
-0.3441539180852693 0.07307744976676656
-0.45904693731349444 0.33176855855517995
-0.3718529574921033 0.17406263275897335
-0.2622508547843471 -0.11032304920807166
-0.19577227672027672 -0.2833413999228164
-0.1739582312962549 -0.29119930376621617
-0.13181213642174663 -0.39220653270230027
-0.020161253151748423 -0.6424777790389081
0.024227968190886958 -0.7288397944825312
0.025887918804554027 -0.7570618063207055
-0.024374300296692533 -0.6430778723304648
-0.05749811236821602 -0.5212932947500297
-0.10247288158576773 -0.38528372679818024
-0.14545476540068752 -0.291403663236609
-0.3119004855835934 0.13616953630704504
-0.32689603819104807 0.22149916004974887
-0.37680292679625116 0.3063672968168883
-0.38872233927479094 0.361547037177863
-0.3337377789413941 0.21283446808148343
-0.30835255113266535 0.11829111009757394
-0.22653158774976834 -0.053457785962702696
-0.18675446557057157 -0.2003472497730055
-0.1489332360637864 -0.21126826537786053
-0.08203324079673675 -0.44941412802435415
0.037067768047112114 -0.7500517340918645
0.03656184706096315 -0.7589174397578884
-0.0491442255929288 -0.5816431383203465
-0.11504265047595381 -0.4822690594523169
-0.1407573198933179 -0.42925190342746294
-0.2707763005073886 -0.22936591959492247
-0.4016055542752624 0.04499902483403562
-0.42280744304221807 0.04339501246296049
-0.5010972899618908 0.22097080028500593
-0.5175009302470579 0.2240880955063942
-0.492766531296278 0.22834423286624764
-0.32868030797604036 -0.12998410004297617
-0.28513938367068187 -0.1978776924639108
-0.17602119733739424 -0.38414838717608113
-0.14420094930171845 -0.4363626189145821
-0.0791283674235204 -0.5355045594010587
-0.016727680398298982 -0.6620432481936392
0.010985851328619001 -0.6987581189076179
-0.040788001473716966 -0.5536012289731859
-0.06865419007598274 -0.4252642721035787
-0.08771516490917149 -0.4205089480736581
-0.13233521205210158 -0.2530203355541119
-0.14930478796988986 -0.18174656485385168
-0.24308172733758684 0.07466392517816402
-0.31670896118534503 0.27400734116765685
-0.36384011188417975 0.43179570841125203
-0.3258412665733062 0.27023110981751647
-0.3124462133474306 0.2675751495372844
-0.29238037691003377 0.22484212796291253
-0.2988317745610867 0.18902850016248485
-0.25587269027800547 0.12501451017820495
-0.2523717894266617 0.07199736954036602
-0.22894433626157099 -0.06249096799970939
-0.0034960145154779433 -0.7566310688146408
-0.013336377235231879 -0.7478352396540608
-0.10472904540337036 -0.5369893884643898
-0.1452234524760611 -0.45478435358429037
-0.3662121242820126 0.06969419740894746
-0.4201352671662976 0.23910209175373315
-0.4215364929091739 0.24536342435308403
-0.46314190844704567 0.3185235257230374
-0.4928700906736364 0.3960356937884339
-0.4491633535905696 0.31450195751258875
-0.4279427147215308 0.21611513836689614
-0.3884149096235577 0.19929352793316144
-0.3142242439959847 -0.04741172040014933
-0.23474071911460978 -0.2150709348666917
-0.09082797224191995 -0.5742476746698993
-0.06055028877540481 -0.6693770492402243
-0.022906131079456934 -0.7790703886986234
-0.1616894365475368 -0.4168589224018594
-0.19210900463286548 -0.373511398199725
-0.2297536675703778 -0.20145893305107587
-0.26270734133152074 -0.12971215218481066
-0.2892610502686151 0.02141962561550724
-0.3049130287651942 0.07691003116283171
-0.3547054926942254 0.13849344223124516
-0.41208691169808975 0.3317967771228627
-0.3640557535087031 0.23038217891845333
-0.35339504568802454 0.19504112172002672
-0.2572640019183223 -0.007447506458818098
-0.20098459317580403 -0.1435424598205342
-0.14114869284378012 -0.25605441976133153
0.004775183700801357 -0.6553824093447117
0.03508344554785943 -0.6941666463121643
0.05851553271416318 -0.7324808930546097
0.029526712538676437 -0.66358425557164
-0.0971725489312884 -0.2917611231347581
-0.1982753357877217 -0.05206202216887304
-0.2356669156218657 0.0051685998704470715
-0.24530652242106243 0.02730653981762632
-0.2543560843284321 0.11683493722459327
-0.31361131006050286 0.21992978249180367
-0.3222633978079657 0.2502612268770099
-0.29897114956282866 0.14851695780453758
-0.2564369316536969 0.13713231547239854
-0.21614215850847474 -0.04655597872579918
-0.17199497742301134 -0.1606478226315211
-0.13144841824295028 -0.3432756568513969
-0.12566230539037734 -0.3597421673952692
-0.050747779743280715 -0.6617901540719575
-0.0017371820763811942 -0.7493964769387206
-0.09615592587982513 -0.4554191245172021
-0.12602460246650496 -0.35438369810648807
-0.18506366864990098 -0.19352344297612004
-0.1944614863174027 -0.1261515971717345
-0.2457743549190914 0.03961033549526537
-0.2676093656359019 0.07109805499703516
-0.314115350454243 0.24216359693982897
-0.3580832371612505 0.34782922506615743
-0.37455839574257627 0.33899706515297023
-0.25302069296236507 0.039220466459796606
-0.2016456698922205 -0.07240442811445427
-0.18435661859224478 -0.19004538008490793
-0.15265863672013832 -0.27009880464847996
-0.10114669636581967 -0.3838558239094469
-0.051483061842964604 -0.5637808984026498
0.01891559729927156 -0.7395922711706151
-0.10385840854648297 -0.4612019376835992
-0.10351416666662248 -0.4052729846051437
-0.1277328715866062 -0.32877167555270154
-0.1572413783852352 -0.30486588008412385
-0.23182025736711112 -0.14061910911838718
-0.27404693212289055 0.009301388984433358
-0.31332361473712017 0.05845032865496424
-0.44268178349785753 0.4129724780172188
-0.40136507722582815 0.29813164547147963
-0.29799985043679056 -0.014068276913808186
-0.2520514821243234 -0.09555719217036096
-0.1361300122781046 -0.4355721463437004
-0.12331831610567368 -0.4778246960403756
-0.1211494628075605 -0.49536520339354384
-0.043649196236957746 -0.6813471952422219
0.004950305627575073 -0.8334330606341278
