-0.016345091135270017 -0.7507502025196487
-0.06643495974016765 -0.513922991627362
-0.07347286504991563 -0.49939822803476247
-0.15215990912340585 -0.32579054971279753
-0.19234685347111202 -0.17122016653014066
-0.2920509118976125 0.0905596251217551
-0.3098861709885336 0.10028284201930432
-0.3671940150436922 0.3211516621641713
-0.28025060352501774 0.05732913162890627
-0.2538373302559849 -0.011660567619544539
-0.16964039896971084 -0.2470730413759103
-0.07315996731515198 -0.5352246026291811
-0.01366588102020284 -0.722477797875884
0.00011254482971010879 -0.7380866334601733
0.01740297110182297 -0.815060062076032
0.028692070722657254 -0.8256346226079613
-0.004667416728965543 -0.7055755099378445
-0.024640971329966174 -0.5651552139991819
-0.05431179740651421 -0.5137371760147477
-0.10378230863738802 -0.2943719826792001
-0.1233551708518991 -0.24338778591229346
-0.15873171394624327 0.024744496381287527
-0.25168462107409556 0.3132696131187883
-0.2793375305208231 0.4433953141382949
-0.18280877187680306 0.07453094413252484
-0.13132451823626784 -0.12950641663967938
-0.15658478027047915 -0.15665509411428297
-0.11718486488698575 -0.24390925963916538
-0.116374922093277 -0.3116796538104324
-0.09474795739524881 -0.42084650240887406
-0.002920741003232665 -0.7428714381278257
0.0022151733484745036 -0.7632571155970961
-0.02879447164603941 -0.6837841622274131
-0.03038150951843918 -0.679309306491865
-0.02773399161635371 -0.6615337852107165
-0.12756903373001918 -0.32590030073336634
-0.14436430583307105 -0.3108189511252017
-0.2227117289082894 -0.07595034538982998
-0.3592143681486732 0.3131696939402589
-0.3609292043207518 0.3322181635535991
-0.3688878634461156 0.3048564140941225
-0.17092558470797425 -0.16835079962000588
-0.19199959597771832 -0.1953225593216796
-0.17488772439181757 -0.20768616159854458
-0.08530445717714782 -0.5065292725636893
-0.07963881894590866 -0.541304954794179
-0.0338234596393809 -0.6330537970303957
-0.0009480912210381911 -0.7564512988875434
-0.032547882657799426 -0.6515510022974426
-0.07633465106754177 -0.5258724285097169
-0.12060118411274214 -0.40778000687641
-0.13223863307168707 -0.3729674258928159
-0.21895276088364185 -0.11565597986481103
-0.23878670986599215 0.007646764056983904
-0.2853617966533929 0.11512292997152924
-0.3267943142234423 0.27493030149936915
-0.29368953244174684 0.15231149998675808
-0.24122706411765543 -0.042502648513208854
-0.20292158706180405 -0.11095615580274606
-0.1810476337530322 -0.21646228367977322
-0.10495214400867617 -0.451057261002698
-0.07328475554299552 -0.4944928223323608
-0.06190167206597108 -0.5814620342791366
-0.00012454574061775212 -0.739754909696723
0.04443254095251056 -0.5129758250207455
0.08563239928890896 -0.4127417059067756
0.14574651604460598 -0.25119929244324823
0.14543080440797726 -0.15838803169517157
0.2725717920880178 0.17243086459459897
0.2955207290199325 0.3218477601387933
0.3185504634083802 0.4050667839361442
0.3364826345323326 0.4232010592963756
0.25453580923195035 0.15059840768156516
0.26891624266642866 0.1362517959632459
0.21882505884655823 0.015563743275542179
0.17687661625562126 -0.0535234739950483
0.19846745731723445 -0.06865258405078807
0.1553582713665333 -0.22844800509369648
0.02601585091963344 -0.7073918713352384
0.011709752188799607 -0.7149913062727546
0.13178832147717576 -0.3492338442248667
0.1561150621919058 -0.2764478139196691
0.28041743886826237 0.1298951509880651
0.2974565972514159 0.1796380837469922
0.28632793761544983 0.20241947567897722
0.3171462899033884 0.2969909977154565
0.3439675137873709 0.34879742019044485
0.38732661425793635 0.4701759197075735
0.39523550626021836 0.46113824830810224
0.34707507913070895 0.3167461548646264
0.32257410069486264 0.2619440053751284
0.23740316850699442 -0.057810650981441614
0.1946202119566653 -0.22716277466993529
0.15852463186325877 -0.3479762263035639
0.05226628461677167 -0.7058092048145992
0.0204447306087116 -0.812854767111315
0.013068903359211483 -0.8080735721111026
0.04122264468224089 -0.6985960784284512
0.20169484396255805 -0.28097005600974595
0.29239482005602035 -0.06263227804592782
0.3361243263091444 0.06339754090987962
0.3472327085375982 0.11016957961359206
0.35330803470301014 0.1291356893518406
0.4024833248444424 0.274785247975456
0.34011842116138025 0.08845846524924009
0.2788873331258539 -0.07902157931274362
0.26548862704086323 -0.10784588961158136
0.2390784216500734 -0.19649910562840928
0.14911557579338888 -0.4295016158722534
0.1356043675787379 -0.525233232068797
0.11463991845866814 -0.5911289040320783
0.05881825308939138 -0.7505123999067765
0.05476878061369748 -0.7098023209547141
-0.05251683626055945 -0.47106034157627047
-0.05265732659403768 -0.4120524899551134
-0.08683423161049908 -0.36891685125073265
-0.10190055248842421 -0.32360322401148905
-0.12467790238193176 -0.2048722788646471
-0.20291664604599846 -0.04595487910168775
-0.327168722766205 0.3081166204616337
-0.3252005865108405 0.30348238644288966
-0.2253528061534276 0.0285482084456651
-0.12457702765087302 -0.28406541571522154
-0.10117505695800481 -0.312815877969713
-0.030693790082672697 -0.552254831886425
0.005007036804526252 -0.5754516894337843
0.02497634588616008 -0.7097011875020405
0.048628465102133145 -0.7316648219973094
-0.036821636926738996 -0.5072383644542722
-0.04948362305372289 -0.4093483722558283
-0.14611377272078846 -0.1339843204364578
-0.15201317382455293 -0.0390278646071537
-0.2250215695120693 0.12940076324258262
-0.2735305217123293 0.3058564209397086
-0.2604052145416674 0.31949174663259283
-0.2985363656723898 0.3827536426304096
-0.2658735305935301 0.2596564369174048
-0.18811379987174381 -0.08670454641173177
-0.1642121899165074 -0.1514918909320017
-0.13849312569607344 -0.16288023950469518
-0.11246504743805603 -0.2682011508389267
0.014641658562604675 -0.7503999142497906
0.007702525099754028 -0.7550029792063018
0.020695832754317512 -0.7518975255618756
-0.01580989757209912 -0.6983879740180643
-0.014519933488867714 -0.6850922769511977
-0.054127250758939614 -0.6342003757456277
-0.3006832029386417 -0.22676003869557268
-0.27415981954997165 -0.19899976774281639
-0.3434778016163297 -0.12685054756227013
-0.49876905906902136 0.16256111209229002
-0.5133438180122024 0.17828971298373564
-0.3013402209852464 -0.25348874569077406
-0.20649689280459832 -0.420147823926741
-0.18958471527966023 -0.4599667995620627
-0.13673013216350585 -0.5970631462665598
-0.129909922141109 -0.5981545694588968
-0.10004667470030286 -0.6651868786869155
-0.03770781868565378 -0.7670365556703104
-0.0195263525242312 -0.8026510747987914
-0.030283286136410605 -0.7752608393282749
-0.035116464704987846 -0.7408632258193255
-0.04635200992398446 -0.7253388658124356
-0.1131315444935099 -0.5946951580556425
-0.1701432341992758 -0.4028801403595965
-0.1774179392196208 -0.36048114307235807
-0.36856338463689325 0.11946275084876848
-0.3926250531386614 0.19832905373483603
-0.37812596905489126 0.174886871157663
-0.27651618354742274 -0.07714377707239992
-0.14175242541074085 -0.2905814309174277
-0.13707868771749024 -0.3651947904650511
-0.04057023560818174 -0.5927178809930534
-0.005824237110919514 -0.6146268759173263
0.06215404115887841 -0.7825221584703791
0.07923119474141392 -0.79819031781124
0.23800097527811917 -0.20163072806554047
0.28777890244574567 -0.10352007583011616
0.2789734526293426 -0.08151274705461181
0.33962253992759056 0.0531898907918854
0.32139635948632145 0.08695443790870419
0.3286568789093613 0.08737235984133551
0.42026127178208084 0.36395305019486396
0.4445837160139774 0.4770213545727784
0.4236907686239648 0.4165422263971896
0.24223031457078603 -0.012142731093018527
0.2784395012940374 -0.027682999737438513
0.21900595003755355 -0.1205782063937968
0.20947711277346695 -0.12917521081380168
0.05856552551775039 -0.5180987593217763
0.013883670353886551 -0.7370071905494379
-0.026471413147701416 -0.8024744565498055
-0.0367990050553444 -0.7425760766791875
-0.08802556266401673 -0.5594351307786289
-0.14600731858968116 -0.37998352962904147
-0.19921122525698304 -0.11214867453043015
-0.2477797775963335 0.007618103793657087
-0.31371489889253573 0.2502358340875258
-0.32607751186583384 0.2932895508449062
-0.3446990917005422 0.38255374404959364
-0.3016441272553939 0.2812775214982267
-0.28142019558918385 0.16417111671751627
-0.26736945700963777 0.08211835295446189
-0.1838132621580947 -0.160699427957836
-0.11114514165380739 -0.3632145523574045
-0.08283659452596077 -0.49225007429081113
-0.042542134186733985 -0.5328872615878587
0.009685238719600848 -0.7889608924109026
-0.02867190940327867 -0.7066771453155054
-0.046428716429063446 -0.6750160376559753
-0.05765722284240854 -0.6261002383645349
-0.12318529065209863 -0.5191620871816929
-0.1820583253556487 -0.33422526795121504
-0.2578706548085479 -0.09782892627144973
-0.35123433738364823 0.06129988181510641
-0.4042314381278349 0.2133749641610531
-0.41528874529098003 0.19466612510166345
-0.33109774608532716 0.006709932089944948
-0.3095955583777837 -0.03498479744071854
-0.08861192237799533 -0.5626199909662821
-0.03884246513534878 -0.6566898055331233
-0.02717024020676874 -0.6623629225541573
-0.0007043977143038026 -0.727456985826993
0.013055179366217255 -0.8053390071119615
0.0179735249185817 -0.7805521622436185
-0.00028273809061716876 -0.7569777135097447
-0.040267189122576846 -0.659483365298037
-0.1563578351771305 -0.2742133635900307
-0.1587150522725068 -0.2583128569393283
-0.250626701755773 0.05047487608509411
-0.24527724104967483 0.06347779576657125
-0.34820169294345116 0.3863257497526919
-0.3280106571827084 0.328189752942726
-0.25212215735544014 0.05843571196622451
-0.21892716006535748 -0.002739590155689183
-0.1948315566634373 -0.12733932095123343
-0.10418310625419501 -0.3978151539727408
-0.014845575877000035 -0.6982877488537151
-0.008846337301529271 -0.7198472422869527
-0.004381445160120569 -0.7290422371038339
-0.03932198359332067 -0.630497068557688
-0.09353635966628746 -0.47544466838823096
-0.186925108738152 -0.2620787359949333
-0.19580327569642936 -0.21591642472527775
-0.26359188327969285 -0.07370273742880241
-0.2665126214312037 -0.018071962265738234
-0.3251859152348123 0.09881582478735819
-0.38202895191885966 0.2689841212451842
-0.3553454373663651 0.16848548533923816
-0.20019953400410004 -0.17815392339734137
-0.154598729924401 -0.2603143641717966
-0.12991305135758072 -0.3601248130882174
-0.029496556819170003 -0.5539390523896235
0.013932052337060555 -0.6648864952866705
0.025619725422492266 -0.7119583415979962
0.049104705975154254 -0.772918650590437
0.24156125792700048 -0.23467278590778917
0.27778693843167795 -0.14047355701936615
0.32261403917324494 -0.0314094644239978
0.3844022743467961 0.1673547917457154
0.3978364293212341 0.21450704958733066
0.42429605602198883 0.23673751649200742
0.421156059147672 0.29138862671577725
0.45891881070708845 0.3906459256814137
0.42542458029579044 0.3042892142254922
0.3186567359878746 0.07765099619749055
0.24880119010201265 -0.07867548060826397
0.13241986846773668 -0.3350759253351764
0.025127325923117984 -0.5777393742586361
-0.03256981923493781 -0.6870199032773066
-0.029476968004146634 -0.7330101379779653
-0.04411425628640269 -0.7417302765639289
-0.01714887999160287 -0.6731562533259223
0.04447414570826028 -0.563426472460935
0.13204858284190754 -0.3418734700846491
0.17209761105386143 -0.2519967684916823
0.19975284852215933 -0.200407030967709
0.269478780021795 -0.038034725040084406
0.3723130592088345 0.16968403157861114
0.3738853773286432 0.1745623931748553
0.2665756654708305 -0.018960619246921707
0.2744402507589347 -0.04173089158457073
0.27920827754671323 -0.04851702103055694
0.0667385377859368 -0.5231408923314252
0.04084775014891064 -0.5804916920372487
0.013161313146203672 -0.609505391661803
-0.0021823244285820304 -0.7009238970115853
-0.02624916414240379 -0.7088679470842583
-0.0595776451480141 -0.6033599866322474
-0.1746869063185018 -0.32433812914355203
-0.21156745267855587 -0.18453710225878256
-0.25181283255719294 -0.10060334809962579
-0.2609543717394603 -0.05542597414321015
-0.39931391622471424 0.3295153165582182
-0.42358537060880264 0.39197597457767436
-0.43191015837640817 0.4152259608688818
-0.3976770667103657 0.36623855019043683
-0.39596333088083613 0.3172944514007864
-0.39511219521661683 0.29452325198718987
-0.37655406577912165 0.2529629599845444
-0.22870850756671157 -0.00967768958824446
0.05351304246750824 -0.661438792201454
0.07729257215428849 -0.6836966693925135
0.08493335128315303 -0.7497522636105409
0.09107651349021273 -0.6596774469243403
0.11072365961403093 -0.5719472701516788
0.1273442864767341 -0.5590047856971067
0.11835178815187224 -0.5411857618759573
0.15305281433478923 -0.3388896491386678
0.18594011290962972 -0.22451834695435724
0.20131738631736604 -0.15579144417336294
0.3113512959379068 0.4201497277738868
0.24099636922112722 0.1905271274506865
0.23520178493802696 0.1537258039099154
0.21409376477824324 0.08281204425994328
0.15750212478647627 -0.13182684359044394
0.14769216304476085 -0.18150907735396857
0.08967550266569486 -0.2890888500887517
0.0692369774774457 -0.37998578205213057
-0.020773636343136278 -0.6979058233982434
0.039991398297810614 -0.5579419949396908
0.12667040741535182 -0.278580860972625
0.21001341741380938 -0.0970733776878117
0.23454881158073793 -0.105964552138598
0.31686788326802323 0.14802862695343258
0.34778838665719825 0.19660385144978004
0.3601331263784985 0.256252436944238
0.417807188062953 0.37893045091800354
0.41865057429141006 0.3487355211777097
0.2450189765613518 -0.02124030581879522
0.15068542106056823 -0.29683600267802623
0.10908260746550069 -0.3978472685172906
0.09121243726417248 -0.45113358913030377
0.03881048232452041 -0.6002209031603006
-0.007021450804288221 -0.6695048855434538
-0.0552824114528079 -0.8001044560635301
-0.046769226333691065 -0.7714632990814415
0.009292906896534893 -0.6381213005369771
0.01319459768326077 -0.6371801243429648
0.036470588641597995 -0.6133931185510769
0.021279421616953 -0.537544712446297
0.03661001102461477 -0.5415601515701105
0.09532691087326621 -0.3497775172906025
0.3978939847328987 0.4079638594846171
0.29472069527550615 0.16278613724224622
0.2241888244829615 -0.05369474715776656
0.1314897848756717 -0.3131244816903738
0.12021255698035307 -0.35827017145924106
0.09879201008098458 -0.35175037934940273
0.04453532688327644 -0.5193357399745919
0.006498421785529901 -0.6272586692587176
-0.013262247954439244 -0.6821843890225857
0.024286612021199992 -0.6281109451671707
0.09347344777698856 -0.42644186396414135
0.2521909882865836 -0.13711895746364594
0.3112062977258976 0.005837886283049717
0.41782814548524955 0.241126327841739
0.44195052866190543 0.3171539942058361
0.4549089878249495 0.31860858156821037
0.4883532693179839 0.3895376278518263
0.4472673944635264 0.31500119081087824
0.40116641634844835 0.19986811914304828
0.373466296408223 0.16209891584010389
0.32329457145048146 0.03269996730033902
0.09208961162410803 -0.4330050494245868
0.08860467255601677 -0.4645002032395597
0.039153483940010815 -0.5843838349342406
-0.047036692732310585 -0.771637374188476
-0.04319962620292751 -0.743716199792598
-0.037322879894186416 -0.7160020596258544
0.01622136153386635 -0.6632720740003573
0.04256780009517531 -0.5516639012966725
0.051079473787701474 -0.5129561668378072
0.06418439497552256 -0.4801431020990823
0.4113048976275117 0.42611106359580403
0.4273180645686514 0.4872216293354352
0.298295600661676 0.12053301678424332
0.2574971636413014 0.01688817248206557
0.16594426249609187 -0.2626287659041929
0.12116495188183413 -0.4075271978786708
0.09424348346740136 -0.4749640721272704
0.05248697413981728 -0.5514598807213104
-0.0008231075778312794 -0.6659439020599845
0.003695196286968005 -0.7095473649119519
-0.03586496714309593 -0.5626746342239949
-0.09351174124556867 -0.4097502307303541
-0.11942510925442619 -0.2876980014684457
-0.13482663747720228 -0.28582496277428654
-0.13134899847704135 -0.26559550087899614
-0.19717457623426343 -0.10175276359039065
-0.2760159358851219 0.21221006016165941
-0.340240747733792 0.3492916548811056
-0.31371322799391504 0.3009964194879218
-0.2883577329503094 0.2089314935646068
-0.28937725133861425 0.15621250540613638
-0.2653278116662334 0.08421849315567567
-0.2719834372286664 0.07969180480776794
-0.20306146365689892 -0.19217026455883576
-0.049337824179057264 -0.7100925366177326
-0.033732279580547704 -0.7440731017707967
0.04664685505981846 -0.5975645489174713
0.11096989219818418 -0.42544179073343374
0.20155761601396452 -0.19155698157390955
0.262197675594843 -0.08075860806153551
0.33544805770590513 0.12432049532978334
0.3631851763469663 0.16935538595582508
0.4451810338723918 0.31681502905923076
0.46589291203478 0.381027533329784
0.4320892483229036 0.22714194096402152
0.24222809362501974 -0.24764922519482502
0.2451584310937947 -0.27598997609008047
0.1778987380324758 -0.3481654150639139
0.20134289248902046 -0.3800934230100656
0.14177434848514509 -0.5146956533122646
0.09933719090241923 -0.5737610039602131
0.0708850502114548 -0.6951314437561595
0.04347263525531698 -0.6613132545289503
-0.056217685247230906 -0.41775691720688896
-0.15246054499208533 -0.15257710268501348
-0.16967694215099063 -0.08338856083824456
-0.21511304933460934 0.0652501081538885
-0.2275804485448972 0.13022028484395143
-0.29844621793642234 0.18891906538215372
-0.30620032349465554 0.23711657461074712
-0.2968251145763702 0.2185088023454389
-0.21550418044197456 -0.07419320490602717
-0.15111419184736927 -0.21370490414582008
-0.13881806862513005 -0.241749573776182
-0.06352886811046139 -0.48069922915485125
-0.03226930706383975 -0.576553784978729
-0.01678546117896859 -0.6423585632072182
0.01119140339960381 -0.7092925467303914
0.008043915634091738 -0.6864051948060276
0.043896999080996556 -0.6094353247817447
0.057960313317820554 -0.5003197403966589
0.08291523959530257 -0.41555002052344436
0.13230281018025922 -0.3110541839360244
0.1742031020402881 -0.11271468154070638
0.22671638063276467 0.028130065000271667
0.2705565825684515 0.1764768333971607
0.2609942315720616 0.11349259430298562
0.2453815956491505 0.04151399901887595
0.1800733895326711 -0.14222381020822636
0.1475524317774381 -0.24074603903378272
0.12160298789844062 -0.29223537300655833
0.1442167524026258 -0.3125927687651533
0.048227193294907 -0.6054274023612579
-0.01562536342018276 -0.783306175278825
-0.05958333096730152 -0.6053335073230496
-0.08568587974319795 -0.5317595377472991
-0.11922889030391846 -0.4686339673220587
-0.12152465507352998 -0.41794550531350394
-0.1996095963780512 -0.13880837682639002
-0.2546378311273497 0.0013771211788442203
-0.3185790939513993 0.2454322307936099
-0.3442092244945981 0.3263453366861025
-0.30645402631035346 0.22899101822966875
-0.2764216461621998 0.0919332200228682
-0.2615602212288156 0.07885796583149328
-0.19402376968679083 -0.26891649185321514
-0.12536813863515964 -0.46488795013153145
-0.09573271842217485 -0.6121946653849598
-0.04037718991639196 -0.7571459338629528
-0.04439531920318331 -0.7598976907965221
-0.06402394273119554 -0.6840124114915548
-0.08215997859149138 -0.6838454365102582
-0.14896604300326483 -0.4522971999474751
-0.17979231440196547 -0.3674544918668238
-0.3068043883725718 -0.04409333095849985
-0.3512889251586857 0.12723124791150933
-0.39243917783525295 0.24220398252189926
-0.412515070081935 0.26737766410005304
-0.40063484572677743 0.24889223125743967
-0.23367691248466058 -0.13399912267537323
-0.1909616884211826 -0.19636895181374395
-0.12518065327885125 -0.3889927376513201
-0.05806928166545853 -0.5446389612299176
-0.01088395028973247 -0.66281674175235
0.00523830981780515 -0.6761410538762613
0.04331971572346739 -0.7648479803618442
0.06141136094734834 -0.7606847958517927
0.13698844467863605 -0.5362456543630898
0.17626644910327935 -0.38751640216135275
0.2147272285654867 -0.27347477483769544
0.2592586939461329 -0.10676751156419437
0.41335511107682255 0.3310939477859078
0.4423703974825757 0.4015569749267842
0.45461228720976554 0.4387412556783331
0.3371640211658922 0.14475902657312614
0.30993583628581167 0.06453337697189543
0.198816751368994 -0.1576509445951183
0.18309845849986764 -0.21082133092856015
0.03303593849068108 -0.5804142322120981
-0.009176022975711705 -0.6609288533358058
-0.01888676045757326 -0.6930116386697297
-0.041499576644398024 -0.7504320876096416
-0.037191458333643256 -0.6967042439453227
-0.030089480031150542 -0.6762453775072091
0.050157684969180646 -0.34159653863746614
0.07261857616504536 -0.22829258296318797
0.13136211304378198 -0.015415783817162132
0.15074509026735244 0.0009651588785105723
0.19651314637507097 0.21280917494830154
0.25934064624353226 0.5573651475722092
0.20482968484071218 0.3492549519839168
0.1521705104711252 -0.0357655956281377
0.14051140012405325 -0.051142403500384036
0.13823099404208794 -0.05108483747728506
0.06749450416249904 -0.4277827594407562
0.039134827341887134 -0.6235932156247808
0.027447411293940023 -0.7125835740738731
0.01123438189688452 -0.7388054896835031
