-0.01802653067368837 -0.7147160262337793
-0.08178202229278528 -0.5816199299964016
-0.0805172104067958 -0.5752617720022846
-0.1782858303635632 -0.2504521169040893
-0.21325576673501573 -0.09608774151508453
-0.24618898764310557 -0.06906068715744339
-0.3076151113326392 0.11855963879261337
-0.3477945702371891 0.24123941741422228
-0.2907937673501016 0.0837723686351025
-0.2684834226142624 -0.01393213847559101
-0.2754058708640142 -0.021601709057828836
-0.2530046353190461 -0.058251373788047844
-0.20659229846354743 -0.17151663325100877
-0.11246669602539439 -0.49677613444312535
-0.031027731047002967 -0.7139621246946074
-0.027274799477688724 -0.7595995084874475
0.008043436750063897 -0.7197130415376849
0.01319794662116695 -0.6773958349645666
0.08967337997017585 -0.48361913758106306
0.11741540082820213 -0.342852433693105
0.22767337784483618 -0.1102311574984105
0.281575591093417 0.04587626860524872
0.3538709990216705 0.19821108907736298
0.410271310352943 0.35767921430543403
0.3757695254119886 0.2922065270210626
0.33722524791876607 0.17166586741493675
0.2525248316519172 -0.04508524101487894
0.19070370539029138 -0.24115367284349268
0.12199001122406597 -0.38780877013632176
0.03187281560041266 -0.5803426489631445
-0.016532451704210874 -0.7017793240207062
-0.03654198722210947 -0.7621334285868828
-0.030031188704407207 -0.7409846104414954
0.012339337885467663 -0.5614504548222108
0.11933133390428943 -0.3673668530096938
0.2960482164521211 0.0973295927381627
0.3174901163372538 0.1145622315299776
0.3457217859808204 0.27654788667223157
0.3423464683759148 0.2816721359348102
0.3965868180320625 0.38060674007884543
0.37501640052767554 0.3342807940525531
0.33090431558267946 0.17232714894178888
0.26638953054356335 0.003464099212039152
0.24851164723798178 0.0031720450144407143
0.19288745620742828 -0.1514401365360007
0.03745749014314053 -0.6199596896093178
0.011728033152174237 -0.6963694458852746
-0.001246776684874034 -0.7552805325372143
0.12829013335311057 -0.3991520963466737
0.20389075386881006 -0.2182504189963027
0.30156471958064374 -0.013584789668030207
0.29974911609987703 0.03212147583717824
0.3426798448444595 0.14766778937596536
0.34878963948436686 0.14595082558571879
0.4045565786807207 0.33134157125542474
0.45110680006655784 0.44163888639463056
0.4455465984308495 0.44272756961472887
0.3498947889064488 0.1723492242179633
0.2678704030083958 -0.021954904658141743
0.2456437850407656 -0.0608286201763851
0.2292027404256492 -0.1129713480501998
0.02818319205744343 -0.5690373114782734
0.029980229770455894 -0.6108279307928896
-0.037882969521025864 -0.7560911236721942
-0.06956815348994366 -0.6524743473446559
-0.13508972354757148 -0.4819990637971923
-0.0993866031671723 -0.4494450886945896
-0.1901645929989527 -0.06591250164918304
-0.22692069502083329 0.09806923693147084
-0.26639390516886285 0.2865278532886393
-0.2782099973590042 0.3190317961607213
-0.29576760624784393 0.38488732545276805
-0.2756559891618527 0.31388854396258864
-0.2604831873933675 0.2167195994266669
-0.20321707675079265 0.025066939772831406
-0.16523770809413307 -0.050334452525003966
-0.08923665173606662 -0.2915375527416893
0.024400010917038667 -0.6493876525191427
0.04601556223355953 -0.7148186335179832
0.03366328832030122 -0.7248680552355126
0.050219161446577024 -0.6651647521845442
0.05332483112643972 -0.6638610369166661
0.06448600503303059 -0.6276784178279355
0.09234349514097792 -0.5524097168751916
0.13037469467774002 -0.4068676562035528
0.2004474943220226 -0.23206727586280826
0.3651595286102865 0.3691867860681906
0.39680523497264475 0.45455369266482104
0.33620518616853134 0.25540540097146874
0.29202431817650554 0.143964632964796
0.28510461197695997 0.10995699264809082
0.24632336717015008 0.023544132422239565
0.1596695939491795 -0.21639547788165142
0.07164462924769308 -0.5175340520204872
0.03437153691023206 -0.5754286556552319
-0.001746676862054926 -0.691963127860476
0.07331641831512514 -0.46383351912524456
0.17705171341160372 -0.20634300840037184
0.1953434067463294 -0.1597251785359411
0.2694911684012732 0.08726704628140362
0.31082875004071936 0.17461114084619875
0.31204418928729843 0.21825069617477935
0.3383337979610415 0.2809783403553929
0.3720646849233829 0.36051916483901864
0.2930937656274482 0.06764839868721843
0.2932514207762293 0.053998527494955456
0.2675697392504285 -0.05014102143798553
0.18100192523660769 -0.24289303331211534
0.09370455752340633 -0.5415210492711618
0.08514056850028213 -0.6073053506444756
0.0395216031782197 -0.7367628249126612
0.03416436830257855 -0.7570866184282192
0.04561315759750889 -0.7135154438325769
0.09902535441835483 -0.4446987674129494
0.10514992719907901 -0.4326675825110573
0.12066402427400237 -0.34080584230060845
0.19512366175696302 -0.03656535087877054
0.23366989961331971 0.28548868949579165
0.2709134410815451 0.3561959430964256
0.2737047548244502 0.35842125544049414
0.2565506069293836 0.3057269903956715
0.2727054860204435 0.2808257309304846
0.1393163757563664 -0.19606205238904276
0.09454156208122491 -0.3978534197997266
0.0821782354085314 -0.4327713455769301
0.07598824362420824 -0.5605128808832968
0.03602685738554337 -0.7120945859853088
0.020541583769092025 -0.7477944438806876
0.048197129871043146 -0.6614647524399925
0.10895973756390855 -0.4769715150336231
0.10377274037830801 -0.46595928704726225
0.12289318946872571 -0.40092247715907986
0.16424110420312962 -0.27328011846658123
0.20926105271941395 -0.14409020135397158
0.301457797549368 0.13379874192996075
0.3593124803545134 0.3379909219044854
0.2882830889562263 0.10330512536834942
0.2823167358506526 0.08554135467026366
0.2440209310856611 0.02294887304030528
0.1368857268116811 -0.408489444146501
0.11957737888777131 -0.4397597173597431
0.08590801034347734 -0.609522484143724
0.0341265575199074 -0.6724048239729808
0.012795755611111641 -0.7776120083795732
0.01758125788529933 -0.7538541391662318
0.04210339561354742 -0.7221832645250391
0.15469958401571024 -0.37060507199437215
0.19380773363632356 -0.2766523427673369
0.20122716986058958 -0.23918867523009216
0.22351289179675 -0.22509147133995797
0.33532643975729143 0.18151858829082443
0.40821719992645084 0.3752894703247921
0.36042109332450223 0.2862929818373904
0.314913087612085 0.11750413431836092
0.29220112827540917 0.07068836081152687
0.2722267382298343 0.01372812715532691
0.22781658958501586 -0.11253295924230056
0.1989370667431718 -0.1930046631608061
0.14606794553367144 -0.3720584601833643
-0.0053787633992145485 -0.7556141200059349
0.13092592491600968 -0.421567065938146
0.14760801759262385 -0.3316646574297881
0.17632540504364957 -0.27611910267353545
0.17559274888086865 -0.24725061135542384
0.1906662453298979 -0.24131173814607762
0.2975112394620986 0.00953398428634033
0.3505282909291287 0.2171683189340557
0.42075154432945044 0.3651270763702806
0.4070081721938939 0.3246547297488844
0.4055711951108017 0.2819840002854807
0.38394375653395096 0.2753244861692242
0.24458647773286152 -0.17355436550512474
0.19216473503277626 -0.33268586988660437
0.1977005860347798 -0.36654216622462266
0.09904052854574183 -0.658784413931669
0.05420291510149717 -0.7516880952713388
0.0741968642777397 -0.6656994163694405
0.17158540074082634 -0.4017713159338218
0.17640631415186947 -0.38029981145113906
0.23138722869736109 -0.3032474077483177
0.29595785824709736 -0.04160331917293228
0.36164579360349186 0.17667427940587785
0.3837419831382194 0.24316586935651893
0.45068272582146984 0.4226786310549675
0.4064103550128329 0.3039450464752629
0.16108844320077412 -0.22994827909835128
0.15201566440807046 -0.2672380356066136
0.1524787097104566 -0.2859755020083492
0.13525802412599996 -0.3235424259953304
0.12352902348308749 -0.33226584026566125
0.11698330206850145 -0.3828884509380478
-0.05085370688426726 -0.7505424407009391
-0.004463863668147833 -0.665421484008675
0.12684970047314667 -0.38504585424404125
0.1308925538597043 -0.34656174069322715
0.161001370592227 -0.2627147406295324
0.1999707823762281 -0.17611137571026372
0.35341719529883864 0.07971943431125988
0.42781096110441896 0.3013311344582972
0.4437163066875891 0.32848054059980225
0.4129640584355383 0.3343619453873893
0.40562551331022856 0.2475086876214165
0.39772196784302716 0.20238428005817946
0.29729107360626417 -0.02046199460014022
0.21911242360674713 -0.1883082828174606
0.17465781062741534 -0.2809845808526207
0.039078433657192296 -0.6432358591953538
-0.010149968095255302 -0.7349827128884199
-0.007873456053903905 -0.7282030008031011
0.022999327578719055 -0.6607401137764515
0.09384496152818123 -0.45996850450377924
0.1369657161677424 -0.4051414408061095
0.14451749578113007 -0.3600126613498125
0.1758314733450269 -0.2730251448739155
0.4313740578677922 0.3232947462019237
0.4800310683466231 0.44293927552131873
0.4639855911392 0.4175536451483312
0.37088130343463444 0.19989501402204884
0.2732272667546289 -0.05557028335654009
0.2641945586403102 -0.055211996108431985
0.24102964207997893 -0.1057728392354904
0.17974646843527461 -0.23703594515935325
0.014142973027983497 -0.6603735847081751
-0.009846100266566637 -0.7145253795759444
0.007215301570692776 -0.7050720978260863
0.00904954884472084 -0.5809596929881531
0.047458173950851064 -0.5498325188402273
0.1066674948132913 -0.338054403540268
0.2263998335191014 0.02877957455096765
0.22486505713291102 0.05743803869485639
0.25346508168564197 0.10433596756106503
0.31919186495425256 0.3180032074397823
0.3103984860987348 0.24003030739479214
0.2559228733177967 0.14141178820753214
0.207176390031105 -0.07317799338450198
0.19837955444248306 -0.0966185882569755
0.16620182823411073 -0.20709162646551973
0.0675649648796611 -0.5329260108422427
0.041698340989257496 -0.5898132361363185
0.009314996384652373 -0.7248536756382113
0.00019796436533031647 -0.7103852479548344
0.16788491702427827 -0.39146784196056056
0.34876310995190196 -0.029054278544645637
0.35379161427251593 0.020699823983445463
0.3957214921425351 0.10112925893280189
0.4022015953762131 0.14012836345832191
0.43369717647396966 0.19822279667956894
0.4644903416067201 0.24059878797253292
0.4667002208316842 0.21052703181011898
0.4111052871395368 0.18556412930373886
0.4465346020488 0.15852968275963705
0.2986544320582889 -0.15957106072964072
0.21003043170307506 -0.3192967400641033
0.15539668598651962 -0.48738856545529613
0.054432238867459896 -0.6696703277977322
-0.0008679268565856606 -0.7995923529074305
-0.02946911004879746 -0.7130877296568587
-0.3496533486341601 0.025359991871823077
-0.3577795086498623 0.0739241595701964
-0.3678527315551036 0.07140191299272024
-0.39477886061490636 0.13879541210892013
-0.4186488824114498 0.19510525276217677
-0.470260737426447 0.2839670764106824
-0.5206307007766987 0.419861773317863
-0.295261592588382 -0.06536891091729746
-0.25446035752960056 -0.16754236017765725
-0.1662192588939989 -0.3586129719434983
-0.1463401576480977 -0.4009974673322742
-0.12362661464219536 -0.4700989976452068
-0.11165598675795449 -0.5447910603488781
-0.03242092596319092 -0.6341584861189306
0.001661625302219002 -0.7439653874478507
0.003018564340604261 -0.740941174344178
-0.017697806060350145 -0.6999851927015367
-0.02499618776005821 -0.6474529370597407
-0.17204156934547626 -0.12855390228620175
-0.18346711529932183 -0.12985769315977488
-0.17263622898366257 -0.11675004812029531
-0.2567667693256858 0.18597654998120783
-0.3077386756809048 0.3773925017280194
-0.27592699585210867 0.2154045405878367
-0.23241945609627998 0.05565952545868274
-0.22015956307203177 0.0586707767686255
-0.12406800582825062 -0.2504930599971407
-0.1140776152061643 -0.32071970539525335
-0.0639361930130234 -0.4685106079344257
-0.011371397209909054 -0.6645417092466255
0.0023526248062436285 -0.6845732118337019
-0.03595972606042232 -0.5777528169058597
-0.09722177278184237 -0.4974006236283275
-0.10247162702304508 -0.4555934993678481
-0.15133588088407696 -0.34533277409059476
-0.21727559911818128 -0.2093020423177991
-0.24897035632713013 -0.12438251224664355
-0.27205994338161105 -0.06703948628492123
-0.41617762742665143 0.23366558237776028
-0.4076194515996728 0.22748283131472177
-0.4065304991921259 0.19717511877679847
-0.34133067867552863 0.025813063814965998
-0.3054690192623109 -0.1022542336987272
-0.2855737937822352 -0.18055362115198645
-0.2628269181044689 -0.2210488194473391
-0.1437127242933654 -0.5601580178429783
-0.07273171135512659 -0.7705764832327944
-0.09808295418407836 -0.6997209061256074
-0.23227815509448557 -0.2435896329297639
-0.23677696333547252 -0.2271905747344396
-0.2907291730917502 -0.019237788801563797
-0.3338464783275609 0.12179398220848717
-0.3410194572802578 0.16268335559008254
-0.346871008817858 0.19328177302945732
-0.3992631891620885 0.3397975748049643
-0.3467244144209693 0.22680285281399626
-0.31590308068207434 0.15067942074953503
-0.28870533051550085 0.0708762500964358
-0.2500431710508783 -0.010480787473635657
-0.22278109447169672 -0.09211932589505004
-0.17762150976877147 -0.17673759589652793
-0.060128093367323755 -0.5391207517151065
0.01654162810996222 -0.7244809069133946
-0.021197767386571455 -0.6636001133642034
-0.05801643802216721 -0.5185700644495101
-0.14733371077754576 -0.35002762677054444
-0.19463342789550567 -0.08094923780103612
-0.23682082099358778 -0.0364486562975625
-0.35930564978156404 0.2715903182559384
-0.40275238207441993 0.3583643992534785
-0.42187063561745797 0.4277906671221414
-0.3789924524618466 0.3217570258766915
-0.27554183851249253 0.006119067429166051
-0.24367852585192676 -0.0672146372913329
-0.22989162678826688 -0.10232989122632517
-0.15276397524024218 -0.33355172549014356
-0.12090885534269814 -0.39728840226272955
-0.10021349338022371 -0.4945410587370392
-0.000730145477292619 -0.7696046416298725
-0.03979815283076606 -0.6825717410180395
-0.27890879741782953 -0.1490103671494652
-0.2948350852096628 -0.10524678637405098
-0.3451367530475988 -0.018896373051173414
-0.35568151032050116 0.020118972978743918
-0.34847530240628033 0.051441656634089485
-0.398363703950759 0.11886921698192539
-0.4865684405113519 0.34487406674382043
-0.35012550989995506 0.07660580222410275
-0.34879376120133065 0.062889995761727
-0.20967886019380463 -0.28963374437483647
-0.18266504202863876 -0.32988378413704916
-0.1677334867936271 -0.37761838812982873
-0.11715262378046518 -0.4502318396339086
-0.08723666392682107 -0.5390301942698524
-0.0005316812057390755 -0.7494069389871619
-0.012811263236313621 -0.6562753048678946
-0.04753394333959832 -0.6189298580202933
-0.09709992673284251 -0.5365242351641257
-0.10725792952048077 -0.43615072190206716
-0.1867055706636822 -0.2441792832913314
-0.20869959893031428 -0.1425121603472528
-0.2958526874032149 0.0921634209430991
-0.40294819116953895 0.41599379307303214
-0.3511173003097446 0.26567839510451324
-0.2914637738841474 0.1448135628421317
-0.17707269582349147 -0.13448144303533854
-0.17454583942129623 -0.13518400007482584
-0.0864698144504276 -0.3286725466431091
-0.03361419596862858 -0.5089389900408028
0.009801417357674713 -0.5913306064127293
0.07130898912413255 -0.743614317445901
0.05161682265838745 -0.7036532080842439
0.047937183219545654 -0.6890062964247758
-0.003170273851719342 -0.5644414954445202
-0.05707935207040609 -0.44932350641498364
-0.25406975057811443 -0.01468278309358316
-0.2624718981346939 0.07207030610904687
-0.3203474159850137 0.20042088119993287
-0.37552758807825953 0.31354169122924297
-0.26604265111651715 0.10540777368386989
-0.27061727737648034 0.0600973324634851
-0.2516981293934398 0.03402014192172789
-0.15565951107251588 -0.22390646767044056
-0.029679603250374 -0.4985511137864944
0.06396840809406638 -0.7064155374361587
0.07323716019411064 -0.7279701009025863
0.08055018500214928 -0.7455776503470917
0.030028186378650266 -0.6492788263855114
-0.04875768766620876 -0.49336494032617906
-0.08296760035760363 -0.4568061922164744
-0.19523072932709806 -0.22651192464628087
-0.22194957955104047 -0.19805035923987294
-0.2812348634359989 -0.08300907172942994
-0.31273896882773683 -0.032175956660441395
-0.4762725533332761 0.28554061162949507
-0.44496692381839636 0.2213693288714113
-0.3341312797020116 -0.050526290500988245
-0.2806688982041103 -0.14682013548153278
-0.13756698786879595 -0.45557272334458243
-0.1381054458503339 -0.4787711815592946
-0.1310005688433261 -0.5077287978773964
-0.024817789217163235 -0.7912131766874396
-0.0032582996202571 -0.7898924768890048
-0.03225090274212792 -0.7565347502382241
-0.15320291236944622 -0.45270112644050353
-0.15651981609069326 -0.43615019060429305
-0.1824606993240104 -0.3910919772990078
-0.23855331008685746 -0.292776579077887
-0.2557500348349795 -0.24793448985110852
-0.42473241844181764 0.21053281283737865
-0.48428649166370913 0.32478269386920755
-0.33983652466722775 0.009231035063956478
-0.18683119198380208 -0.3185926246514738
-0.1524886313074853 -0.36639790639097525
-0.1686822727085518 -0.37648721830551496
-0.16441376612355282 -0.4053546113940482
-0.0469186707507408 -0.5983743710467533
-0.04915119030012488 -0.6240850705882542
-0.0006887219247119715 -0.7143472363922346
0.0841976495755328 -0.42751967072860586
0.09189573965475975 -0.38036660784070747
0.1347331868711509 -0.2694258673040947
0.13115494256363433 -0.25868232825766607
0.21416996304303362 0.014140745330453763
0.20548651540878218 0.09058791836321632
0.24553562250427807 0.11829582193847067
0.295319314411331 0.30590798966903365
0.28734416396294993 0.30740509093309604
0.11672792333159189 -0.24572657526700298
0.13197072543584865 -0.27945874386240227
0.12093381927138067 -0.32731810818179874
0.1111215558581288 -0.32883792530080086
0.10648309326750459 -0.3809505411002735
0.06357933970351153 -0.49744681164280524
-0.005080785253173413 -0.7179127005560026
-0.05475670534494787 -0.6124603839089416
-0.10819013466754414 -0.47781693366933087
-0.12324425964297511 -0.4473534444398178
-0.19014385199596637 -0.3475640573577
-0.3016416413192206 -0.09770180882034213
-0.39211520698154845 0.09507865229724137
-0.43737395161464443 0.20840264535661365
-0.5027563895052634 0.31127153511604505
-0.45345908661542245 0.19606813112270022
-0.2743060060520387 -0.14090281974392188
-0.17803556390632294 -0.3692187267455772
-0.11054194451737702 -0.5005055262752032
-0.10562923913789318 -0.5036117429862673
-0.09115723155742296 -0.5436177244253533
-0.053245625272541466 -0.6385674505051845
0.013557450264389682 -0.738555432234375
-0.046599055682189514 -0.580451355141362
-0.048959797245712394 -0.5023224927847475
-0.14296824046785864 -0.2442103384525114
-0.2403055193473447 -0.002273485956580143
-0.24925598744353877 0.07926206604745017
-0.2975324040192579 0.21110516437668905
-0.3289087336165665 0.30706375485635246
-0.32891700662767304 0.310765862292526
-0.31845324747747156 0.28268673978631315
-0.22899650463420104 -0.04320128754053403
-0.21531461806533844 -0.08203999787956524
-0.15358460838366317 -0.23035976320456863
-0.15240253538585707 -0.24783058605200112
-0.051279388768990276 -0.5336721845314841
-0.0406211299159056 -0.5894995808056094
0.0008759001939251175 -0.7479383573729643
-0.025428400555967012 -0.7091327234007352
-0.05098545783657136 -0.5799793515448961
-0.03867399510724859 -0.5589922445708995
-0.10585536449601719 -0.4777566774371307
-0.16435963635345724 -0.15184604752503086
-0.2249069660411926 0.00971052698782283
-0.23769797428072642 0.08928521404084046
-0.33061641725021057 0.3619909865221079
-0.31365341845262773 0.31579308845490395
-0.31064738701901073 0.26853462540766315
-0.2885488585972794 0.21735898626148992
-0.17694997922582748 -0.24379328565309752
-0.1528347590657226 -0.3035228376739121
-0.09207600430834414 -0.45934782233482374
-0.06864699261893623 -0.5709732334001482
-0.016994861469069252 -0.7949132795956454
-0.08141721666055074 -0.6580306775582279
-0.11639590380825035 -0.5988581223138659
-0.16849652177799182 -0.4679806687484397
-0.31580878209299795 -0.17805921650806494
-0.3573641731710621 -0.12322834428946802
-0.4915373005971195 0.23097803582499807
-0.4983750715005146 0.24836031385576884
-0.5093454599420469 0.2481070397697715
-0.3790973258609809 0.03203414698121029
-0.29463481747775366 -0.0773581089410267
-0.26792018051714156 -0.17551577018285472
-0.24527621046535975 -0.21653075802347319
-0.17583853827923623 -0.29903538317578565
-0.17725638742046868 -0.31787282006197826
-0.0642145273379276 -0.5247492809275571
0.04608582769029994 -0.7175293631357883
0.03821539438964253 -0.7046312001452929
-0.024032699417652015 -0.6360107641301329
-0.12351129822368881 -0.3612146961859295
-0.15889508365500032 -0.277371098733149
-0.3296667415175121 0.04499792176402972
-0.339100989712025 0.04772607201413147
-0.48469654806736623 0.3432551944963062
-0.49629589965380233 0.3529371080783942
-0.487338354324038 0.3508826651885641
-0.4543237093582297 0.32247410227269857
-0.30195844086726426 -0.0669288480967069
-0.17172568492124726 -0.331062564373049
-0.18946295553406323 -0.3634477511377816
-0.1083145048029489 -0.45636915468624206
-0.12359048537606232 -0.46444049651950087
0.0011553928701854522 -0.7213713950537546
