-0.01681506996674415 -0.7454424485782394
-0.03174682503257152 -0.6539076444303877
-0.06651146152260662 -0.5544614654097818
-0.0643318677594891 -0.5349956440282287
-0.13564970634880083 -0.3739939230973255
-0.23722141755427978 -0.05497083503775938
-0.2225593677440639 0.0370688791761252
-0.34120589336299234 0.31142658026572156
-0.32153719701935973 0.2721299457421675
-0.2812194796380208 0.14136082661127156
-0.17817031044216197 -0.13242289852353303
-0.15193846117007578 -0.24661152919308482
-0.08793837390168174 -0.301947958103124
0.02715943058567393 -0.6597698676588941
0.035631447668789465 -0.7023373574742358
0.05842826872900149 -0.7424037512625355
0.038129260956368184 -0.7299506263822912
0.07719099212195937 -0.6896549376811636
0.12865974990171683 -0.5503669678043587
0.3154119845952811 0.06459210438163376
0.35710795461183686 0.18799325185076107
0.36002038698086314 0.20508403675443604
0.3732569172206598 0.3446134020993834
0.3798213598119911 0.35029009485268947
0.36897453571188477 0.33757165591940425
0.3471541226121145 0.2968892523419429
0.3457648196241928 0.22234504753496112
0.11064471089624363 -0.5282248637776596
0.08689767935747245 -0.6055487270291428
0.054770436911033504 -0.638100093621708
0.044060776076777254 -0.7076672337166117
0.03668264639053131 -0.7304689503458449
0.10602557934410059 -0.45492383348569565
0.11604110651302532 -0.40748127333917805
0.13064420510853483 -0.4000108926726222
0.12930851608872082 -0.387011107004321
0.18671678514024717 -0.21128483889766644
0.23417638691688064 -0.10861589405203075
0.31093167191519555 0.24597802790780357
0.32248303017150715 0.24285976322109315
0.2366450906961883 -0.02350651136357499
0.18240435524762685 -0.1392422133006825
0.1652080870165676 -0.2314018881633486
0.13340614300029485 -0.32992126940469824
0.08136489820170628 -0.4502834464285935
0.09474045932509502 -0.5158025775958603
0.044973044297896864 -0.5497669144512091
-0.010792372838530273 -0.7526732741581811
0.056789970376668795 -0.5184616899353293
0.09798089163381685 -0.3984683769367291
0.13123978877855177 -0.318305809630479
0.20982874211411176 -0.03177094685566041
0.27843827281691325 0.08348156938109087
0.26234620971359873 0.09364171066774671
0.3091538573655908 0.17082550883525052
0.3505307653213799 0.3270542034976561
0.3551415901107442 0.306341028162862
0.30640984216635314 0.13444083552583175
0.2578724049376588 0.05663108669533926
0.24861074823978604 0.04281721874834357
0.1878133554731733 -0.28100864612613974
0.13390156194118688 -0.3859969457113742
0.061840174000151994 -0.7348773419592881
0.03935571234501658 -0.7537338308728527
0.07471958149052597 -0.6418403847355153
0.11738549219024949 -0.501303462273983
0.16223512726898537 -0.3651993072018709
0.2518084497436228 -0.14076271618283115
0.2587055844094764 -0.07219214132125777
0.3536766680905738 0.24285934992250827
0.36242077153720853 0.24929821992086632
0.36845079692868066 0.25110446125972913
0.3655260131979812 0.24009945150159484
0.35164683918715406 0.19824069175554357
0.23136708714797505 -0.1052419626322636
0.22251195797329731 -0.10362843070203055
0.19393894636239972 -0.1754995258975745
0.1571780421324865 -0.20580061233307725
0.030163322502672608 -0.5772133270128056
-0.02933917847990163 -0.7464867322073441
0.1046083910670994 -0.35664573198150695
0.11152009468742836 -0.3299248015452946
0.10435487991722969 -0.3268665257996789
0.17254125246208762 -0.13498078824721324
0.1687592290847923 -0.12572774503557202
0.2052119921088894 -0.021074061107060515
0.22692463112586975 0.012443992169697375
0.31683924197456403 0.29977619617018886
0.2873322251070334 0.14988319457167
0.24841484958463403 0.14316570062956857
0.17617314395208986 -0.1685964661010496
0.1469439473402074 -0.27244262057510177
0.13870905384080984 -0.36806417032193306
0.10576184827390288 -0.43186826515311166
0.0340258951769288 -0.690662311844775
-0.0023015477805423514 -0.8008076586132484
0.013588988411350731 -0.7821323360858428
-0.01958082356734115 -0.764545377695909
-0.0790887042207816 -0.6061366950864
-0.11922658603109502 -0.44773866448137856
-0.12834472408487427 -0.39279207670704064
-0.20570471979349397 -0.1821899718882823
-0.2907181173811 -0.040358820080627036
-0.39014773733820046 0.31330079209842554
-0.36956415440227663 0.2422226533043406
-0.32843579267202566 0.14252355160472666
-0.22829149531564646 -0.1591514003367978
-0.13343568142233855 -0.3915493227613787
-0.10752552336172316 -0.4709924732109306
-0.13096547532922626 -0.5104545001017046
-0.044593723967108194 -0.695171645113674
-0.021645767482061182 -0.7740950597237206
-0.14506733421895363 -0.4381637212560098
-0.18217483723988953 -0.308549943729128
-0.2500062660570958 -0.10328499421489255
-0.256042509682285 -0.09438763208451796
-0.2996903539548668 0.029508336926313196
-0.3117969052411029 0.09309044560226948
-0.41296263431143126 0.3674151711339294
-0.42371746456060105 0.43918595285217843
-0.3667694902415293 0.2843237578553862
-0.32949852166738075 0.19522068038959106
-0.3169742894343827 0.14506141340670559
-0.23356251832410477 -0.1317620180595832
-0.2194651948149439 -0.1810244539343733
-0.1616636839058767 -0.37387728263184306
-0.09804759783065108 -0.5327883513964142
-0.02341133781402108 -0.7560464628002651
-0.04294691849163623 -0.7311756297823061
-0.03469701401364488 -0.7156097089750356
-0.04561229220769834 -0.6848003276475869
-0.22917818173716498 -0.22679692549110475
-0.24911567496212753 -0.16286463096415513
-0.27444256484113877 -0.1273911456115917
-0.3743814064503175 0.21002896871008647
-0.41361406608699036 0.26422320089725554
-0.40266043052535877 0.20923930028490775
-0.39494105376130756 0.2094327691513225
-0.295968404926105 -0.00036712521998314297
-0.22089613248254664 -0.14733334406278048
-0.053782205953639514 -0.5585411701421814
-0.028582137940227743 -0.5647422769806624
0.01820602212398606 -0.7106800073585195
0.020776020921943385 -0.726664472613031
0.03173741909515072 -0.6595180154846582
0.08438024806183782 -0.6024576188292369
0.07969255238469543 -0.5755180648984839
0.2645890083503712 -0.21979735642159737
0.3211801685841616 -0.11014426831758348
0.3831644571918649 0.014445965936621785
0.41594686846002715 0.07066793916888922
0.4882658136392693 0.2512492878605021
0.4748901492535163 0.1980389618188577
0.43387675299667905 0.1530114749903528
0.3919844591336774 0.10983123108017381
0.33918246179042627 -0.042198102644234216
0.09284888024209756 -0.4678039271111858
0.09797150150663597 -0.482972998693834
0.049488307177646323 -0.5723702808255895
-0.03169243824942358 -0.7170642313959059
0.09686997294646311 -0.42336154435473744
0.08973397884274545 -0.34817995096284304
0.1338710391430743 -0.2479288705818396
0.14955731460631155 -0.24157595644191057
0.16594117621942228 -0.21897149609263508
0.2146742013691886 -0.08406937874818803
0.36682156374074076 0.31208979595690933
0.3718967453244191 0.31485500785058956
0.3418012451791127 0.2026269800131169
0.29635660473769826 0.14057138314145437
0.22420046347681186 -0.027239109392280574
0.18300769696199076 -0.2094356162157166
0.11141680185921964 -0.3963860110178758
0.087437978908155 -0.45406271962336314
0.020817247007024052 -0.563872370185573
-0.04095521407356184 -0.7543739351208346
0.08346659198971082 -0.464021800077321
0.1483314042550004 -0.3369414186651403
0.2495168492514865 -0.1058771883393674
0.31050745111787015 0.012305744304466616
0.34187310099330986 0.1299970988590432
0.3477322397197693 0.1327501599469106
0.36768950572902814 0.1948346201590352
0.41707345081524805 0.30912856352422236
0.40600794192338424 0.2742842900356617
0.34652022307679303 0.19169727228373742
0.3387197678920658 0.16864669655353884
0.32712004917756604 0.0952936505373366
0.2679834722177459 -0.018907772834760334
0.13223502000197065 -0.3160653567966591
0.09479909491430753 -0.37562554234327716
-0.04385621136169511 -0.6865637852106781
-0.18937770742274374 -0.37820137476757215
-0.31753744819737323 -0.11926882549605725
-0.3575129709036333 -0.01715408687525791
-0.36227785881034785 0.009062929958296322
-0.3805128742300648 0.0851239655351207
-0.4432884416238978 0.14946250445601938
-0.45977961458807937 0.2229279585957926
-0.49983836805804926 0.2684458068733629
-0.3900204888389671 0.07658655778826398
-0.3332751029661498 -0.11159859607005547
-0.314190875368669 -0.11952153508061672
-0.28075448696677635 -0.17289466108763837
-0.07954529362909657 -0.6634762296212564
-0.06101783741208189 -0.7100181110235495
-0.04104253188992106 -0.743215931801021
-0.03530635392463092 -0.7441145064388761
0.011795300327358971 -0.6457927683191973
0.028235899915375645 -0.6277355514697013
0.14959952966916096 -0.36777039887349644
0.22061646316029979 -0.23401360794645182
0.35589577687524304 0.12804729438071932
0.35764702419006056 0.16189899512464043
0.38958702923332533 0.20711773008868428
0.425843095597059 0.28026343452437297
0.4020753976611229 0.19420154762352976
0.32893350628240464 0.03927381382677389
0.2956210497531593 0.008637933076476033
0.2201547133783781 -0.21744739078634956
0.20283248738277354 -0.2720366993256999
0.011339697445240013 -0.6856114102206302
-0.015388093245774965 -0.8016693766853339
-0.03406112787409891 -0.8182922522688478
-0.09715328215576083 -0.6946629952248613
-0.19101936789536647 -0.436367845665213
-0.21299716947120773 -0.40916194422823515
-0.41269087738114596 0.14505167084653492
-0.4432412721144806 0.1845098645263665
-0.45925015200984415 0.24046957372544145
-0.48673034121839615 0.2925444915708133
-0.5352003154097984 0.38742308925144553
-0.44973128927881884 0.2411275844495813
-0.4139874715842412 0.1342062470450195
-0.3766595308752479 0.023035566948854856
-0.17320344749175945 -0.4095476723746153
-0.056559814899609866 -0.6456482663630299
-0.05515066594531696 -0.6821685528888892
-0.024640585591660928 -0.7193743779203771
-0.029235896349396093 -0.7396194554972779
-0.012628143289705678 -0.6547680472942565
0.02932529041928926 -0.5778327316746945
0.07189436798114024 -0.3822496395944703
0.13614367194898666 -0.23902472568946284
0.200396343794357 0.06489384192203491
0.223537772611051 0.17888155900130312
0.23813366172983472 0.20363598823120838
0.30659193827068765 0.4157412890899276
0.29469640927812224 0.34754353231319807
0.2953315372790188 0.29452865970220105
0.20072705285924916 0.03589767621375001
0.08652158706079764 -0.29321833048574775
0.010737116156848168 -0.5478337338382554
0.004763880748902466 -0.6041785253700253
-0.05877992616790467 -0.8121761267410503
-0.0653479782614471 -0.8189405308345508
-0.06948355697182008 -0.7990135047257346
-0.04402319407570732 -0.714536162344859
0.0359140422255422 -0.565054467346415
0.10105342298499312 -0.391213326363682
0.19430796672218253 -0.22537614816814766
0.3595407165869714 0.20561358412084435
0.40026208545337333 0.27400617557071544
0.41527450863688403 0.3033323047252558
0.3923559268493382 0.2021042776014584
0.23602450461935995 -0.13565125002760484
0.21333582034756726 -0.19436663400606324
0.0592957887622429 -0.5992693137247579
0.048315340144435996 -0.6130392626590428
0.018870272508711313 -0.6908114154486054
-0.006176134793512608 -0.7251438265510918
-0.01959051174694591 -0.7896797233140349
0.06687894566364848 -0.5954336145942973
0.1318072747568145 -0.512055177379803
0.20132398005964228 -0.365065905848627
0.2686873127367744 -0.20188261592006063
0.34189341559830244 -0.058619494010353414
0.42563144067594805 0.1075102417859737
0.4339381688006172 0.1305782204995394
0.537706287106452 0.29857979714757227
0.4921794277931481 0.2430056939891977
0.37918046707047603 0.013130671321247815
0.33116553304330676 -0.06024618715946898
0.18544091924761333 -0.35016273501664774
0.06520258923021437 -0.5510952588264183
0.017643594964023894 -0.6661010991031421
-0.004251136003174051 -0.68354776762484
-0.005073070006721397 -0.6849294347292304
-0.02017764915581558 -0.6068667977555131
-0.09164744223679051 -0.4899677393802908
-0.09352462562100862 -0.4878705645711189
-0.10185228802343371 -0.44311070037883615
-0.15639487513260897 -0.3403629283808943
-0.2690003724306903 -0.0896739029796206
-0.3296358200974801 0.08523585989293883
-0.4148798031672916 0.22442307736614572
-0.3812384242937545 0.1161457104323187
-0.3339862819616367 0.03395798937541063
-0.2984192402128842 -0.05325585869006388
-0.1450692832689264 -0.3637748911991598
-0.13567713293530959 -0.4041786960798547
-0.11410715495859723 -0.4685488200142766
-0.08008558772433004 -0.570521854829716
0.028026376997909455 -0.758442439742972
0.11895829288277301 -0.4308267665426563
0.12700320347365246 -0.3702297679025504
0.14970077616033725 -0.30320085659031243
0.16260239249444422 -0.27283841579899576
0.1677628762112256 -0.1985040976690459
0.24910542036332384 0.11083723677317497
0.27665760773745385 0.22076890395387105
0.31448833144930505 0.3947556434096448
0.28139820566198376 0.3071241697542237
0.302581878253333 0.296454062541751
0.23657455424040466 0.1838575746878
0.24628991072732154 0.1203333376286631
0.10545112164860601 -0.38259203637150235
0.09140864745478272 -0.4963855270121778
0.03725861374064581 -0.6116453199540063
0.009462862797517742 -0.7312951095292174
0.017364893612235973 -0.7082731768777333
0.10170110462432352 -0.5792168772681846
0.2122623776290331 -0.31320477641264344
0.22025577771401464 -0.28606074857846764
0.48173755452378786 0.275999095652352
0.4747648692075722 0.2965849746438904
0.49518554195662434 0.35563841789584866
0.5265022853606733 0.3592082731811827
0.45586098059300495 0.19447226664182013
0.4321359471144096 0.18059707956906765
0.3563592473692964 -0.008058733206421361
0.25681203409011966 -0.3109337959711474
0.23467098379418394 -0.3476145133311811
0.1272806033402657 -0.5960599391881637
0.056558205957816986 -0.7432450985022039
0.04900637719280149 -0.7724027733148471
0.09300431368782756 -0.5975434004627774
0.15354728705846205 -0.40135857266203223
0.24562674629076048 -0.09478701386001698
0.2558498562017347 -0.06335793018087185
0.2992411722127991 0.06294230122695713
0.31329786502225504 0.14622153505036586
0.3930162802152223 0.45018765114654824
0.4086056992512676 0.4774284367210231
0.226089499414109 -0.07564674828148772
0.2302913991609564 -0.08135629121405687
0.21047340553649524 -0.09642293187404262
0.1437972435774479 -0.37923052035576504
0.0816021948568508 -0.5805690085362761
0.08156282088484895 -0.598188426230447
0.03740677343606655 -0.6977973620298972
0.03048733262025954 -0.7550092645376112
0.14837260249333875 -0.44628807395934544
0.14555979814826803 -0.41738625945855745
0.16395404728231755 -0.40894811595912595
0.1673948883318388 -0.3468073824451285
0.36403572890392055 0.17920203221400932
0.3630167217987954 0.24014993552503436
0.4338843561300738 0.29547018129452735
0.4492520893853097 0.3827933098666967
0.40805627926735744 0.3324055673189734
0.42249548587158936 0.3239441417920489
0.4140942728880773 0.24731108289364948
0.36954081310970127 0.22151263158266715
0.2750994921341872 -0.06213766293426328
0.16225602098782813 -0.3219661325005715
0.08683312813920034 -0.5732202576291852
0.0055983449673314865 -0.7378923021411379
-0.03154839093933835 -0.6281086703136829
-0.11949006489667656 -0.3941172853686031
-0.17143822922960417 -0.2950617838649606
-0.1648011962308572 -0.2700816182498445
-0.1916220720787325 -0.2227528620016299
-0.19665766675597868 -0.22355624230769838
-0.33670232711631537 0.19886207391298932
-0.4257529268295009 0.3588635255052767
-0.3994010433550561 0.20020942617518778
-0.3588939071212503 0.1695851810255934
-0.351448330462391 0.15606183688129102
-0.3016815521046895 0.039759261790636845
-0.1164106097690035 -0.5098648511662842
-0.10304342823393838 -0.5152620766480375
-0.05029249557007374 -0.6315879458842132
-0.0037887299702731025 -0.7745003240061487
-0.011932104960976454 -0.7591889060732038
-0.024227126269710225 -0.7305197705036043
-0.1653536624497787 -0.3632648695348834
-0.35570198498266137 0.08682460241456053
-0.40371498958599944 0.18687384504886265
-0.4034148331038451 0.21129791819904156
-0.4691562207510457 0.35130994406291666
-0.47536703510570627 0.38188330751222715
-0.33456625957286606 0.08988928653121746
-0.30915456156245674 0.008200379170734266
-0.2959291595463227 -0.05670379063637126
-0.19595588391525431 -0.27107102827831575
-0.12557797072219878 -0.39033699667891564
-0.13347350788802062 -0.4324884175838071
0.0016387976089500874 -0.6787719500794234
0.030725033764223558 -0.7668822000418033
0.02428712621084845 -0.7437359830975143
-0.1348077592866588 -0.3920993603303507
-0.14461793714849294 -0.3321440100105848
-0.21949873406608453 -0.17370954743766867
-0.2541022808046922 -0.1049652977098216
-0.3166201691520436 0.004864724464183736
-0.4386333163509226 0.35207905185264177
-0.456505682084493 0.39791915361054087
-0.41669916087362435 0.29968181473891625
-0.42383533512890836 0.28554985124099325
-0.3411115405989127 0.12601887299693038
-0.3490096116693234 0.09780562110409702
-0.3015348068820977 0.04327754679481377
-0.1297980971871276 -0.42705479396449775
-0.053166467310531776 -0.6533242208968683
-0.004447852836016966 -0.738826633382437
0.06168141168076364 -0.5807251687315178
0.14892165432193197 -0.3368214622089583
0.1921642769106265 -0.11288295333892366
0.24486497535518195 0.04672371664301937
0.26885719293314597 0.09761009065197379
0.2890973680664187 0.15716907720664203
0.33022503104641715 0.2562990368113994
0.35851636503082607 0.3614935130959958
0.3141467291122106 0.20235091915863196
0.28964977318218466 0.21057491304153203
0.1587562443052304 -0.15956306427419792
0.10023585411096872 -0.4204222221160632
0.07031001092664585 -0.44087207986643867
0.007708360699116381 -0.6616579906991309
-0.010191543613972974 -0.6887540857421973
-0.02452636408901332 -0.7326823365434135
0.0072773040160893695 -0.6536196804630479
0.02802624484941093 -0.6153747260089059
0.07680062672908784 -0.41897672658695634
0.2245891838257772 -0.08418567766623172
0.3172265219526326 0.2160475169226615
0.3347723295454923 0.26320515403938693
0.38634215093566626 0.36753422368172645
0.3805740472585328 0.38773960278388087
0.2244148099897766 -0.01612961903844294
0.202364978832558 -0.10702135917028373
0.17463382539152744 -0.23389901519179765
0.18623251440267083 -0.2584658174931842
0.05062726634845007 -0.5872040032473449
0.012474249936170186 -0.6991028149807142
-0.012721052366697442 -0.7889983590925337
-0.019684507642674848 -0.7882994152968156
0.0046900219593456124 -0.701907410841088
0.011714412399355 -0.6860628525170517
0.04815295002335368 -0.6390629049461005
0.20398022515017597 -0.15305598108008522
0.22601951438032852 -0.10945450414091712
0.33409329725919257 0.19209911940778185
0.34756084273215865 0.191920988644063
0.4194616739735239 0.4175123573457705
0.36730398666723413 0.2252341157821592
0.28544901084115754 0.003843617999905027
0.1950638891100794 -0.26896524585675124
0.18082894155521062 -0.333544739620241
0.1669457492034374 -0.39482812557659086
0.09743000334270498 -0.5353421339582924
0.0794349018864811 -0.5825444694527837
0.017001993557723614 -0.8112803564703518
-0.19075369651182658 -0.29204711875546374
-0.28423036750809455 -0.05161636093925975
-0.3156252484390575 0.0206806311847056
-0.3146287136694108 0.05226313162441113
-0.3926504129236509 0.23599531412501937
-0.3855102329437304 0.2553289446522804
-0.43591143535217186 0.33920411221765034
-0.4416032252624872 0.3785646574814973
-0.3068355153706152 0.019271079636492796
-0.2637691994242006 -0.09184471393859647
-0.24090788330128574 -0.09230565228781717
-0.26374891875795625 -0.13134484305583788
-0.23397505540254754 -0.1394807010410712
-0.12100525550080561 -0.4064314138859446
-0.08072686040437341 -0.5911824905694006
0.008878229073431112 -0.7969593480936421
0.0007722766837913227 -0.7788652151099068
0.0937331517306635 -0.5819547687235336
0.1152959206875988 -0.46940261775236525
0.15728517095041558 -0.38299453866105043
0.2528478673317362 -0.12591927071560058
0.2641037425383114 0.019387320029439627
0.37970496048667646 0.3052915859401179
0.38731953238855177 0.31252105137974623
0.3378332853967255 0.2294255112039836
0.3331672979044535 0.1714358075130314
0.2664006845979438 0.007569646556221406
0.27457035003688435 -0.03855190702144085
0.1783384692900518 -0.24129353210971902
0.034073328144658376 -0.5687443604783377
-0.03763719472660067 -0.7601541886415311
-0.038889759273009104 -0.7664137355539352
0.04182857112149753 -0.6034589528277421
0.04405583097250115 -0.5134010114877668
0.07376537083945063 -0.4062624621671299
0.1720797678806405 -0.22390249508833943
0.2125907874854961 -0.1353049826806793
0.2357500837060965 -0.0433742197768657
0.3855455643334893 0.32900667849464
0.3969358084033683 0.37109895698334316
0.39724025932909934 0.36037562156110997
0.34278535208774885 0.1936739561406373
0.26052106426795474 -0.051900911114715426
0.23377558674953766 -0.10727531137643857
0.20778394463611627 -0.1693356866758198
0.1808557662542444 -0.22352808890196776
0.1152577209663023 -0.5144863213897024
0.05188278670136164 -0.6724774937137319
