x y trial vol omega bias theta state target_sigma moving_sigma staying_sigma x_mean y_mean x_noise y_noise
0.026783005979126525 -0.6595858345016093 0 nil_vol 0.6 nil_bias 0.32 Home 0.005 0.01 0.001 0.02761520458026007 -0.6598407315856907 -0.0008321986011335465 0.00025489708408128276
0.060165632822845906 -0.5164432251396883 0 nil_vol 0.6 nil_bias 0.32 Home 0.005 0.01 0.001 0.07056163097566451 -0.5196274525724891 -0.010395998152818602 0.0031842274328007683
0.17419922517880596 -0.1799589435415552 0 nil_vol 0.6 nil_bias 0.32 Home 0.005 0.01 0.001 0.174565546022976 -0.1800711452622622 -0.0003663208441700366 0.00011220172070699282
0.21125631546518997 -0.07037233642297051 0 nil_vol 0.6 nil_bias 0.32 Home 0.005 0.01 0.001 0.2084306757956668 -0.0695068611488655 0.0028256396695231644 -0.0008654752741050003
0.25422215636294515 0.07219740546449124 0 nil_vol 0.6 nil_bias 0.32 Home 0.005 0.01 0.001 0.25203863117366504 0.07286620519932308 0.0021835251892801276 -0.0006687997348318297
0.2841958035873426 0.17318935417319012 0 nil_vol 0.6 nil_bias 0.32 Home 0.005 0.01 0.001 0.2828895172926644 0.17358946127146602 0.0013062862946781738 -0.00040010709827590404
0.2930794245626303 0.2500405705062218 0 nil_vol 0.6 nil_bias 0.32 Home 0.005 0.01 0.001 0.305171567314797 0.2463368248815313 -0.012092142752166694 0.003703745624690476
0.32478376632322825 0.310367547864477 0 nil_vol 0.6 nil_bias 0.32 Right 0.005 0.01 0.001 0.4 0.35 -0.07521623367677178 -0.039632452135522946
0.33022090577358026 0.30439573041453366 1 nil_vol 0.6 nil_bias 0.32 Right 0.005 0.01 0.001 0.323503168199837 0.3068222387609825 0.006717737573743289 -0.0024265083464488617
0.30121378510118574 0.29660572210401037 1 nil_vol 0.6 nil_bias 0.32 Right 0.005 0.01 0.001 0.31766627817978743 0.29066293089835843 -0.016452493078601707 0.005942791205651934
0.2283228882198039 0.052475834358053246 1 nil_vol 0.6 nil_bias 0.32 Right 0.005 0.01 0.001 0.2312491249741867 0.05141885083789488 -0.002926236754382797 0.0010569835201583635
0.07537082262678722 -0.4251384578898896 1 nil_vol 0.6 nil_bias 0.32 Right 0.005 0.01 0.001 0.0609887220265512 -0.41994351141232217 0.014382100600236022 -0.005194946477567403
0.02414600267792346 -0.4923498903203227 1 nil_vol 0.6 nil_bias 0.32 Right 0.005 0.01 0.001 0.033601231555043465 -0.49576520560110876 -0.009455228877120003 0.0034153152807860397
-0.002027084476371171 -0.5848926606252451 1 nil_vol 0.6 nil_bias 0.32 Right 0.005 0.01 0.001 0.0010111709520145284 -0.58599010631655 -0.0030382554283856994 0.0010974456913048786
0.0021213866349568894 -0.5865872254498752 1 nil_vol 0.6 nil_bias 0.32 Right 0.005 0.01 0.001 0.0009485132543423092 -0.5861635728412182 0.00117287338061458 -0.00042365260865692277
-0.030157128462642284 -0.6722788909374414 1 nil_vol 0.6 nil_bias 0.32 Home 0.005 0.01 0.001 0.0 -0.75 -0.030157128462642284 0.07772110906255855
-0.021217053642658003 -0.6744372791493032 2 nil_vol 0.6 nil_bias 0.32 Home 0.005 0.01 0.001 -0.029592245335928347 -0.6709299861185344 0.008375191693270346 -0.0035072930307688283
0.09729219827520412 -0.35911591939830234 2 nil_vol 0.6 nil_bias 0.32 Home 0.005 0.01 0.001 0.1004354258883238 -0.36043221408209725 -0.0031432276131196815 0.0013162946837948803
0.14983624955920385 -0.26019494563959417 2 nil_vol 0.6 nil_bias 0.32 Home 0.005 0.01 0.001 0.14351968800520346 -0.25754974859478275 0.0063165615540003925 -0.002645197044811423
0.14789572739545537 -0.2156186811360226 2 nil_vol 0.6 nil_bias 0.32 Home 0.005 0.01 0.001 0.15911220140984594 -0.22031582271572897 -0.011216474014390578 0.004697141579706393
0.24232924973878095 0.025602032061622506 2 nil_vol 0.6 nil_bias 0.32 Home 0.005 0.01 0.001 0.2591464117981948 0.018559480983575405 -0.016817162059413866 0.007042551078047102
0.30899597361762765 0.08995161818236672 2 nil_vol 0.6 nil_bias 0.32 Home 0.005 0.01 0.001 0.29202041527989775 0.09706050113476172 0.016975558337729915 -0.0071088829523950035
0.31393061790699556 0.16140859869888124 2 nil_vol 0.6 nil_bias 0.32 Home 0.005 0.01 0.001 0.3182160420913248 0.15961398444692765 -0.004285424184329277 0.0017946142519535877
0.3281285414049206 0.183284399545542 2 nil_vol 0.6 nil_bias 0.32 Right 0.005 0.01 0.001 0.4 0.35 -0.07187145859507942 -0.166715600454458
0.2525767929888752 0.021475570403681223 3 nil_vol 0.6 nil_bias 0.32 Right 0.005 0.01 0.001 0.2600235704082593 0.018399708378075447 -0.007446777419384105 0.003075862025605776
0.21117329988876496 -0.10853805809136434 3 nil_vol 0.6 nil_bias 0.32 Right 0.005 0.01 0.001 0.2081143118150268 -0.1072745551392954 0.0030589880737381535 -0.0012635029520689412
0.18279241981829808 -0.18390972637438574 3 nil_vol 0.6 nil_bias 0.32 Right 0.005 0.01 0.001 0.1773832920543841 -0.18167550749772582 0.00540912776391398 -0.0022342188766599313
0.1690716459491332 -0.22433944185434793 3 nil_vol 0.6 nil_bias 0.32 Right 0.005 0.01 0.001 0.1611180600941064 -0.2210542446044353 0.007953585855026805 -0.003285197249912639
0.1538033032536774 -0.23345330919271445 3 nil_vol 0.6 nil_bias 0.32 Right 0.005 0.01 0.001 0.1556770081465691 -0.23422723560445807 -0.0018737048928917025 0.0007739264117436162
0.059296401754224994 -0.5192250797541947 3 nil_vol 0.6 nil_bias 0.32 Right 0.005 0.01 0.001 0.041069424072297855 -0.5116964985524163 0.018226977681927138 -0.007528581201778486
0.022537892504120745 -0.5608187747290228 3 nil_vol 0.6 nil_bias 0.32 Right 0.005 0.01 0.001 0.02103591046411546 -0.5601983869747214 0.0015019820400052873 -0.0006203877543014106
-0.06867637211553249 -0.777395190535491 3 nil_vol 0.6 nil_bias 0.32 Home 0.005 0.01 0.001 0.0 -0.75 -0.06867637211553249 -0.027395190535490967
-0.038940170905573654 -0.7192037670646252 4 nil_vol 0.6 nil_bias 0.32 Home 0.005 0.01 0.001 -0.04156973576170181 -0.7180036193516898 0.0026295648561281575 -0.0012001477129354
0.03670974049011956 -0.5083086517934218 4 nil_vol 0.6 nil_bias 0.32 Home 0.005 0.01 0.001 0.051131955835336515 -0.5148910293764223 -0.014422215345216951 0.006582377583000514
0.06851095206769227 -0.47775367388418694 4 nil_vol 0.6 nil_bias 0.32 Home 0.005 0.01 0.001 0.068155657072662 -0.4775915153146011 0.00035529499503027896 -0.00016215856958585765
0.2144855428494149 -0.1629528656234409 4 nil_vol 0.6 nil_bias 0.32 Home 0.005 0.01 0.001 0.21222858670093156 -0.16192277855276638 0.0022569561484833468 -0.001030087070674542
0.2449836691611236 -0.10292274286396501 4 nil_vol 0.6 nil_bias 0.32 Home 0.005 0.01 0.001 0.24016109492670715 -0.10072169373433137 0.004822574234416449 -0.0022010491296336403
0.3116429708639385 0.04309273058358031 4 nil_vol 0.6 nil_bias 0.32 Home 0.005 0.01 0.001 0.30680629021361916 0.045300217958212596 0.004836680650319351 -0.0022074873746322863
0.3864929736841663 0.23801880323129837 4 nil_vol 0.6 nil_bias 0.32 Home 0.005 0.01 0.001 0.3933382002217688 0.23489460458128875 -0.006845226537602508 0.00312419865000963
0.4129354042672876 0.27783275167855576 4 nil_vol 0.6 nil_bias 0.32 Right 0.005 0.01 0.001 0.4 0.35 0.01293540426728756 -0.07216724832144424
0.38866567652090533 0.20719137404071758 5 nil_vol 0.6 nil_bias 0.32 Right 0.005 0.01 0.001 0.3867855139309502 0.207894364884452 0.001880162589955173 -0.0007029908437344296
0.3509650043871241 0.07563550502218262 5 nil_vol 0.6 nil_bias 0.32 Right 0.005 0.01 0.001 0.3390059450079391 0.08010698492937715 0.011959059379184966 -0.004471479907194529
0.33407534191982596 0.034315963927133784 5 nil_vol 0.6 nil_bias 0.32 Right 0.005 0.01 0.001 0.3233799501374724 0.03831495982957128 0.010695391782353549 -0.003998995902437495
0.2795155787985976 -0.09205605230080767 5 nil_vol 0.6 nil_bias 0.32 Right 0.005 0.01 0.001 0.27523306159030836 -0.09045482355514145 0.004282517208289239 -0.001601228745666216
0.23586719481799578 -0.19334408245062815 5 nil_vol 0.6 nil_bias 0.32 Right 0.005 0.01 0.001 0.23665301616087517 -0.1936379002362849 -0.0007858213428793908 0.0002938177856567587
0.2301052756717598 -0.2502186238210554 5 nil_vol 0.6 nil_bias 0.32 Right 0.005 0.01 0.001 0.2172892308893435 -0.24542671795979482 0.012816044782416323 -0.00479190586126059
0.16412717826372902 -0.3626995606595016 5 nil_vol 0.6 nil_bias 0.32 Right 0.005 0.01 0.001 0.17229865986625853 -0.3657548691615496 -0.008171481602529519 0.0030553085020479822
0.028486940033023607 -0.7503820916033092 5 nil_vol 0.6 nil_bias 0.32 Home 0.005 0.01 0.001 0.0 -0.75 0.028486940033023607 -0.0003820916033091094
-0.07170312834815748 -0.49386538733520746 6 nil_vol 0.6 nil_bias 0.32 Home 0.005 0.01 0.001 -0.08798133135559955 -0.5014824914379472 0.01627820300744206 0.007617104102739756
-0.12207355337003827 -0.4359088263666969 6 nil_vol 0.6 nil_bias 0.32 Home 0.005 0.01 0.001 -0.11927760071381349 -0.43460050858499466 -0.0027959526562247785 -0.001308317781702274
-0.1647901625472743 -0.3396471337254181 6 nil_vol 0.6 nil_bias 0.32 Home 0.005 0.01 0.001 -0.16390353113524928 -0.33923224986120615 -0.000886631412025031 -0.0004148838642119291
-0.20647289558451395 -0.24387785619010058 6 nil_vol 0.6 nil_bias 0.32 Home 0.005 0.01 0.001 -0.2081547196794556 -0.2446648367436549 0.0016818240949416383 0.0007869805535543311
-0.19784143208241903 -0.23945781011671965 6 nil_vol 0.6 nil_bias 0.32 Home 0.005 0.01 0.001 -0.20830101637496967 -0.24435219203291247 0.010459584292550655 0.004894381916192814
-0.27605460482488503 -0.07170260210795569 6 nil_vol 0.6 nil_bias 0.32 Home 0.005 0.01 0.001 -0.2867479792396626 -0.07670638207615588 0.010693374414777586 0.005003779968200191
-0.4745942521200864 0.2952140000930587 6 nil_vol 0.6 nil_bias 0.32 Home 0.005 0.01 0.001 -0.46326283987308103 0.3005163388510309 -0.01133141224700533 -0.0053023387579722095
-0.465211731308374 0.30468123537801317 6 nil_vol 0.6 nil_bias 0.32 Left 0.005 0.01 0.001 -0.4 0.35 -0.06521173130837396 -0.04531876462198683
-0.41105480490858354 0.22210334818128843 7 nil_vol 0.6 nil_bias 0.32 Left 0.005 0.01 0.001 -0.425871559700832 0.2155626927884124 0.014816754792248482 0.006540655392876047
-0.40643339683823915 0.16962151902626246 7 nil_vol 0.6 nil_bias 0.32 Left 0.005 0.01 0.001 -0.40572876138127145 0.16993257078936774 -0.0007046354569677006 -0.00031105176310527804
-0.40306176456456855 0.13999004710513788 7 nil_vol 0.6 nil_bias 0.32 Left 0.005 0.01 0.001 -0.3942317175565514 0.143887951564794 -0.008830047008017178 -0.0038979044596561207
-0.37753848895451303 0.13474828630634897 7 nil_vol 0.6 nil_bias 0.32 Left 0.005 0.01 0.001 -0.38813268616400043 0.13007162167343775 0.01059419720948741 0.004676664632911213
-0.22807820201086257 -0.23531546352393498 7 nil_vol 0.6 nil_bias 0.32 Left 0.005 0.01 0.001 -0.2270398533703033 -0.2348570986032229 -0.0010383486405592614 -0.0004583649207120893
-0.21435661568746553 -0.27487879837956714 7 nil_vol 0.6 nil_bias 0.32 Left 0.005 0.01 0.001 -0.21018560553929844 -0.2730375625352902 -0.004171010148167095 -0.0018412358442769265
-0.1551989779159044 -0.41211210351231203 7 nil_vol 0.6 nil_bias 0.32 Left 0.005 0.01 0.001 -0.1498377565914008 -0.4097454650911335 -0.005361221324503597 -0.0023666384211785403
-0.010817664479037566 -0.7246721035237599 7 nil_vol 0.6 nil_bias 0.32 Home 0.005 0.01 0.001 0.0 -0.75 -0.010817664479037566 0.025327896476240074
-0.06159167331892644 -0.6370652539271767 8 nil_vol 0.6 nil_bias 0.32 Home 0.005 0.01 0.001 -0.04339546299082638 -0.6307534864400289 -0.01819621032810006 -0.006311767487147775
-0.10924447389732792 -0.4707522664140422 8 nil_vol 0.6 nil_bias 0.32 Home 0.005 0.01 0.001 -0.10000697054259562 -0.46754802925226474 -0.009237503354732288 -0.0032042371617774994
-0.18094088098189504 -0.2795917501169017 8 nil_vol 0.6 nil_bias 0.32 Home 0.005 0.01 0.001 -0.16689399155613813 -0.27471926851911893 -0.014046889425756898 -0.004872481597782767
-0.18422816181719584 -0.2354650970637299 8 nil_vol 0.6 nil_bias 0.32 Home 0.005 0.01 0.001 -0.18090949379877042 -0.23431394193188426 -0.0033186680184254195 -0.0011511551318456222
-0.20785598513050912 -0.19015012797347827 8 nil_vol 0.6 nil_bias 0.32 Home 0.005 0.01 0.001 -0.19747746279128955 -0.18655010254597693 -0.01037852233921957 -0.0036000254275013526
-0.28495112751270685 0.13018413529248102 8 nil_vol 0.6 nil_bias 0.32 Home 0.005 0.01 0.001 -0.30493895556247186 0.12325090463904198 0.019987828049765035 0.006933230653439032
-0.3651635652128178 0.29942781750561304 8 nil_vol 0.6 nil_bias 0.32 Home 0.005 0.01 0.001 -0.3659547145822439 0.29915338943639525 0.0007911493694260689 0.00027442806921776895
-0.3860488722851998 0.35708288710460334 8 nil_vol 0.6 nil_bias 0.32 Left 0.005 0.01 0.001 -0.4 0.35 0.013951127714800244 0.007082887104603364
-0.37984424287848784 0.3049552365741071 9 nil_vol 0.6 nil_bias 0.32 Left 0.005 0.01 0.001 -0.3703697038820761 0.30798061364962936 -0.009474538996411786 -0.00302537707552225
-0.2967082992947139 0.06422462047881378 9 nil_vol 0.6 nil_bias 0.32 Left 0.005 0.01 0.001 -0.2929205884418212 0.06543409922890264 -0.0037877108528926906 -0.0012094787500888692
-0.25053528358584104 -0.06511630735959104 9 nil_vol 0.6 nil_bias 0.32 Left 0.005 0.01 0.001 -0.25116906148531326 -0.06531868312993322 0.0006337778994722313 0.00020237577034218774
-0.2292669355180787 -0.12971749447699948 9 nil_vol 0.6 nil_bias 0.32 Left 0.005 0.01 0.001 -0.23048160410130095 -0.13010535825458586 0.001214668583222243 0.0003878637775863715
-0.24917619370975416 -0.14246819302867297 9 nil_vol 0.6 nil_bias 0.32 Left 0.005 0.01 0.001 -0.22862900097761 -0.13590713439756608 -0.02054719273214417 -0.00656105863110689
-0.06400004287616717 -0.6778797271842472 9 nil_vol 0.6 nil_bias 0.32 Left 0.005 0.01 0.001 -0.0563483719138973 -0.6754364220347874 -0.007651670962269869 -0.0024433051494597933
-0.05243697267138094 -0.7250511635652114 9 nil_vol 0.6 nil_bias 0.32 Left 0.005 0.01 0.001 -0.041609560064478524 -0.7215937915600353 -0.010827412606902417 -0.0034573720051760794
-0.02328955650599191 -0.7789663384513421 9 nil_vol 0.6 nil_bias 0.32 Home 0.005 0.01 0.001 0.0 -0.75 -0.02328955650599191 -0.028966338451342114
0.010474609616288426 -0.6590018068718193 10 nil_vol 0.6 nil_bias 0.32 Home 0.005 0.01 0.001 0.013831621407317994 -0.6600497365125946 -0.0033570117910295674 0.001047929640775272
0.024741123074275666 -0.6312035808930843 10 nil_vol 0.6 nil_bias 0.32 Home 0.005 0.01 0.001 0.02300541463745709 -0.6306617596449295 0.001735708436818576 -0.0005418212481547637
0.2014647554842086 -0.13165367817097784 10 nil_vol 0.6 nil_bias 0.32 Home 0.005 0.01 0.001 0.1807910419816413 -0.12520014195697726 0.020673713502567304 -0.006453536214000574
0.18728193141233657 -0.10013194556846838 10 nil_vol 0.6 nil_bias 0.32 Home 0.005 0.01 0.001 0.18849787861855605 -0.10051151740149566 -0.001215947206219481 0.00037957183302727735
0.21738312130892345 -0.023409466715093037 10 nil_vol 0.6 nil_bias 0.32 Home 0.005 0.01 0.001 0.21299387500336966 -0.02203931326000419 0.004389246305553779 -0.0013701534550888473
0.2644476028101229 0.1202572405386087 10 nil_vol 0.6 nil_bias 0.32 Home 0.005 0.01 0.001 0.2580379586698162 0.12225808429477225 0.0064096441403066915 -0.0020008437561635476
0.26489645126976746 0.19499921479550944 10 nil_vol 0.6 nil_bias 0.32 Home 0.005 0.01 0.001 0.2793377097904629 0.1904912107145068 -0.01444125852069545 0.004508004081002624
0.29987161931686607 0.25627098610579413 10 nil_vol 0.6 nil_bias 0.32 Right 0.005 0.01 0.001 0.4 0.35 -0.10012838068313397 -0.09372901389420585
0.20986175014043165 -0.0025501898015267165 11 nil_vol 0.6 nil_bias 0.32 Right 0.005 0.01 0.001 0.2209724519800339 -0.005893981806436799 -0.01111070183960224 0.0033437920049100823
0.2224954488089464 -0.02726153970792204 11 nil_vol 0.6 nil_bias 0.32 Right 0.005 0.01 0.001 0.2152023846640937 -0.02506667479921454 0.007293064144852707 -0.0021948649087075037
0.2170668548586505 -0.05132425999854086 11 nil_vol 0.6 nil_bias 0.32 Right 0.005 0.01 0.001 0.20811123371878257 -0.048629044628818896 0.008955621139867915 -0.002695215369721963
0.2096350385552942 -0.06193888074471698 11 nil_vol 0.6 nil_bias 0.32 Right 0.005 0.01 0.001 0.20456482783173396 -0.060412988832090786 0.005070210723560223 -0.0015258919126261942
0.16400768270514107 -0.16964736698667712 11 nil_vol 0.6 nil_bias 0.32 Right 0.005 0.01 0.001 0.17105242462804807 -0.1717674987351963 -0.007044741922906992 0.0021201317485191897
0.08743152153381258 -0.44511640595892216 11 nil_vol 0.6 nil_bias 0.32 Right 0.005 0.01 0.001 0.08867481620496423 -0.44549057843165707 -0.0012432946711516592 0.00037417247273490497
-0.013589119005256067 -0.7017505241435146 11 nil_vol 0.6 nil_bias 0.32 Right 0.005 0.01 0.001 0.009464737821836655 -0.708688636897653 -0.023053856827092722 0.006938112754138495
-0.007389402756595519 -0.7646913220092637 11 nil_vol 0.6 nil_bias 0.32 Home 0.005 0.01 0.001 0.0 -0.75 -0.007389402756595519 -0.014691322009263697
-0.014236134306371051 -0.7166550337675704 12 nil_vol 0.6 nil_bias 0.32 Home 0.005 0.01 0.001 -0.02432722897290689 -0.7205249760029974 0.010091094666535839 0.003869942235426948
-0.21221018654567494 -0.23354193571393883 12 nil_vol 0.6 nil_bias 0.32 Home 0.005 0.01 0.001 -0.21122977535799414 -0.23316594730151485 -0.000980411187680792 -0.00037598841242398906
-0.21245414332168083 -0.22959518665472028 12 nil_vol 0.6 nil_bias 0.32 Home 0.005 0.01 0.001 -0.2125805706695354 -0.2296436716357202 0.0001264273478545551 4.848498099991734e-05
-0.3341016576082309 0.03959545935118398 12 nil_vol 0.6 nil_bias 0.32 Home 0.005 0.01 0.001 -0.3181761804204765 0.04570289157978047 -0.0159254771877544 -0.00610743222859649
-0.3226987701539764 0.0833753878333125 12 nil_vol 0.6 nil_bias 0.32 Home 0.005 0.01 0.001 -0.3313510895121712 0.08005721698810975 0.008652319358194797 0.0033181708452027546
-0.3434306478214033 0.11545410603923675 12 nil_vol 0.6 nil_bias 0.32 Home 0.005 0.01 0.001 -0.344734117564476 0.11495422443292835 0.0013034697430726612 0.0004998816063083941
-0.43292041554934135 0.3214281999185291 12 nil_vol 0.6 nil_bias 0.32 Home 0.005 0.01 0.001 -0.4250714139619047 0.32443829780710454 -0.007849001587436696 -0.003010097888575442
-0.4339881569431847 0.3476892126961064 12 nil_vol 0.6 nil_bias 0.32 Left 0.005 0.01 0.001 -0.4 0.35 -0.03398815694318466 -0.002310787303893577
-0.33945697110960216 0.14664108361017836 13 nil_vol 0.6 nil_bias 0.32 Left 0.005 0.01 0.001 -0.3519213457337381 0.14167581679038901 0.012464374624135981 0.0049652668197893435
-0.24283219332184255 -0.10268621759930406 13 nil_vol 0.6 nil_bias 0.32 Left 0.005 0.01 0.001 -0.2529694388245648 -0.10672445700212646 0.01013724550272225 0.004038239402822398
-0.18694655373170493 -0.30381636434169046 13 nil_vol 0.6 nil_bias 0.32 Left 0.005 0.01 0.001 -0.1761671280583248 -0.29952230818192305 -0.01077942567338015 -0.0042940561597674225
-0.16516387200729601 -0.30292099009095025 13 nil_vol 0.6 nil_bias 0.32 Left 0.005 0.01 0.001 -0.17349171185560042 -0.30623844067521266 0.0083278398483044 0.0033174505842624015
-0.1440188144986827 -0.3774859639391981 13 nil_vol 0.6 nil_bias 0.32 Left 0.005 0.01 0.001 -0.14496037160067976 -0.3778610394948084 0.0009415571019970458 0.0003750755556103172
-0.10364114369684188 -0.4808914946801072 13 nil_vol 0.6 nil_bias 0.32 Left 0.005 0.01 0.001 -0.1038796534919938 -0.48098650664884 0.00023850979515191472 9.50119687328194e-05
-0.06117230298327657 -0.6544178902653845 13 nil_vol 0.6 nil_bias 0.32 Left 0.005 0.01 0.001 -0.038405002601744176 -0.6453483842075597 -0.022767300381532397 -0.009069506057824887
0.0021219132256239887 -0.7470836342086006 13 nil_vol 0.6 nil_bias 0.32 Home 0.005 0.01 0.001 0.0 -0.75 0.0021219132256239887 0.002916365791399462
0.0327629807243467 -0.6614437128114664 14 nil_vol 0.6 nil_bias 0.32 Home 0.005 0.01 0.001 0.03171326024759914 -0.6610825239522653 0.0010497204767475577 -0.00036118885920105825
0.07742426116479383 -0.5534908173150141 14 nil_vol 0.6 nil_bias 0.32 Home 0.005 0.01 0.001 0.06965351327268035 -0.550817050699555 0.007770747892113471 -0.0026737666154591595
0.10036381588776994 -0.4366327414564623 14 nil_vol 0.6 nil_bias 0.32 Home 0.005 0.01 0.001 0.10803406877596118 -0.4392719296516409 -0.007670252888191239 0.0026391881951786087
0.15578783716902478 -0.30721475667836323 14 nil_vol 0.6 nil_bias 0.32 Home 0.005 0.01 0.001 0.15371753770794197 -0.3065024059934743 0.0020702994610828046 -0.0007123506848889366
0.20520466194469636 -0.15072362876552328 14 nil_vol 0.6 nil_bias 0.32 Home 0.005 0.01 0.001 0.207094332045085 -0.1513738283214474 -0.0018896701003886511 0.0006501995559241281
0.21015987893993632 -0.10231855348102684 14 nil_vol 0.6 nil_bias 0.32 Home 0.005 0.01 0.001 0.22251104376966277 -0.10656835448374269 -0.012351164829726462 0.004249801002715852
0.2863182485996083 0.09771425899851911 14 nil_vol 0.6 nil_bias 0.32 Home 0.005 0.01 0.001 0.2921145707462693 0.09571985474511158 -0.005796322146660992 0.001994404253407533
0.38767171416243157 0.3734368650796175 14 nil_vol 0.6 nil_bias 0.32 Right 0.005 0.01 0.001 0.4 0.35 -0.012328285837568434 0.023436865079617505
0.27306692595157805 0.050677342110597066 15 nil_vol 0.6 nil_bias 0.32 Right 0.005 0.01 0.001 0.26454292640045013 0.053962582231514955 0.008523999551127934 -0.0032852401209178903
0.25871368983368204 0.02455551099574351 15 nil_vol 0.6 nil_bias 0.32 Right 0.005 0.01 0.001 0.25392103563831575 0.026402650915667514 0.004792654195366258 -0.0018471399199240018
0.23841973648755962 -0.0810438318043461 15 nil_vol 0.6 nil_bias 0.32 Right 0.005 0.01 0.001 0.21586093331766174 -0.07234942904081809 0.02255880316989789 -0.00869440276352801
0.16561764292762693 -0.15754907218805592 15 nil_vol 0.6 nil_bias 0.32 Right 0.005 0.01 0.001 0.18077290158690298 -0.16339007012472917 -0.015155258659276069 0.005840997936673255
0.15077537745666816 -0.24426743554039662 15 nil_vol 0.6 nil_bias 0.32 Right 0.005 0.01 0.001 0.1497536702182574 -0.24387365869992095 0.0010217072384107833 -0.00039377684047568615
0.10343270434901025 -0.3711646717002603 15 nil_vol 0.6 nil_bias 0.32 Right 0.005 0.01 0.001 0.101048510807351 -0.37024577814188886 0.0023841935416592484 -0.0009188935583714138
0.04201318637764846 -0.5170419459493527 15 nil_vol 0.6 nil_bias 0.32 Right 0.005 0.01 0.001 0.0441537444395218 -0.5178669398015744 -0.0021405580618733423 0.0008249938522216375
-0.04690078248517368 -0.7541202175124944 15 nil_vol 0.6 nil_bias 0.32 Home 0.005 0.01 0.001 0.0 -0.75 -0.04690078248517368 -0.004120217512494356
-0.03958877796106055 -0.7101447836247169 16 nil_vol 0.6 nil_bias 0.32 Home 0.005 0.01 0.001 -0.05977406162879101 -0.7171789422911662 0.02018528366773046 0.007034158666449294
-0.1013918103435992 -0.5959816030250206 16 nil_vol 0.6 nil_bias 0.32 Home 0.005 0.01 0.001 -0.10194203792459389 -0.5961733460874954 0.0005502275809946839 0.00019174306247479923
-0.11362746455306598 -0.5708268030028344 16 nil_vol 0.6 nil_bias 0.32 Home 0.005 0.01 0.001 -0.11108369969243634 -0.569940352956635 -0.002543764860629644 -0.0008864500461993768
-0.22452558151982832 -0.2229864891266277 16 nil_vol 0.6 nil_bias 0.32 Home 0.005 0.01 0.001 -0.23118171960536904 -0.2253060171634984 0.006656138085540725 0.0023195280368707234
-0.25325721514456495 -0.17734114184117608 16 nil_vol 0.6 nil_bias 0.32 Home 0.005 0.01 0.001 -0.24847699801329376 -0.175675333903327 -0.0047802171312711665 -0.0016658079378490634
-0.24895314216023923 -0.14402472971924501 16 nil_vol 0.6 nil_bias 0.32 Home 0.005 0.01 0.001 -0.25836377770826874 -0.1473041438055971 0.009410635548029515 0.003279414086352068
-0.2717190197936524 -0.05509031589834112 16 nil_vol 0.6 nil_bias 0.32 Home 0.005 0.01 0.001 -0.288464833302613 -0.060925889535045075 0.016745813508960594 0.005835573636703957
-0.41951594229193806 0.31513952714903515 16 nil_vol 0.6 nil_bias 0.32 Left 0.005 0.01 0.001 -0.4 0.35 -0.01951594229193804 -0.03486047285096486
-0.35924634461428573 0.19192906207175567 17 nil_vol 0.6 nil_bias 0.32 Left 0.005 0.01 0.001 -0.3695150413884688 0.18789399627199982 0.010268696774183083 0.004035065799755856
-0.3411731822690694 0.12593446970083844 17 nil_vol 0.6 nil_bias 0.32 Left 0.005 0.01 0.001 -0.3446338083234931 0.12457462296030014 0.0034606260544236887 0.001359846740538305
-0.3371673428608942 0.12217644940152927 17 nil_vol 0.6 nil_bias 0.32 Left 0.005 0.01 0.001 -0.34281881610810233 0.11995571322443452 0.005651473247208092 0.0022207361770947517
-0.23979009480151064 -0.12580869334089487 17 nil_vol 0.6 nil_bias 0.32 Left 0.005 0.01 0.001 -0.2453826074053817 -0.1280062610399741 0.005592512603871055 0.002197567699079214
-0.19679698279855282 -0.2807105043101806 17 nil_vol 0.6 nil_bias 0.32 Left 0.005 0.01 0.001 -0.18690513480216178 -0.2768235205551465 -0.009891847996391038 -0.003886983755034125
-0.0753060225530964 -0.5741246713232344 17 nil_vol 0.6 nil_bias 0.32 Left 0.005 0.01 0.001 -0.0707800358663973 -0.5723461930517205 -0.0045259866866990996 -0.001778478271513936
-0.04926836172761126 -0.6576622477925576 17 nil_vol 0.6 nil_bias 0.32 Left 0.005 0.01 0.001 -0.038862065036554594 -0.6535731123546737 -0.010406296691056669 -0.004089135437883819
-0.0006197917067084624 -0.7508945262467049 17 nil_vol 0.6 nil_bias 0.32 Home 0.005 0.01 0.001 0.0 -0.75 -0.0006197917067084624 -0.0008945262467049884
0.12246254081999125 -0.47386793711648983 18 nil_vol 0.6 nil_bias 0.32 Home 0.005 0.01 0.001 0.11971000911031925 -0.472677458061671 0.0027525317096720034 -0.0011904790548188289
0.2179537656680242 -0.23096878136209997 18 nil_vol 0.6 nil_bias 0.32 Home 0.005 0.01 0.001 0.22325766699464455 -0.23326273620228588 -0.00530390132662034 0.0022939548401859186
0.26099194475228027 -0.15504491257502012 18 nil_vol 0.6 nil_bias 0.32 Home 0.005 0.01 0.001 0.2577024617786697 -0.1536222003252371 0.0032894829736106147 -0.0014227122497830333
0.2833285172522627 -0.116990603850475 18 nil_vol 0.6 nil_bias 0.32 Home 0.005 0.01 0.001 0.27508733619814835 -0.11342626582762183 0.008241181054114382 -0.003564338022853157
0.32997456712338935 -0.02921462884446806 18 nil_vol 0.6 nil_bias 0.32 Home 0.005 0.01 0.001 0.3144189644478573 -0.0224867793140765 0.015555602675532076 -0.006727849530391562
0.37950865755391155 0.12083210287534664 18 nil_vol 0.6 nil_bias 0.32 Home 0.005 0.01 0.001 0.3768939577271271 0.12196296918561933 0.0026146998267844875 -0.001130866310272688
0.41397424526197224 0.20258618755962016 18 nil_vol 0.6 nil_bias 0.32 Home 0.005 0.01 0.001 0.4121120976123638 0.20339157256791973 0.0018621476496084792 -0.0008053850082995664
0.48717550112176783 0.37694724963691517 18 nil_vol 0.6 nil_bias 0.32 Right 0.005 0.01 0.001 0.4 0.35 0.08717550112176779 0.026947249636915173
0.4385920821985182 0.33079910640272825 19 nil_vol 0.6 nil_bias 0.32 Right 0.005 0.01 0.001 0.4614442596108187 0.32040038792043324 -0.02285217741230049 0.010398718482294993
0.3517514877847673 0.055826359034800946 19 nil_vol 0.6 nil_bias 0.32 Right 0.005 0.01 0.001 0.34288722540001193 0.059859977688691335 0.008864262384755356 -0.004033618653890387
0.3180574136601145 0.03690051132680055 19 nil_vol 0.6 nil_bias 0.32 Right 0.005 0.01 0.001 0.32997250096415176 0.031478636801182736 -0.011915087304037274 0.005421874525617814
0.24156171716685673 -0.1193891568734496 19 nil_vol 0.6 nil_bias 0.32 Right 0.005 0.01 0.001 0.2579315895423507 -0.1268381492102688 -0.01636987237549396 0.007448992336819207
0.24481801495642455 -0.15608969511993998 19 nil_vol 0.6 nil_bias 0.32 Right 0.005 0.01 0.001 0.2446547010160806 -0.15601538028948725 0.00016331394034393323 -7.431483045273278e-05
0.19719293996016907 -0.24906141565076564 19 nil_vol 0.6 nil_bias 0.32 Right 0.005 0.01 0.001 0.20143615667320852 -0.2509922608066638 -0.004243216713039441 0.001930845155898182
-0.039821766383021304 -0.7735368100613822 19 nil_vol 0.6 nil_bias 0.32 Right 0.005 0.01 0.001 -0.03694056407095786 -0.7748478803893045 -0.002881202312063442 0.001311070327922379
-0.046183345941004116 -0.7951597766520138 19 nil_vol 0.6 nil_bias 0.32 Home 0.005 0.01 0.001 0.0 -0.75 -0.046183345941004116 -0.045159776652013726
-0.045115653457214765 -0.7639085571623299 20 nil_vol 0.6 nil_bias 0.32 Home 0.005 0.01 0.001 -0.05495043640574469 -0.7669668582021527 0.009834782948529928 0.0030583010398228133
-0.11994260514791599 -0.5459340225095943 20 nil_vol 0.6 nil_bias 0.32 Home 0.005 0.01 0.001 -0.12335459342407099 -0.5469950410747664 0.0034119882761549994 0.0010610185651720818
-0.1500814698279283 -0.4990972366763007 20 nil_vol 0.6 nil_bias 0.32 Home 0.005 0.01 0.001 -0.1392925669244694 -0.49574223503153864 -0.010788902903458911 -0.003355001644762058
-0.16458768810272678 -0.4419232944821623 20 nil_vol 0.6 nil_bias 0.32 Home 0.005 0.01 0.001 -0.15678322497065458 -0.43949635757496364 -0.0078044631320722 -0.002426936907198647
-0.26353755634855397 -0.13155980226027042 20 nil_vol 0.6 nil_bias 0.32 Home 0.005 0.01 0.001 -0.25351114861499063 -0.12844191207827838 -0.010026407733563317 -0.0031178901819920394
-0.2643819418471306 -0.0765134482182009 20 nil_vol 0.6 nil_bias 0.32 Home 0.005 0.01 0.001 -0.269193908073373 -0.07800981487828151 0.004811966226242434 0.0014963666600806128
-0.2873299269115281 -0.053613640260924696 20 nil_vol 0.6 nil_bias 0.32 Home 0.005 0.01 0.001 -0.2777105377946587 -0.05062231977194742 -0.009619389116869386 -0.002991320488977273
-0.42598548340718273 0.4261953276133275 20 nil_vol 0.6 nil_bias 0.32 Left 0.005 0.01 0.001 -0.4 0.35 -0.025985483407182694 0.07619532761332753
-0.3737548233622602 0.3210789596953271 21 nil_vol 0.6 nil_bias 0.32 Left 0.005 0.01 0.001 -0.38359876344838695 0.31724906838313255 0.009843940086126771 0.003829891312194554
-0.3422247669481971 0.20542239833014903 21 nil_vol 0.6 nil_bias 0.32 Left 0.005 0.01 0.001 -0.34037185993138147 0.20614329183660257 -0.001852907016815627 -0.0007208935064535408
-0.2551912527599701 0.00546938678650803 21 nil_vol 0.6 nil_bias 0.32 Left 0.005 0.01 0.001 -0.26136326119516706 0.0030681001799320873 0.0061720084351969354 0.0024012866065759426
-0.20927428339800547 -0.12811319549342814 21 nil_vol 0.6 nil_bias 0.32 Left 0.005 0.01 0.001 -0.21018752420589287 -0.12846850170267649 0.0009132408078873964 0.0003553062092483394
-0.14109313925593625 -0.30693793719281426 21 nil_vol 0.6 nil_bias 0.32 Left 0.005 0.01 0.001 -0.14079690187003946 -0.30682268283524333 -0.0002962373858968003 -0.00011525435757094162
-0.07884654010844216 -0.47429639465917967 21 nil_vol 0.6 nil_bias 0.32 Left 0.005 0.01 0.001 -0.07606107491743463 -0.4732126793132792 -0.002785465191007533 -0.0010837153459004414
0.009114071173901103 -0.7119745360578077 21 nil_vol 0.6 nil_bias 0.32 Left 0.005 0.01 0.001 0.015817169916543194 -0.7093666230255649 -0.006703098742642091 -0.002607913032242786
0.02311139998470084 -0.7281149262833471 21 nil_vol 0.6 nil_bias 0.32 Home 0.005 0.01 0.001 0.0 -0.75 0.02311139998470084 0.021885073716652985
0.038244772943407945 -0.7050001693017476 22 nil_vol 0.6 nil_bias 0.32 Home 0.005 0.01 0.001 0.03169715091665673 -0.7027811458857404 0.006547622026751215 -0.0022190234160072253
0.05145276344681704 -0.6854127603104834 22 nil_vol 0.6 nil_bias 0.32 Home 0.005 0.01 0.001 0.03901226335879558 -0.681196609639389 0.012440500088021458 -0.004216150671094393
0.054702841279872697 -0.6114347521034438 22 nil_vol 0.6 nil_bias 0.32 Home 0.005 0.01 0.001 0.06183566895699073 -0.6138521047809811 -0.007132827677118038 0.002417352677537315
0.12265837001800026 -0.4386647610253822 22 nil_vol 0.6 nil_bias 0.32 Home 0.005 0.01 0.001 0.1213570438859594 -0.4382237347799663 0.0013013261320408592 -0.00044102624541593705
0.14506387133661017 -0.3841927841793037 22 nil_vol 0.6 nil_bias 0.32 Home 0.005 0.01 0.001 0.14022427638482488 -0.38255262008948215 0.00483959495178529 -0.0016401640898215466
0.17086155148467497 -0.3362807852925594 22 nil_vol 0.6 nil_bias 0.32 Home 0.005 0.01 0.001 0.1574468166747821 -0.3317344613689945 0.013414734809892857 -0.00454632392356489
0.25837719464609626 -0.06235080520181309 22 nil_vol 0.6 nil_bias 0.32 Home 0.005 0.01 0.001 0.24973496759992792 -0.05942190916848267 0.008642227046168351 -0.002928896033330421
0.3407807594064579 0.20922484217949847 22 nil_vol 0.6 nil_bias 0.32 Right 0.005 0.01 0.001 0.4 0.35 -0.059219240593542104 -0.1407751578205015
0.32775468930263085 0.14744147053344855 23 nil_vol 0.6 nil_bias 0.32 Right 0.005 0.01 0.001 0.3181234761625464 0.15120237809835668 0.009631213140084447 -0.003760907564908124
0.29738146977053037 0.12328929990708856 23 nil_vol 0.6 nil_bias 0.32 Right 0.005 0.01 0.001 0.30592144726844367 0.11995451066414531 -0.008539977497913307 0.0033347892429432513
0.2501817786394689 -0.017660423044451434 23 nil_vol 0.6 nil_bias 0.32 Right 0.005 0.01 0.001 0.2519190672536164 -0.018338819607412238 -0.0017372886141475336 0.0006783965629608028
0.18223135228497211 -0.18727810700559167 23 nil_vol 0.6 nil_bias 0.32 Right 0.005 0.01 0.001 0.18545772942566266 -0.1885379800889905 -0.003226377140690536 0.0012598730833988465
0.16828590616299532 -0.26805580112418564 23 nil_vol 0.6 nil_bias 0.32 Right 0.005 0.01 0.001 0.15624303206102833 -0.26335316027774636 0.012042874101967001 -0.004702640846439279
0.12424792468818095 -0.31493543034131616 23 nil_vol 0.6 nil_bias 0.32 Right 0.005 0.01 0.001 0.13453237898896656 -0.3189514230743393 -0.010284454300785601 0.0040159927330231755
-0.0058356690637942354 -0.6803215322605882 23 nil_vol 0.6 nil_bias 0.32 Right 0.005 0.01 0.001 -0.0064811742337609335 -0.6800694679316606 0.0006455051699666978 -0.0002520643289277027
-0.032312608290967965 -0.7462205346157668 23 nil_vol 0.6 nil_bias 0.32 Home 0.005 0.01 0.001 0.0 -0.75 -0.032312608290967965 0.0037794653842331974
-0.036852640863384384 -0.6899714022185514 24 nil_vol 0.6 nil_bias 0.32 Home 0.005 0.01 0.001 -0.019036468119418077 -0.6945489682432425 -0.017816172743966307 0.004577566024691202
-0.008933262975061041 -0.6916960357581925 24 nil_vol 0.6 nil_bias 0.32 Home 0.005 0.01 0.001 -0.017723190961284795 -0.6894376115563478 0.008789927986223753 -0.002258424201844745
0.04344098870469259 -0.49629003830039664 24 nil_vol 0.6 nil_bias 0.32 Home 0.005 0.01 0.001 0.032617349293342035 -0.4935090861427742 0.010823639411350552 -0.002780952157622427
0.039294418862651725 -0.3687401412855359 24 nil_vol 0.6 nil_bias 0.32 Home 0.005 0.01 0.001 0.06310292154571126 -0.3748573357327918 -0.023808502683059538 0.0061171944472559045
0.18584954142182705 0.11655585448417095 24 nil_vol 0.6 nil_bias 0.32 Home 0.005 0.01 0.001 0.1891456843674864 0.11570896597576863 -0.00329614294565936 0.0008468885084023297
0.22543242294486346 0.23836620032003278 24 nil_vol 0.6 nil_bias 0.32 Home 0.005 0.01 0.001 0.2209559136187104 0.23951636412317345 0.004476509326153056 -0.001150163803140676
0.22955492579397524 0.3137520958592886 24 nil_vol 0.6 nil_bias 0.32 Home 0.005 0.01 0.001 0.23938087966175067 0.3112274822269615 -0.009825953867775423 0.002524613632327102
0.2700859298524577 0.4307334544748868 24 nil_vol 0.6 nil_bias 0.32 Right 0.005 0.01 0.001 0.4 0.35 -0.12991407014754228 0.08073345447488683
0.25873565458600134 0.369751173335724 25 nil_vol 0.6 nil_bias 0.32 Right 0.005 0.01 0.001 0.2561664272819076 0.37034336263322376 0.0025692273040937453 -0.0005921892974997611
0.208016166289955 0.17096236609018683 25 nil_vol 0.6 nil_bias 0.32 Right 0.005 0.01 0.001 0.2100997769216722 0.1704821081097841 -0.002083610631717197 0.0004802579804027407
0.1130834584128568 -0.24320325048950006 25 nil_vol 0.6 nil_bias 0.32 Right 0.005 0.01 0.001 0.11466415708309999 -0.24356759070712058 -0.0015806986702431914 0.00036434021762052967
0.11286205216758305 -0.2814600847782464 25 nil_vol 0.6 nil_bias 0.32 Right 0.005 0.01 0.001 0.1062798879654723 -0.27994294100950895 0.006582164202110751 -0.001517143768737488
0.06956832342846875 -0.44354755123709727 25 nil_vol 0.6 nil_bias 0.32 Right 0.005 0.01 0.001 0.06862050085891841 -0.44332908462625203 0.0009478225695503342 -0.0002184666108452468
0.056664333411815065 -0.4569253240081239 25 nil_vol 0.6 nil_bias 0.32 Right 0.005 0.01 0.001 0.06504160093065095 -0.458856226797084 -0.008377267518835881 0.0019309027889600745
0.0484780300172047 -0.5249307920970272 25 nil_vol 0.6 nil_bias 0.32 Right 0.005 0.01 0.001 0.04974457814011718 -0.5252227227650386 -0.001266548122912478 0.0002919306680113868
0.0068188544212735925 -0.7114569926042056 25 nil_vol 0.6 nil_bias 0.32 Home 0.005 0.01 0.001 0.0 -0.75 0.0068188544212735925 0.03854300739579439
0.07370996864128813 -0.537381887427705 26 nil_vol 0.6 nil_bias 0.32 Home 0.005 0.01 0.001 0.07363118134089353 -0.537351653071394 7.878730039461461e-05 -3.0234356310980645e-05
0.11195537121613675 -0.4174291389068337 26 nil_vol 0.6 nil_bias 0.32 Home 0.005 0.01 0.001 0.11866322649344088 -0.420003255363683 -0.006707855277304139 0.0025741164568492798
0.1685823919028364 -0.2975117825543184 26 nil_vol 0.6 nil_bias 0.32 Home 0.005 0.01 0.001 0.1660428810738874 -0.296537253983426 0.0025395108289489867 -0.0009745285708924441
0.19131535249872916 -0.23495131122662707 26 nil_vol 0.6 nil_bias 0.32 Home 0.005 0.01 0.001 0.18988666582890637 -0.23440305761702473 0.0014286866698227899 -0.0005482536096023306
0.25764518529143127 -0.03504031788408669 26 nil_vol 0.6 nil_bias 0.32 Home 0.005 0.01 0.001 0.2652687730183076 -0.037965843527787424 -0.007623587726876347 0.00292552564370074
0.28166851286935807 0.02008236937432813 26 nil_vol 0.6 nil_bias 0.32 Home 0.005 0.01 0.001 0.2867903295785604 0.018116889778378664 -0.0051218167092022876 0.0019654795959494656
0.2794197445572338 0.0704946986154447 26 nil_vol 0.6 nil_bias 0.32 Home 0.005 0.01 0.001 0.3033640599499048 0.06130614970491499 -0.023944315392671 0.009188548910529714
0.3769369267714846 0.2530286887774451 26 nil_vol 0.6 nil_bias 0.32 Right 0.005 0.01 0.001 0.4 0.35 -0.023063073228515415 -0.09697131122255485
0.30383046868224567 0.020651069208124408 27 nil_vol 0.6 nil_bias 0.32 Right 0.005 0.01 0.001 0.29651460726684964 0.023211181143274168 0.007315861415396045 -0.0025601119351497583
0.25925277108994477 -0.06917965215750882 27 nil_vol 0.6 nil_bias 0.32 Right 0.005 0.01 0.001 0.26364544849691895 -0.0707168253239101 -0.00439267740697419 0.0015371731664012836
0.19337392527945121 -0.26481540677500587 27 nil_vol 0.6 nil_bias 0.32 Right 0.005 0.01 0.001 0.19546637050628599 -0.2655476368836289 -0.002092445226834762 0.0007322301086230761
0.1477025837722771 -0.3946238586796496 27 nil_vol 0.6 nil_bias 0.32 Right 0.005 0.01 0.001 0.15001435360410767 -0.3954328392223009 -0.0023117698318305745 0.0008089805426512731
0.12823091579683707 -0.43646555297272527 27 nil_vol 0.6 nil_bias 0.32 Right 0.005 0.01 0.001 0.13484537596544213 -0.43878021661391753 -0.006614460168605052 0.002314663641192247
0.13909288587401872 -0.4532688197584383 27 nil_vol 0.6 nil_bias 0.32 Right 0.005 0.01 0.001 0.1307917726553883 -0.4503639288892207 0.008301113218630422 -0.0029048908692175792
0.07417514629803473 -0.6063366231349596 27 nil_vol 0.6 nil_bias 0.32 Right 0.005 0.01 0.001 0.07598862600622497 -0.6069712320731934 -0.0018134797081902352 0.000634608938233747
0.022292276032819476 -0.7604157160914516 27 nil_vol 0.6 nil_bias 0.32 Home 0.005 0.01 0.001 0.0 -0.75 0.022292276032819476 -0.010415716091451675
0.03892300519730005 -0.7084916468861594 28 nil_vol 0.6 nil_bias 0.32 Home 0.005 0.01 0.001 0.04355531271622781 -0.710463468567591 -0.0046323075189277675 0.0019718216814316614
0.09017256852678558 -0.5831273535573944 28 nil_vol 0.6 nil_bias 0.32 Home 0.005 0.01 0.001 0.09659451877628447 -0.5858609675688339 -0.006421950249498891 0.0027336140114394758
0.17580411093579856 -0.38141147795393304 28 nil_vol 0.6 nil_bias 0.32 Home 0.005 0.01 0.001 0.1824227294195171 -0.38422880719513625 -0.00661861848371854 0.0028173292412031824
0.27248509991807673 -0.16862876456050033 28 nil_vol 0.6 nil_bias 0.32 Home 0.005 0.01 0.001 0.2739340680035152 -0.1692455428453823 -0.0014489680854384655 0.0006167782848819631
0.30535071233838673 -0.07814853536633942 28 nil_vol 0.6 nil_bias 0.32 Home 0.005 0.01 0.001 0.3115820159643222 -0.08080099735056612 -0.00623130362593551 0.002652461984226691
0.4218291784320684 0.1821084191567294 28 nil_vol 0.6 nil_bias 0.32 Home 0.005 0.01 0.001 0.4232385762653713 0.181508484632928 -0.001409397833302925 0.0005999345238013869
0.48496136513738697 0.333375610571367 28 nil_vol 0.6 nil_bias 0.32 Home 0.005 0.01 0.001 0.4874352000705684 0.33232258001637927 -0.002473834933181453 0.0010530305549877068
0.4906187540280571 0.33980155292405084 28 nil_vol 0.6 nil_bias 0.32 Right 0.005 0.01 0.001 0.4 0.35 0.09061875402805705 -0.01019844707594915
0.43924474002860003 0.2581990316398339 29 nil_vol 0.6 nil_bias 0.32 Right 0.005 0.01 0.001 0.451971938830992 0.2525609924371167 -0.012727198802391995 0.005638039202717156
0.41089946785032994 0.1827180551924812 29 nil_vol 0.6 nil_bias 0.32 Right 0.005 0.01 0.001 0.41936987616830784 0.17896573742788358 -0.008470408317977933 0.003752317764597623
0.396713899059854 0.14566757513433942 29 nil_vol 0.6 nil_bias 0.32 Right 0.005 0.01 0.001 0.4033222466522828 0.14274013419703807 -0.00660834759242878 0.0029274409373013463
0.4018075422195568 0.12469813399233302 29 nil_vol 0.6 nil_bias 0.32 Right 0.005 0.01 0.001 0.39639245946712515 0.12709696890629923 0.005415082752431609 -0.002398834913966216
0.3660745972659618 0.032101609121305635 29 nil_vol 0.6 nil_bias 0.32 Right 0.005 0.01 0.001 0.35624024224633316 0.03645814350055049 0.00983435501962866 -0.004356534379244851
0.2749732782149762 -0.11111662054523015 29 nil_vol 0.6 nil_bias 0.32 Right 0.005 0.01 0.001 0.28825873893398823 -0.11700196495784915 -0.01328546071901207 0.005885344412618995
0.22660760818537223 -0.2870631478290905 29 nil_vol 0.6 nil_bias 0.32 Right 0.005 0.01 0.001 0.21516802268614427 -0.2819955102044342 0.011439585499227977 -0.005067637624656281
-0.007644050748680237 -0.7849671023160184 29 nil_vol 0.6 nil_bias 0.32 Home 0.005 0.01 0.001 0.0 -0.75 -0.007644050748680237 -0.034967102316018434
-0.08318014948733513 -0.5751010568289437 30 nil_vol 0.6 nil_bias 0.32 Home 0.005 0.01 0.001 -0.07981096936419282 -0.5739488185328647 -0.0033691801231423 -0.0011522382960789863
-0.1073211612866841 -0.47292059545387194 30 nil_vol 0.6 nil_bias 0.32 Home 0.005 0.01 0.001 -0.11362472053612777 -0.4750763728547067 0.006303559249443658 0.002155777400834775
-0.14930424190107114 -0.3769126219617801 30 nil_vol 0.6 nil_bias 0.32 Home 0.005 0.01 0.001 -0.14741685117790565 -0.37626714626994706 -0.0018873907231654774 -0.0006454756918330615
-0.15953288977834784 -0.3689814214381921 30 nil_vol 0.6 nil_bias 0.32 Home 0.005 0.01 0.001 -0.150916314801915 -0.3660346072857858 -0.008616574976432832 -0.00294681415240632
-0.1798468394947953 -0.2905497576148502 30 nil_vol 0.6 nil_bias 0.32 Home 0.005 0.01 0.001 -0.177057854782282 -0.2895959424801641 -0.0027889847125133057 -0.0009538151346860907
-0.1846578517777988 -0.27859046509091717 30 nil_vol 0.6 nil_bias 0.32 Home 0.005 0.01 0.001 -0.18122335596540715 -0.27741588924215854 -0.0034344958123916714 -0.001174575848758636
-0.19289967287420062 -0.20560710024304185 30 nil_vol 0.6 nil_bias 0.32 Home 0.005 0.01 0.001 -0.20443261816989933 -0.209551294602082 0.011532945295698706 0.003944194359040144
-0.41305523336486566 0.4004676318168176 30 nil_vol 0.6 nil_bias 0.32 Left 0.005 0.01 0.001 -0.4 0.35 -0.013055233364865635 0.05046763181681764
-0.41121444335964646 0.3763652712370145 31 nil_vol 0.6 nil_bias 0.32 Left 0.005 0.01 0.001 -0.40511025654636246 0.37858114148338634 -0.006104186813284011 -0.0022158702463718075
-0.4027997490453385 0.37577772850144014 31 nil_vol 0.6 nil_bias 0.32 Left 0.005 0.01 0.001 -0.40394206569708524 0.37536305811896886 0.001142316651746732 0.00041467038247128404
-0.39043664415563695 0.3283607575231196 31 nil_vol 0.6 nil_bias 0.32 Left 0.005 0.01 0.001 -0.38729396834473656 0.32950157480744846 -0.0031426758109003674 -0.0011408172843288293
-0.24054787117842483 -0.0648918984374096 31 nil_vol 0.6 nil_bias 0.32 Left 0.005 0.01 0.001 -0.24370928389889235 -0.06603951737471675 0.0031614127204675213 0.0011476189373071529
-0.13812695732205474 -0.34381375566273276 31 nil_vol 0.6 nil_bias 0.32 Left 0.005 0.01 0.001 -0.14232212252561915 -0.3453366352923278 0.004195165203564422 0.001522879629595015
-0.10453414237912677 -0.48918217761182115 31 nil_vol 0.6 nil_bias 0.32 Left 0.005 0.01 0.001 -0.09178501804153427 -0.48455414014326154 -0.012749124337592494 -0.00462803746855961
-0.09321528100888289 -0.49431798102723057 31 nil_vol 0.6 nil_bias 0.32 Left 0.005 0.01 0.001 -0.0888198685947304 -0.49272241000573785 -0.004395412414152488 -0.0015955710214926894
0.015720174227335983 -0.7807049540646508 31 nil_vol 0.6 nil_bias 0.32 Home 0.005 0.01 0.001 0.0 -0.75 0.015720174227335983 -0.03070495406465082
0.021326463375616264 -0.7248550966492493 32 nil_vol 0.6 nil_bias 0.32 Home 0.005 0.01 0.001 0.03221757019010589 -0.7282825409608185 -0.010891106814489624 0.00342744431156913
0.044613025715161875 -0.6367637546565502 32 nil_vol 0.6 nil_bias 0.32 Home 0.005 0.01 0.001 0.05954029214199957 -0.6414613832147308 -0.014927266426837695 0.004697628558180591
0.06277160431623535 -0.5818127002742159 32 nil_vol 0.6 nil_bias 0.32 Home 0.005 0.01 0.001 0.07691143925942853 -0.5862625232048017 -0.014139834943193182 0.00444982293058568
0.09361275261733451 -0.5287236381164385 32 nil_vol 0.6 nil_bias 0.32 Home 0.005 0.01 0.001 0.0948922751880188 -0.5291263053963684 -0.0012795225706842812 0.0004026672799298646
0.14737628950244008 -0.32399377699901327 32 nil_vol 0.6 nil_bias 0.32 Home 0.005 0.01 0.001 0.15835994056709968 -0.3274503450965498 -0.010983651064659594 0.0034565680975365484
0.2229475014734749 -0.11952519483090733 32 nil_vol 0.6 nil_bias 0.32 Home 0.005 0.01 0.001 0.22371793243705818 -0.11976765037455117 -0.0007704309635832859 0.00024245554364384404
0.2392118277921167 -0.09968331217356764 32 nil_vol 0.6 nil_bias 0.32 Home 0.005 0.01 0.001 0.23086512838022533 -0.09705659590799909 0.00834669941189137 -0.00262671626556856
0.37648782360957833 0.3656766199179537 32 nil_vol 0.6 nil_bias 0.32 Right 0.005 0.01 0.001 0.4 0.35 -0.023512176390421715 0.015676619917953716
0.2786795764583427 0.10137204322402338 33 nil_vol 0.6 nil_bias 0.32 Right 0.005 0.01 0.001 0.2924194906474906 0.09707170610609239 -0.013739914189147924 0.004300337117930987
0.29448486663372625 0.06969266679840228 33 nil_vol 0.6 nil_bias 0.32 Right 0.005 0.01 0.001 0.28479914864196676 0.07272411605058704 0.0096857179917595 -0.003031449252184768
0.18506590295713335 -0.28955476533326246 33 nil_vol 0.6 nil_bias 0.32 Right 0.005 0.01 0.001 0.17263072610199087 -0.28566278668899686 0.01243517685514248 -0.0038919786442655935
0.16137704026740382 -0.3328034806317646 33 nil_vol 0.6 nil_bias 0.32 Right 0.005 0.01 0.001 0.15818887178634516 -0.33180564330406553 0.003188168481058665 -0.0009978373276990943
0.15651947702637783 -0.332346121844851 33 nil_vol 0.6 nil_bias 0.32 Right 0.005 0.01 0.001 0.15788586440672794 -0.3327737756342635 -0.001366387380350113 0.00042765378941252835
0.08807575923882995 -0.5109058140339866 33 nil_vol 0.6 nil_bias 0.32 Right 0.005 0.01 0.001 0.10087962321598415 -0.5149131848774948 -0.012803863977154209 0.004007370843508179
0.06369011765338076 -0.5645456105572232 33 nil_vol 0.6 nil_bias 0.32 Right 0.005 0.01 0.001 0.0834135444639178 -0.5707186756316134 -0.019723426810537036 0.006173065074390214
0.02654111354660666 -0.7524305505620288 33 nil_vol 0.6 nil_bias 0.32 Home 0.005 0.01 0.001 0.0 -0.75 0.02654111354660666 -0.0024305505620287778
0.07989618637587007 -0.5694037506774736 34 nil_vol 0.6 nil_bias 0.32 Home 0.005 0.01 0.001 0.0983124372674147 -0.5769353450632226 -0.018416250891544646 0.007531594385748968
0.15673014644859126 -0.4210276432774821 34 nil_vol 0.6 nil_bias 0.32 Home 0.005 0.01 0.001 0.16130758053218608 -0.42289965170352756 -0.004577434083594804 0.0018720084260454494
0.2694333661699546 -0.19397927446397029 34 nil_vol 0.6 nil_bias 0.32 Home 0.005 0.01 0.001 0.2570063509303699 -0.18889706534544415 0.012427015239584753 -0.005082209118526143
0.3587301977686232 0.027289850425808573 34 nil_vol 0.6 nil_bias 0.32 Home 0.005 0.01 0.001 0.3473264439968197 0.03195358184378205 0.011403753771803497 -0.004663731417973478
0.34848113101376266 0.03984458273132904 34 nil_vol 0.6 nil_bias 0.32 Home 0.005 0.01 0.001 0.3502566283560353 0.03911846719925227 -0.0017754973422726922 0.0007261155320767696
0.38640118346581587 0.13466940224386062 34 nil_vol 0.6 nil_bias 0.32 Home 0.005 0.01 0.001 0.38891340295147886 0.13364199344684669 -0.0025122194856630003 0.0010274087970139308
0.4474084475831697 0.26265244197841375 34 nil_vol 0.6 nil_bias 0.32 Home 0.005 0.01 0.001 0.44249576372688015 0.2646615556883045 0.00491268385628957 -0.002009113709890751
0.5278950098256767 0.47347975028997835 34 nil_vol 0.6 nil_bias 0.32 Right 0.005 0.01 0.001 0.4 0.35 0.12789500982567664 0.12347975028997836
0.42537307329914203 0.2429709626737281 35 nil_vol 0.6 nil_bias 0.32 Right 0.005 0.01 0.001 0.4219175031822696 0.24457078073999944 0.0034555701168724334 -0.0015998180662713185
0.3034485107515402 -0.013182636321282177 35 nil_vol 0.6 nil_bias 0.32 Right 0.005 0.01 0.001 0.3027381922004221 -0.012853781628003658 0.000710318551118162 -0.00032885469327851967
0.2439099003263326 -0.1328903687702108 35 nil_vol 0.6 nil_bias 0.32 Right 0.005 0.01 0.001 0.24659053855030255 -0.13413141823956032 -0.002680638223969947 0.001241049469349517
0.11931798874122604 -0.4686125259752753 35 nil_vol 0.6 nil_bias 0.32 Right 0.005 0.01 0.001 0.09660484001981834 -0.4580970670387039 0.022713148721407696 -0.010515458936571407
0.013604528744434664 -0.6185558684195046 35 nil_vol 0.6 nil_bias 0.32 Right 0.005 0.01 0.001 0.020779653421159283 -0.6218777208772295 -0.007175124676724619 0.0033218524577248378
0.030232893265018025 -0.6295074676240702 35 nil_vol 0.6 nil_bias 0.32 Right 0.005 0.01 0.001 0.019539368063494433 -0.624556708637588 0.010693525201523594 -0.004950758986482067
-0.012009503988087571 -0.7206841972829927 35 nil_vol 0.6 nil_bias 0.32 Right 0.005 0.01 0.001 -0.02267791470184466 -0.7157450654983601 0.010668410713757088 -0.004939131784632559
-0.046996471878929955 -0.7682725879949951 35 nil_vol 0.6 nil_bias 0.32 Home 0.005 0.01 0.001 0.0 -0.75 -0.046996471878929955 -0.018272587994995117
-0.007956913394077869 -0.6572397542924086 36 nil_vol 0.6 nil_bias 0.32 Home 0.005 0.01 0.001 -0.001621206633320424 -0.6598923066877355 -0.006335706760757445 0.0026525523953268623
0.19733683978292887 -0.17834612148057177 36 nil_vol 0.6 nil_bias 0.32 Home 0.005 0.01 0.001 0.1995912177886327 -0.1792899555317372 -0.0022543780057038415 0.0009438340511654324
0.20924289436440122 -0.15081848696564223 36 nil_vol 0.6 nil_bias 0.32 Home 0.005 0.01 0.001 0.21117297761900589 -0.1516265494523552 -0.0019300832546046635 0.0008080624867129745
0.23686004757486048 -0.09905283057846628 36 nil_vol 0.6 nil_bias 0.32 Home 0.005 0.01 0.001 0.23373213491583056 -0.09774327624942547 0.0031279126590299214 -0.0013095543290408088
0.27209267395127085 0.017271547292404342 36 nil_vol 0.6 nil_bias 0.32 Home 0.005 0.01 0.001 0.2804246228563367 0.01378323385549407 -0.008331948905065851 0.003488313436910272
0.30237371750812253 0.07389900507697829 36 nil_vol 0.6 nil_bias 0.32 Home 0.005 0.01 0.001 0.3051129787166882 0.07275216634933834 -0.002739261208565682 0.0011468387276399434
0.3585903859024203 0.2287866040205656 36 nil_vol 0.6 nil_bias 0.32 Home 0.005 0.01 0.001 0.36867229533809415 0.2245656395673642 -0.010081909435673837 0.004220964453201427
0.40394133897649576 0.30880688532708656 36 nil_vol 0.6 nil_bias 0.32 Right 0.005 0.01 0.001 0.4 0.35 0.003941338976495709 -0.04119311467291341
0.38136705046781977 0.2779328424545136 37 nil_vol 0.6 nil_bias 0.32 Right 0.005 0.01 0.001 0.39091531265312285 0.27432576912647505 -0.009548262185303066 0.003607073328038547
0.3627683597303593 0.23168089528092664 37 nil_vol 0.6 nil_bias 0.32 Right 0.005 0.01 0.001 0.3733019663384306 0.2277015856739378 -0.010533606608071304 0.003979309606988823
0.2560294955490036 -0.09723412039984744 37 nil_vol 0.6 nil_bias 0.32 Right 0.005 0.01 0.001 0.2512344243162943 -0.09542267312139152 0.004795071232709359 -0.0018114472784559236
0.22622751470268154 -0.15019411337265465 37 nil_vol 0.6 nil_bias 0.32 Right 0.005 0.01 0.001 0.23000427618947208 -0.15162087097115612 -0.0037767614867905506 0.0014267575985014702
0.1647457167946199 -0.32487292441535875 37 nil_vol 0.6 nil_bias 0.32 Right 0.005 0.01 0.001 0.1645782674225979 -0.32480966660447175 0.0001674493720220057 -6.325781088699855e-05
0.11448632419004517 -0.4470798901177387 37 nil_vol 0.6 nil_bias 0.32 Right 0.005 0.01 0.001 0.11790064289212288 -0.4483697267062903 -0.003414318702077699 0.001289836588551611
0.044174859297300584 -0.6765349312945981 37 nil_vol 0.6 nil_bias 0.32 Right 0.005 0.01 0.001 0.033263263068988635 -0.6724128275067431 0.010911596228311952 -0.00412210378785496
0.001775078175686394 -0.7557650129928198 37 nil_vol 0.6 nil_bias 0.32 Home 0.005 0.01 0.001 0.0 -0.75 0.001775078175686394 -0.005765012992819864
0.03973512589151303 -0.6426996001008027 38 nil_vol 0.6 nil_bias 0.32 Home 0.005 0.01 0.001 0.04090986270035532 -0.6431076789202218 -0.0011747368088422842 0.0004080788194190202
0.059175700951460436 -0.640987041912705 38 nil_vol 0.6 nil_bias 0.32 Home 0.005 0.01 0.001 0.04353403978522087 -0.6355534583436654 0.01564166116623956 -0.0054335835690395365
0.08725310246907513 -0.532936390704325 38 nil_vol 0.6 nil_bias 0.32 Home 0.005 0.01 0.001 0.0800502328389972 -0.5304342655364177 0.007202869630077919 -0.002502125167907237
0.07914986058060283 -0.478541598431573 38 nil_vol 0.6 nil_bias 0.32 Home 0.005 0.01 0.001 0.09603864651976883 -0.48440840687376996 -0.016888785939166 0.0058668084421969425
0.2017366636603922 -0.19693650470452095 38 nil_vol 0.6 nil_bias 0.32 Home 0.005 0.01 0.001 0.1965287760669603 -0.19512739426821046 0.005207887593431917 -0.0018091104363104913
0.2173588529112539 -0.14568215717423694 38 nil_vol 0.6 nil_bias 0.32 Home 0.005 0.01 0.001 0.2140984495727301 -0.14454956174077482 0.003260403338523799 -0.0011325954334621112
0.2798274967929097 0.06012692718986096 38 nil_vol 0.6 nil_bias 0.32 Home 0.005 0.01 0.001 0.2846203822762087 0.05846197974383449 -0.00479288548329906 0.0016649474460264646
0.40407962978200945 0.4023494066910516 38 nil_vol 0.6 nil_bias 0.32 Right 0.005 0.01 0.001 0.4 0.35 0.004079629782009425 0.05234940669105165
0.35418743217648546 0.21320215351510494 39 nil_vol 0.6 nil_bias 0.32 Right 0.005 0.01 0.001 0.33877169859001177 0.2186836863031129 0.015415733586473702 -0.0054815327880079825
0.26938097706271535 0.03706558412080357 39 nil_vol 0.6 nil_bias 0.32 Right 0.005 0.01 0.001 0.27365186077281456 0.03554694156257854 -0.004270883710099192 0.0015186425582250271
0.17195873638163345 -0.22927871366491626 39 nil_vol 0.6 nil_bias 0.32 Right 0.005 0.01 0.001 0.17864025331149255 -0.23165453015909782 -0.006681516929859094 0.0023758164941815717
0.16895922865654847 -0.24787437831681777 39 nil_vol 0.6 nil_bias 0.32 Right 0.005 0.01 0.001 0.1724335135107648 -0.24910976593145434 -0.0034742848542163346 0.0012353876146365549
0.14175442192803342 -0.3424762974857094 39 nil_vol 0.6 nil_bias 0.32 Right 0.005 0.01 0.001 0.13951708726383089 -0.3416807451202784 0.002237334664202532 -0.0007955523654309834
0.1354506903734981 -0.3671473332727805 39 nil_vol 0.6 nil_bias 0.32 Right 0.005 0.01 0.001 0.13102166242672247 -0.3655724577228711 0.0044290279467756235 -0.0015748755499093788
0.06431311616377076 -0.5745007538053941 39 nil_vol 0.6 nil_bias 0.32 Right 0.005 0.01 0.001 0.05758192838882226 -0.572107275332012 0.006731187774948503 -0.002393478473382131
-0.003805885076027949 -0.7447484351004239 39 nil_vol 0.6 nil_bias 0.32 Home 0.005 0.01 0.001 0.0 -0.75 -0.003805885076027949 0.005251564899576163
-0.13720942031952948 -0.3967953071093674 40 nil_vol 0.6 nil_bias 0.32 Home 0.005 0.01 0.001 -0.12270728732052716 -0.3919083232008922 -0.014502132999002321 -0.0048869839084752014
-0.14898568815465996 -0.29392886853288586 40 nil_vol 0.6 nil_bias 0.32 Home 0.005 0.01 0.001 -0.1550375397633234 -0.2959682444943429 0.006051851608663439 0.0020393759614570233
-0.2843159636337818 0.08289554334571674 40 nil_vol 0.6 nil_bias 0.32 Home 0.005 0.01 0.001 -0.28287242476259444 0.08338199256220347 -0.001443538871187357 -0.0004864492164867327
-0.28048745868610037 0.09738517424645339 40 nil_vol 0.6 nil_bias 0.32 Home 0.005 0.01 0.001 -0.28686683986591194 0.09523542612499336 0.006379381179811568 0.002149748121460025
-0.28144232737352753 0.14920596306481596 40 nil_vol 0.6 nil_bias 0.32 Home 0.005 0.01 0.001 -0.3026461689805978 0.14206061191276553 0.0212038416070703 0.007145351152050411
-0.35941374471679627 0.2623045603310864 40 nil_vol 0.6 nil_bias 0.32 Home 0.005 0.01 0.001 -0.34482329529072026 0.26722130544489553 -0.014590449426076032 -0.004916745113809131
-0.3500096645288754 0.26647456497176053 40 nil_vol 0.6 nil_bias 0.32 Home 0.005 0.01 0.001 -0.3451262114185178 0.26812020956554217 -0.004883453110357592 -0.0016456445937816561
-0.3867130219436886 0.3915291400092094 40 nil_vol 0.6 nil_bias 0.32 Left 0.005 0.01 0.001 -0.4 0.35 0.01328697805631142 0.04152914000920942
-0.3909387052640697 0.3809090334246149 41 nil_vol 0.6 nil_bias 0.32 Left 0.005 0.01 0.001 -0.3838265454963883 0.3834500463943117 -0.007112159767681401 -0.0025410129696967604
-0.38403523068326645 0.3736134188137517 41 nil_vol 0.6 nil_bias 0.32 Left 0.005 0.01 0.001 -0.3807335871558682 0.37479302097378153 -0.0033016435273982387 -0.0011796021600298373
-0.2832924638730508 0.13013178740241724 41 nil_vol 0.6 nil_bias 0.32 Left 0.005 0.01 0.001 -0.2921864060613593 0.12695418408775033 0.00889394218830851 0.003177603314666917
-0.14647054236710602 -0.25735118514573574 41 nil_vol 0.6 nil_bias 0.32 Left 0.005 0.01 0.001 -0.15393058370568366 -0.2600164882906311 0.00746004133857763 0.0026653031448953947
-0.0663966807046937 -0.5349605234486345 41 nil_vol 0.6 nil_bias 0.32 Left 0.005 0.01 0.001 -0.05691024680911094 -0.5315712363189522 -0.009486433895582763 -0.003389287129682291
-0.047952771621719355 -0.5575829260004435 41 nil_vol 0.6 nil_bias 0.32 Left 0.005 0.01 0.001 -0.047654885782344725 -0.5574764981633216 -0.00029788583937462673 -0.00010642783712192898
-0.04105399328231097 -0.5752170278893272 41 nil_vol 0.6 nil_bias 0.32 Left 0.005 0.01 0.001 -0.04128687165721845 -0.5753002300375256 0.00023287837490747787 8.320214819846746e-05
0.016527599574648395 -0.7371198512628858 41 nil_vol 0.6 nil_bias 0.32 Home 0.005 0.01 0.001 0.0 -0.75 0.016527599574648395 0.012880148737114225
0.030725925749912876 -0.649339604142195 42 nil_vol 0.6 nil_bias 0.32 Home 0.005 0.01 0.001 0.04831772773255735 -0.6562554487158507 -0.017591801982644477 0.006915844573655728
0.06697371939736209 -0.5708616594404528 42 nil_vol 0.6 nil_bias 0.32 Home 0.005 0.01 0.001 0.07989196928393802 -0.5759401959353124 -0.012918249886575934 0.005078536494859682
0.11294193706686656 -0.5038213660254068 42 nil_vol 0.6 nil_bias 0.32 Home 0.005 0.01 0.001 0.10887284066573483 -0.5022216869082128 0.004069096401131735 -0.0015996791171940332
0.1313141568825725 -0.4493192817475713 42 nil_vol 0.6 nil_bias 0.32 Home 0.005 0.01 0.001 0.12989035103043484 -0.4487595426153232 0.0014238058521376666 -0.0005597391322480844
0.18287060582148765 -0.2939473332865519 42 nil_vol 0.6 nil_bias 0.32 Home 0.005 0.01 0.001 0.18969654354924026 -0.29663080621565624 -0.006825937727752618 0.0026834729291043027
0.3207515818210345 0.05567773223130182 42 nil_vol 0.6 nil_bias 0.32 Home 0.005 0.01 0.001 0.3272022373158851 0.05314179356824744 -0.006450655494850572 0.0025359386630543802
0.46636875264863864 0.3779543684078348 42 nil_vol 0.6 nil_bias 0.32 Home 0.005 0.01 0.001 0.4564312668244386 0.38186108060712387 0.009937485824200067 -0.003906712199289066
0.4827088878941528 0.4487033442684978 42 nil_vol 0.6 nil_bias 0.32 Right 0.005 0.01 0.001 0.4 0.35 0.08270888789415273 0.09870334426849783
0.4429113455978018 0.39135735406186417 43 nil_vol 0.6 nil_bias 0.32 Right 0.005 0.01 0.001 0.4591580917513958 0.38532063215623313 -0.016246746153593995 0.006036721905631032
0.39045366897749917 0.21368479971315651 43 nil_vol 0.6 nil_bias 0.32 Right 0.005 0.01 0.001 0.3947860906888375 0.21207502352769664 -0.004332421711338345 0.0016097761854598895
0.38644547558499426 0.19294879202282758 43 nil_vol 0.6 nil_bias 0.32 Right 0.005 0.01 0.001 0.38752975646892174 0.19254591121814324 -0.0010842808839274728 0.0004028808046843277
0.3995413821836128 0.18293772605594574 43 nil_vol 0.6 nil_bias 0.32 Right 0.005 0.01 0.001 0.38584993926648525 0.1880249867662534 0.013691442917127527 -0.005087260710307644
0.37439579074161217 0.1909844092373454 43 nil_vol 0.6 nil_bias 0.32 Right 0.005 0.01 0.001 0.38542663303725233 0.1868857345430946 -0.011030842295640168 0.0040986746942508045
0.27255472749293846 -0.04825553055818035 43 nil_vol 0.6 nil_bias 0.32 Right 0.005 0.01 0.001 0.29496271491688836 -0.05658155395169162 -0.02240798742394988 0.008326023393511274
0.06894815181438042 -0.6613173715369997 43 nil_vol 0.6 nil_bias 0.32 Right 0.005 0.01 0.001 0.07010442711370768 -0.6617470029451844 -0.0011562752993272611 0.0004296314081847621
0.04027625247440561 -0.7420241449380545 43 nil_vol 0.6 nil_bias 0.32 Home 0.005 0.01 0.001 0.0 -0.75 0.04027625247440561 0.007975855061945541
0.04589771499174688 -0.72254668536817 44 nil_vol 0.6 nil_bias 0.32 Home 0.005 0.01 0.001 0.046732343525677046 -0.7228273804727424 -0.0008346285339301709 0.00028069510457239384
0.09336217274550018 -0.5765412590228411 44 nil_vol 0.6 nil_bias 0.32 Home 0.005 0.01 0.001 0.09566910934298008 -0.5773171081379227 -0.002306936597479894 0.0007758491150815103
0.15005865219982215 -0.37319969863887703 44 nil_vol 0.6 nil_bias 0.32 Home 0.005 0.01 0.001 0.16286738772515835 -0.37750742262812803 -0.012808735525336207 0.004307723989250992
0.19226662354766227 -0.28000193029391823 44 nil_vol 0.6 nil_bias 0.32 Home 0.005 0.01 0.001 0.19531482951667473 -0.28102707676141453 -0.0030482059690124515 0.0010251464674963177
0.19996597027011173 -0.25124846580833077 44 nil_vol 0.6 nil_bias 0.32 Home 0.005 0.01 0.001 0.20478469294453022 -0.2528690572571182 -0.004818722674418485 0.001620591448787475
0.2710035034308285 -0.08954801882846798 44 nil_vol 0.6 nil_bias 0.32 Home 0.005 0.01 0.001 0.2608588387758587 -0.08613625228752575 0.01014466465496983 -0.00341176654094223
0.27542159011955747 -0.03163533088108998 44 nil_vol 0.6 nil_bias 0.32 Home 0.005 0.01 0.001 0.27880539442514507 -0.032773342900565106 -0.003383804305587625 0.001138012019475123
0.4107346386415887 0.3595096356381183 44 nil_vol 0.6 nil_bias 0.32 Right 0.005 0.01 0.001 0.4 0.35 0.010734638641588688 0.009509635638118283
0.3522237632910275 0.19301062512709546 45 nil_vol 0.6 nil_bias 0.32 Right 0.005 0.01 0.001 0.35108686907456393 0.1934189152717593 0.0011368942164635667 -0.0004082901446638397
0.3139271286190604 0.10355808868317214 45 nil_vol 0.6 nil_bias 0.32 Right 0.005 0.01 0.001 0.31825693518017684 0.10200313544160877 -0.004329806561116424 0.0015549532415633665
0.3166812742742083 0.0813307210393902 45 nil_vol 0.6 nil_bias 0.32 Right 0.005 0.01 0.001 0.3115010118948215 0.08319109647770984 0.005180262379386778 -0.0018603754383196415
0.3046404483597939 0.06319945476974118 45 nil_vol 0.6 nil_bias 0.32 Right 0.005 0.01 0.001 0.3043579014767623 0.06330092516696612 0.0002825468830316153 -0.00010147039722494012
0.20831853904877207 -0.25112832238610033 45 nil_vol 0.6 nil_bias 0.32 Right 0.005 0.01 0.001 0.19336611917115726 -0.24575849502089847 0.014952419877614805 -0.0053698273652018885
0.15456214284106504 -0.38064909236401673 45 nil_vol 0.6 nil_bias 0.32 Right 0.005 0.01 0.001 0.1460243219011974 -0.37758292482074624 0.008537820939867637 -0.0030661675432704844
0.09568988040611208 -0.5207084822847756 45 nil_vol 0.6 nil_bias 0.32 Right 0.005 0.01 0.001 0.09474574491819465 -0.5203694171287023 0.0009441354879174232 -0.00033906515607331594
0.022631422392176546 -0.7211735689691068 45 nil_vol 0.6 nil_bias 0.32 Home 0.005 0.01 0.001 0.0 -0.75 0.022631422392176546 0.028826431030893267
0.08176383256147038 -0.5594996427994332 46 nil_vol 0.6 nil_bias 0.32 Home 0.005 0.01 0.001 0.08433252572809993 -0.5604859740879794 -0.00256869316662956 0.0009863312885461915
0.09579282564717097 -0.5161711020338794 46 nil_vol 0.6 nil_bias 0.32 Home 0.005 0.01 0.001 0.10063472801804263 -0.5180303041630083 -0.004841902370871663 0.0018592021291289668
0.14502800699021434 -0.400445282985644 46 nil_vol 0.6 nil_bias 0.32 Home 0.005 0.01 0.001 0.1456879295336051 -0.4006986811964616 -0.0006599225433907645 0.00025339821081758713
0.15035212307105345 -0.39697285636380636 46 nil_vol 0.6 nil_bias 0.32 Home 0.005 0.01 0.001 0.14753407661439963 -0.39589077796344163 0.002818046456653806 -0.0010820784003647496
0.1666033447654196 -0.338918791990907 46 nil_vol 0.6 nil_bias 0.32 Home 0.005 0.01 0.001 0.16904959875778028 -0.33985810887146783 -0.00244625399236067 0.0009393168805608169
0.23578420262861158 -0.21595741113615 46 nil_vol 0.6 nil_bias 0.32 Home 0.005 0.01 0.001 0.2190870642480911 -0.209546014777938 0.016697138380520483 -0.006411396358212009
0.32377207710159733 0.11395365584044656 46 nil_vol 0.6 nil_bias 0.32 Home 0.005 0.01 0.001 0.34079512140316587 0.10741711755745031 -0.01702304430156852 0.0065365382829962486
0.41168122448937217 0.29202511967702366 46 nil_vol 0.6 nil_bias 0.32 Right 0.005 0.01 0.001 0.4 0.35 0.011681224489372118 -0.05797488032297631
0.3596746014806204 0.18617113218144468 47 nil_vol 0.6 nil_bias 0.32 Right 0.005 0.01 0.001 0.36605043117750796 0.1834905649840815 -0.006375829696887523 0.002680567197363177
0.3233946427853191 0.08851805459950758 47 nil_vol 0.6 nil_bias 0.32 Right 0.005 0.01 0.001 0.3257118871511998 0.08754382386707651 -0.0023172443658807116 0.0009742307324310658
0.23690018534929766 -0.1528268589533099 47 nil_vol 0.6 nil_bias 0.32 Right 0.005 0.01 0.001 0.22649322156131357 -0.14845149651729084 0.010406963787984074 -0.004375362436019074
0.2281152236277924 -0.17201264962342444 47 nil_vol 0.6 nil_bias 0.32 Right 0.005 0.01 0.001 0.21831904674870906 -0.16789407813547247 0.009796176879083353 -0.004118571487951973
0.17626382153358217 -0.24274100601391957 47 nil_vol 0.6 nil_bias 0.32 Right 0.005 0.01 0.001 0.18526108064759242 -0.2465236913731233 -0.008997259114010265 0.0037826853592037315
0.07556122091455683 -0.5488122139677497 47 nil_vol 0.6 nil_bias 0.32 Right 0.005 0.01 0.001 0.06078314970735793 -0.542599122526858 0.014778071207198895 -0.00621309144089164
0.06164277461597832 -0.5559715630876615 47 nil_vol 0.6 nil_bias 0.32 Right 0.005 0.01 0.001 0.05613463268782548 -0.5536557947448786 0.005508141928152842 -0.002315768342782908
-0.02938116180040518 -0.7570583218620229 47 nil_vol 0.6 nil_bias 0.32 Home 0.005 0.01 0.001 0.0 -0.75 -0.02938116180040518 -0.0070583218620229255
-0.23975940128115067 -0.2352449733537743 48 nil_vol 0.6 nil_bias 0.32 Home 0.005 0.01 0.001 -0.22286162785262814 -0.2290530108675679 -0.016897773428522517 -0.006191962486206394
-0.23870407429638302 -0.2045826565281697 48 nil_vol 0.6 nil_bias 0.32 Home 0.005 0.01 0.001 -0.23264239743011061 -0.20236143632313908 -0.006061676866272395 -0.0022212202050306234
-0.26394474795597195 -0.1621793624155173 48 nil_vol 0.6 nil_bias 0.32 Home 0.005 0.01 0.001 -0.249329106222884 -0.1568236564874005 -0.014615641733087928 -0.005355705928116828
-0.2575250138930182 -0.09990762780486097 48 nil_vol 0.6 nil_bias 0.32 Home 0.005 0.01 0.001 -0.2686865039973757 -0.10399760618625464 0.011161490104357512 0.004089978381393677
-0.3120578815784264 0.003369551011626196 48 nil_vol 0.6 nil_bias 0.32 Home 0.005 0.01 0.001 -0.30850660892593107 0.004670867255186728 -0.0035512726524953514 -0.001301316243560532
-0.31746746534572967 0.08244239655207307 48 nil_vol 0.6 nil_bias 0.32 Home 0.005 0.01 0.001 -0.3346920927796264 0.07613066279846836 0.017224627433896755 0.006311733753604702
-0.41912617247120937 0.2937025480843883 48 nil_vol 0.6 nil_bias 0.32 Home 0.005 0.01 0.001 -0.4149757005042847 0.29522343288190067 -0.004150471966924687 -0.0015208847975124028
-0.4685598561958509 0.44145379591329914 48 nil_vol 0.6 nil_bias 0.32 Left 0.005 0.01 0.001 -0.4 0.35 -0.06855985619585087 0.09145379591329915
-0.4498236265771795 0.4000233623880984 49 nil_vol 0.6 nil_bias 0.32 Left 0.005 0.01 0.001 -0.4527514423452096 0.39893481046588253 0.0029278157680300743 0.001088551922215839
-0.4391306150685051 0.32349846842427965 49 nil_vol 0.6 nil_bias 0.32 Left 0.005 0.01 0.001 -0.42645645144562244 0.3282106792555813 -0.012674163622882657 -0.004712210831301617
-0.42276146264901765 0.2915170291402056 49 nil_vol 0.6 nil_bias 0.32 Left 0.005 0.01 0.001 -0.41402196220302406 0.29476634561481885 -0.008739500445993576 -0.003249316474613223
-0.2843723073140349 -0.07648663124113339 49 nil_vol 0.6 nil_bias 0.32 Left 0.005 0.01 0.001 -0.27700919400645435 -0.07374905081275396 -0.007363113307580536 -0.0027375804283794286
-0.2604996373855353 -0.09069018123810964 49 nil_vol 0.6 nil_bias 0.32 Left 0.005 0.01 0.001 -0.26947047615232966 -0.09402550851181057 0.008970838766794359 0.0033353272737009377
-0.24017757130407946 -0.13191317019145515 49 nil_vol 0.6 nil_bias 0.32 Left 0.005 0.01 0.001 -0.2535372308160276 -0.13688024605759308 0.01335965951194811 0.004967075866137916
-0.12060306521042022 -0.48626988765178675 49 nil_vol 0.6 nil_bias 0.32 Left 0.005 0.01 0.001 -0.12326709677996772 -0.4872603655081943 0.002664031569547502 0.000990477856407536
-0.026384396182039582 -0.7478402172092945 49 nil_vol 0.6 nil_bias 0.32 Home 0.005 0.01 0.001 0.0 -0.75 -0.026384396182039582 0.002159782790705547
-0.059069689176509954 -0.6959802659570002 50 nil_vol 0.6 nil_bias 0.32 Home 0.005 0.01 0.001 -0.05168526075818002 -0.6925981952650045 -0.007384428418329932 -0.0033820706919957385
-0.13360572686295874 -0.5219827738364301 50 nil_vol 0.6 nil_bias 0.32 Home 0.005 0.01 0.001 -0.13048235328397556 -0.5205522676898187 -0.0031233735789831735 -0.001430506146611395
-0.18614927566719724 -0.40288189158441484 50 nil_vol 0.6 nil_bias 0.32 Home 0.005 0.01 0.001 -0.18468299776898814 -0.4022103358153123 -0.001466277898209114 -0.0006715557691025326
-0.2062210659790281 -0.3783331426394573 50 nil_vol 0.6 nil_bias 0.32 Home 0.005 0.01 0.001 -0.19745712273387728 -0.3743192536941512 -0.008763943245150816 -0.004013888945306084
-0.27471793420048046 -0.23621750954513268 50 nil_vol 0.6 nil_bias 0.32 Home 0.005 0.01 0.001 -0.2631370285231366 -0.2309134508612014 -0.011580905677343874 -0.005304058683931277
-0.31808300541441087 -0.13318276938537546 50 nil_vol 0.6 nil_bias 0.32 Home 0.005 0.01 0.001 -0.30966376875778207 -0.12932675617321132 -0.008419236656628807 -0.003856013212164129
-0.3762915221725489 0.01876650841971519 50 nil_vol 0.6 nil_bias 0.32 Home 0.005 0.01 0.001 -0.3772826337679248 0.01831257897665939 0.000991111595375894 0.00045392944305580303
-0.5128516366775862 0.31431455199869984 50 nil_vol 0.6 nil_bias 0.32 Left 0.005 0.01 0.001 -0.4 0.35 -0.11285163667758615 -0.035685448001300135
-0.49856130994755304 0.2793715361677425 51 nil_vol 0.6 nil_bias 0.32 Left 0.005 0.01 0.001 -0.496699797286292 0.28025429080544034 -0.0018615126612610377 -0.0008827546376978181
-0.5067872730080877 0.2516186241192632 51 nil_vol 0.6 nil_bias 0.32 Left 0.005 0.01 0.001 -0.4874654401389283 0.260781300220815 -0.019321832869159426 -0.009162676101551812
-0.412765393069436 0.06805667275688636 51 nil_vol 0.6 nil_bias 0.32 Left 0.005 0.01 0.001 -0.39913743449051664 0.07451923618084141 -0.01362795857891935 -0.006462563423955058
-0.3656208420334789 -0.012269578463493292 51 nil_vol 0.6 nil_bias 0.32 Left 0.005 0.01 0.001 -0.3593836158262713 -0.009311800912276957 -0.006237226207207595 -0.0029577775512163356
-0.32362303551852795 -0.08205451963559028 51 nil_vol 0.6 nil_bias 0.32 Left 0.005 0.01 0.001 -0.32465578535377176 -0.08254426366237844 0.0010327498352437914 0.0004897440267881545
-0.11545533421038782 -0.5233484699473295 51 nil_vol 0.6 nil_bias 0.32 Left 0.005 0.01 0.001 -0.11559012106235717 -0.5234123877068768 0.0001347868519693448 6.391775954724139e-05
-0.051638988076222775 -0.6619934488113549 51 nil_vol 0.6 nil_bias 0.32 Left 0.005 0.01 0.001 -0.05019730051194543 -0.6613097809481372 -0.0014416875642773476 -0.0006836678632177387
-0.013588307180515749 -0.7385091540153854 51 nil_vol 0.6 nil_bias 0.32 Home 0.005 0.01 0.001 0.0 -0.75 -0.013588307180515749 0.01149084598461457
-0.05920148967615531 -0.612074841650117 52 nil_vol 0.6 nil_bias 0.32 Home 0.005 0.01 0.001 -0.06783468017159666 -0.6158942742728302 0.008633190495441352 0.003819432622713157
-0.14988262304630834 -0.47863471891818843 52 nil_vol 0.6 nil_bias 0.32 Home 0.005 0.01 0.001 -0.13205033730463703 -0.47074549025640383 -0.017832285741671304 -0.007889228661784571
-0.29154091419062067 -0.1205443084833491 52 nil_vol 0.6 nil_bias 0.32 Home 0.005 0.01 0.001 -0.287729727243624 -0.11885819119399887 -0.003811186946996674 -0.00168611728935022
-0.3101906405099403 -0.08818262411398903 52 nil_vol 0.6 nil_bias 0.32 Home 0.005 0.01 0.001 -0.3027561340595029 -0.08489350446748456 -0.007434506450437348 -0.003289119646504469
-0.3884349713736023 0.1272736737357022 52 nil_vol 0.6 nil_bias 0.32 Home 0.005 0.01 0.001 -0.3952815102401326 0.12424467838186315 0.006846538866530299 0.0030289953538390597
-0.4057551824305604 0.13296042391231355 52 nil_vol 0.6 nil_bias 0.32 Home 0.005 0.01 0.001 -0.4002207206314063 0.13540893978324342 -0.0055344617991541015 -0.0024485158709298548
-0.417581182882763 0.1533168698522734 52 nil_vol 0.6 nil_bias 0.32 Home 0.005 0.01 0.001 -0.4096882840694624 0.1568087880754625 -0.007892898813300651 -0.0034919182231890854
-0.44189517456788535 0.22960709306066543 52 nil_vol 0.6 nil_bias 0.32 Left 0.005 0.01 0.001 -0.4 0.35 -0.041895174567885315 -0.12039290693933455
-0.38624738940786246 0.10729131211607483 53 nil_vol 0.6 nil_bias 0.32 Left 0.005 0.01 0.001 -0.388933454428407 0.10613912161493703 0.0026860650205445097 0.0011521905011377931
-0.3633904521408201 0.0384175117070797 53 nil_vol 0.6 nil_bias 0.32 Left 0.005 0.01 0.001 -0.36042908513855637 0.039687793291588586 -0.002961367002263721 -0.0012702815845088815
-0.28588560394831036 -0.13952259799163858 53 nil_vol 0.6 nil_bias 0.32 Left 0.005 0.01 0.001 -0.2839185327962858 -0.1386788206894922 -0.00196707115202452 -0.0008437773021463875
-0.2684419762227514 -0.14732453890855465 53 nil_vol 0.6 nil_bias 0.32 Left 0.005 0.01 0.001 -0.27838114513758305 -0.15158795618448925 0.009939168914831679 0.004263417275934599
-0.2786689209675739 -0.1780294852231551 53 nil_vol 0.6 nil_bias 0.32 Left 0.005 0.01 0.001 -0.26884636364501674 -0.17381608861608502 -0.009822557322557147 -0.004213396607070064
-0.24401079888664245 -0.2782601329779026 53 nil_vol 0.6 nil_bias 0.32 Left 0.005 0.01 0.001 -0.22714776040179233 -0.27102671434731906 -0.016863038484850115 -0.007233418630583514
-0.18764051793532968 -0.3844505612167544 53 nil_vol 0.6 nil_bias 0.32 Left 0.005 0.01 0.001 -0.1799158160526847 -0.3811370419738358 -0.007724701882644994 -0.0033135192429186045
-0.01629442900773124 -0.7625823706069206 53 nil_vol 0.6 nil_bias 0.32 Home 0.005 0.01 0.001 0.0 -0.75 -0.01629442900773124 -0.012582370606920622
0.05766967753113795 -0.5282979416750623 54 nil_vol 0.6 nil_bias 0.32 Home 0.005 0.01 0.001 0.05454248334784887 -0.5273562063837858 0.003127194183289075 -0.0009417352912765021
0.10207144219208195 -0.38238814383944036 54 nil_vol 0.6 nil_bias 0.32 Home 0.005 0.01 0.001 0.09852072930052144 -0.3813188684944549 0.0035507128915605 -0.001069275344985463
0.12265419262586742 -0.3693862845431145 54 nil_vol 0.6 nil_bias 0.32 Home 0.005 0.01 0.001 0.10382200021534918 -0.36371508564543636 0.01883219241051824 -0.00567119889767815
0.1367440636857691 -0.2330878698330321 54 nil_vol 0.6 nil_bias 0.32 Home 0.005 0.01 0.001 0.14262615028123346 -0.23485922402743875 -0.00588208659546434 0.0017713541944066622
0.21210673916594272 -0.01968080983637804 54 nil_vol 0.6 nil_bias 0.32 Home 0.005 0.01 0.001 0.20781501250469334 -0.01838838275301735 0.0042917266612493765 -0.001292427083360689
0.22735608037483584 0.048160038700316224 54 nil_vol 0.6 nil_bias 0.32 Home 0.005 0.01 0.001 0.22781412158487735 0.048022102407565326 -0.0004580412100414988 0.00013793629275089966
0.25245981056016215 0.11558335733221624 54 nil_vol 0.6 nil_bias 0.32 Home 0.005 0.01 0.001 0.24851731356032744 0.11677061605133776 0.003942496999834699 -0.0011872587191215235
0.3349174646002126 0.4036771940144399 54 nil_vol 0.6 nil_bias 0.32 Right 0.005 0.01 0.001 0.4 0.35 -0.06508253539978741 0.05367719401443992
0.34696335027345016 0.38249223701991614 55 nil_vol 0.6 nil_bias 0.32 Right 0.005 0.01 0.001 0.3305569345173139 0.3867082014806703 0.01640641575613625 -0.004215964460754182
0.3245959597013229 0.34244227955396567 55 nil_vol 0.6 nil_bias 0.32 Right 0.005 0.01 0.001 0.319517265134318 0.3437473541125882 0.005078694567004868 -0.0013050745586225686
0.2047229469971712 -0.011775812156075802 55 nil_vol 0.6 nil_bias 0.32 Right 0.005 0.01 0.001 0.22670664060507795 -0.017424972359295632 -0.021983693607906737 0.00564916020321983
0.1484935398417425 -0.3035073197775365 55 nil_vol 0.6 nil_bias 0.32 Right 0.005 0.01 0.001 0.15290088954973688 -0.30463987852840624 -0.004407349707994397 0.0011325587508697649
0.1496261337022129 -0.32436939973742246 55 nil_vol 0.6 nil_bias 0.32 Right 0.005 0.01 0.001 0.14794218281864602 -0.32393667407788174 0.0016839508835668781 -0.00043272565954073476
0.1301060970622675 -0.4924646465049 55 nil_vol 0.6 nil_bias 0.32 Right 0.005 0.01 0.001 0.10621320841793769 -0.48632487954504 0.023892888644329823 -0.006139766959859989
0.08335552634972197 -0.5776836404613305 55 nil_vol 0.6 nil_bias 0.32 Right 0.005 0.01 0.001 0.08277503615741866 -0.5775344716204974 0.0005804901923033148 -0.00014916884083300148
0.045254261526914495 -0.7235464776064829 55 nil_vol 0.6 nil_bias 0.32 Home 0.005 0.01 0.001 0.0 -0.75 0.045254261526914495 0.02645352239351702
0.054447090196008054 -0.7198373936927059 56 nil_vol 0.6 nil_bias 0.32 Home 0.005 0.01 0.001 0.04736420837238912 -0.7174042987677591 0.007082881823618934 -0.002433094924946768
0.16816275877341041 -0.4061711741932697 56 nil_vol 0.6 nil_bias 0.32 Home 0.005 0.01 0.001 0.15574377465415712 -0.40190503394329574 0.012418984119253297 -0.00426614024997396
0.16543300552630769 -0.335037451207786 56 nil_vol 0.6 nil_bias 0.32 Home 0.005 0.01 0.001 0.17731217554036902 -0.33911815578447546 -0.011879170014061335 0.0040807045766894715
0.19291325893533495 -0.30017999207671625 56 nil_vol 0.6 nil_bias 0.32 Home 0.005 0.01 0.001 0.1909229832990844 -0.2994962972657061 0.0019902756362505567 -0.0006836948110101577
0.18177792033700818 -0.29267085109785235 56 nil_vol 0.6 nil_bias 0.32 Home 0.005 0.01 0.001 0.19205491427168458 -0.29620117991158285 -0.010276993934676395 0.0035303288137304854
0.19538189049393126 -0.2901952603759058 56 nil_vol 0.6 nil_bias 0.32 Home 0.005 0.01 0.001 0.1942514505071836 -0.2898069342872874 0.001130439986747676 -0.00038832608861845094
0.40111674038074535 0.36273022198043015 56 nil_vol 0.6 nil_bias 0.32 Home 0.005 0.01 0.001 0.4165842479078939 0.35741686013096585 -0.015467507527148547 0.005313361849464312
0.4332762678629756 0.4060083078082156 56 nil_vol 0.6 nil_bias 0.32 Right 0.005 0.01 0.001 0.4 0.35 0.03327626786297555 0.05600830780821561
0.39190325882523097 0.3077545983290464 57 nil_vol 0.6 nil_bias 0.32 Right 0.005 0.01 0.001 0.39666645150812296 0.3060107594819725 -0.004763192682891971 0.0017438388470739016
0.37682762252242885 0.2017400722326451 57 nil_vol 0.6 nil_bias 0.32 Right 0.005 0.01 0.001 0.3606593180771086 0.20765940392047186 0.016168304445320237 -0.005919331687826776
0.3453052021113205 0.2053378631189394 57 nil_vol 0.6 nil_bias 0.32 Right 0.005 0.01 0.001 0.35809509880688906 0.20065539062776716 -0.012789896695568544 0.00468247249117224
0.29532411210271003 0.054698870435569605 57 nil_vol 0.6 nil_bias 0.32 Right 0.005 0.01 0.001 0.30355601611373106 0.05168511160709277 -0.008231904011021024 0.003013758828476833
0.1275471810395441 -0.45048028719428934 57 nil_vol 0.6 nil_bias 0.32 Right 0.005 0.01 0.001 0.12063601302010862 -0.447950059241464 0.006911168019435479 -0.002530227952825339
0.09292870120163586 -0.5276812288460103 57 nil_vol 0.6 nil_bias 0.32 Right 0.005 0.01 0.001 0.09162112309852027 -0.5272025151672658 0.001307578103115594 -0.00047871367874451607
0.002154577050496811 -0.8013726140444213 57 nil_vol 0.6 nil_bias 0.32 Right 0.005 0.01 0.001 -0.007465134815017926 -0.797850768852436 0.009619711865514738 -0.0035218451919852376
-0.0087047765447194 -0.8012367769266507 57 nil_vol 0.6 nil_bias 0.32 Home 0.005 0.01 0.001 0.0 -0.75 -0.0087047765447194 -0.0512367769266507
-0.0548175907250486 -0.6752721798346587 58 nil_vol 0.6 nil_bias 0.32 Home 0.005 0.01 0.001 -0.04666535133873048 -0.6728615611563866 -0.008152239386318115 -0.0024106186782721153
-0.1544476253513121 -0.30618101600014674 58 nil_vol 0.6 nil_bias 0.32 Home 0.005 0.01 0.001 -0.1550409740592119 -0.3063564693216467 0.0005933487078998066 0.00017545332149990979
-0.15625799527235634 -0.3063037722472899 58 nil_vol 0.6 nil_bias 0.32 Home 0.005 0.01 0.001 -0.15515316169316956 -0.30597707275575636 -0.0011048335791867833 -0.0003266994915335483
-0.20803687249691843 -0.12341169939351815 58 nil_vol 0.6 nil_bias 0.32 Home 0.005 0.01 0.001 -0.20904925472061528 -0.1237110610023161 0.0010123822236968527 0.0002993616087979609
-0.25408804781599664 0.02798135766155164 58 nil_vol 0.6 nil_bias 0.32 Home 0.005 0.01 0.001 -0.2539194708137338 0.028031205911967838 -0.00016857700226286052 -4.984825041619733e-05
-0.31528180643345183 0.23808793850527982 58 nil_vol 0.6 nil_bias 0.32 Home 0.005 0.01 0.001 -0.31597286029763855 0.23788359375118728 0.0006910538641867396 0.00020434475409253776
-0.30126426416439067 0.24830853624277438 58 nil_vol 0.6 nil_bias 0.32 Home 0.005 0.01 0.001 -0.317624961278493 0.24347067511237153 0.016360697114102308 0.004837861130402866
-0.36727437561108095 0.41137525275377185 58 nil_vol 0.6 nil_bias 0.32 Left 0.005 0.01 0.001 -0.4 0.35 0.032725624388919065 0.06137525275377189
-0.32036456649915246 0.2618610951329807 59 nil_vol 0.6 nil_bias 0.32 Left 0.005 0.01 0.001 -0.32277877951257855 0.26114604213696146 0.002414213013426093 0.0007150529960192406
-0.2556192908383153 0.050441475512304955 59 nil_vol 0.6 nil_bias 0.32 Left 0.005 0.01 0.001 -0.2599880556806321 0.04914751413771651 0.00436876484231679 0.0012939613745884477
-0.23474033287301704 -0.014827680783622281 59 nil_vol 0.6 nil_bias 0.32 Left 0.005 0.01 0.001 -0.2405315444621398 -0.016542949144100094 0.00579121158912276 0.001715268360477814
-0.17082590653740035 -0.28850314109739866 59 nil_vol 0.6 nil_bias 0.32 Left 0.005 0.01 0.001 -0.1608557298162114 -0.28555012713563144 -0.009970176721188927 -0.0029530139617672474
-0.1580976907644036 -0.28957247738621306 59 nil_vol 0.6 nil_bias 0.32 Left 0.005 0.01 0.001 -0.15953801789550606 -0.2899990802686493 0.0014403271311024494 0.00042660288243622
-0.16634304437205824 -0.2938499776295559 59 nil_vol 0.6 nil_bias 0.32 Left 0.005 0.01 0.001 -0.15903825630697413 -0.2916864110502293 -0.007304788065084121 -0.002163566579326574
-0.15965781514912503 -0.3508155149463684 59 nil_vol 0.6 nil_bias 0.32 Left 0.005 0.01 0.001 -0.14298752692557756 -0.345878030361346 -0.01667028822354745 -0.004937484585022424
-0.015044653434208678 -0.7778479009549373 59 nil_vol 0.6 nil_bias 0.32 Home 0.005 0.01 0.001 0.0 -0.75 -0.015044653434208678 -0.027847900954937266
-0.0329044596002686 -0.6832657437748119 60 nil_vol 0.6 nil_bias 0.32 Home 0.005 0.01 0.001 -0.040455759968311286 -0.6853400200001767 0.007551300368042686 0.0020742762253648404
-0.1826843453260122 -0.16075042777389445 60 nil_vol 0.6 nil_bias 0.32 Home 0.005 0.01 0.001 -0.18442462370845059 -0.16122846703842764 0.0017402783824384007 0.0004780392645331931
-0.26357057477267726 0.15242584074296242 60 nil_vol 0.6 nil_bias 0.32 Home 0.005 0.01 0.001 -0.2700907402685248 0.15063480825659525 0.006520165495847578 0.0017910324863671659
-0.2967605593426319 0.18322072688305363 60 nil_vol 0.6 nil_bias 0.32 Home 0.005 0.01 0.001 -0.28028497718580747 0.18774642533249886 -0.016475582156824403 -0.004525698449445238
-0.29120505034218835 0.2571525321923711 60 nil_vol 0.6 nil_bias 0.32 Home 0.005 0.01 0.001 -0.2987787523698092 0.25507210242687317 0.007573702027620887 0.002080429765497932
-0.31793774427343857 0.31886971469947634 60 nil_vol 0.6 nil_bias 0.32 Home 0.005 0.01 0.001 -0.31641806668838696 0.3192871568526494 -0.0015196775850516422 -0.0004174421531730888
-0.32173376531625203 0.3842218715797488 60 nil_vol 0.6 nil_bias 0.32 Home 0.005 0.01 0.001 -0.33337655531611976 0.3810236989052984 0.011642789999867757 0.0031981726744503784
-0.3372060960644254 0.394964953261154 60 nil_vol 0.6 nil_bias 0.32 Left 0.005 0.01 0.001 -0.4 0.35 0.06279390393557463 0.044964953261154024
-0.2736315191085499 0.2248909464664584 61 nil_vol 0.6 nil_bias 0.32 Left 0.005 0.01 0.001 -0.28869389783090527 0.2206979041995357 0.015062378722355402 0.004193042266922725
-0.2721279966366467 0.1619246061831368 61 nil_vol 0.6 nil_bias 0.32 Left 0.005 0.01 0.001 -0.27231795504175266 0.1618717258488783 0.00018995840510596331 5.288033425851739e-05
-0.23540332594979338 0.012755662158321577 61 nil_vol 0.6 nil_bias 0.32 Left 0.005 0.01 0.001 -0.23113780495266242 0.013943091458905488 -0.004265520997130951 -0.0011874293005839102
-0.18632839130747905 -0.1479758429844286 61 nil_vol 0.6 nil_bias 0.32 Left 0.005 0.01 0.001 -0.18608213942648408 -0.14790729175727158 -0.0002462518809949669 -6.855122715701145e-05
-0.10171028670009395 -0.4803159389468814 61 nil_vol 0.6 nil_bias 0.32 Left 0.005 0.01 0.001 -0.09413385415697023 -0.4782068230846799 -0.007576432543123726 -0.0021091158622015315
-0.05587076728506331 -0.5963512435726321 61 nil_vol 0.6 nil_bias 0.32 Left 0.005 0.01 0.001 -0.06085846875118828 -0.5977397123827554 0.004987701466124972 0.0013884688101232425
-0.036463795874186695 -0.6307955021707988 61 nil_vol 0.6 nil_bias 0.32 Left 0.005 0.01 0.001 -0.05056377577121801 -0.6347206333045198 0.014099979897031314 0.003925131133720941
-0.010272733360522854 -0.7794553870406807 61 nil_vol 0.6 nil_bias 0.32 Home 0.005 0.01 0.001 0.0 -0.75 -0.010272733360522854 -0.029455387040680705
0.015691001246830018 -0.7098132124773711 62 nil_vol 0.6 nil_bias 0.32 Home 0.005 0.01 0.001 0.008141677010370739 -0.7078712140072868 0.007549324236459281 -0.001941998470084207
0.0300405304835011 -0.6169588915913137 62 nil_vol 0.6 nil_bias 0.32 Home 0.005 0.01 0.001 0.03143576020451324 -0.6173178023889896 -0.00139522972101214 0.0003589107976758981
0.1350598385046158 -0.274326894578356 62 nil_vol 0.6 nil_bias 0.32 Home 0.005 0.01 0.001 0.1206225686398797 -0.2706130315740217 0.014437269864736098 -0.0037138630043342894
0.1334445668885206 -0.20625148363042578 62 nil_vol 0.6 nil_bias 0.32 Home 0.005 0.01 0.001 0.1369472383752352 -0.20715251562419768 -0.0035026714867145998 0.0009010319937718861
0.1671738208911303 -0.13953940335403325 62 nil_vol 0.6 nil_bias 0.32 Home 0.005 0.01 0.001 0.1551366638877496 -0.1364429486578852 0.012037157003380714 -0.003096454696148065
0.1555973533280026 -0.08249568754683956 62 nil_vol 0.6 nil_bias 0.32 Home 0.005 0.01 0.001 0.16818140500553141 -0.08573282617538036 -0.012584051677528834 0.0032371386285407967
0.2334062043860347 0.14607513385183107 62 nil_vol 0.6 nil_bias 0.32 Home 0.005 0.01 0.001 0.22815921094536834 0.14742487760572964 0.005246993440666382 -0.001349743753898567
0.30361640485556085 0.44075714927158904 62 nil_vol 0.6 nil_bias 0.32 Right 0.005 0.01 0.001 0.4 0.35 -0.09638359514443917 0.09075714927158908
0.24808482202163087 0.31311819987593054 63 nil_vol 0.6 nil_bias 0.32 Right 0.005 0.01 0.001 0.2701473568933043 0.3075738699744166 -0.02206253487167344 0.005544329901513942
0.2565636333221415 0.2288137198851512 63 nil_vol 0.6 nil_bias 0.32 Right 0.005 0.01 0.001 0.25072368275538365 0.23028130340349887 0.005839950566757829 -0.0014675835183476725
0.23017100181689681 0.17962321359561845 63 nil_vol 0.6 nil_bias 0.32 Right 0.005 0.01 0.001 0.23752862195967384 0.17777423868866182 -0.007357620142777008 0.0018489749069566317
0.14627214406052655 -0.20279383620339636 63 nil_vol 0.6 nil_bias 0.32 Right 0.005 0.01 0.001 0.14215181506110405 -0.20175839474535684 0.004120328999422491 -0.0010354414580395128
0.09873318285828166 -0.3997882666604107 63 nil_vol 0.6 nil_bias 0.32 Right 0.005 0.01 0.001 0.09276375603121409 -0.3982881456704739 0.0059694268270675645 -0.001500120989936812
0.0235848193434261 -0.6640739024178155 63 nil_vol 0.6 nil_bias 0.32 Right 0.005 0.01 0.001 0.025829838488277468 -0.6646380772439028 -0.0022450191448513666 0.00056417482608727
0.0118709531870617 -0.7238570373278581 63 nil_vol 0.6 nil_bias 0.32 Right 0.005 0.01 0.001 0.011002893582448103 -0.7236388933634338 0.0008680596046135956 -0.00021814396442426914
0.007774973655655318 -0.73648374516931 63 nil_vol 0.6 nil_bias 0.32 Home 0.005 0.01 0.001 0.0 -0.75 0.007774973655655318 0.013516254830689923
