x y trial vol omega bias theta state target_sigma moving_sigma staying_sigma x_mean y_mean x_noise y_noise
-0.012478866639089689 -0.7396151317367918 0 nil_vol 0.6 nil_bias 0.87 Home 0.005 0.01 0.001 -0.003462054177988471 -0.7371801111511169 -0.009016812461101217 -0.0024350205856748654
-0.018346157768083283 -0.6916675484861706 0 nil_vol 0.6 nil_bias 0.87 Home 0.005 0.01 0.001 -0.015929144969060845 -0.6910148260360975 -0.0024170127990224386 -0.0006527224500730578
-0.14839046604586845 -0.2445055033021123 0 nil_vol 0.6 nil_bias 0.87 Home 0.005 0.01 0.001 -0.1373179943295758 -0.24151534500839278 -0.011072471716292637 -0.0029901582937195154
-0.14408756839894157 -0.15332485356657274 0 nil_vol 0.6 nil_bias 0.87 Home 0.005 0.01 0.001 -0.15997544924688942 -0.15761542932096495 0.01588788084794785 0.004290575754392212
-0.22468770790282658 0.09981509244266852 0 nil_vol 0.6 nil_bias 0.87 Home 0.005 0.01 0.001 -0.2291686399209505 0.09860500165346642 0.00448093201812392 0.001210090789202107
-0.2776551795879885 0.3051524017213131 0 nil_vol 0.6 nil_bias 0.87 Home 0.005 0.01 0.001 -0.2844517922753936 0.30331695356509525 0.006796612687405039 0.0018354481562178364
-0.276340830349852 0.30974166720662294 0 nil_vol 0.6 nil_bias 0.87 Home 0.005 0.01 0.001 -0.28551755977205534 0.30726346050679054 0.0091767294222033 0.0024782066998323936
-0.30369022695393905 0.37455633386524734 0 nil_vol 0.6 nil_bias 0.87 Left 0.005 0.01 0.001 -0.4 0.35 0.09630977304606098 0.02455633386524737
-0.15737517798099748 -0.11636361914002384 1 nil_vol 0.6 nil_bias 0.87 Left 0.005 0.01 0.001 -0.14659697218947518 -0.11289004026412053 -0.010778205791522303 -0.0034735788759033084
-0.1042804521849203 -0.1959397549078737 1 nil_vol 0.6 nil_bias 0.87 Left 0.005 0.01 0.001 -0.11836863180737284 -0.20048006561292386 0.014088179622452547 0.0045403107050501846
-0.08246997437411774 -0.30136090349317524 1 nil_vol 0.6 nil_bias 0.87 Left 0.005 0.01 0.001 -0.08553827166517028 -0.30234974828435324 0.0030682972910525356 0.0009888447911780046
-0.07357791035124009 -0.3316262722015187 1 nil_vol 0.6 nil_bias 0.87 Left 0.005 0.01 0.001 -0.07586549560333453 -0.3323635106586609 0.0022875852520944317 0.0007372384571422124
-0.06711574390210504 -0.38009490263056395 1 nil_vol 0.6 nil_bias 0.87 Left 0.005 0.01 0.001 -0.06110682224971942 -0.37815835922784824 -0.006008921652385616 -0.0019365434027157013
-0.02534207463059849 -0.4544292197009518 1 nil_vol 0.6 nil_bias 0.87 Left 0.005 0.01 0.001 -0.03547406027323913 -0.45769453602353627 0.010131985642640638 0.003265316322584459
0.013426124558505344 -0.7052046932812092 1 nil_vol 0.6 nil_bias 0.87 Left 0.005 0.01 0.001 0.04138873977260221 -0.6961929568752205 -0.02796261521409687 -0.009011736405988659
0.06946868872021746 -0.7833225368229719 1 nil_vol 0.6 nil_bias 0.87 Home 0.005 0.01 0.001 0.0 -0.75 0.06946868872021746 -0.033322536822971906
-0.04762385159018872 -0.4991464186009515 2 nil_vol 0.6 nil_bias 0.87 Home 0.005 0.01 0.001 -0.05149292279907769 -0.5008029732216095 0.0038690712088889686 0.0016565546206579948
-0.12246588857357923 -0.3108585370249594 2 nil_vol 0.6 nil_bias 0.87 Home 0.005 0.01 0.001 -0.13121446588469954 -0.31460426704296074 0.008748577311120302 0.003745730018001312
-0.20329742570277037 -0.16015896879338132 2 nil_vol 0.6 nil_bias 0.87 Home 0.005 0.01 0.001 -0.1982634872463614 -0.1580036727133004 -0.005033938456408989 -0.0021552960800809056
-0.21323962433788893 -0.11501060164152589 2 nil_vol 0.6 nil_bias 0.87 Home 0.005 0.01 0.001 -0.2161395090921724 -0.11625219613015858 0.0028998847542834575 0.0012415944886326829
-0.22422870712997622 -0.11839670065862012 2 nil_vol 0.6 nil_bias 0.87 Home 0.005 0.01 0.001 -0.21661672388600178 -0.11513760685176355 -0.007611983243974449 -0.003259093806856572
-0.21099540884083215 -0.0964967697532249 2 nil_vol 0.6 nil_bias 0.87 Home 0.005 0.01 0.001 -0.22249061161346895 -0.10141847582693664 0.01149520277263679 0.004921706073711742
-0.31067390638286524 0.11247428923840741 2 nil_vol 0.6 nil_bias 0.87 Home 0.005 0.01 0.001 -0.3135434245409278 0.1112456963004228 0.002869518158062556 0.001228592937984605
-0.3921480967567637 0.29483582388320284 2 nil_vol 0.6 nil_bias 0.87 Left 0.005 0.01 0.001 -0.4 0.35 0.007851903243236306 -0.055164176116797164
-0.23601220963243758 -0.09990068566377078 3 nil_vol 0.6 nil_bias 0.87 Left 0.005 0.01 0.001 -0.23733183598624208 -0.10041756830601373 0.0013196263538045128 0.0005168826422429523
-0.22405270722752438 -0.12364344873851896 3 nil_vol 0.6 nil_bias 0.87 Left 0.005 0.01 0.001 -0.22767828634213397 -0.12506354686479348 0.0036255791146095973 0.001420098126274525
-0.18812707301791343 -0.243811714895271 3 nil_vol 0.6 nil_bias 0.87 Left 0.005 0.01 0.001 -0.18209189559608627 -0.2414478045026015 -0.006035177421827168 -0.0023639103926694914
-0.13833060650271642 -0.3157685766887017 3 nil_vol 0.6 nil_bias 0.87 Left 0.005 0.01 0.001 -0.15103256038103363 -0.3207437876363646 0.012701953878317207 0.004975210947662919
-0.10485616322156457 -0.47662761585267854 3 nil_vol 0.6 nil_bias 0.87 Left 0.005 0.01 0.001 -0.09195407501999825 -0.4715740145655788 -0.012902088201566329 -0.00505360128709974
-0.06272304447283594 -0.525216450237601 3 nil_vol 0.6 nil_bias 0.87 Left 0.005 0.01 0.001 -0.06984958846288641 -0.5280078365091907 0.00712654399005047 0.0027913862715897224
-0.025979301001341815 -0.6290502200870848 3 nil_vol 0.6 nil_bias 0.87 Left 0.005 0.01 0.001 -0.02970139221304169 -0.630508120904711 0.003722091211699872 0.0014579008176262161
0.019800429680895633 -0.7568886633990604 3 nil_vol 0.6 nil_bias 0.87 Home 0.005 0.01 0.001 0.0 -0.75 0.019800429680895633 -0.006888663399060368
-0.03950895818962817 -0.6143056772403228 4 nil_vol 0.6 nil_bias 0.87 Home 0.005 0.01 0.001 -0.02721763010715833 -0.6103615977217387 -0.012291328082469839 -0.0039440795185841145
-0.06106315123411383 -0.507281841163454 4 nil_vol 0.6 nil_bias 0.87 Home 0.005 0.01 0.001 -0.06036596853578401 -0.5070581270145236 -0.0006971826983298145 -0.00022371414893038072
-0.11455952173503689 -0.3137232463958144 4 nil_vol 0.6 nil_bias 0.87 Home 0.005 0.01 0.001 -0.12167156672633511 -0.3160053814748897 0.007112044991298218 0.002282135079075322
-0.13143662453160487 -0.25791467115684247 4 nil_vol 0.6 nil_bias 0.87 Home 0.005 0.01 0.001 -0.13948335485101593 -0.26049673096611753 0.008046730319411062 0.0025820598092750366
-0.1715657596487954 -0.18833446804119527 4 nil_vol 0.6 nil_bias 0.87 Home 0.005 0.01 0.001 -0.16347235143860597 -0.18573743008539656 -0.008093408210189432 -0.0025970379557987023
-0.20149061596159643 -0.03786850032728938 4 nil_vol 0.6 nil_bias 0.87 Home 0.005 0.01 0.001 -0.21004063206334067 -0.04061205604105711 0.008550016101744247 0.0027435557137677293
-0.2982948213702982 0.23690718778998754 4 nil_vol 0.6 nil_bias 0.87 Home 0.005 0.01 0.001 -0.2990174613700513 0.23667530482313381 0.000722639999753087 0.0002318829668537386
-0.3664170336906377 0.4467193092878001 4 nil_vol 0.6 nil_bias 0.87 Left 0.005 0.01 0.001 -0.4 0.35 0.033582966309362305 0.09671930928780016
-0.3626910879477963 0.40917466479449066 5 nil_vol 0.6 nil_bias 0.87 Left 0.005 0.01 0.001 -0.3557258287294195 0.41127566230012474 -0.006965259218376821 -0.002100997505634088
-0.35605983872972946 0.39841688733494696 5 nil_vol 0.6 nil_bias 0.87 Left 0.005 0.01 0.001 -0.3521984479766761 0.39958163542056585 -0.0038613907530533815 -0.0011647480856188841
-0.27080049441269527 0.16846764524252045 5 nil_vol 0.6 nil_bias 0.87 Left 0.005 0.01 0.001 -0.28151083737540283 0.16523698244252516 0.010710342962707552 0.0032306627999952767
-0.19305127312387502 -0.11044925966735983 5 nil_vol 0.6 nil_bias 0.87 Left 0.005 0.01 0.001 -0.19791081690702078 -0.1119150901622209 0.004859543783145764 0.0014658304948610649
-0.08985805222752449 -0.4474615040327828 5 nil_vol 0.6 nil_bias 0.87 Left 0.005 0.01 0.001 -0.0961264187444234 -0.44935229115261577 0.006268366516898917 0.0018907871198329852
-0.07799342403385155 -0.48787701718331816 5 nil_vol 0.6 nil_bias 0.87 Left 0.005 0.01 0.001 -0.08396271429230168 -0.4896775910816048 0.005969290258450121 0.0018005738982866195
-0.012943805676214398 -0.7791122009408429 5 nil_vol 0.6 nil_bias 0.87 Left 0.005 0.01 0.001 0.001983979419161064 -0.7746093908850049 -0.014927785095375462 -0.004502810055838012
0.013079242744608612 -0.8113925783712594 5 nil_vol 0.6 nil_bias 0.87 Home 0.005 0.01 0.001 0.0 -0.75 0.013079242744608612 -0.06139257837125939
-0.026133013037601207 -0.7230638137030736 6 nil_vol 0.6 nil_bias 0.87 Home 0.005 0.01 0.001 -0.017036531457418746 -0.7200642240643395 -0.009096481580182461 -0.0029995896387341216
-0.13444998292736626 -0.3208191175926693 6 nil_vol 0.6 nil_bias 0.87 Home 0.005 0.01 0.001 -0.14729226587812486 -0.3250538954611487 0.012842282950758607 0.004234777868479419
-0.17881995129261433 -0.21003829004914268 6 nil_vol 0.6 nil_bias 0.87 Home 0.005 0.01 0.001 -0.18459140593514772 -0.21194144297630113 0.0057714546425333855 0.0019031529271584405
-0.20453149376724059 -0.1449662304901016 6 nil_vol 0.6 nil_bias 0.87 Home 0.005 0.01 0.001 -0.20646628229112815 -0.1456042322887353 0.0019347885238875555 0.0006380017986337073
-0.24369624644112284 -0.029439288924645972 6 nil_vol 0.6 nil_bias 0.87 Home 0.005 0.01 0.001 -0.24466648847496034 -0.02975922888452054 0.0009702420338375058 0.0003199399598745658
-0.26763604073004227 0.04769178792437821 6 nil_vol 0.6 nil_bias 0.87 Home 0.005 0.01 0.001 -0.26995411285382986 0.046927397312133134 0.0023180721237876095 0.0007643906122450744
-0.34372916664128983 0.27037208962281123 6 nil_vol 0.6 nil_bias 0.87 Home 0.005 0.01 0.001 -0.3436447855837884 0.27039991450692225 -8.438105750142253e-05 -2.7824884111029907e-05
-0.4168501880709815 0.49240081312838213 6 nil_vol 0.6 nil_bias 0.87 Left 0.005 0.01 0.001 -0.4 0.35 -0.01685018807098147 0.14240081312838215
-0.3998147223462278 0.4252430395288791 7 nil_vol 0.6 nil_bias 0.87 Left 0.005 0.01 0.001 -0.39657019988722186 0.42623753188006147 -0.0032445224590059414 -0.000994492351182376
-0.370155940366752 0.36724232505193477 7 nil_vol 0.6 nil_bias 0.87 Left 0.005 0.01 0.001 -0.3777718101719739 0.3649079524702715 0.007615869805221941 0.00233437258166323
-0.32462393989361554 0.20340747269486514 7 nil_vol 0.6 nil_bias 0.87 Left 0.005 0.01 0.001 -0.3279565139742816 0.20238599126736828 0.0033325740806660724 0.0010214814274968709
-0.25773647134528443 -0.019690664692667663 7 nil_vol 0.6 nil_bias 0.87 Left 0.005 0.01 0.001 -0.2597021756408342 -0.020293181060271892 0.0019657042955497795 0.0006025163676042275
-0.21404007575303138 -0.11202025138968834 7 nil_vol 0.6 nil_bias 0.87 Left 0.005 0.01 0.001 -0.23007959350557666 -0.11693659206018792 0.016039517752545283 0.004916340670499579
-0.21973649279814345 -0.19324004896208208 7 nil_vol 0.6 nil_bias 0.87 Left 0.005 0.01 0.001 -0.2078118307517316 -0.18958497018071196 -0.011924662046411856 -0.0036550787813701036
-0.11761554899547763 -0.5246528492233902 7 nil_vol 0.6 nil_bias 0.87 Left 0.005 0.01 0.001 -0.10618286477079719 -0.5211485686524948 -0.01143268422468044 -0.0035042805708953447
-0.021583948856768922 -0.797151780104328 7 nil_vol 0.6 nil_bias 0.87 Home 0.005 0.01 0.001 0.0 -0.75 -0.021583948856768922 -0.04715178010432793
-0.0458015830440846 -0.5696061336892742 8 nil_vol 0.6 nil_bias 0.87 Home 0.005 0.01 0.001 -0.06504504042177514 -0.5733429916968171 0.019243457377690544 0.0037368580075429958
-0.07985592749296704 -0.5210260866015037 8 nil_vol 0.6 nil_bias 0.87 Home 0.005 0.01 0.001 -0.07537341332711556 -0.5201556339262996 -0.004482514165851483 -0.0008704526752041112
-0.0789853805208208 -0.5061898590991261 8 nil_vol 0.6 nil_bias 0.87 Home 0.005 0.01 0.001 -0.07811811015506034 -0.5060214451729075 -0.0008672703657604516 -0.00016841392621857597
-0.13509708856687128 -0.16748023302397103 8 nil_vol 0.6 nil_bias 0.87 Home 0.005 0.01 0.001 -0.1435405233709183 -0.16911985091276316 0.008443434804047035 0.0016396178887921344
-0.18506488254952053 -0.016488638313015162 8 nil_vol 0.6 nil_bias 0.87 Home 0.005 0.01 0.001 -0.17361164093215542 -0.014264550571911339 -0.011453241617365108 -0.002224087741103825
-0.1859139295715275 0.07243640393690906 8 nil_vol 0.6 nil_bias 0.87 Home 0.005 0.01 0.001 -0.19028320689021735 0.07158794055452067 0.004369277318689852 0.0008484633823883914
-0.23286986216509212 0.3353816985286256 8 nil_vol 0.6 nil_bias 0.87 Home 0.005 0.01 0.001 -0.2411949859595828 0.33376505527660294 0.008325123794490685 0.0016166432520226682
-0.24556754720249555 0.35628215272571284 8 nil_vol 0.6 nil_bias 0.87 Left 0.005 0.01 0.001 -0.4 0.35 0.15443245279750448 0.006282152725712854
-0.24756807611887355 0.31733099613332544 9 nil_vol 0.6 nil_bias 0.87 Left 0.005 0.01 0.001 -0.2384774087998021 0.31906272872160923 -0.00909066731907145 -0.001731732588283812
-0.20390310642464435 0.08724279848246973 9 nil_vol 0.6 nil_bias 0.87 Left 0.005 0.01 0.001 -0.19465241487254306 0.08900501499118824 -0.009250691552101288 -0.0017622165087185112
-0.11685875855440167 -0.21613320066619224 9 nil_vol 0.6 nil_bias 0.87 Left 0.005 0.01 0.001 -0.13583624555659024 -0.21974832940558375 0.01897748700218857 0.0036151287393915146
-0.1289531874781472 -0.26221822253874094 9 nil_vol 0.6 nil_bias 0.87 Left 0.005 0.01 0.001 -0.1277881916779634 -0.2619962959054607 -0.001164995800183821 -0.00022192663328022533
-0.08904025594809824 -0.46800786381365156 9 nil_vol 0.6 nil_bias 0.87 Left 0.005 0.01 0.001 -0.08856126582883264 -0.4679166182790957 -0.00047899011926559143 -9.124553455586146e-05
-0.04420072067085534 -0.6895743170502825 9 nil_vol 0.6 nil_bias 0.87 Left 0.005 0.01 0.001 -0.046261649993570464 -0.6899669151231224 0.0020609293227151202 0.0003925980728398282
-0.035334509724797306 -0.697425682886601 9 nil_vol 0.6 nil_bias 0.87 Left 0.005 0.01 0.001 -0.04450789782594525 -0.6991731734241114 0.009173388101147945 0.0017474905375104504
-0.03760534008645085 -0.7354078995503956 9 nil_vol 0.6 nil_bias 0.87 Home 0.005 0.01 0.001 0.0 -0.75 -0.03760534008645085 0.014592100449604323
-0.17858608801196243 -0.46681276808487 10 nil_vol 0.6 nil_bias 0.87 Home 0.005 0.01 0.001 -0.16645660423568687 -0.46111485003406033 -0.012129483776275563 -0.005697918050809661
-0.1889198591411591 -0.4315261711957426 10 nil_vol 0.6 nil_bias 0.87 Home 0.005 0.01 0.001 -0.18190426105166724 -0.42823054017560563 -0.007015598089491884 -0.0032956310201369466
-0.23566260701289368 -0.2694290976595062 10 nil_vol 0.6 nil_bias 0.87 Home 0.005 0.01 0.001 -0.2527350435440952 -0.27744900568499886 0.017072436531201527 0.008019908025492664
-0.25083547152300456 -0.2564814968454725 10 nil_vol 0.6 nil_bias 0.87 Home 0.005 0.01 0.001 -0.2604606759580905 -0.2610030104650941 0.009625204435085938 0.004521513619621615
-0.33119135287541046 -0.1118126066468445 10 nil_vol 0.6 nil_bias 0.87 Home 0.005 0.01 0.001 -0.33066103832650456 -0.1115634873193816 -0.0005303145489059198 -0.00024911932746290815
-0.3343918657552417 -0.06868361656808725 10 nil_vol 0.6 nil_bias 0.87 Home 0.005 0.01 0.001 -0.3478371788034873 -0.07499965551330845 0.013445313048245582 0.0063160389452212
-0.44852720087375625 0.13116537758495372 10 nil_vol 0.6 nil_bias 0.87 Home 0.005 0.01 0.001 -0.44537941391378355 0.13264407465649874 -0.0031477869599726926 -0.0014786970715450337
-0.5030008464761758 0.2553061110703041 10 nil_vol 0.6 nil_bias 0.87 Left 0.005 0.01 0.001 -0.4 0.35 -0.1030008464761758 -0.09469388892969591
-0.40054828385350316 0.05862919730561067 11 nil_vol 0.6 nil_bias 0.87 Left 0.005 0.01 0.001 -0.41164601375761706 0.05360284701962162 0.011097729904113897 0.005026350285989047
-0.2850254068599795 -0.25293501774896127 11 nil_vol 0.6 nil_bias 0.87 Left 0.005 0.01 0.001 -0.2748891079377605 -0.2483441158774281 -0.010136298922219025 -0.004590901871533166
-0.20629242996967165 -0.39794143608326166 11 nil_vol 0.6 nil_bias 0.87 Left 0.005 0.01 0.001 -0.206990702523993 -0.39825769557808055 0.0006982725543213292 0.00031625949481886887
-0.1880009227697684 -0.44949717177815285 11 nil_vol 0.6 nil_bias 0.87 Left 0.005 0.01 0.001 -0.1845013536943071 -0.4479121575297197 -0.0034995690754613044 -0.0015850142484331656
-0.15492893350052195 -0.5189754520546324 11 nil_vol 0.6 nil_bias 0.87 Left 0.005 0.01 0.001 -0.15276041710595217 -0.5179932941634066 -0.0021685163945697754 -0.0009821578912257752
-0.08705305251187051 -0.6732264978786051 11 nil_vol 0.6 nil_bias 0.87 Left 0.005 0.01 0.001 -0.08323572625832204 -0.6714975660094735 -0.003817326253548468 -0.0017289318691315596
-0.046615453259982564 -0.7153149993776556 11 nil_vol 0.6 nil_bias 0.87 Left 0.005 0.01 0.001 -0.0605347489197568 -0.7216192846976954 0.01391929565977423 0.006304285320039834
-0.04553507079047116 -0.7547372265553233 11 nil_vol 0.6 nil_bias 0.87 Home 0.005 0.01 0.001 0.0 -0.75 -0.04553507079047116 -0.0047372265553232915
-0.10585209294010009 -0.4993586692795305 12 nil_vol 0.6 nil_bias 0.87 Home 0.005 0.01 0.001 -0.10469170831828462 -0.49909015670668455 -0.0011603846218154797 -0.0002685125728459537
-0.14329345410895603 -0.2880469446836572 12 nil_vol 0.6 nil_bias 0.87 Home 0.005 0.01 0.001 -0.15300691470956415 -0.2902946358785185 0.009713460600608131 0.0022476911948612816
-0.2189505399831047 0.04127104489855466 12 nil_vol 0.6 nil_bias 0.87 Home 0.005 0.01 0.001 -0.2291831761828314 0.038903216661839046 0.01023263619972671 0.0023678282367156135
-0.24907030118097806 0.09273418228666792 12 nil_vol 0.6 nil_bias 0.87 Home 0.005 0.01 0.001 -0.24201730024374812 0.09436624409818828 -0.00705300093722994 -0.001632061811520355
-0.2603340836969946 0.10586699635009217 12 nil_vol 0.6 nil_bias 0.87 Home 0.005 0.01 0.001 -0.24547425150620777 0.10930555602986858 -0.014859832190786876 -0.0034385596797764117
-0.2688074575181528 0.21014765433833307 12 nil_vol 0.6 nil_bias 0.87 Home 0.005 0.01 0.001 -0.26880899355571375 0.21014729889980888 1.5360375609476944e-06 3.5543852419622503e-07
-0.2904776727772849 0.30886463044189927 12 nil_vol 0.6 nil_bias 0.87 Home 0.005 0.01 0.001 -0.2915924556786404 0.3086066700903226 0.0011147829013554928 0.0002579603515766338
-0.3186608274617516 0.42558339867251116 12 nil_vol 0.6 nil_bias 0.87 Left 0.005 0.01 0.001 -0.4 0.35 0.08133917253824839 0.07558339867251118
-0.2925504581982418 0.3739573843957351 13 nil_vol 0.6 nil_bias 0.87 Left 0.005 0.01 0.001 -0.3022366755753168 0.3710406292146647 0.009686217377075 0.002916755181070432
-0.1822627517502375 0.014058560814799923 13 nil_vol 0.6 nil_bias 0.87 Left 0.005 0.01 0.001 -0.19370332566985826 0.010613526292505338 0.01144057391962075 0.0034450345222945856
-0.17646258440523402 -0.05168897462824353 13 nil_vol 0.6 nil_bias 0.87 Left 0.005 0.01 0.001 -0.17506890345124365 -0.051269303461980886 -0.0013936809539903732 -0.0004196711662626491
-0.10455213698757174 -0.293145378030707 13 nil_vol 0.6 nil_bias 0.87 Left 0.005 0.01 0.001 -0.10242685744311153 -0.2925054047696073 -0.002125279544460202 -0.0006399732610997032
-1.7826948693927536e-05 -0.5788587256250084 13 nil_vol 0.6 nil_bias 0.87 Left 0.005 0.01 0.001 -0.014853669141796089 -0.5833261578431507 0.014835842193102161 0.004467432218142237
-0.01285751276308464 -0.6232050957227231 13 nil_vol 0.6 nil_bias 0.87 Left 0.005 0.01 0.001 -0.0036775533311791397 -0.6204407870981409 -0.0091799594319055 -0.0027643086245822362
0.05798140311536898 -0.7749839775900097 13 nil_vol 0.6 nil_bias 0.87 Left 0.005 0.01 0.001 0.04411637565227289 -0.7791590739268298 0.013865027463096095 0.004175096336820134
0.049680246156438686 -0.797636064903312 13 nil_vol 0.6 nil_bias 0.87 Home 0.005 0.01 0.001 0.0 -0.75 0.049680246156438686 -0.04763606490331195
0.1261634146492309 -0.5930769935376063 14 nil_vol 0.6 nil_bias 0.87 Home 0.005 0.01 0.001 0.10927345372806571 -0.5882695068202093 0.01688996092116519 -0.004807486717397107
0.16381388248021506 -0.4596916818822673 14 nil_vol 0.6 nil_bias 0.87 Home 0.005 0.01 0.001 0.14721601726562783 -0.45496733604578377 0.01659786521458722 -0.004724345836483485
0.2058091371757169 -0.22389947229851495 14 nil_vol 0.6 nil_bias 0.87 Home 0.005 0.01 0.001 0.2124483035464805 -0.2257892164069243 -0.006639166370763625 0.0018897441084093267
0.21843021598562867 -0.1657812265512204 14 nil_vol 0.6 nil_bias 0.87 Home 0.005 0.01 0.001 0.2286969385216683 -0.16870350283436808 -0.01026672253603963 0.0029222762831476734
0.3283016408841904 0.21837486986632706 14 nil_vol 0.6 nil_bias 0.87 Home 0.005 0.01 0.001 0.3380809839409488 0.21559131920746666 -0.009779343056758432 0.002783550658860401
0.35128878889819865 0.2980201704501656 14 nil_vol 0.6 nil_bias 0.87 Home 0.005 0.01 0.001 0.3607746602617948 0.2953201523271941 -0.009485871363596134 0.002700018122971475
0.37622820461660467 0.2914707428465725 14 nil_vol 0.6 nil_bias 0.87 Home 0.005 0.01 0.001 0.3609192722941351 0.2958282123008432 0.015308932322469547 -0.004357469454270728
0.3695582668196793 0.32617926442264733 14 nil_vol 0.6 nil_bias 0.87 Right 0.005 0.01 0.001 0.4 0.35 -0.03044173318032072 -0.023820735577352634
0.28502998910341626 0.033562749682127906 15 nil_vol 0.6 nil_bias 0.87 Right 0.005 0.01 0.001 0.28297538127119715 0.03417196004130346 0.002054607832219133 -0.0006092103591755553
0.26513190928901254 -0.004282479206133757 15 nil_vol 0.6 nil_bias 0.87 Right 0.005 0.01 0.001 0.2710527359659826 -0.006038059463314649 -0.005920826676970061 0.001755580257180892
0.2508995677709682 -0.05200245771493374 15 nil_vol 0.6 nil_bias 0.87 Right 0.005 0.01 0.001 0.25689661658645396 -0.053780638546128856 -0.005997048815485766 0.0017781808311951202
0.18281090212606602 -0.3425126388839981 15 nil_vol 0.6 nil_bias 0.87 Right 0.005 0.01 0.001 0.1722163395455143 -0.3393712523995347 0.010594562580551707 -0.0031413864844633873
0.16774634354659868 -0.338749484333907 15 nil_vol 0.6 nil_bias 0.87 Right 0.005 0.01 0.001 0.17202456763256743 -0.34001801762341144 -0.004278224085968761 0.0012685332895044485
0.1328891404673752 -0.4113026451367343 15 nil_vol 0.6 nil_bias 0.87 Right 0.005 0.01 0.001 0.1494334709235397 -0.4162081932133388 -0.01654433045616449 0.00490554807660447
0.07105725255899788 -0.6412271220598702 15 nil_vol 0.6 nil_bias 0.87 Right 0.005 0.01 0.001 0.0817713068625997 -0.6444039389531816 -0.010714054303601827 0.003176816893311408
0.033083947945397624 -0.8086057248465186 15 nil_vol 0.6 nil_bias 0.87 Home 0.005 0.01 0.001 0.0 -0.75 0.033083947945397624 -0.05860572484651856
-0.13877752545884708 -0.4076818799384749 16 nil_vol 0.6 nil_bias 0.87 Home 0.005 0.01 0.001 -0.15035834053446634 -0.4130526156770826 0.01158081507561925 0.005370735738607753
-0.22834796563690965 -0.2308847874717044 16 nil_vol 0.6 nil_bias 0.87 Home 0.005 0.01 0.001 -0.23369149998230362 -0.2333629127756568 0.005343534345393984 0.002478125303952397
-0.3274460156927107 -0.064793728113921 16 nil_vol 0.6 nil_bias 0.87 Home 0.005 0.01 0.001 -0.3146248910814725 -0.05884778461088669 -0.012821124611238162 -0.005945943503034325
-0.3495113428266512 -0.050972097554911944 16 nil_vol 0.6 nil_bias 0.87 Home 0.005 0.01 0.001 -0.3238059176840241 -0.039050911991707404 -0.025705425142627098 -0.011921185563204538
-0.34881411428320097 0.008583641366811775 16 nil_vol 0.6 nil_bias 0.87 Home 0.005 0.01 0.001 -0.34641333474857416 0.00969703039538572 -0.002400779534626794 -0.0011133890285739449
-0.363918057534783 0.04904708417650002 16 nil_vol 0.6 nil_bias 0.87 Home 0.005 0.01 0.001 -0.3645306254005646 0.04876299880706847 0.0006125678657815703 0.0002840853694315499
-0.4912091162775665 0.3173902164252591 16 nil_vol 0.6 nil_bias 0.87 Home 0.005 0.01 0.001 -0.4894812064412213 0.31819155441835845 -0.0017279098363452508 -0.0008013379930993401
-0.4997965152249759 0.34043425807883343 16 nil_vol 0.6 nil_bias 0.87 Left 0.005 0.01 0.001 -0.4 0.35 -0.0997965152249759 -0.009565741921166526
-0.48820715651666013 0.34102327797245474 17 nil_vol 0.6 nil_bias 0.87 Left 0.005 0.01 0.001 -0.4982041726578341 0.33672809177596263 0.009997016141173981 0.00429518619649209
-0.46993979111830153 0.2670329316655341 17 nil_vol 0.6 nil_bias 0.87 Left 0.005 0.01 0.001 -0.4685216520804662 0.26764223059373426 -0.0014181390378353185 -0.0006092989282001428
-0.4305055244238967 0.17469623470213974 17 nil_vol 0.6 nil_bias 0.87 Left 0.005 0.01 0.001 -0.42888655618786237 0.17539181925674838 -0.001618968236034332 -0.0006955845546086322
-0.3894714098786194 0.10642076970473031 17 nil_vol 0.6 nil_bias 0.87 Left 0.005 0.01 0.001 -0.39772903607555654 0.10287290686685849 0.00825762619693715 0.003547862837871821
-0.34634874940044896 -0.025443386717866695 17 nil_vol 0.6 nil_bias 0.87 Left 0.005 0.01 0.001 -0.3431827758468474 -0.024083136247740777 -0.0031659735536015312 -0.001360250470125919
-0.2969910367726574 -0.10926247128748183 17 nil_vol 0.6 nil_bias 0.87 Left 0.005 0.01 0.001 -0.30509059600499133 -0.11274242115663402 0.008099559232333913 0.003479949869152187
-0.21096998375932915 -0.3336652957602793 17 nil_vol 0.6 nil_bias 0.87 Left 0.005 0.01 0.001 -0.21029616916494898 -0.333375793462403 -0.0006738145943801813 -0.00028950229787633424
-0.019208262634014723 -0.7781315732078907 17 nil_vol 0.6 nil_bias 0.87 Home 0.005 0.01 0.001 0.0 -0.75 -0.019208262634014723 -0.02813157320789068
0.08823731337307912 -0.5531903408399943 18 nil_vol 0.6 nil_bias 0.87 Home 0.005 0.01 0.001 0.08860564584162264 -0.5533670206705275 -0.0003683324685435167 0.0001766798305331307
0.10613585068544086 -0.549316919218746 18 nil_vol 0.6 nil_bias 0.87 Home 0.005 0.01 0.001 0.09346401490671756 -0.5432385579849902 0.012671835778723306 -0.006078361233755816
0.20394996385742048 -0.33862335055434856 18 nil_vol 0.6 nil_bias 0.87 Home 0.005 0.01 0.001 0.193920457670876 -0.33381244843546487 0.010029506186544473 -0.004810902118883686
0.2950883110139864 -0.15179291361283287 18 nil_vol 0.6 nil_bias 0.87 Home 0.005 0.01 0.001 0.28382272998731556 -0.14638909745044015 0.011265581026670881 -0.00540381616239272
0.3264544874806387 -0.07169175643323024 18 nil_vol 0.6 nil_bias 0.87 Home 0.005 0.01 0.001 0.32092535467340183 -0.06903957034917241 0.005529132807236887 -0.0026521860840578375
0.3793311623939105 0.0819467516087723 18 nil_vol 0.6 nil_bias 0.87 Home 0.005 0.01 0.001 0.3907275319626892 0.07648019946888984 -0.011396369568778698 0.005466552139882454
0.5288044733692538 0.3952922996494838 18 nil_vol 0.6 nil_bias 0.87 Home 0.005 0.01 0.001 0.5408761404695883 0.3895018242510667 -0.012071667100334516 0.005790475398417093
0.5500378565563463 0.40860166995585206 18 nil_vol 0.6 nil_bias 0.87 Right 0.005 0.01 0.001 0.4 0.35 0.15003785655634624 0.05860166995585207
0.5303947254366119 0.3341840170755119 19 nil_vol 0.6 nil_bias 0.87 Right 0.005 0.01 0.001 0.5200901369747555 0.33859196182943263 0.010304588461856454 -0.004407944753920745
0.35377546226019185 -0.09556500428984416 19 nil_vol 0.6 nil_bias 0.87 Right 0.005 0.01 0.001 0.33737405806310367 -0.08854905369122473 0.016401404197088205 -0.0070159505986194266
0.30015142570483216 -0.19272388718723849 19 nil_vol 0.6 nil_bias 0.87 Right 0.005 0.01 0.001 0.2939469919592781 -0.19006984609855276 0.006204433745554067 -0.002654041088685727
0.18237627357968472 -0.44920491634209897 19 nil_vol 0.6 nil_bias 0.87 Right 0.005 0.01 0.001 0.182986377755121 -0.4494658977009775 -0.0006101041754362709 0.0002609813588785429
0.12005351009303261 -0.594343312758222 19 nil_vol 0.6 nil_bias 0.87 Right 0.005 0.01 0.001 0.1208644645989384 -0.5946902109068679 -0.0008109545059057914 0.0003468981486458919
0.09656052355585269 -0.6419252925696941 19 nil_vol 0.6 nil_bias 0.87 Right 0.005 0.01 0.001 0.10002499824679023 -0.643407274416474 -0.003464474690937535 0.0014819818467799411
0.07551813507886629 -0.6755482184307479 19 nil_vol 0.6 nil_bias 0.87 Right 0.005 0.01 0.001 0.08461216570597518 -0.6794383286222554 -0.00909403062710889 0.00389011019150758
0.06935894084943413 -0.7150962630196885 19 nil_vol 0.6 nil_bias 0.87 Home 0.005 0.01 0.001 0.0 -0.75 0.06935894084943413 0.03490373698031142
0.027658099242034197 -0.6370261972258802 20 nil_vol 0.6 nil_bias 0.87 Home 0.005 0.01 0.001 0.03433523700637298 -0.6341375865688194 -0.006677137764338785 -0.002888610657060837
-0.09828183963693242 -0.3516447630525541 20 nil_vol 0.6 nil_bias 0.87 Home 0.005 0.01 0.001 -0.08951527111958225 -0.34785223934871234 -0.00876656851735017 -0.003792523703841746
-0.1133165149235511 -0.33056637603317185 20 nil_vol 0.6 nil_bias 0.87 Home 0.005 0.01 0.001 -0.09956667245761512 -0.32461802767167247 -0.013749842465935977 -0.005948348361499392
-0.11124493456658241 -0.3003386967552377 20 nil_vol 0.6 nil_bias 0.87 Home 0.005 0.01 0.001 -0.11025539969085242 -0.2999106119847193 -0.0009895348757299938 -0.00042808477051844794
-0.24153941632832984 -0.04929368479316552 20 nil_vol 0.6 nil_bias 0.87 Home 0.005 0.01 0.001 -0.22227981425322063 -0.040961747701491524 -0.01925960207510921 -0.008331937091673994
-0.2632550682828497 0.04580740760370541 20 nil_vol 0.6 nil_bias 0.87 Home 0.005 0.01 0.001 -0.2603591770364873 0.04706020522615495 -0.0028958912463624064 -0.0012527976224495356
-0.33391318315907725 0.1793190214188494 20 nil_vol 0.6 nil_bias 0.87 Home 0.005 0.01 0.001 -0.32015148832239404 0.18527249725946637 -0.01376169483668323 -0.005953475840616987
-0.3636818607963136 0.2858946746480545 20 nil_vol 0.6 nil_bias 0.87 Left 0.005 0.01 0.001 -0.4 0.35 0.036318139203686456 -0.06410532535194548
-0.3490489882542615 0.24650239632729312 21 nil_vol 0.6 nil_bias 0.87 Left 0.005 0.01 0.001 -0.35022994338174934 0.24610316267027244 0.0011809551274878137 0.00039923365702068274
-0.20082280695740687 -0.17120464248850237 21 nil_vol 0.6 nil_bias 0.87 Left 0.005 0.01 0.001 -0.2083003149674712 -0.17373248863504465 0.007477508010064326 0.00252784614654229
-0.17718209267044252 -0.27404815846377456 21 nil_vol 0.6 nil_bias 0.87 Left 0.005 0.01 0.001 -0.17467421420813817 -0.2732003451416892 -0.00250787846230435 -0.0008478133220853505
-0.15577371319244726 -0.3185913220795802 21 nil_vol 0.6 nil_bias 0.87 Left 0.005 0.01 0.001 -0.15896466531733572 -0.3196700552647327 0.003190952124888468 0.0010787331851525297
-0.10909866162381751 -0.4365400988652894 21 nil_vol 0.6 nil_bias 0.87 Left 0.005 0.01 0.001 -0.11839334322760675 -0.43968225866556676 0.009294681603789247 0.0031421598002773703
-0.07517949927520277 -0.5616591961156625 21 nil_vol 0.6 nil_bias 0.87 Left 0.005 0.01 0.001 -0.07695492004657883 -0.5622593948114544 0.0017754207713760576 0.0006001986957919018
-0.060318175863223966 -0.5714563378055602 21 nil_vol 0.6 nil_bias 0.87 Left 0.005 0.01 0.001 -0.0724583656931832 -0.5755604500363527 0.012140189829959234 0.004104112230792561
-0.02409674057633601 -0.7186167984955341 21 nil_vol 0.6 nil_bias 0.87 Home 0.005 0.01 0.001 0.0 -0.75 -0.02409674057633601 0.031383201504465906
0.000757041593821753 -0.6784540325128593 22 nil_vol 0.6 nil_bias 0.87 Home 0.005 0.01 0.001 -0.004059940988785888 -0.6761796811733991 0.004816982582607641 -0.002274351339460238
0.2769714924255368 -0.10087494727660896 22 nil_vol 0.6 nil_bias 0.87 Home 0.005 0.01 0.001 0.2692852281606301 -0.09724585683948461 0.0076862642649067146 -0.003629090437124351
0.28817604591428786 -0.05903416943429493 22 nil_vol 0.6 nil_bias 0.87 Home 0.005 0.01 0.001 0.28748175631104694 -0.05870635872250085 0.0006942896032409157 -0.0003278107117940794
0.30851066385491255 -0.045667159590054636 22 nil_vol 0.6 nil_bias 0.87 Home 0.005 0.01 0.001 0.29634934909421706 -0.03992516197199136 0.012161314760695494 -0.0057419976180632755
0.3382580468993141 0.022350019407944868 22 nil_vol 0.6 nil_bias 0.87 Home 0.005 0.01 0.001 0.3280323419472653 0.027178113625804246 0.010225704952048758 -0.004828094217859377
0.4205889807422422 0.18722905446005877 22 nil_vol 0.6 nil_bias 0.87 Home 0.005 0.01 0.001 0.4066976050506927 0.19378790502038568 0.013891375691549543 -0.00655885056032691
0.4421204561136926 0.2450735639858261 22 nil_vol 0.6 nil_bias 0.87 Home 0.005 0.01 0.001 0.4329554136551254 0.24940086354200763 0.009165042458567179 -0.004327299556181532
0.46309106747250656 0.31322693871132146 22 nil_vol 0.6 nil_bias 0.87 Right 0.005 0.01 0.001 0.4 0.35 0.06309106747250652 -0.036773061288678494
0.3358817166568211 -0.0010046963798084002 23 nil_vol 0.6 nil_bias 0.87 Right 0.005 0.01 0.001 0.3345334924680229 -0.0004521430143727967 0.0013482241887981868 -0.0005525533654356036
0.2726528096128621 -0.17437257634837064 23 nil_vol 0.6 nil_bias 0.87 Right 0.005 0.01 0.001 0.26460592055613796 -0.17107465626466162 0.008046889056724132 -0.003297920083709025
0.1487728298126451 -0.4676106552154493 23 nil_vol 0.6 nil_bias 0.87 Right 0.005 0.01 0.001 0.14389375464701376 -0.4656110253131064 0.004879075165631366 -0.001999629902342924
0.14219220508313787 -0.49322850876658597 23 nil_vol 0.6 nil_bias 0.87 Right 0.005 0.01 0.001 0.13395811891067594 -0.4898538682107476 0.008234086172461939 -0.0033746405558383427
0.12562542821272182 -0.5053657457989461 23 nil_vol 0.6 nil_bias 0.87 Right 0.005 0.01 0.001 0.1273166876801014 -0.5060588880213523 -0.00169125946737959 0.0006931422224062352
0.07970544519820015 -0.6123069569708885 23 nil_vol 0.6 nil_bias 0.87 Right 0.005 0.01 0.001 0.08318735611896821 -0.6137339760181676 -0.003481910920768061 0.001427019047279061
0.03115456188355085 -0.739091994931474 23 nil_vol 0.6 nil_bias 0.87 Right 0.005 0.01 0.001 0.031716501910996064 -0.7393222992502347 -0.0005619400274452117 0.00023030431876067283
0.028736310789406926 -0.7465939331026509 23 nil_vol 0.6 nil_bias 0.87 Home 0.005 0.01 0.001 0.0 -0.75 0.028736310789406926 0.003406066897349117
0.016081223862845842 -0.6817181029283298 24 nil_vol 0.6 nil_bias 0.87 Home 0.005 0.01 0.001 0.006855409960129011 -0.6849952701491012 0.009225813902716831 0.0032771672207714286
-0.07532112431651734 -0.4700374320850514 24 nil_vol 0.6 nil_bias 0.87 Home 0.005 0.01 0.001 -0.07015336245303883 -0.46820175450014395 -0.005167761863478522 -0.001835677584907415
-0.15404013493679733 -0.13424932561702146 24 nil_vol 0.6 nil_bias 0.87 Home 0.005 0.01 0.001 -0.1848867829850376 -0.14520658368881034 0.03084664804824028 0.010957258071788873
-0.22947138981567705 -0.05092588646889398 24 nil_vol 0.6 nil_bias 0.87 Home 0.005 0.01 0.001 -0.21961994953785738 -0.04742648603698729 -0.009851440277819678 -0.0034994004319066894
-0.2504905603302492 0.037240101497877966 24 nil_vol 0.6 nil_bias 0.87 Home 0.005 0.01 0.001 -0.24978411167966552 0.03749104416648841 -0.0007064486505836879 -0.0002509426686104411
-0.28742913296378986 0.13204928697740143 24 nil_vol 0.6 nil_bias 0.87 Home 0.005 0.01 0.001 -0.2838272970097882 0.13332872084063752 -0.0036018359540016805 -0.0012794338632360976
-0.306675059341898 0.23373277268252962 24 nil_vol 0.6 nil_bias 0.87 Home 0.005 0.01 0.001 -0.3180564429972958 0.22968991014099172 0.011381383655397813 0.004042862541537894
-0.32758994270595787 0.2565284228651052 24 nil_vol 0.6 nil_bias 0.87 Left 0.005 0.01 0.001 -0.4 0.35 0.07241005729404215 -0.09347157713489478
-0.2923665267684597 0.17726929762039312 25 nil_vol 0.6 nil_bias 0.87 Left 0.005 0.01 0.001 -0.30205788839228787 0.17426152208718138 0.009691361623828153 0.0030077755332117454
-0.29823745911886584 0.14225099626263804 25 nil_vol 0.6 nil_bias 0.87 Left 0.005 0.01 0.001 -0.29266040634850454 0.1439818699542027 -0.005577052770361322 -0.0017308736915646657
-0.1997024049893732 -0.19094325128336193 25 nil_vol 0.6 nil_bias 0.87 Left 0.005 0.01 0.001 -0.189679671498812 -0.1878326323900692 -0.010022733490561177 -0.0031106188932927196
-0.18047047862265403 -0.2174771093869164 25 nil_vol 0.6 nil_bias 0.87 Left 0.005 0.01 0.001 -0.1804785432889965 -0.2174796123072541 8.064666342478939e-06 2.5029203377144073e-06
-0.16607873038680374 -0.2415247466862651 25 nil_vol 0.6 nil_bias 0.87 Left 0.005 0.01 0.001 -0.17240648713594514 -0.24348860611788387 0.0063277567491413925 0.001963859431618755
-0.11801418954539639 -0.47506213236609746 25 nil_vol 0.6 nil_bias 0.87 Left 0.005 0.01 0.001 -0.10207176596242892 -0.4701143001156684 -0.015942423582967463 -0.004947832250429059
-0.07067392326045628 -0.5550259953078243 25 nil_vol 0.6 nil_bias 0.87 Left 0.005 0.01 0.001 -0.07527564064275605 -0.5564541674770689 0.0046017173822997665 0.0014281721692445911
-0.015946065381645155 -0.7476201512729332 25 nil_vol 0.6 nil_bias 0.87 Home 0.005 0.01 0.001 0.0 -0.75 -0.015946065381645155 0.0023798487270667544
-0.06149874473042473 -0.6200910917208712 26 nil_vol 0.6 nil_bias 0.87 Home 0.005 0.01 0.001 -0.0631018140892797 -0.6206866313062139 0.0016030693588549752 0.000595539585342737
-0.15484424652246648 -0.37759081289355356 26 nil_vol 0.6 nil_bias 0.87 Home 0.005 0.01 0.001 -0.1535855257735793 -0.37712319867042976 -0.001258720748887168 -0.0004676142231238163
-0.14599043792764024 -0.3729451064286562 26 nil_vol 0.6 nil_bias 0.87 Home 0.005 0.01 0.001 -0.1540283565672932 -0.37593118978633244 0.008037918639652936 0.002986083357676243
-0.18071319522282034 -0.28443527771804156 26 nil_vol 0.6 nil_bias 0.87 Home 0.005 0.01 0.001 -0.18713303456132224 -0.2868202453031929 0.006419839338501892 0.0023849675851513093
-0.2554042505637674 -0.11792884979941753 26 nil_vol 0.6 nil_bias 0.87 Home 0.005 0.01 0.001 -0.2505465384402001 -0.11612421181054722 -0.0048577121235673275 -0.001804637988870318
-0.3159383421478746 0.04396103360299285 26 nil_vol 0.6 nil_bias 0.87 Home 0.005 0.01 0.001 -0.31073610927856304 0.04589366090244984 -0.005202232869311522 -0.0019326272994569912
-0.36584608247187356 0.2258154814744378 26 nil_vol 0.6 nil_bias 0.87 Home 0.005 0.01 0.001 -0.3761543282042937 0.22198597256692465 0.010308245732420122 0.0038295089075131477
-0.4186937022283299 0.3364931669183429 26 nil_vol 0.6 nil_bias 0.87 Left 0.005 0.01 0.001 -0.4 0.35 -0.01869370222832991 -0.013506833081657045
-0.33172446827025576 0.14654389965027592 27 nil_vol 0.6 nil_bias 0.87 Left 0.005 0.01 0.001 -0.3334598869928921 0.1457683510772755 0.001735418722636354 0.0007755485730004135
-0.26334119092789315 -0.015715453372456504 27 nil_vol 0.6 nil_bias 0.87 Left 0.005 0.01 0.001 -0.2616345509699767 -0.014952765862679684 -0.0017066399579164543 -0.0007626875097768206
-0.1920962994414491 -0.14596530056230397 27 nil_vol 0.6 nil_bias 0.87 Left 0.005 0.01 0.001 -0.20125640329687983 -0.150058897906248 0.009160103855430729 0.004093597343944011
-0.11559500176200682 -0.3394577107638624 27 nil_vol 0.6 nil_bias 0.87 Left 0.005 0.01 0.001 -0.11644534524667222 -0.33983772434069565 0.0008503434846653976 0.00038001357683326004
0.001978393871643485 -0.5393224877880258 27 nil_vol 0.6 nil_bias 0.87 Left 0.005 0.01 0.001 -0.022423374809547536 -0.5502274968400398 0.02440176868119102 0.010905009052013923
0.044775977074145816 -0.6777368194329968 27 nil_vol 0.6 nil_bias 0.87 Left 0.005 0.01 0.001 0.03626047199132082 -0.6815423493199453 0.008515505082824998 0.0038055298869485352
0.05769746696013853 -0.7093047393143763 27 nil_vol 0.6 nil_bias 0.87 Left 0.005 0.01 0.001 0.0501705559867594 -0.712668472221232 0.007526910973379124 0.0033637329068556677
0.07042110536709856 -0.7579824393430484 27 nil_vol 0.6 nil_bias 0.87 Home 0.005 0.01 0.001 0.0 -0.75 0.07042110536709856 -0.007982439343048391
0.005431911604067979 -0.6314020110536759 28 nil_vol 0.6 nil_bias 0.87 Home 0.005 0.01 0.001 0.015869421785872626 -0.6270532204799759 -0.010437510181804647 -0.004348790573699978
0.0019905286974199353 -0.6049705445289377 28 nil_vol 0.6 nil_bias 0.87 Home 0.005 0.01 0.001 0.005976684511243516 -0.6033097119619262 -0.0039861558138235805 -0.0016608325670115069
-0.04663238096189726 -0.49593163323523426 28 nil_vol 0.6 nil_bias 0.87 Home 0.005 0.01 0.001 -0.039926530227125875 -0.49313763926961873 -0.006705850734771381 -0.002793993965615532
-0.055730931997497 -0.48516210727803544 28 nil_vol 0.6 nil_bias 0.87 Home 0.005 0.01 0.001 -0.04509577287251261 -0.48073096623511147 -0.010635159124984389 -0.004431141042923972
-0.25966259747547793 -0.0017815165536662477 28 nil_vol 0.6 nil_bias 0.87 Home 0.005 0.01 0.001 -0.2468707773083747 0.003548197716710222 -0.012791820167103257 -0.00532971427037647
-0.2924655708057418 0.13797358484284813 28 nil_vol 0.6 nil_bias 0.87 Home 0.005 0.01 0.001 -0.30133877505365914 0.13427656262972243 0.008873204247917321 0.003697022213125701
-0.30836707094300236 0.14657778432165136 28 nil_vol 0.6 nil_bias 0.87 Home 0.005 0.01 0.001 -0.30674556973641287 0.14725338310331793 -0.0016215012065895066 -0.000675598781666565
-0.3722827042400394 0.3045487269639245 28 nil_vol 0.6 nil_bias 0.87 Left 0.005 0.01 0.001 -0.4 0.35 0.027717295759960597 -0.045451273036075476
-0.3427179059587918 0.2791118802995707 29 nil_vol 0.6 nil_bias 0.87 Left 0.005 0.01 0.001 -0.36067827973272193 0.27259029080328934 0.017960373773930123 0.006521589496281369
-0.35538085801966557 0.2539138538430936 29 nil_vol 0.6 nil_bias 0.87 Left 0.005 0.01 0.001 -0.3540695720809024 0.2543899947470915 -0.0013112859387631609 -0.00047614090399790117
-0.3562791547090375 0.24683143731797372 29 nil_vol 0.6 nil_bias 0.87 Left 0.005 0.01 0.001 -0.3519020951091649 0.24842079098457506 -0.00437705959987254 -0.0015893536666013344
-0.320478827030369 0.14352456471304806 29 nil_vol 0.6 nil_bias 0.87 Left 0.005 0.01 0.001 -0.3145897100430659 0.14566296138397458 -0.00588911698730309 -0.002138396670926512
-0.28233903481108286 0.05037512136217972 29 nil_vol 0.6 nil_bias 0.87 Left 0.005 0.01 0.001 -0.28026341951635425 0.05112879782096652 -0.002075615294728609 -0.0007536764587868048
-0.2647667484395912 0.04075367623848963 29 nil_vol 0.6 nil_bias 0.87 Left 0.005 0.01 0.001 -0.27512975960372316 0.03699076430756154 0.010363011164131988 0.0037629119309280958
-0.022270655492291885 -0.5896693206414184 29 nil_vol 0.6 nil_bias 0.87 Left 0.005 0.01 0.001 -0.04463461821576109 -0.5977898968737632 0.022363962723469206 0.008120576232344745
-0.001544636254153543 -0.716459154174252 29 nil_vol 0.6 nil_bias 0.87 Home 0.005 0.01 0.001 0.0 -0.75 -0.001544636254153543 0.03354084582574796
0.06662281503088191 -0.43265496898957845 30 nil_vol 0.6 nil_bias 0.87 Home 0.005 0.01 0.001 0.06698515508151699 -0.4327424897142064 -0.00036234005063507627 8.752072462798503e-05
0.09598198098636107 -0.2573460618955858 30 nil_vol 0.6 nil_bias 0.87 Home 0.005 0.01 0.001 0.10861395698217131 -0.2603972280327514 -0.012631975995810237 0.0030511661371656305
0.14019969118106812 -0.16737786427602094 30 nil_vol 0.6 nil_bias 0.87 Home 0.005 0.01 0.001 0.13158476010617792 -0.16529698746162236 0.00861493107489019 -0.002080876814398574
0.17132085976965664 -0.015439579407139152 30 nil_vol 0.6 nil_bias 0.87 Home 0.005 0.01 0.001 0.16797687528050337 -0.014631863160694758 0.0033439844891532617 -0.000807716246444395
0.21120839099849137 0.09588204556822175 30 nil_vol 0.6 nil_bias 0.87 Home 0.005 0.01 0.001 0.1955824103473506 0.09965639275179616 0.015625980651140764 -0.00377434718357442
0.22855231392976563 0.11464019649775754 30 nil_vol 0.6 nil_bias 0.87 Home 0.005 0.01 0.001 0.20081965222156584 0.12133882847153543 0.02773266170819979 -0.006698631973777882
0.2693718007374615 0.335348850026133 30 nil_vol 0.6 nil_bias 0.87 Home 0.005 0.01 0.001 0.25344169847155246 0.33919665567518176 0.015930102265909005 -0.0038478056490487663
0.2558487954201427 0.34916215394936817 30 nil_vol 0.6 nil_bias 0.87 Right 0.005 0.01 0.001 0.4 0.35 -0.1441512045798573 -0.00083784605063182
0.21844173340925543 0.2613779556426221 31 nil_vol 0.6 nil_bias 0.87 Right 0.005 0.01 0.001 0.23783275423039457 0.2575640195602471 -0.01939102082113914 0.0038139360823750373
0.23443443365831493 0.24046066825275436 31 nil_vol 0.6 nil_bias 0.87 Right 0.005 0.01 0.001 0.23446749114077486 0.24045416631939515 -3.3057482459945406e-05 6.501933359228846e-06
0.22032885990790782 0.11617509669768797 31 nil_vol 0.6 nil_bias 0.87 Right 0.005 0.01 0.001 0.21040739254381055 0.11812650723553783 0.009921467364097275 -0.001951410537849859
0.11347267694672343 -0.42987806429468567 31 nil_vol 0.6 nil_bias 0.87 Right 0.005 0.01 0.001 0.10302684152031785 -0.4278235180688424 0.010445835426405582 -0.00205454622584327
0.07896226427466138 -0.4770220650654379 31 nil_vol 0.6 nil_bias 0.87 Right 0.005 0.01 0.001 0.09281432155247202 -0.4797465663464315 -0.013852057277810642 0.00272450128099363
0.05671643938820084 -0.6067939023559045 31 nil_vol 0.6 nil_bias 0.87 Right 0.005 0.01 0.001 0.06741216328097194 -0.6088975980642444 -0.010695723892771097 0.0021036957083399224
0.041330321410095336 -0.7040402292973131 31 nil_vol 0.6 nil_bias 0.87 Right 0.005 0.01 0.001 0.048424529085119766 -0.7054355583455982 -0.007094207675024433 0.0013953290482851502
0.03715145611430647 -0.7627507277595376 31 nil_vol 0.6 nil_bias 0.87 Home 0.005 0.01 0.001 0.0 -0.75 0.03715145611430647 -0.012750727759537596
-0.1455747865129496 -0.24149081703575673 32 nil_vol 0.6 nil_bias 0.87 Home 0.005 0.01 0.001 -0.15012947258484707 -0.2431324178438894 0.004554686071897474 0.0016416008081326671
-0.21797105521316934 -0.04854340441761728 32 nil_vol 0.6 nil_bias 0.87 Home 0.005 0.01 0.001 -0.2199997485305919 -0.04927458644350535 0.0020286933174225486 0.0007311820258880757
-0.26299373812604554 0.05170738447924697 32 nil_vol 0.6 nil_bias 0.87 Home 0.005 0.01 0.001 -0.2571542542203477 0.053812052363564566 -0.00583948390569784 -0.002104667884317596
-0.2509294594671705 0.06377565774490078 32 nil_vol 0.6 nil_bias 0.87 Home 0.005 0.01 0.001 -0.2596168262400507 0.0606445553835554 0.008687366772880237 0.0031311023613453766
-0.27739271843160196 0.155084608584018 32 nil_vol 0.6 nil_bias 0.87 Home 0.005 0.01 0.001 -0.2917852934080967 0.14989723401207944 0.014392574976494755 0.005187374571938584
-0.2852577744714728 0.15688934093107526 32 nil_vol 0.6 nil_bias 0.87 Home 0.005 0.01 0.001 -0.29326520319154575 0.15400330197022538 0.00800742872007294 0.0028860389608498923
-0.321412896854601 0.29117285391124414 32 nil_vol 0.6 nil_bias 0.87 Home 0.005 0.01 0.001 -0.34025609614214547 0.2843813844905314 0.01884319928754444 0.006791469420712724
-0.3886653757723009 0.4186948366950701 32 nil_vol 0.6 nil_bias 0.87 Left 0.005 0.01 0.001 -0.4 0.35 0.011334624227699111 0.06869483669507018
-0.2919568348625337 0.14754654839599513 33 nil_vol 0.6 nil_bias 0.87 Left 0.005 0.01 0.001 -0.2972325829320086 0.14577905668009872 0.005275748069474869 0.001767491715896406
-0.25550102781901457 0.04653782979218845 33 nil_vol 0.6 nil_bias 0.87 Left 0.005 0.01 0.001 -0.263128484001925 0.04398246410013429 0.007627456182910453 0.0025553656920541596
-0.2623477734169222 0.026548080601091723 33 nil_vol 0.6 nil_bias 0.87 Left 0.005 0.01 0.001 -0.2577982222857117 0.028072280359982438 -0.00454955113121054 -0.0015241997588907152
-0.2463896079647813 -0.02681370168849061 33 nil_vol 0.6 nil_bias 0.87 Left 0.005 0.01 0.001 -0.2401145241439519 -0.024711410501759346 -0.006275083820829388 -0.0021022911867312664
-0.23248815704027814 -0.052769992196872784 33 nil_vol 0.6 nil_bias 0.87 Left 0.005 0.01 0.001 -0.23089328929316194 -0.05223567640054272 -0.0015948677471162062 -0.0005343157963300632
-0.17798911093115657 -0.22731791298386886 33 nil_vol 0.6 nil_bias 0.87 Left 0.005 0.01 0.001 -0.1728173624357972 -0.22558526341420182 -0.0051717484953593615 -0.0017326495696670446
-0.02273541338664175 -0.5792558382770623 33 nil_vol 0.6 nil_bias 0.87 Left 0.005 0.01 0.001 -0.051141629516268994 -0.5887725458658074 0.028406216129627244 0.009516707588745142
-0.007043028489147346 -0.7204015131435331 33 nil_vol 0.6 nil_bias 0.87 Home 0.005 0.01 0.001 0.0 -0.75 -0.007043028489147346 0.029598486856466984
-0.08248365041804517 -0.4555942783338888 34 nil_vol 0.6 nil_bias 0.87 Home 0.005 0.01 0.001 -0.09322652676740123 -0.4591380523563589 0.010742876349356063 0.003543774022470098
-0.12679388255917384 -0.3314380001017849 34 nil_vol 0.6 nil_bias 0.87 Home 0.005 0.01 0.001 -0.1345114104966024 -0.3339837964167528 0.007717527937428539 0.002545796314967902
-0.14474912825736755 -0.29562802281114325 34 nil_vol 0.6 nil_bias 0.87 Home 0.005 0.01 0.001 -0.14692692755755535 -0.2963464178047356 0.0021777993001878045 0.0007183949935923539
-0.1571146373436151 -0.2731505016425523 34 nil_vol 0.6 nil_bias 0.87 Home 0.005 0.01 0.001 -0.1548274880015961 -0.27239603513282257 -0.0022871493420190078 -0.0007544665097297118
-0.16377093042436047 -0.24695423672962255 34 nil_vol 0.6 nil_bias 0.87 Home 0.005 0.01 0.001 -0.16327408880835742 -0.2467903425959831 -0.0004968416160030434 -0.00016389413363946856
-0.21212229082522827 -0.12156586882791892 34 nil_vol 0.6 nil_bias 0.87 Home 0.005 0.01 0.001 -0.20532210163176498 -0.11932267687187248 -0.006800189193463292 -0.0022431919560464432
-0.3034775208669708 0.24282483647802042 34 nil_vol 0.6 nil_bias 0.87 Home 0.005 0.01 0.001 -0.32269343355566776 0.23648604507897952 0.01921591268869701 0.006338791399040889
-0.3390190776830906 0.28597689158116346 34 nil_vol 0.6 nil_bias 0.87 Left 0.005 0.01 0.001 -0.4 0.35 0.060980922316909464 -0.06402310841883654
-0.32583647173222996 0.23477443101348772 35 nil_vol 0.6 nil_bias 0.87 Left 0.005 0.01 0.001 -0.32145740718056753 0.2363232330772784 -0.004379064551662448 -0.0015488020637906797
-0.29184846051592694 0.1706937754334775 35 nil_vol 0.6 nil_bias 0.87 Left 0.005 0.01 0.001 -0.29753413174900856 0.16868284838822784 0.005685671233081586 0.002010927045249652
-0.2957843798408052 0.16734649210432698 35 nil_vol 0.6 nil_bias 0.87 Left 0.005 0.01 0.001 -0.2969194915625927 0.16694502202856157 0.0011351117217875098 0.00040147007576539696
-0.1162994639236313 -0.33174685016252703 35 nil_vol 0.6 nil_bias 0.87 Left 0.005 0.01 0.001 -0.12006896360679098 -0.333080059303397 0.003769499683159682 0.0013332091408699692
-0.07005453465889894 -0.4508609633092339 35 nil_vol 0.6 nil_bias 0.87 Left 0.005 0.01 0.001 -0.07748262881399598 -0.4534881562683051 0.007428094155097045 0.0026271929590711827
-0.03345482550432975 -0.5340373281337116 35 nil_vol 0.6 nil_bias 0.87 Left 0.005 0.01 0.001 -0.047266057662372796 -0.5389221304967525 0.013811232158043044 0.004884802363040878
-0.04122543980875874 -0.559648242633454 35 nil_vol 0.6 nil_bias 0.87 Left 0.005 0.01 0.001 -0.04007898928959702 -0.5592427622142541 -0.0011464505191617234 -0.0004054804191999141
0.030296999689839423 -0.7582229972184397 35 nil_vol 0.6 nil_bias 0.87 Home 0.005 0.01 0.001 0.0 -0.75 0.030296999689839423 -0.00822299721843967
0.023856617448549697 -0.7186295052268278 36 nil_vol 0.6 nil_bias 0.87 Home 0.005 0.01 0.001 0.01499114408101253 -0.722419455892055 0.008865473367537168 0.003789950665227293
-0.03493293140182271 -0.5963499991385398 36 nil_vol 0.6 nil_bias 0.87 Home 0.005 0.01 0.001 -0.038289559229976594 -0.5977849426934789 0.003356627828153885 0.0014349435549391634
-0.12753557160155107 -0.42068133311217615 36 nil_vol 0.6 nil_bias 0.87 Home 0.005 0.01 0.001 -0.11609192409162128 -0.41578922440067784 -0.011443647509929792 -0.004892108711498337
-0.13382867196857473 -0.39146013287458326 36 nil_vol 0.6 nil_bias 0.87 Home 0.005 0.01 0.001 -0.1276260479949958 -0.38880853855127295 -0.00620262397357893 -0.0026515943233103023
-0.2535239156647721 -0.07040515970900643 36 nil_vol 0.6 nil_bias 0.87 Home 0.005 0.01 0.001 -0.2621632287944068 -0.07409842787251586 0.008639313129634656 0.00369326816350943
-0.3438222780509598 0.10428056054212972 36 nil_vol 0.6 nil_bias 0.87 Home 0.005 0.01 0.001 -0.33925427200982294 0.1062333629269141 -0.004568006041136846 -0.001952802384784368
-0.37738961368642093 0.1897941653270771 36 nil_vol 0.6 nil_bias 0.87 Home 0.005 0.01 0.001 -0.37534906151396663 0.19066649235833777 -0.002040552172454278 -0.000872327031260654
-0.4276404992097689 0.31298691000803863 36 nil_vol 0.6 nil_bias 0.87 Left 0.005 0.01 0.001 -0.4 0.35 -0.02764049920976885 -0.037013089991961325
-0.3870058408733236 0.1924092181585629 37 nil_vol 0.6 nil_bias 0.87 Left 0.005 0.01 0.001 -0.3810480591045908 0.1947570824492503 -0.0059577817687328566 -0.002347864290687395
-0.2513314964388443 -0.12358979921900318 37 nil_vol 0.6 nil_bias 0.87 Left 0.005 0.01 0.001 -0.2550199406362473 -0.1250433547125468 0.003688444197402996 0.0014535554935436123
-0.2192694670264681 -0.21233760192374884 37 nil_vol 0.6 nil_bias 0.87 Left 0.005 0.01 0.001 -0.22043733442023777 -0.2127978393504502 0.0011678673937696802 0.0004602374267013767
-0.18085545969267416 -0.29489978266487865 37 nil_vol 0.6 nil_bias 0.87 Left 0.005 0.01 0.001 -0.18711083109949353 -0.2973649221616182 0.006255371406819369 0.0024651394967395482
-0.15230868767758943 -0.4097660436097495 37 nil_vol 0.6 nil_bias 0.87 Left 0.005 0.01 0.001 -0.1440915291069519 -0.406527795898132 -0.008217158570637529 -0.003238247711617516
-0.11283745203520724 -0.4733511063624959 37 nil_vol 0.6 nil_bias 0.87 Left 0.005 0.01 0.001 -0.11709616916781929 -0.4750293970867842 0.004258717132612042 0.0016782907242883225
-0.06497990426791078 -0.6296179384482254 37 nil_vol 0.6 nil_bias 0.87 Left 0.005 0.01 0.001 -0.05735890997109527 -0.6266146293201653 -0.007620994296815505 -0.003003309128060097
-0.0020700250017372866 -0.766911967710013 37 nil_vol 0.6 nil_bias 0.87 Home 0.005 0.01 0.001 0.0 -0.75 -0.0020700250017372866 -0.01691196771001298
-0.034251360221276506 -0.6919137369933185 38 nil_vol 0.6 nil_bias 0.87 Home 0.005 0.01 0.001 -0.03131885343223908 -0.6907870055570325 -0.0029325067890374245 -0.0011267314362858978
-0.07848839571220342 -0.543620946759085 38 nil_vol 0.6 nil_bias 0.87 Home 0.005 0.01 0.001 -0.08665724656361781 -0.5467595928781757 0.00816885085141439 0.0031386461190906906
-0.13887355635852333 -0.4333051379316307 38 nil_vol 0.6 nil_bias 0.87 Home 0.005 0.01 0.001 -0.13135830571426402 -0.43041761890384556 -0.00751525064425932 -0.002887519027785193
-0.2809815798717062 -0.05151374075960295 38 nil_vol 0.6 nil_bias 0.87 Home 0.005 0.01 0.001 -0.2774609634053368 -0.05016104508551511 -0.0035206164663693805 -0.0013526956740878427
-0.3048281859601011 -0.0116750197699463 38 nil_vol 0.6 nil_bias 0.87 Home 0.005 0.01 0.001 -0.2938663622072576 -0.007463254099862926 -0.01096182375284352 -0.004211765670083373
-0.3499805817464002 0.12386667403895807 38 nil_vol 0.6 nil_bias 0.87 Home 0.005 0.01 0.001 -0.3450534800777831 0.12575977122139625 -0.00492710166861712 -0.0018930971824381896
-0.38651888153401376 0.19326015600756438 38 nil_vol 0.6 nil_bias 0.87 Home 0.005 0.01 0.001 -0.3729863201114517 0.19845965372919638 -0.013532561422562038 -0.005199497721631999
-0.39314562956831123 0.2509276243038156 38 nil_vol 0.6 nil_bias 0.87 Left 0.005 0.01 0.001 -0.4 0.35 0.0068543704316887675 -0.09907237569618438
-0.39205273929061807 0.24247354913364205 39 nil_vol 0.6 nil_bias 0.87 Left 0.005 0.01 0.001 -0.3900111230538124 0.24331408596553794 -0.0020416162368056584 -0.0008405368318959015
-0.38971160203244576 0.18795210028138598 39 nil_vol 0.6 nil_bias 0.87 Left 0.005 0.01 0.001 -0.3704784813398677 0.19587040835661212 -0.01923312069257803 -0.007918308075226137
-0.3405079279725008 0.0770233970773337 39 nil_vol 0.6 nil_bias 0.87 Left 0.005 0.01 0.001 -0.32429673627454314 0.08369757191264851 -0.016211191697957632 -0.006674174835314809
-0.3119190209578274 0.07086425844206798 39 nil_vol 0.6 nil_bias 0.87 Left 0.005 0.01 0.001 -0.3179850569550313 0.06836686123913732 0.006066035997203904 0.0024973972029306564
-0.12927617737270425 -0.4126390974422397 39 nil_vol 0.6 nil_bias 0.87 Left 0.005 0.01 0.001 -0.12130516853992346 -0.4093574197250784 -0.007971008832780792 -0.003281677717161289
-0.09049232674788936 -0.47227827319975857 39 nil_vol 0.6 nil_bias 0.87 Left 0.005 0.01 0.001 -0.09468918698244372 -0.4740061276034743 0.004196860234554362 0.0017278544037157397
-0.013336077715551262 -0.630394014417698 39 nil_vol 0.6 nil_bias 0.87 Left 0.005 0.01 0.001 -0.027844824025508086 -0.6363672896289263 0.014508746309956824 0.005973275211228306
0.018343089661719464 -0.748555109305222 39 nil_vol 0.6 nil_bias 0.87 Home 0.005 0.01 0.001 0.0 -0.75 0.018343089661719464 0.001444890694778007
-0.02645281020668275 -0.6678177351309124 40 nil_vol 0.6 nil_bias 0.87 Home 0.005 0.01 0.001 -0.022291887117820555 -0.6657752219257153 -0.004160923088862196 -0.002042513205197053
-0.07944991468972067 -0.5350471064028358 40 nil_vol 0.6 nil_bias 0.87 Home 0.005 0.01 0.001 -0.08510178916903398 -0.5378214975683477 0.005651874479313307 0.0027743911655118726
-0.09817785239345493 -0.5133207930901749 40 nil_vol 0.6 nil_bias 0.87 Home 0.005 0.01 0.001 -0.09733241086944354 -0.512905782901297 -0.0008454415240113875 -0.0004150101888779157
-0.27274583464674934 -0.18383689363096542 40 nil_vol 0.6 nil_bias 0.87 Home 0.005 0.01 0.001 -0.26156085624079795 -0.17834641336826806 -0.011184978405951389 -0.005490480262697355
-0.29501819980411814 -0.11661475281186882 40 nil_vol 0.6 nil_bias 0.87 Home 0.005 0.01 0.001 -0.29247620885828807 -0.11536694073664755 -0.002541990945830054 -0.0012478120752212698
-0.3077008748200667 -0.08224468512856953 40 nil_vol 0.6 nil_bias 0.87 Home 0.005 0.01 0.001 -0.30853440582040326 -0.08265384868164882 0.0008335310003365719 0.0004091635530793013
-0.5122190929115165 0.3392724296144214 40 nil_vol 0.6 nil_bias 0.87 Home 0.005 0.01 0.001 -0.514983406843529 0.3379154836702488 0.0027643139320124655 0.001356945944172592
-0.5157947239818184 0.33956826525545863 40 nil_vol 0.6 nil_bias 0.87 Left 0.005 0.01 0.001 -0.4 0.35 -0.11579472398181835 -0.010431734744541331
-0.45597634554646116 0.18371457853055134 41 nil_vol 0.6 nil_bias 0.87 Left 0.005 0.01 0.001 -0.44907728147220444 0.18672610299431766 -0.006899064074256721 -0.0030115244637663086
-0.17661211137338798 -0.44767604752201157 41 nil_vol 0.6 nil_bias 0.87 Left 0.005 0.01 0.001 -0.17286676042716365 -0.4460411567776232 -0.0037453509462243174 -0.0016348907443883979
-0.12028684008076423 -0.5591907699151378 41 nil_vol 0.6 nil_bias 0.87 Left 0.005 0.01 0.001 -0.12296524286996491 -0.560359924953659 0.0026784027892006695 0.0011691550385211837
-0.07796151991770385 -0.6559475824155471 41 nil_vol 0.6 nil_bias 0.87 Left 0.005 0.01 0.001 -0.08071535681243364 -0.6571496653485998 0.002753836894729784 0.001202082933052694
-0.046249813557758646 -0.7391372705015443 41 nil_vol 0.6 nil_bias 0.87 Left 0.005 0.01 0.001 -0.04513852822312486 -0.7386521810842765 -0.001111285334633785 -0.00048508941726779493
-0.025782772337701 -0.7571314744441356 41 nil_vol 0.6 nil_bias 0.87 Left 0.005 0.01 0.001 -0.03526527265724888 -0.7612706999075645 0.009482500319547879 0.004139225463428801
-0.04356193882430447 -0.7731800246243837 41 nil_vol 0.6 nil_bias 0.87 Left 0.005 0.01 0.001 -0.03222657967945608 -0.7682320039939237 -0.011335359144848393 -0.004948020630460058
-0.027036808705821768 -0.7801211860041012 41 nil_vol 0.6 nil_bias 0.87 Home 0.005 0.01 0.001 0.0 -0.75 -0.027036808705821768 -0.030121186004101158
-0.02370844920089691 -0.7261552094345545 42 nil_vol 0.6 nil_bias 0.87 Home 0.005 0.01 0.001 -0.03973550453184334 -0.7302349456327417 0.01602705533094643 0.00407973619818727
-0.052620706271677774 -0.6922282315095819 42 nil_vol 0.6 nil_bias 0.87 Home 0.005 0.01 0.001 -0.04960560101760114 -0.6914607271993766 -0.0030151052540766336 -0.0007675043102053534
-0.04899046302596019 -0.6624212024246912 42 nil_vol 0.6 nil_bias 0.87 Home 0.005 0.01 0.001 -0.056510428121289244 -0.6643354326544502 0.007519965095329057 0.0019142302297590595
-0.16764833584894487 -0.27884476167177563 42 nil_vol 0.6 nil_bias 0.87 Home 0.005 0.01 0.001 -0.1554299794416857 -0.27573454149172805 -0.012218356407259167 -0.0031102201800475714
-0.1665080726779479 -0.25347387439968466 42 nil_vol 0.6 nil_bias 0.87 Home 0.005 0.01 0.001 -0.16142581695722322 -0.2521801705842215 -0.005082255720724673 -0.001293703815463173
-0.18610537690046114 -0.19855517793013056 42 nil_vol 0.6 nil_bias 0.87 Home 0.005 0.01 0.001 -0.17574739273813494 -0.1959185212234118 -0.010357984162326202 -0.002636656706718766
-0.22430319008205915 -0.07289886745706325 42 nil_vol 0.6 nil_bias 0.87 Home 0.005 0.01 0.001 -0.20811159486460784 -0.06877724712500621 -0.016191595217451313 -0.004121620332057043
-0.3383681854574045 0.44292975627849196 42 nil_vol 0.6 nil_bias 0.87 Left 0.005 0.01 0.001 -0.4 0.35 0.061631814542595524 0.092929756278492
-0.2836725995372142 0.23572455441056078 43 nil_vol 0.6 nil_bias 0.87 Left 0.005 0.01 0.001 -0.2785458586411211 0.23721542560257147 -0.0051267408960931245 -0.0014908711920106792
-0.26407035274450663 0.20837887118386383 43 nil_vol 0.6 nil_bias 0.87 Left 0.005 0.01 0.001 -0.26968527148754384 0.2067460364514017 0.005614918743037236 0.0016328347324621594
-0.1978810336567729 -0.015031028841701738 43 nil_vol 0.6 nil_bias 0.87 Left 0.005 0.01 0.001 -0.2046218117411368 -0.016991266751398615 0.006740778084363904 0.0019602379096968765
-0.19499928346492792 -0.04412059214671577 43 nil_vol 0.6 nil_bias 0.87 Left 0.005 0.01 0.001 -0.1965973797179915 -0.0445853231939915 0.0015980962530635586 0.00046473104727572914
-0.07200745432359945 -0.4357202828913539 43 nil_vol 0.6 nil_bias 0.87 Left 0.005 0.01 0.001 -0.08200844641706939 -0.43862860053522845 0.010000992093469946 0.002908317643874562
-0.04158133837186503 -0.5862612620046503 43 nil_vol 0.6 nil_bias 0.87 Left 0.005 0.01 0.001 -0.03927175154965867 -0.58558962742657 -0.002309586822206357 -0.0006716345780803826
-0.008010456879107338 -0.6815588735219447 43 nil_vol 0.6 nil_bias 0.87 Left 0.005 0.01 0.001 -0.011102161039646063 -0.6824579501011179 0.003091704160538726 0.000899076579173199
0.0012621121566780051 -0.72497565745622 43 nil_vol 0.6 nil_bias 0.87 Home 0.005 0.01 0.001 0.0 -0.75 0.0012621121566780051 0.025024342543780026
-0.18330170789199013 -0.19321314770106365 44 nil_vol 0.6 nil_bias 0.87 Home 0.005 0.01 0.001 -0.18427219614592816 -0.19355197126423684 0.0009704882539380176 0.000338823563173181
-0.18613331876404446 -0.15389769723124017 44 nil_vol 0.6 nil_bias 0.87 Home 0.005 0.01 0.001 -0.19681462954610382 -0.15762683023604684 0.010681310782059373 0.003729133004806686
-0.22035141380307754 -0.0786130471191555 44 nil_vol 0.6 nil_bias 0.87 Home 0.005 0.01 0.001 -0.22396055103535983 -0.07987309404096088 0.0036091372322822903 0.0012600469218053813
-0.24504036696797357 -0.01127882492062483 44 nil_vol 0.6 nil_bias 0.87 Home 0.005 0.01 0.001 -0.2475970259701344 -0.012171423372399848 0.002556659002160808 0.0008925984517750174
-0.30064113644103246 0.11605520826630648 44 nil_vol 0.6 nil_bias 0.87 Home 0.005 0.01 0.001 -0.29326363415990303 0.11863089282515349 -0.007377502281129424 -0.0025756845588470042
-0.3137310484216921 0.16590340233585718 44 nil_vol 0.6 nil_bias 0.87 Home 0.005 0.01 0.001 -0.31019833967805444 0.16713676601575267 -0.0035327087436376275 -0.0012333636798955007
-0.40502169026383783 0.43997889557860126 44 nil_vol 0.6 nil_bias 0.87 Home 0.005 0.01 0.001 -0.4054078052901549 0.4398440924334003 0.0003861150263170726 0.00013480314520098512
-0.4155073223321397 0.4687720175396105 44 nil_vol 0.6 nil_bias 0.87 Left 0.005 0.01 0.001 -0.4 0.35 -0.015507322332139703 0.11877201753961054
-0.40951963689362125 0.4608730294457684 45 nil_vol 0.6 nil_bias 0.87 Left 0.005 0.01 0.001 -0.4126504060002227 0.45986844955109596 0.0031307691066014176 0.0010045798946724477
-0.40951361638994455 0.4453613155416497 45 nil_vol 0.6 nil_bias 0.87 Left 0.005 0.01 0.001 -0.4081371735382082 0.4458029791610154 -0.0013764428517363209 -0.000441663619365705
-0.3767107175201466 0.2882195351614557 45 nil_vol 0.6 nil_bias 0.87 Left 0.005 0.01 0.001 -0.3593593590345511 0.29378712104414806 -0.017351358485595568 -0.0055675858826923766
-0.31524564268426214 0.2574772028744348 45 nil_vol 0.6 nil_bias 0.87 Left 0.005 0.01 0.001 -0.34467812283210386 0.24803310885149224 0.029432480147841722 0.009444094022942585
-0.33067660761693884 0.2118794268158593 45 nil_vol 0.6 nil_bias 0.87 Left 0.005 0.01 0.001 -0.3328532672425916 0.21118099508134863 0.0021766596256528026 0.0006984317345106742
-0.2276623991973806 -0.10515863973714537 45 nil_vol 0.6 nil_bias 0.87 Left 0.005 0.01 0.001 -0.23100427845902616 -0.10623095922234571 0.0033418792616455666 0.0010723194852003337
-0.20586968359106203 -0.2294668040355792 45 nil_vol 0.6 nil_bias 0.87 Left 0.005 0.01 0.001 -0.19280620908355736 -0.2252750851965457 -0.013063474507504669 -0.004191718839033501
-0.014594902385155784 -0.7806698889521462 45 nil_vol 0.6 nil_bias 0.87 Home 0.005 0.01 0.001 0.0 -0.75 -0.014594902385155784 -0.030669888952146132
-0.0392754503451401 -0.7744035815541724 46 nil_vol 0.6 nil_bias 0.87 Home 0.005 0.01 0.001 -0.02147353763132666 -0.7660358867477677 -0.017801912713813445 -0.008367694806404804
-0.03699509489422353 -0.7697555059276054 46 nil_vol 0.6 nil_bias 0.87 Home 0.005 0.01 0.001 -0.022850324532015208 -0.7631068315182653 -0.014144770362208322 -0.006648674409340187
-0.19379507047361566 -0.3670934921158374 46 nil_vol 0.6 nil_bias 0.87 Home 0.005 0.01 0.001 -0.20624384115133376 -0.37294497085414385 0.012448770677718103 0.005851478738306424
-0.29434612019766376 -0.19865440001228069 46 nil_vol 0.6 nil_bias 0.87 Home 0.005 0.01 0.001 -0.28928615911689765 -0.19627599209978241 -0.005059961080766139 -0.0023784079124982596
-0.29857795085166206 -0.16101600084803505 46 nil_vol 0.6 nil_bias 0.87 Home 0.005 0.01 0.001 -0.3045421819930013 -0.1638194561142131 0.005964231141339271 0.0028034552661780573
-0.40464878350053873 0.03003479125233085 46 nil_vol 0.6 nil_bias 0.87 Home 0.005 0.01 0.001 -0.39728853309560935 0.03349443798115548 -0.007360250404929364 -0.003459646728824631
-0.4186738279498186 0.08637524040903587 46 nil_vol 0.6 nil_bias 0.87 Home 0.005 0.01 0.001 -0.42151675271021727 0.08503893867927126 0.002842924760398649 0.0013363017297646038
-0.5305019103194272 0.3169001988886337 46 nil_vol 0.6 nil_bias 0.87 Left 0.005 0.01 0.001 -0.4 0.35 -0.13050191031942718 -0.033099801111366296
-0.4965723836918512 0.24126796245290136 47 nil_vol 0.6 nil_bias 0.87 Left 0.005 0.01 0.001 -0.4929248209045484 0.24312585485159272 -0.0036475627873027707 -0.0018578923986913706
-0.46634600559885236 0.1985679079485807 47 nil_vol 0.6 nil_bias 0.87 Left 0.005 0.01 0.001 -0.46942924156482224 0.19699745638994334 0.0030832359659698837 0.0015704515586373662
-0.42288008751162603 0.0653224677123936 47 nil_vol 0.6 nil_bias 0.87 Left 0.005 0.01 0.001 -0.40658733679507 0.07362120839903344 -0.01629275071655608 -0.00829874068663984
-0.28609163415908034 -0.16457617528013468 47 nil_vol 0.6 nil_bias 0.87 Left 0.005 0.01 0.001 -0.2854321773900852 -0.16424027983711542 -0.0006594567689951332 -0.00033589544301925947
-0.2223399030896662 -0.2749981142069526 47 nil_vol 0.6 nil_bias 0.87 Left 0.005 0.01 0.001 -0.22764192988419502 -0.2776987107020981 0.005302026794528812 0.002700596495145511
-0.20569492450073654 -0.3126482079889303 47 nil_vol 0.6 nil_bias 0.87 Left 0.005 0.01 0.001 -0.20898640431917437 -0.3143247289130961 0.0032914798184378443 0.0016765209241658276
-0.028613639635400347 -0.660041375246683 47 nil_vol 0.6 nil_bias 0.87 Left 0.005 0.01 0.001 -0.03201308479483639 -0.6617728885035541 0.0033994451594360404 0.0017315132568710852
-0.009511337431353422 -0.7059501166305114 47 nil_vol 0.6 nil_bias 0.87 Home 0.005 0.01 0.001 0.0 -0.75 -0.009511337431353422 0.04404988336948854
-0.08038873332903618 -0.546355828905404 48 nil_vol 0.6 nil_bias 0.87 Home 0.005 0.01 0.001 -0.0902049657701105 -0.5514838576243176 0.009816232441074317 0.005128028718913552
-0.1424493057719835 -0.4402521444384059 48 nil_vol 0.6 nil_bias 0.87 Home 0.005 0.01 0.001 -0.147055647258158 -0.44265851078843094 0.0046063414861745025 0.0024063663500250797
-0.1659830337546316 -0.39252322338849455 48 nil_vol 0.6 nil_bias 0.87 Home 0.005 0.01 0.001 -0.1716892224671525 -0.3955041531666962 0.0057061887125209034 0.0029809297782016535
-0.17068082564742618 -0.3748883500718258 48 nil_vol 0.6 nil_bias 0.87 Home 0.005 0.01 0.001 -0.17993379783285401 -0.37972212997536986 0.009252972185427834 0.0048337799035440545
-0.25606245615786877 -0.22083004160977274 48 nil_vol 0.6 nil_bias 0.87 Home 0.005 0.01 0.001 -0.26146508808107927 -0.22365239242779295 0.005402631923210488 0.002822350818020202
-0.3510613515972377 -0.0693960637963437 48 nil_vol 0.6 nil_bias 0.87 Home 0.005 0.01 0.001 -0.34398124381983974 -0.06569739465485314 -0.007080107777397982 -0.0036986691414905523
-0.38925906338608446 0.037251048086430545 48 nil_vol 0.6 nil_bias 0.87 Home 0.005 0.01 0.001 -0.39593886354939806 0.033761500820745916 0.006679800163313612 0.0034895472656846296
-0.5459205607816342 0.3208611413723653 48 nil_vol 0.6 nil_bias 0.87 Left 0.005 0.01 0.001 -0.4 0.35 -0.14592056078163418 -0.029138858627634632
-0.37274263861819573 -0.012312532425825832 49 nil_vol 0.6 nil_bias 0.87 Left 0.005 0.01 0.001 -0.3618199682340207 -0.006163546852771706 -0.010922670384175024 -0.006148985573054126
-0.3580477055687932 -0.008090885815069511 49 nil_vol 0.6 nil_bias 0.87 Left 0.005 0.01 0.001 -0.36008826663325977 -0.009239632422357036 0.0020405610644665833 0.0011487466072875256
-0.25344246105642887 -0.18208802357212955 49 nil_vol 0.6 nil_bias 0.87 Left 0.005 0.01 0.001 -0.26053455860197566 -0.18608056421983066 0.0070920975455467695 0.00399254064770109
-0.2123959260550304 -0.289235718229128 49 nil_vol 0.6 nil_bias 0.87 Left 0.005 0.01 0.001 -0.20485316855598545 -0.2849894757434196 -0.007542757499044962 -0.004246242485708438
-0.17387868163689696 -0.35005661816799966 49 nil_vol 0.6 nil_bias 0.87 Left 0.005 0.01 0.001 -0.1695842151753782 -0.34763902142772796 -0.004294466461518758 -0.0024175967402716883
0.005121994393764269 -0.6546716921263152 49 nil_vol 0.6 nil_bias 0.87 Left 0.005 0.01 0.001 0.003709419120241808 -0.655466910206898 0.0014125752735224604 0.000795218080582831
0.01233310479738611 -0.6704720853036658 49 nil_vol 0.6 nil_bias 0.87 Left 0.005 0.01 0.001 0.012199134176449244 -0.6705475049022053 0.00013397062093686572 7.541959853951133e-05
0.019827022212968632 -0.6840972044031118 49 nil_vol 0.6 nil_bias 0.87 Home 0.005 0.01 0.001 0.0 -0.75 0.019827022212968632 0.0659027955968882
-0.0007606401400748058 -0.6046701669404889 50 nil_vol 0.6 nil_bias 0.87 Home 0.005 0.01 0.001 -0.014728004908352955 -0.6113001413991415 0.013967364768278149 0.00662997445865254
-0.08268477944197836 -0.46767234736397933 50 nil_vol 0.6 nil_bias 0.87 Home 0.005 0.01 0.001 -0.08286425039599384 -0.46775753793936226 0.00017947095401548533 8.519057538291512e-05
-0.22078606802957457 -0.24093964547959065 50 nil_vol 0.6 nil_bias 0.87 Home 0.005 0.01 0.001 -0.19609305295109672 -0.2292184609903556 -0.02469301507847785 -0.011721184489235068
-0.25510541458338004 -0.10013110703752322 50 nil_vol 0.6 nil_bias 0.87 Home 0.005 0.01 0.001 -0.2569517297798073 -0.10100750876383424 0.0018463151964272415 0.0008764017263110178
-0.26026928256437 -0.0726085099665587 50 nil_vol 0.6 nil_bias 0.87 Home 0.005 0.01 0.001 -0.26856327523689416 -0.07654547019430147 0.008293992672524194 0.003936960227742773
-0.3496333861729755 0.059641198951644755 50 nil_vol 0.6 nil_bias 0.87 Home 0.005 0.01 0.001 -0.3362282459409249 0.06600429885113335 -0.013405140232050621 -0.006363099899488593
-0.41740384277524983 0.2219012179303963 50 nil_vol 0.6 nil_bias 0.87 Home 0.005 0.01 0.001 -0.41154817410967787 0.22468076398902337 -0.005855668665571968 -0.0027795460586270714
-0.4385821141745741 0.28163315564075775 50 nil_vol 0.6 nil_bias 0.87 Left 0.005 0.01 0.001 -0.4 0.35 -0.0385821141745741 -0.06836684435924226
-0.43444191022908724 0.24077917727379022 51 nil_vol 0.6 nil_bias 0.87 Left 0.005 0.01 0.001 -0.42237862443724977 0.24631339775646774 -0.012063285791837462 -0.005534220482677526
-0.41305881400294414 0.23018384102780662 51 nil_vol 0.6 nil_bias 0.87 Left 0.005 0.01 0.001 -0.41464508321730287 0.22945611528801815 0.0015862692143587059 0.0007277257397884766
-0.31559909357947913 0.06354458325416093 51 nil_vol 0.6 nil_bias 0.87 Left 0.005 0.01 0.001 -0.33454344177853235 0.05485356808272926 0.01894434819905322 0.008691015171431666
-0.31093799462334626 0.007615320534382042 51 nil_vol 0.6 nil_bias 0.87 Left 0.005 0.01 0.001 -0.3125358624056006 0.006882273770693004 0.0015978677822543273 0.0007330467636890384
-0.22285064948884026 -0.15184192535549043 51 nil_vol 0.6 nil_bias 0.87 Left 0.005 0.01 0.001 -0.23678578940789252 -0.15823488811039582 0.013935139919052259 0.006392962754905388
-0.1897510716439649 -0.24322094422151058 51 nil_vol 0.6 nil_bias 0.87 Left 0.005 0.01 0.001 -0.19639813156256852 -0.24627038661936973 0.006647059918603616 0.0030494423978591413
-0.08069416263679699 -0.5489622461409664 51 nil_vol 0.6 nil_bias 0.87 Left 0.005 0.01 0.001 -0.06156050291850795 -0.5401843813577921 -0.01913365971828903 -0.008777864783174306
0.02925549580392979 -0.7381416818464558 51 nil_vol 0.6 nil_bias 0.87 Home 0.005 0.01 0.001 0.0 -0.75 0.02925549580392979 0.011858318153544165
-0.06225667078585156 -0.5356530569446533 52 nil_vol 0.6 nil_bias 0.87 Home 0.005 0.01 0.001 -0.05599399047473323 -0.533049879859668 -0.006262680311118323 -0.0026031770849852314
-0.13293050580124366 -0.34463261354771535 52 nil_vol 0.6 nil_bias 0.87 Home 0.005 0.01 0.001 -0.13410886231028152 -0.34512241511986724 0.0011783565090378457 0.0004898015721519013
-0.19522978284364595 -0.2323356722291369 52 nil_vol 0.6 nil_bias 0.87 Home 0.005 0.01 0.001 -0.1830881627010308 -0.22728882555012975 -0.012141620142615174 -0.005046846679007145
-0.30508505990333207 0.08296667879971724 52 nil_vol 0.6 nil_bias 0.87 Home 0.005 0.01 0.001 -0.3110243461148347 0.08049792532694233 0.005939286211502637 0.00246875347277491
-0.3506058655929584 0.1271154306050935 52 nil_vol 0.6 nil_bias 0.87 Home 0.005 0.01 0.001 -0.3333781687036954 0.13427638143465814 -0.01722769688926301 -0.00716095082956463
-0.3534250983798191 0.15696351606748038 52 nil_vol 0.6 nil_bias 0.87 Home 0.005 0.01 0.001 -0.3443725010370116 0.16072636404816976 -0.00905259734280749 -0.0037628479806893697
-0.4323376023784732 0.3695000612669056 52 nil_vol 0.6 nil_bias 0.87 Home 0.005 0.01 0.001 -0.4313270269393296 0.36992012211867176 -0.00101057543914359 -0.00042006085176615336
-0.4516905178873891 0.4189102713335002 52 nil_vol 0.6 nil_bias 0.87 Left 0.005 0.01 0.001 -0.4 0.35 -0.05169051788738909 0.0689102713335002
-0.35968707367924285 0.23875843868500668 53 nil_vol 0.6 nil_bias 0.87 Left 0.005 0.01 0.001 -0.36469689256455695 0.23637088650035007 0.005009818885314105 0.0023875521846566244
-0.3372329281158143 0.20905185736918233 53 nil_vol 0.6 nil_bias 0.87 Left 0.005 0.01 0.001 -0.3490038808674538 0.20344212084955468 0.011770952751639516 0.005609736519627653
-0.2271785728627434 -0.027266512995173315 53 nil_vol 0.6 nil_bias 0.87 Left 0.005 0.01 0.001 -0.2368560392185797 -0.03187854717619926 0.009677466355836299 0.004612034181025943
-0.15693419200434017 -0.1622246463589629 53 nil_vol 0.6 nil_bias 0.87 Left 0.005 0.01 0.001 -0.17144146565617174 -0.16913844378233428 0.014507273651831569 0.006913797423371383
-0.06298246801441751 -0.3798531732597698 53 nil_vol 0.6 nil_bias 0.87 Left 0.005 0.01 0.001 -0.06953251892343332 -0.38297476082918797 0.006550050909015802 0.0031215875694181475
-0.060885813545059946 -0.41367435752704024 53 nil_vol 0.6 nil_bias 0.87 Left 0.005 0.01 0.001 -0.0560094159454429 -0.4113503905316765 -0.004876397599617046 -0.0023239669953637517
0.03025726285190494 -0.6066208708296998 53 nil_vol 0.6 nil_bias 0.87 Left 0.005 0.01 0.001 0.03579400281428019 -0.6039822014694569 -0.00553673996237525 -0.00263866936024292
0.07223303284793275 -0.6804424949860888 53 nil_vol 0.6 nil_bias 0.87 Home 0.005 0.01 0.001 0.0 -0.75 0.07223303284793275 0.06955750501391117
0.02300599772997792 -0.5658204183214179 54 nil_vol 0.6 nil_bias 0.87 Home 0.005 0.01 0.001 0.014234649702385839 -0.5704452999223766 0.00877134802759208 0.004624881600958656
-0.034206509771434274 -0.45481473528277283 54 nil_vol 0.6 nil_bias 0.87 Home 0.005 0.01 0.001 -0.04400884911876285 -0.4599832291962743 0.009802339347328574 0.005168493913501495
-0.043060223185956106 -0.43108435872435064 54 nil_vol 0.6 nil_bias 0.87 Home 0.005 0.01 0.001 -0.055725311884926465 -0.43776229870736344 0.01266508869897036 0.006677939983012778
-0.07578170786889767 -0.3991608349194395 54 nil_vol 0.6 nil_bias 0.87 Home 0.005 0.01 0.001 -0.07601414228230988 -0.399283390955141 0.0002324344134122109 0.00012255603570148808
-0.23672802268024903 -0.10707511078579281 54 nil_vol 0.6 nil_bias 0.87 Home 0.005 0.01 0.001 -0.23153184829550177 -0.10433531626027703 -0.005196174384747269 -0.002739794525515768
-0.2387543594507699 -0.06597590062194682 54 nil_vol 0.6 nil_bias 0.87 Home 0.005 0.01 0.001 -0.24892897583091145 -0.07134068559516915 0.010174616380141567 0.005364784973222327
-0.5109623270397092 0.4346762694254137 54 nil_vol 0.6 nil_bias 0.87 Home 0.005 0.01 0.001 -0.5146985536218189 0.43270626372933885 0.003736226582109663 0.0019700056960748873
-0.5292124649484048 0.4602327127222614 54 nil_vol 0.6 nil_bias 0.87 Left 0.005 0.01 0.001 -0.4 0.35 -0.12921246494840474 0.11023271272226141
-0.45096296152852566 0.2984862069799111 55 nil_vol 0.6 nil_bias 0.87 Left 0.005 0.01 0.001 -0.45982755682887555 0.29476896298295907 0.008864595300349885 0.0037172439969519887
-0.466193521965893 0.28759111964409567 55 nil_vol 0.6 nil_bias 0.87 Left 0.005 0.01 0.001 -0.4582197569315657 0.29093480643437575 -0.007973765034327267 -0.0033436867902800703
-0.4474466281540986 0.2895280018849912 55 nil_vol 0.6 nil_bias 0.87 Left 0.005 0.01 0.001 -0.45610697455049337 0.28589640680785866 0.008660346396394795 0.0036315950771325903
-0.314687184085064 -0.0385055748543975 55 nil_vol 0.6 nil_bias 0.87 Left 0.005 0.01 0.001 -0.3192680339484984 -0.040426490144813254 0.004580849863434365 0.0019209152904157544
-0.08357139263317474 -0.6027553432840251 55 nil_vol 0.6 nil_bias 0.87 Left 0.005 0.01 0.001 -0.0834794631733684 -0.602716793951424 -9.192945980634277e-05 -3.854933260119376e-05
-0.01553849692266747 -0.7245119470981604 55 nil_vol 0.6 nil_bias 0.87 Left 0.005 0.01 0.001 -0.029883845367271122 -0.7305274682339964 0.014345348444603652 0.006015521135836029
-0.045525961688534844 -0.7371129745320477 55 nil_vol 0.6 nil_bias 0.87 Left 0.005 0.01 0.001 -0.029874500448474006 -0.7305497532718683 -0.015651461240060834 -0.006563221260179412
-0.015878187181916633 -0.7639270760698026 55 nil_vol 0.6 nil_bias 0.87 Home 0.005 0.01 0.001 0.0 -0.75 -0.015878187181916633 -0.013927076069802544
-0.054602630384550724 -0.6794894068904269 56 nil_vol 0.6 nil_bias 0.87 Home 0.005 0.01 0.001 -0.05101786722721434 -0.6780230331768642 -0.003584763157336383 -0.0014663737135627492
-0.1129083790601315 -0.5366165246205854 56 nil_vol 0.6 nil_bias 0.87 Home 0.005 0.01 0.001 -0.10944136668492599 -0.5351983177297917 -0.0034670123752055144 -0.001418206890793778
-0.14166990290783607 -0.5099470617806315 56 nil_vol 0.6 nil_bias 0.87 Home 0.005 0.01 0.001 -0.12290968640610352 -0.5022730573537039 -0.018760216501732555 -0.007674004426927703
-0.12129787266409907 -0.47046411325194687 56 nil_vol 0.6 nil_bias 0.87 Home 0.005 0.01 0.001 -0.13382519759438832 -0.4755885075766991 0.012527324930289251 0.005124394324752234
-0.25059485436846696 -0.26490709650941413 56 nil_vol 0.6 nil_bias 0.87 Home 0.005 0.01 0.001 -0.2243906687953958 -0.2541880818288953 -0.026204185573071158 -0.010719014680518845
-0.3647584906242574 0.09573769167589144 56 nil_vol 0.6 nil_bias 0.87 Home 0.005 0.01 0.001 -0.36713304824150944 0.09476636143217576 0.0023745576172520115 0.0009713302437156816
-0.4051191722379293 0.16191021879109896 56 nil_vol 0.6 nil_bias 0.87 Home 0.005 0.01 0.001 -0.3961067640036043 0.16559681061060716 -0.009012408234325026 -0.0036865918195081978
-0.45593859031676287 0.31186438525393984 56 nil_vol 0.6 nil_bias 0.87 Left 0.005 0.01 0.001 -0.4 0.35 -0.055938590316762835 -0.03813561474606015
-0.4342272523991543 0.29291094547787055 57 nil_vol 0.6 nil_bias 0.87 Left 0.005 0.01 0.001 -0.4449742708193187 0.28797787829461674 0.010747018420164414 0.004933067183253798
-0.43399333880674157 0.2731440906085397 57 nil_vol 0.6 nil_bias 0.87 Left 0.005 0.01 0.001 -0.4374392609279515 0.27156235280298296 0.003445922121209915 0.001581737805556761
-0.30698165687980034 0.001343340651894323 57 nil_vol 0.6 nil_bias 0.87 Left 0.005 0.01 0.001 -0.3122863766415025 -0.0010916173941169505 0.005304719761702135 0.0024349580460112734
-0.3153126334221801 -0.01943799068131642 57 nil_vol 0.6 nil_bias 0.87 Left 0.005 0.01 0.001 -0.3058572862503196 -0.015097822923507476 -0.009455347171860449 -0.004340167757808942
-0.16840711045381365 -0.31634094330875323 57 nil_vol 0.6 nil_bias 0.87 Left 0.005 0.01 0.001 -0.16772517055320868 -0.31602792110919004 -0.0006819399006049749 -0.00031302219956316904
-0.07082506697681203 -0.5304672417362927 57 nil_vol 0.6 nil_bias 0.87 Left 0.005 0.01 0.001 -0.06956029910254735 -0.529886691424472 -0.0012647678742646786 -0.000580550311820653
0.0220507734497118 -0.6875525139426942 57 nil_vol 0.6 nil_bias 0.87 Left 0.005 0.01 0.001 0.0061593180290329674 -0.6948469666145909 0.015891455420678834 0.0072944526718967066
0.04997569004162904 -0.7903038780312216 57 nil_vol 0.6 nil_bias 0.87 Home 0.005 0.01 0.001 0.0 -0.75 0.04997569004162904 -0.0403038780312216
0.045123981296071 -0.7525308968071945 58 nil_vol 0.6 nil_bias 0.87 Home 0.005 0.01 0.001 0.06145905423774029 -0.7584128522149632 -0.01633507294166929 0.005881955407768665
0.06366463004240251 -0.7509144617094242 58 nil_vol 0.6 nil_bias 0.87 Home 0.005 0.01 0.001 0.06410233299844574 -0.7510720703885215 -0.0004377029560432342 0.00015760867909731763
0.22145751044848933 -0.3725071979678251 58 nil_vol 0.6 nil_bias 0.87 Home 0.005 0.01 0.001 0.20283151091943258 -0.3658003225809659 0.018625999529056733 -0.006706875386859223
0.2128639212965314 -0.3331732582334579 58 nil_vol 0.6 nil_bias 0.87 Home 0.005 0.01 0.001 0.2143829533236502 -0.33372023336349804 -0.001519032027118817 0.0005469751300401761
0.3398941813830658 -0.046401024142115395 58 nil_vol 0.6 nil_bias 0.87 Home 0.005 0.01 0.001 0.32037241225895685 -0.03937159881424601 0.019521769124108943 -0.007029425327869383
0.33351471008655503 -0.0396119777329523 58 nil_vol 0.6 nil_bias 0.87 Home 0.005 0.01 0.001 0.3218042217161687 -0.0353952490630669 0.011710488370386362 -0.004216728669885399
0.4086484836504819 0.21772950355024243 58 nil_vol 0.6 nil_bias 0.87 Home 0.005 0.01 0.001 0.41245604572327466 0.21635847139112985 -0.0038075620727927744 0.0013710321591125798
0.44609437605746854 0.3097771632294404 58 nil_vol 0.6 nil_bias 0.87 Right 0.005 0.01 0.001 0.4 0.35 0.0460943760574685 -0.04022283677055963
0.4349630926810369 0.29100118532036817 59 nil_vol 0.6 nil_bias 0.87 Right 0.005 0.01 0.001 0.4391239613130881 0.2895661748443965 -0.004160868632051231 0.001435010475971675
0.43277052239096264 0.28958850217172216 59 nil_vol 0.6 nil_bias 0.87 Right 0.005 0.01 0.001 0.43845547164276727 0.28762786307130306 -0.005684949251804616 0.0019606391004190963
0.397917995301517 0.11828103223594168 59 nil_vol 0.6 nil_bias 0.87 Right 0.005 0.01 0.001 0.3819500187050107 0.12378810677310648 0.015967976596506277 -0.005507074537164794
0.3400453304041684 0.02423157768469486 59 nil_vol 0.6 nil_bias 0.87 Right 0.005 0.01 0.001 0.3468100939548908 0.021898529607189854 -0.006764763550722412 0.002333048077505006
0.15741900811275705 -0.45429264694712873 59 nil_vol 0.6 nil_bias 0.87 Right 0.005 0.01 0.001 0.1799054946791846 -0.4620478410289741 -0.022486486566427537 0.007755194081845398
0.16355059041349562 -0.5012655798109451 59 nil_vol 0.6 nil_bias 0.87 Right 0.005 0.01 0.001 0.1660792206027925 -0.502137659929877 -0.002528630189296893 0.0008720801189319076
0.0829352767501616 -0.7064214846522926 59 nil_vol 0.6 nil_bias 0.87 Right 0.005 0.01 0.001 0.09427636590284794 -0.7103328270142384 -0.011341089152686341 0.003911342361945843
0.07547447552090773 -0.7648496387193987 59 nil_vol 0.6 nil_bias 0.87 Home 0.005 0.01 0.001 0.0 -0.75 0.07547447552090773 -0.014849638719398692
0.04598124822527106 -0.6572618621970152 60 nil_vol 0.6 nil_bias 0.87 Home 0.005 0.01 0.001 0.032575098987287054 -0.6629032118934397 0.013406149237984008 0.005641349696424512
0.01092663060343106 -0.6326563780198242 60 nil_vol 0.6 nil_bias 0.87 Home 0.005 0.01 0.001 0.01850516516409042 -0.6294673068790984 -0.007578534560659359 -0.003189071140725828
-0.04014084076562857 -0.45509061380637233 60 nil_vol 0.6 nil_bias 0.87 Home 0.005 0.01 0.001 -0.05265682364039799 -0.46035737870191606 0.012515982874769415 0.005266764895543756
-0.1504313521689406 -0.19596332869195815 60 nil_vol 0.6 nil_bias 0.87 Home 0.005 0.01 0.001 -0.16188628470007937 -0.2007836002710638 0.011454932531138759 0.00482027157910563
-0.2843575178973636 0.09887830613603306 60 nil_vol 0.6 nil_bias 0.87 Home 0.005 0.01 0.001 -0.28743925621095945 0.09758150097660623 0.0030817383135958603 0.001296805159426835
-0.3201410176408413 0.13802870725668948 60 nil_vol 0.6 nil_bias 0.87 Home 0.005 0.01 0.001 -0.3068186327029156 0.14363480867261846 -0.013322384937925678 -0.005606101415928992
-0.3117801731054962 0.15130010786688117 60 nil_vol 0.6 nil_bias 0.87 Home 0.005 0.01 0.001 -0.31030536647500306 0.15192071112808048 -0.0014748066304931674 -0.0006206032611993077
-0.38598925512787124 0.33177651883211046 60 nil_vol 0.6 nil_bias 0.87 Left 0.005 0.01 0.001 -0.4 0.35 0.0140107448721288 -0.01822348116788952
-0.3656676935742093 0.2468883533232215 61 nil_vol 0.6 nil_bias 0.87 Left 0.005 0.01 0.001 -0.35616854674606546 0.2503679795380439 -0.009499146828143859 -0.003479626214822401
-0.2528761692754638 -0.0020404900704456557 61 nil_vol 0.6 nil_bias 0.87 Left 0.005 0.01 0.001 -0.2624273631825348 -0.005539181616451616 0.009551193907071003 0.0034986915460059605
-0.28396820737671413 -0.02744330554461756 61 nil_vol 0.6 nil_bias 0.87 Left 0.005 0.01 0.001 -0.2579013896226007 -0.017894786710749344 -0.026066817754113458 -0.009548518833868216
-0.21321604673579622 -0.1299780396388228 61 nil_vol 0.6 nil_bias 0.87 Left 0.005 0.01 0.001 -0.21641500304249991 -0.1311498472154673 0.0031989563067036926 0.0011718075766445077
-0.15508829106405442 -0.3163347680606181 61 nil_vol 0.6 nil_bias 0.87 Left 0.005 0.01 0.001 -0.1493500133608696 -0.3142327833366032 -0.005738277703184843 -0.0021019847240148866
-0.11920829148452804 -0.37769154543123445 61 nil_vol 0.6 nil_bias 0.87 Left 0.005 0.01 0.001 -0.1252886042642286 -0.37991882079873185 0.006080312779700568 0.002227275367497388
-0.04028768154135325 -0.5984073157942548 61 nil_vol 0.6 nil_bias 0.87 Left 0.005 0.01 0.001 -0.044666646968711476 -0.600011371734278 0.004378965427358221 0.0016040559400231945
0.0048443706948124035 -0.735173138361169 61 nil_vol 0.6 nil_bias 0.87 Home 0.005 0.01 0.001 0.0 -0.75 0.0048443706948124035 0.01482686163883093
-0.020623245975543936 -0.6562840189218554 62 nil_vol 0.6 nil_bias 0.87 Home 0.005 0.01 0.001 -0.025932807222332176 -0.6584128985549428 0.005309561246788239 0.0021288796330873705
-0.10249538345119868 -0.4504329293372616 62 nil_vol 0.6 nil_bias 0.87 Home 0.005 0.01 0.001 -0.10837722826644444 -0.4527912672582587 0.005881844815245758 0.00235833792099708
-0.16442411763089523 -0.275896322402713 62 nil_vol 0.6 nil_bias 0.87 Home 0.005 0.01 0.001 -0.17724285190495043 -0.2810360205904875 0.012818734274055197 0.0051396981877744816
-0.21903513345791134 -0.19163617797171956 62 nil_vol 0.6 nil_bias 0.87 Home 0.005 0.01 0.001 -0.21391158043673802 -0.18958187872384535 -0.005123553021173312 -0.0020542992478742093
-0.22406527602588075 -0.1609056197094293 62 nil_vol 0.6 nil_bias 0.87 Home 0.005 0.01 0.001 -0.22522323044452522 -0.16136990394372208 0.0011579544186444692 0.0004642842342927878
-0.22573099463528326 -0.15093361486763235 62 nil_vol 0.6 nil_bias 0.87 Home 0.005 0.01 0.001 -0.22889847067751365 -0.15220362097946982 0.003167476042230392 0.001270006111837476
-0.41422835811566194 0.3118178943919791 62 nil_vol 0.6 nil_bias 0.87 Home 0.005 0.01 0.001 -0.41484907502231744 0.311569016656311 0.0006207169066554767 0.00024887773566811654
-0.4177860030748108 0.31889390207010454 62 nil_vol 0.6 nil_bias 0.87 Left 0.005 0.01 0.001 -0.4 0.35 -0.017786003074810763 -0.031106097929895455
-0.3713873295455105 0.19708448591011307 63 nil_vol 0.6 nil_bias 0.87 Left 0.005 0.01 0.001 -0.3696615578172136 0.19777016328349611 -0.001725771728296928 -0.0006856773733830341
-0.36152237563299855 0.18461291911902988 63 nil_vol 0.6 nil_bias 0.87 Left 0.005 0.01 0.001 -0.3640370085023989 0.18361381429384271 0.0025146328694003206 0.0009991048251871651
-0.35665129920364125 0.12425440749334828 63 nil_vol 0.6 nil_bias 0.87 Left 0.005 0.01 0.001 -0.3426610491005722 0.12981296300005524 -0.01399025010306902 -0.005558555506706966
-0.312032255412831 0.07978794786904773 63 nil_vol 0.6 nil_bias 0.87 Left 0.005 0.01 0.001 -0.3213192443462979 0.076098075057873 0.009286988933466857 0.0036898728111747305
-0.25870628667132056 -0.018064622114889427 63 nil_vol 0.6 nil_bias 0.87 Left 0.005 0.01 0.001 -0.28047106756270485 -0.026712126039750317 0.02176478089138431 0.00864750392486089
-0.14707359306019888 -0.31748806961212683 63 nil_vol 0.6 nil_bias 0.87 Left 0.005 0.01 0.001 -0.16250501388421373 -0.32361922585062924 0.015431420824014865 0.006131156238502393
-0.07907600226314705 -0.5706823842659345 63 nil_vol 0.6 nil_bias 0.87 Left 0.005 0.01 0.001 -0.06635147262263008 -0.5656267202297329 -0.012724529640516968 -0.005055664036201588
-0.00941857060708431 -0.7089203398274758 63 nil_vol 0.6 nil_bias 0.87 Home 0.005 0.01 0.001 0.0 -0.75 -0.00941857060708431 0.041079660172524166
