x y trial vol omega bias theta state target_sigma moving_sigma staying_sigma x_mean y_mean x_noise y_noise
-0.034850584785610525 -0.7004169533178156 0 nil_vol 0.6 nil_bias 0.98 Home 0.005 0.01 0.001 -0.02236084357106802 -0.6953103031509253 -0.0124897412145425 -0.0051066501668902775
-0.17174423973043493 -0.33195095022450005 0 nil_vol 0.6 nil_bias 0.98 Home 0.005 0.01 0.001 -0.17104379520799043 -0.3316645611731982 -0.0007004445224445103 -0.00028638905130186576
-0.1906151279223378 -0.29395661447068544 0 nil_vol 0.6 nil_bias 0.98 Home 0.005 0.01 0.001 -0.18705629200517124 -0.2925015218696335 -0.003558835917166573 -0.0014550926010519025
-0.33055861981109186 0.05601539834384286 0 nil_vol 0.6 nil_bias 0.98 Home 0.005 0.01 0.001 -0.32969751262431163 0.05636747714864321 -0.0008611071867802497 -0.0003520788048003488
-0.38586328074368115 0.144518280487943 0 nil_vol 0.6 nil_bias 0.98 Home 0.005 0.01 0.001 -0.3686218191134937 0.1515677550446065 -0.01724146163018746 -0.007049474556663523
-0.3893762667741537 0.24278259640295535 0 nil_vol 0.6 nil_bias 0.98 Home 0.005 0.01 0.001 -0.40354755709601053 0.23698841533514436 0.014171290321856812 0.00579418106781098
-0.43554418592336547 0.283575676908916 0 nil_vol 0.6 nil_bias 0.98 Home 0.005 0.01 0.001 -0.4244501906735589 0.288111651811898 -0.01109399524980659 -0.004535974902982005
-0.43048545697092827 0.30287258348952195 0 nil_vol 0.6 nil_bias 0.98 Left 0.005 0.01 0.001 -0.4 0.35 -0.030485456970928256 -0.04712741651047801
-0.40794109689438807 0.24881497440688882 1 nil_vol 0.6 nil_bias 0.98 Left 0.005 0.01 0.001 -0.4076994830088639 0.2489170103483851 -0.0002416138855241726 -0.00010203594149627461
-0.3012629238889507 -0.017176940170236767 1 nil_vol 0.6 nil_bias 0.98 Left 0.005 0.01 0.001 -0.29622403174229023 -0.015048966013589016 -0.005038892146660493 -0.002127974156647752
-0.25203226046203075 -0.10930402321292625 1 nil_vol 0.6 nil_bias 0.98 Left 0.005 0.01 0.001 -0.25575521324024675 -0.11087626311564258 0.003722952778216003 0.0015722399027163364
-0.2132451997428118 -0.1939449313149857 1 nil_vol 0.6 nil_bias 0.98 Left 0.005 0.01 0.001 -0.21955004794698585 -0.19660753127735264 0.006304848204174036 0.002662599962366948
-0.09138342909563772 -0.5008270330545047 1 nil_vol 0.6 nil_bias 0.98 Left 0.005 0.01 0.001 -0.09112179479024873 -0.5007165422910282 -0.0002616343053889883 -0.00011049076347649899
-0.055527199351147014 -0.560728020079456 1 nil_vol 0.6 nil_bias 0.98 Left 0.005 0.01 0.001 -0.0642268136474089 -0.5644019535268145 0.008699614296261886 0.0036739334473586105
0.0038186800376199953 -0.7580139950347056 1 nil_vol 0.6 nil_bias 0.98 Left 0.005 0.01 0.001 0.015461097939820034 -0.7530972864218423 -0.011642417902200039 -0.004916708612863286
0.025014237071958774 -0.7757184435437506 1 nil_vol 0.6 nil_bias 0.98 Home 0.005 0.01 0.001 0.0 -0.75 0.025014237071958774 -0.025718443543750687
0.005942861564990893 -0.750848264109207 2 nil_vol 0.6 nil_bias 0.98 Home 0.005 0.01 0.001 0.01606236988480922 -0.7476238534910636 -0.010119508319818326 -0.0032244106181433495
0.004752162709661197 -0.7194794209524588 2 nil_vol 0.6 nil_bias 0.98 Home 0.005 0.01 0.001 0.006878718270671807 -0.7188018298962248 -0.00212655556101061 -0.0006775910562339948
-0.05069648140066469 -0.4915013610516114 2 nil_vol 0.6 nil_bias 0.98 Home 0.005 0.01 0.001 -0.06417800239706775 -0.4957970202946985 0.013481520996403061 0.004295659243087113
-0.13161257068923465 -0.2867864937158347 2 nil_vol 0.6 nil_bias 0.98 Home 0.005 0.01 0.001 -0.13085281647298605 -0.2865444108512697 -0.0007597542162486037 -0.00024208286456502034
-0.19016883201282417 -0.1025950655717932 2 nil_vol 0.6 nil_bias 0.98 Home 0.005 0.01 0.001 -0.18953002815415929 -0.10239152149833697 -0.0006388038586648879 -0.00020354407345622762
-0.19088711682709 -0.06959450199354562 2 nil_vol 0.6 nil_bias 0.98 Home 0.005 0.01 0.001 -0.19914213711999862 -0.0722248249543277 0.008255020292908605 0.00263032296078207
-0.284582267342085 0.20374084784162552 2 nil_vol 0.6 nil_bias 0.98 Home 0.005 0.01 0.001 -0.28684428718582844 0.2030200933768722 0.002262019843743437 0.0007207544647533074
-0.3803211344127216 0.49638835357929467 2 nil_vol 0.6 nil_bias 0.98 Left 0.005 0.01 0.001 -0.4 0.35 0.01967886558727842 0.1463883535792947
-0.29188561842976407 0.16677786153891277 3 nil_vol 0.6 nil_bias 0.98 Left 0.005 0.01 0.001 -0.2854582297040828 0.16863818327004837 -0.006427388725681269 -0.0018603217311355894
-0.2406401961847404 -0.018015077303686174 3 nil_vol 0.6 nil_bias 0.98 Left 0.005 0.01 0.001 -0.23214556457692945 -0.015556419759781837 -0.008494631607810938 -0.0024586575439043377
-0.2126483320554667 -0.09422086271646794 3 nil_vol 0.6 nil_bias 0.98 Left 0.005 0.01 0.001 -0.20963004590676604 -0.09334726014583483 -0.0030182861487006705 -0.0008736025706331064
-0.09719781868683752 -0.5599203349693084 3 nil_vol 0.6 nil_bias 0.98 Left 0.005 0.01 0.001 -0.07633450194947433 -0.5538817268865263 -0.020863316737363195 -0.006038608082782126
-0.033640964604452 -0.6825773869260595 3 nil_vol 0.6 nil_bias 0.98 Left 0.005 0.01 0.001 -0.038664430226460766 -0.6840313618855786 0.005023465622008767 0.0014539749595190265
-0.02259064016899754 -0.6822703823150357 3 nil_vol 0.6 nil_bias 0.98 Left 0.005 0.01 0.001 -0.03789225170554128 -0.6866992291885862 0.01530161153654374 0.004428846873550522
-0.03141956398614693 -0.7314804288257398 3 nil_vol 0.6 nil_bias 0.98 Left 0.005 0.01 0.001 -0.025432490666383367 -0.7297475505017393 -0.005987073319763568 -0.0017328783240004994
-0.01096397706428196 -0.7797360872408904 3 nil_vol 0.6 nil_bias 0.98 Home 0.005 0.01 0.001 0.0 -0.75 -0.01096397706428196 -0.029736087240890365
-0.018306798907473644 -0.7611131244649169 4 nil_vol 0.6 nil_bias 0.98 Home 0.005 0.01 0.001 -0.016296111196041328 -0.7605541984543581 -0.0020106877114323177 -0.0005589260105587115
-0.07757899703854534 -0.5317438332059217 4 nil_vol 0.6 nil_bias 0.98 Home 0.005 0.01 0.001 -0.07973375106020335 -0.53234280641405 0.0021547540216579997 0.0005989732081282405
-0.12530547522964816 -0.3346628246294424 4 nil_vol 0.6 nil_bias 0.98 Home 0.005 0.01 0.001 -0.1340116087344305 -0.33708293414697316 0.008706133504782321 0.0024201095175307706
-0.15838578170514125 -0.25878316478935837 4 nil_vol 0.6 nil_bias 0.98 Home 0.005 0.01 0.001 -0.15596429724827784 -0.25811004651275615 -0.0024214844568634167 -0.0006731182766022272
-0.21008440966549005 -0.11966955555174591 4 nil_vol 0.6 nil_bias 0.98 Home 0.005 0.01 0.001 -0.19556925162187183 -0.11563466772116904 -0.014515158043618222 -0.004034887830576875
-0.27441069435127935 0.14789196291890178 4 nil_vol 0.6 nil_bias 0.98 Home 0.005 0.01 0.001 -0.269224480941808 0.149333613730403 -0.005186213409471327 -0.0014416508115012053
-0.30169167202186975 0.27239473875106684 4 nil_vol 0.6 nil_bias 0.98 Home 0.005 0.01 0.001 -0.30330782626139247 0.27194548418189235 0.0016161542395227194 0.0004492545691744973
-0.3331141123265161 0.3791710059547517 4 nil_vol 0.6 nil_bias 0.98 Left 0.005 0.01 0.001 -0.4 0.35 0.06688588767348393 0.02917100595475173
-0.2781644092311871 0.22202938785452433 5 nil_vol 0.6 nil_bias 0.98 Left 0.005 0.01 0.001 -0.2899562762252834 0.21885496158264406 0.011791866994096312 0.0031744262718802867
-0.15494563076443424 -0.3244205346816381 5 nil_vol 0.6 nil_bias 0.98 Left 0.005 0.01 0.001 -0.14446359313275595 -0.3215987206586767 -0.010482037631678294 -0.0028218140229614623
-0.09878570171831708 -0.5055217410878261 5 nil_vol 0.6 nil_bias 0.98 Left 0.005 0.01 0.001 -0.09520979761102882 -0.5045590908179762 -0.0035759041072882546 -0.0009626502698498588
-0.08935902301959678 -0.580531492650522 5 nil_vol 0.6 nil_bias 0.98 Left 0.005 0.01 0.001 -0.07574434046225714 -0.5768663558223194 -0.013614682557339629 -0.0036651368282026105
-0.07606820683414654 -0.6201339425193657 5 nil_vol 0.6 nil_bias 0.98 Left 0.005 0.01 0.001 -0.06490547798483526 -0.6171288832066317 -0.011162728849311283 -0.0030050593127339945
-0.03526445910647336 -0.7393099937286508 5 nil_vol 0.6 nil_bias 0.98 Left 0.005 0.01 0.001 -0.032233409858072104 -0.7384940209594273 -0.00303104924840126 -0.0008159727692235
-0.04556095570383563 -0.7632104023402517 5 nil_vol 0.6 nil_bias 0.98 Left 0.005 0.01 0.001 -0.02692986076348819 -0.7581948236127996 -0.01863109494034744 -0.005015578727452168
-0.023823807409555912 -0.7697327094823117 5 nil_vol 0.6 nil_bias 0.98 Home 0.005 0.01 0.001 0.0 -0.75 -0.023823807409555912 -0.01973270948231164
-0.054031615486742 -0.7210955576697281 6 nil_vol 0.6 nil_bias 0.98 Home 0.005 0.01 0.001 -0.03928698796237386 -0.7167891100528255 -0.01474462752436814 -0.00430644761690255
-0.09961902229759381 -0.5165371839996664 6 nil_vol 0.6 nil_bias 0.98 Home 0.005 0.01 0.001 -0.09791934398107713 -0.5160407607686579 -0.0016996783165166875 -0.0004964232310085362
-0.11449197662708048 -0.454117137365168 6 nil_vol 0.6 nil_bias 0.98 Home 0.005 0.01 0.001 -0.1158863634126957 -0.45452439442473286 0.0013943867856152242 0.0004072570595648477
-0.1372091671871981 -0.3670165132918137 6 nil_vol 0.6 nil_bias 0.98 Home 0.005 0.01 0.001 -0.14111178673792593 -0.36815634721682355 0.0039026195507278214 0.0011398339250098717
-0.20485757019077652 -0.17672324431123712 6 nil_vol 0.6 nil_bias 0.98 Home 0.005 0.01 0.001 -0.19763920592412212 -0.17461498436755973 -0.007218364266654388 -0.002108259943677379
-0.24640192875443456 -0.022329383126681392 6 nil_vol 0.6 nil_bias 0.98 Home 0.005 0.01 0.001 -0.24245388391761794 -0.021176281886868153 -0.003948044836816615 -0.00115310123981324
-0.3282251564819928 0.2744158971105811 6 nil_vol 0.6 nil_bias 0.98 Home 0.005 0.01 0.001 -0.3287430016113942 0.2742646506365858 0.000517845129401412 0.00015124647399533884
-0.34335978943530476 0.3243103289400632 6 nil_vol 0.6 nil_bias 0.98 Left 0.005 0.01 0.001 -0.4 0.35 0.05664021056469528 -0.025689671059936775
-0.2395981288385946 0.08269752686711097 7 nil_vol 0.6 nil_bias 0.98 Left 0.005 0.01 0.001 -0.2505185622486076 0.07857173441214907 0.010920433410012965 0.00412579245496191
-0.19854385031608382 -0.03812293037701423 7 nil_vol 0.6 nil_bias 0.98 Left 0.005 0.01 0.001 -0.20544562021728205 -0.04073045236035766 0.006901769901198235 0.002607521983343432
-0.18465528053497762 -0.1075075403797273 7 nil_vol 0.6 nil_bias 0.98 Left 0.005 0.01 0.001 -0.1807712997991474 -0.10604015370985276 -0.0038839807358301997 -0.001467386669874545
-0.1197543296813684 -0.24734697379940798 7 nil_vol 0.6 nil_bias 0.98 Left 0.005 0.01 0.001 -0.1264317846225185 -0.24986974850808252 0.0066774549411501025 0.002522774708674544
-0.10195727527006829 -0.27880256857625463 7 nil_vol 0.6 nil_bias 0.98 Left 0.005 0.01 0.001 -0.11380913300226195 -0.2832802576360983 0.011851857732193658 0.004477689059843689
-0.08141597165914609 -0.32230411130023673 7 nil_vol 0.6 nil_bias 0.98 Left 0.005 0.01 0.001 -0.09686114319082861 -0.32813937165836315 0.01544517153168253 0.005835260358126447
-0.03515754101472609 -0.49284349505307323 7 nil_vol 0.6 nil_bias 0.98 Left 0.005 0.01 0.001 -0.034700383418975245 -0.4926707787067103 -0.00045715759575084414 -0.00017271634636295267
0.04453774278136646 -0.7024037427738581 7 nil_vol 0.6 nil_bias 0.98 Home 0.005 0.01 0.001 0.0 -0.75 0.04453774278136646 0.04759625722614192
0.05830283254703515 -0.6859647443125555 8 nil_vol 0.6 nil_bias 0.98 Home 0.005 0.01 0.001 0.04073021848482918 -0.6949917165193215 0.01757261406220597 0.009026972206765951
-0.1867036578760818 -0.23356758263581406 8 nil_vol 0.6 nil_bias 0.98 Home 0.005 0.01 0.001 -0.19429740653637778 -0.23746845690864565 0.007593748660295965 0.003900874272831588
-0.20260404354801975 -0.20850838028319335 8 nil_vol 0.6 nil_bias 0.98 Home 0.005 0.01 0.001 -0.2078023276697903 -0.21117871527854376 0.005198284121770538 0.002670334995350414
-0.26287700413611786 -0.12374865369250143 8 nil_vol 0.6 nil_bias 0.98 Home 0.005 0.01 0.001 -0.2548365053090323 -0.11961828588360846 -0.008040498827085556 -0.0041303678088929745
-0.34166795470053646 0.07472452020283234 8 nil_vol 0.6 nil_bias 0.98 Home 0.005 0.01 0.001 -0.3519549583292663 0.06944013305822627 0.010287003628729864 0.005284387144606064
-0.34359931479124356 0.0831545852742379 8 nil_vol 0.6 nil_bias 0.98 Home 0.005 0.01 0.001 -0.3557845369006 0.07689509189863353 0.012185222109356438 0.0062594933756043745
-0.43693598571508013 0.21842232040372256 8 nil_vol 0.6 nil_bias 0.98 Home 0.005 0.01 0.001 -0.43025059419636946 0.22185657572948791 -0.0066853915187106904 -0.0034342553257653654
-0.4611457188162385 0.28199945519263625 8 nil_vol 0.6 nil_bias 0.98 Left 0.005 0.01 0.001 -0.4 0.35 -0.06114571881623849 -0.0680005448073637
-0.4502187473116756 0.23479064545131997 9 nil_vol 0.6 nil_bias 0.98 Left 0.005 0.01 0.001 -0.44180930818239267 0.23853152694132373 -0.00840943912928296 -0.0037408814900037513
-0.4112587094551893 0.1847374601607004 9 nil_vol 0.6 nil_bias 0.98 Left 0.005 0.01 0.001 -0.4167856787042372 0.18227882568559167 0.005526969249047915 0.0024586344751087127
-0.3938283407376048 0.15949410436138325 9 nil_vol 0.6 nil_bias 0.98 Left 0.005 0.01 0.001 -0.40453196070292646 0.15473267221487094 0.010703619965321648 0.004761432146512307
-0.37623273935103985 0.11203866167134759 9 nil_vol 0.6 nil_bias 0.98 Left 0.005 0.01 0.001 -0.384002332685375 0.10858241120773918 0.007769593334335156 0.0034562504636084074
-0.26316386467251623 -0.19523839936505208 9 nil_vol 0.6 nil_bias 0.98 Left 0.005 0.01 0.001 -0.2512143564150446 -0.18992274233159256 -0.011949508257471644 -0.005315657033459519
-0.02717665775698818 -0.6916228338744352 9 nil_vol 0.6 nil_bias 0.98 Left 0.005 0.01 0.001 -0.02789445906471144 -0.6919421428776019 0.0007178013077232598 0.00031930900316670544
-0.03254937475988965 -0.7248675820579494 9 nil_vol 0.6 nil_bias 0.98 Left 0.005 0.01 0.001 -0.016436337954257585 -0.7176998078214912 -0.016113036805632065 -0.007167774236458235
-0.009573819606445115 -0.733126634486203 9 nil_vol 0.6 nil_bias 0.98 Home 0.005 0.01 0.001 0.0 -0.75 -0.009573819606445115 0.016873365513797065
-0.06841833274681439 -0.620328255160217 10 nil_vol 0.6 nil_bias 0.98 Home 0.005 0.01 0.001 -0.060692499961419906 -0.6169294267015797 -0.0077258327853944745 -0.0033988284586372614
-0.10234337553401633 -0.546530552203864 10 nil_vol 0.6 nil_bias 0.98 Home 0.005 0.01 0.001 -0.0933949664300464 -0.5425938752957644 -0.008948409103969934 -0.0039366769080996684
-0.10425033158577143 -0.541138452229685 10 nil_vol 0.6 nil_bias 0.98 Home 0.005 0.01 0.001 -0.09569168149158842 -0.537373242146104 -0.00855865009418301 -0.003765210083580965
-0.12953094331518109 -0.4553593469986838 10 nil_vol 0.6 nil_bias 0.98 Home 0.005 0.01 0.001 -0.13140867143382182 -0.45618541662049655 0.0018777281186407222 0.0008260696218127671
-0.15596747114179768 -0.3928865312559472 10 nil_vol 0.6 nil_bias 0.98 Home 0.005 0.01 0.001 -0.15872255745079547 -0.3940985773891131 0.002755086308997781 0.0012120461331658796
-0.17963815528928107 -0.36848517346863197 10 nil_vol 0.6 nil_bias 0.98 Home 0.005 0.01 0.001 -0.1715550630514455 -0.3649291757276916 -0.008083092237835557 -0.0035559977409403234
-0.3677816092059447 0.03729223060396944 10 nil_vol 0.6 nil_bias 0.98 Home 0.005 0.01 0.001 -0.3516303654462027 0.0443976532111966 -0.016151243759742025 -0.007105422607227159
-0.44536384613094043 0.2574620096434826 10 nil_vol 0.6 nil_bias 0.98 Left 0.005 0.01 0.001 -0.4 0.35 -0.0453638461309404 -0.09253799035651739
-0.33179382241991007 0.03769577121835606 11 nil_vol 0.6 nil_bias 0.98 Left 0.005 0.01 0.001 -0.3447240092320124 0.03192599691015591 0.01293018681210234 0.0057697743082001495
-0.33536327408076144 -0.018553157366099676 11 nil_vol 0.6 nil_bias 0.98 Left 0.005 0.01 0.001 -0.32438491788563995 -0.013654338931272825 -0.010978356195121497 -0.00489881843482685
-0.2705200539378977 -0.12476320989019714 11 nil_vol 0.6 nil_bias 0.98 Left 0.005 0.01 0.001 -0.2740937618294913 -0.12635788816341664 0.003573707891593624 0.0015946782732195082
-0.20777427364063086 -0.27931860997148167 11 nil_vol 0.6 nil_bias 0.98 Left 0.005 0.01 0.001 -0.2061602274718036 -0.278598382007843 -0.0016140461688272584 -0.0007202279636386964
-0.19546228300949517 -0.3059358405550254 11 nil_vol 0.6 nil_bias 0.98 Left 0.005 0.01 0.001 -0.19421076482299504 -0.3053773816879071 -0.0012515181865001377 -0.000558458867118229
-0.14673470434405467 -0.46301808918658566 11 nil_vol 0.6 nil_bias 0.98 Left 0.005 0.01 0.001 -0.1276646824475775 -0.4545085661615878 -0.019070021896477173 -0.00850952302499784
-0.09801207505790518 -0.5393528658757499 11 nil_vol 0.6 nil_bias 0.98 Left 0.005 0.01 0.001 -0.0911678285860772 -0.5362987910950838 -0.00684424647182799 -0.0030540747806660612
0.007821574442168517 -0.7581361464582922 11 nil_vol 0.6 nil_bias 0.98 Home 0.005 0.01 0.001 0.0 -0.75 0.007821574442168517 -0.008136146458292142
0.01846991092575989 -0.7009674062163376 12 nil_vol 0.6 nil_bias 0.98 Home 0.005 0.01 0.001 0.020588421491647885 -0.7014444905408239 -0.0021185105658879937 0.00047708432448635116
0.07758392578882714 -0.444974239510289 12 nil_vol 0.6 nil_bias 0.98 Home 0.005 0.01 0.001 0.07830827230522502 -0.4451373608909581 -0.0007243465163978891 0.00016312138066910132
0.12595277745624758 -0.23409726600014294 12 nil_vol 0.6 nil_bias 0.98 Home 0.005 0.01 0.001 0.12583980700692357 -0.23407182528185222 0.00011297044932401706 -2.5440718290719052e-05
0.13170796513815713 -0.2123780627579134 12 nil_vol 0.6 nil_bias 0.98 Home 0.005 0.01 0.001 0.13077263330157624 -0.21216742790689547 0.0009353318365808862 -0.00021063485101794992
0.18460889846970013 0.056811846587644516 12 nil_vol 0.6 nil_bias 0.98 Home 0.005 0.01 0.001 0.1910210394945444 0.05536784530740224 -0.0064121410248442635 0.0014440012802422728
0.23538490404666543 0.29126871591910075 12 nil_vol 0.6 nil_bias 0.98 Home 0.005 0.01 0.001 0.24372260258540618 0.2893910829541414 -0.00833769853874075 0.0018776329649593424
0.2598505142066479 0.33732365566966105 12 nil_vol 0.6 nil_bias 0.98 Home 0.005 0.01 0.001 0.2547743547291221 0.3384667965887177 0.005076159477525828 -0.0011431409190566378
0.26362332527832183 0.37776097718434887 12 nil_vol 0.6 nil_bias 0.98 Right 0.005 0.01 0.001 0.4 0.35 -0.1363766747216782 0.02776097718434887
0.20007891828093305 0.15508956455682185 13 nil_vol 0.6 nil_bias 0.98 Right 0.005 0.01 0.001 0.2143427237433311 0.15197629353242972 -0.014263805462398065 0.003113271024392129
0.17363827988252253 -0.12695534618883084 13 nil_vol 0.6 nil_bias 0.98 Right 0.005 0.01 0.001 0.15437953871298965 -0.12275186199189381 0.01925874116953289 -0.004203484196937042
0.12907957810893766 -0.2166380771336554 13 nil_vol 0.6 nil_bias 0.98 Right 0.005 0.01 0.001 0.13366895217227673 -0.21763977091931141 -0.004589374063339064 0.0010016937856560017
0.09282000467059671 -0.3206228538526047 13 nil_vol 0.6 nil_bias 0.98 Right 0.005 0.01 0.001 0.11035608103436842 -0.3244503428469533 -0.017536076363771705 0.003827488994348607
0.10061803461179361 -0.32536377909369285 13 nil_vol 0.6 nil_bias 0.98 Right 0.005 0.01 0.001 0.10972296105610388 -0.32735105407111864 -0.009104926444310265 0.0019872749774257777
0.0946875347033832 -0.507773377776255 13 nil_vol 0.6 nil_bias 0.98 Right 0.005 0.01 0.001 0.0714503152017345 -0.5027015361591891 0.02323721950164869 -0.005071841617065911
0.01788949133700228 -0.7121639072595739 13 nil_vol 0.6 nil_bias 0.98 Right 0.005 0.01 0.001 0.025375648689077296 -0.7137978636977556 -0.0074861573520750135 0.0016339564381816036
0.011474564741385517 -0.7774872616309325 13 nil_vol 0.6 nil_bias 0.98 Home 0.005 0.01 0.001 0.0 -0.75 0.011474564741385517 -0.02748726163093249
0.010326066955242939 -0.7752154420378711 14 nil_vol 0.6 nil_bias 0.98 Home 0.005 0.01 0.001 0.010287009506727427 -0.77523604551396 3.905744851551109e-05 2.0603476088897613e-05
-0.01679619181854702 -0.7135038968495826 14 nil_vol 0.6 nil_bias 0.98 Home 0.005 0.01 0.001 -0.021084448870344795 -0.7157660262253577 0.004288257051797775 0.002262129375775121
-0.15617128578527606 -0.49947448875982375 14 nil_vol 0.6 nil_bias 0.98 Home 0.005 0.01 0.001 -0.13975123583431526 -0.4908126298980302 -0.016420049950960795 -0.008661858861793551
-0.2603927464118248 -0.26647303572087055 14 nil_vol 0.6 nil_bias 0.98 Home 0.005 0.01 0.001 -0.25859460760457964 -0.2655244865624461 -0.0017981388072451853 -0.0009485491584244685
-0.4144296982776334 0.016112015810905312 14 nil_vol 0.6 nil_bias 0.98 Home 0.005 0.01 0.001 -0.4087446982445676 0.019110951140747345 -0.0056850000330657575 -0.002998935329842033
-0.44414686573321344 0.08287988298031031 14 nil_vol 0.6 nil_bias 0.98 Home 0.005 0.01 0.001 -0.44276769489635204 0.0836074193258679 -0.0013791708368614108 -0.0007275363455575985
-0.47056388175300595 0.12921397587251693 14 nil_vol 0.6 nil_bias 0.98 Home 0.005 0.01 0.001 -0.4676396711171772 0.1307565472949761 -0.0029242106358287586 -0.0015425714224591744
-0.5636657236516642 0.3127905199523619 14 nil_vol 0.6 nil_bias 0.98 Left 0.005 0.01 0.001 -0.4 0.35 -0.16366572365166415 -0.037209480047638084
-0.5635197734508691 0.27517697090812043 15 nil_vol 0.6 nil_bias 0.98 Left 0.005 0.01 0.001 -0.5480472362199745 0.2833989856479499 -0.015472537230894588 -0.008222014739829468
-0.5486707573876535 0.2650588848370345 15 nil_vol 0.6 nil_bias 0.98 Left 0.005 0.01 0.001 -0.5405847416349945 0.2693557457663529 -0.008086015752658968 -0.004296860929318403
-0.3359615860085771 -0.13810577396470197 15 nil_vol 0.6 nil_bias 0.98 Left 0.005 0.01 0.001 -0.32668236438912474 -0.13317485049748012 -0.009279221619452395 -0.004930923467221847
-0.33058129394251906 -0.13976298700713274 15 nil_vol 0.6 nil_bias 0.98 Left 0.005 0.01 0.001 -0.32481090746683955 -0.13669663777497087 -0.005770386475679497 -0.003066349232161862
-0.23693279059631298 -0.3058407106361307 15 nil_vol 0.6 nil_bias 0.98 Left 0.005 0.01 0.001 -0.2353700375867266 -0.30501027293300625 -0.0015627530095863775 -0.000830437703124477
-0.23651879766081468 -0.31759835682550636 15 nil_vol 0.6 nil_bias 0.98 Left 0.005 0.01 0.001 -0.23040672839780307 -0.3143504393817534 -0.00611206926301162 -0.0032479174437529935
-0.16143971089824052 -0.4222957383586442 15 nil_vol 0.6 nil_bias 0.98 Left 0.005 0.01 0.001 -0.1704897017440437 -0.4271048499490135 0.009049990845803185 0.004809111590369291
-0.00041176637643653124 -0.7471647465071123 15 nil_vol 0.6 nil_bias 0.98 Home 0.005 0.01 0.001 0.0 -0.75 -0.00041176637643653124 0.002835253492887739
-0.011014091373624139 -0.6933518216026208 16 nil_vol 0.6 nil_bias 0.98 Home 0.005 0.01 0.001 -0.017863726910064368 -0.6956733668770028 0.006849635536440228 0.002321545274381986
-0.060936941765550125 -0.6016298637721749 16 nil_vol 0.6 nil_bias 0.98 Home 0.005 0.01 0.001 -0.05089178875229572 -0.598225262551526 -0.010045153013254406 -0.003404601220648936
-0.12405601218332647 -0.38021938043118775 16 nil_vol 0.6 nil_bias 0.98 Home 0.005 0.01 0.001 -0.12470582243863934 -0.38043962045993684 0.000649810255312867 0.00022024002874911246
-0.15340866364777378 -0.2748461201360698 16 nil_vol 0.6 nil_bias 0.98 Home 0.005 0.01 0.001 -0.1597644864942902 -0.2770002975978691 0.006355822846516428 0.002154177461799326
-0.198603183607762 -0.19078342902247486 16 nil_vol 0.6 nil_bias 0.98 Home 0.005 0.01 0.001 -0.18997688090877415 -0.1878597183871158 -0.008626302698987842 -0.0029237106353590804
-0.2713188220124415 0.02516948856961453 16 nil_vol 0.6 nil_bias 0.98 Home 0.005 0.01 0.001 -0.2631205772716705 0.0279481176273082 -0.008198244740771042 -0.002778629057693669
-0.37325824498942684 0.31698324168914727 16 nil_vol 0.6 nil_bias 0.98 Home 0.005 0.01 0.001 -0.3623376642111697 0.32068455142517527 -0.010920580778257116 -0.0037013097360279958
-0.408438512708527 0.45670344091748016 16 nil_vol 0.6 nil_bias 0.98 Left 0.005 0.01 0.001 -0.4 0.35 -0.00843851270852699 0.10670344091748019
-0.4130526003847981 0.42965059601257066 17 nil_vol 0.6 nil_bias 0.98 Left 0.005 0.01 0.001 -0.40095073072609966 0.43356723476412007 -0.01210186965869839 -0.003916638751549414
-0.38336865970657785 0.38699568309494503 17 nil_vol 0.6 nil_bias 0.98 Left 0.005 0.01 0.001 -0.38564040566535523 0.3862604571747561 0.0022717459587773647 0.0007352259201889455
-0.31615977717290594 0.16195424381514076 17 nil_vol 0.6 nil_bias 0.98 Left 0.005 0.01 0.001 -0.3133413437059971 0.16286639921314777 -0.002818433466908879 -0.0009121553980070175
-0.2610525582626554 -0.03812873296192216 17 nil_vol 0.6 nil_bias 0.98 Left 0.005 0.01 0.001 -0.24950135092315562 -0.03439031009264687 -0.011551207339499757 -0.0037384228692752862
-0.24955579485750695 -0.04412311474204319 17 nil_vol 0.6 nil_bias 0.98 Left 0.005 0.01 0.001 -0.24665524463677033 -0.04318438314802153 -0.0029005502207366286 -0.0009387315940216587
-0.08652345975711857 -0.5216168138833335 17 nil_vol 0.6 nil_bias 0.98 Left 0.005 0.01 0.001 -0.09131400863239258 -0.523167223026321 0.004790548875274013 0.0015504091429875545
-0.08471435768743 -0.5418875975923907 17 nil_vol 0.6 nil_bias 0.98 Left 0.005 0.01 0.001 -0.0852040691111382 -0.5420460873789497 0.0004897114237081998 0.00015848978655900198
-0.011257261551523786 -0.7705314503472059 17 nil_vol 0.6 nil_bias 0.98 Home 0.005 0.01 0.001 0.0 -0.75 -0.011257261551523786 -0.020531450347205896
-0.07191058237438235 -0.5204475623560243 18 nil_vol 0.6 nil_bias 0.98 Home 0.005 0.01 0.001 -0.08364578883183335 -0.5238918359569434 0.011735206457451 0.0034442736009191364
-0.14630832138714187 -0.30173426275700177 18 nil_vol 0.6 nil_bias 0.98 Home 0.005 0.01 0.001 -0.14864736726591157 -0.3024207708300208 0.0023390458787697133 0.0006865080730190354
-0.15310749238479932 -0.185776971447057 18 nil_vol 0.6 nil_bias 0.98 Home 0.005 0.01 0.001 -0.18052079727047943 -0.19382275425233064 0.027413304885680122 0.008045782805273655
-0.18741326161554142 -0.13264231336663537 18 nil_vol 0.6 nil_bias 0.98 Home 0.005 0.01 0.001 -0.19759972696540506 -0.13563203270548319 0.010186465349863652 0.002989719338847805
-0.1981618755120236 -0.07916174807098013 18 nil_vol 0.6 nil_bias 0.98 Home 0.005 0.01 0.001 -0.212903813142706 -0.0834884948386535 0.014741937630682397 0.00432674676767337
-0.2601379778209616 0.0861165430627375 18 nil_vol 0.6 nil_bias 0.98 Home 0.005 0.01 0.001 -0.26248092860840677 0.08542888890218148 0.002342950787445185 0.0006876541605560285
-0.2864634482422984 0.139076985956788 18 nil_vol 0.6 nil_bias 0.98 Home 0.005 0.01 0.001 -0.2788798650111324 0.14130276149965404 -0.007583583231166021 -0.0022257755428660496
-0.3424250378576772 0.35781161333117273 18 nil_vol 0.6 nil_bias 0.98 Left 0.005 0.01 0.001 -0.4 0.35 0.05757496214232281 0.007811613331172771
-0.26999337244277577 0.1704262292386629 19 nil_vol 0.6 nil_bias 0.98 Left 0.005 0.01 0.001 -0.28087433576506277 0.16691783345764546 0.010880963322287024 0.003508395781017429
-0.26275154413881713 0.09881584355036964 19 nil_vol 0.6 nil_bias 0.98 Left 0.005 0.01 0.001 -0.25927713177096656 0.099936113266555 -0.0034744123678505582 -0.0011202697161853488
-0.16050723526528138 -0.21594869333541172 19 nil_vol 0.6 nil_bias 0.98 Left 0.005 0.01 0.001 -0.15771529638727877 -0.21504847648049596 -0.002791938878002621 -0.0009002168549157569
-0.14645656316101172 -0.2419835162292617 19 nil_vol 0.6 nil_bias 0.98 Left 0.005 0.01 0.001 -0.14878811822382923 -0.24273528955146784 0.0023315550628175163 0.0007517733222061333
-0.12009395811427082 -0.34984910374095457 19 nil_vol 0.6 nil_bias 0.98 Left 0.005 0.01 0.001 -0.11480120569700622 -0.3481425388256344 -0.005292752417264589 -0.0017065649153201932
-0.07514052934766018 -0.45530452831868584 19 nil_vol 0.6 nil_bias 0.98 Left 0.005 0.01 0.001 -0.07976747004368634 -0.45679641269841775 0.004626940696026157 0.0014918843797319264
-0.0456122870434466 -0.4928452080587716 19 nil_vol 0.6 nil_bias 0.98 Left 0.005 0.01 0.001 -0.0660222075177308 -0.4994260664590763 0.0204099204742842 0.006580858400304703
0.002849587610778137 -0.7130255357059724 19 nil_vol 0.6 nil_bias 0.98 Home 0.005 0.01 0.001 0.0 -0.75 0.002849587610778137 0.036974464294027586
-0.025700470927770964 -0.5986208924950895 20 nil_vol 0.6 nil_bias 0.98 Home 0.005 0.01 0.001 -0.021558182749008243 -0.5977438751262998 -0.004142288178762722 -0.0008770173687897561
-0.04087177843029275 -0.5683919269722477 20 nil_vol 0.6 nil_bias 0.98 Home 0.005 0.01 0.001 -0.028334659441599554 -0.5657375314707372 -0.012537118988693198 -0.0026543955015104776
-0.046819540007391656 -0.5104829704954479 20 nil_vol 0.6 nil_bias 0.98 Home 0.005 0.01 0.001 -0.04032446864842867 -0.5091078149902023 -0.00649507135896299 -0.0013751555052456243
-0.09983560867876677 -0.22762304632544192 20 nil_vol 0.6 nil_bias 0.98 Home 0.005 0.01 0.001 -0.09991757299041405 -0.2276404000492374 8.196431164727972e-05 1.7353723795487404e-05
-0.14877888309801457 -0.018731276606011205 20 nil_vol 0.6 nil_bias 0.98 Home 0.005 0.01 0.001 -0.14434708601558735 -0.01779296356536675 -0.004431797082427222 -0.0009383130406444571
-0.1877332910066004 0.11549538986065723 20 nil_vol 0.6 nil_bias 0.98 Home 0.005 0.01 0.001 -0.17321795898906225 0.11856861841061617 -0.01451533201753817 -0.0030732285499589424
-0.22245456334407918 0.34087743546433324 20 nil_vol 0.6 nil_bias 0.98 Home 0.005 0.01 0.001 -0.2203788778721426 0.34131690566352557 -0.0020756854719365756 -0.00043947019919234244
-0.22343547914482687 0.3557537044882775 20 nil_vol 0.6 nil_bias 0.98 Left 0.005 0.01 0.001 -0.4 0.35 0.17656452085517316 0.0057537044882775236
-0.18460610059507007 0.21187116120651217 21 nil_vol 0.6 nil_bias 0.98 Left 0.005 0.01 0.001 -0.19291535533290285 0.21012969369709764 0.008309254737832788 0.0017414675094145453
-0.15305833373824815 0.027667848894286008 21 nil_vol 0.6 nil_bias 0.98 Left 0.005 0.01 0.001 -0.15460668607132028 0.02734334262191307 0.0015483523330721187 0.00032450627237293927
-0.12137139992723321 -0.16274096529608495 21 nil_vol 0.6 nil_bias 0.98 Left 0.005 0.01 0.001 -0.11504632444193233 -0.16141534539396618 -0.006325075485300878 -0.0013256199021187806
-0.10913689901057888 -0.19354572110791096 21 nil_vol 0.6 nil_bias 0.98 Left 0.005 0.01 0.001 -0.10834707897777715 -0.1933801893040602 -0.0007898200328017359 -0.00016553180385076217
-0.049282794031039995 -0.5032305429812791 21 nil_vol 0.6 nil_bias 0.98 Left 0.005 0.01 0.001 -0.04365530786213165 -0.5020511250151632 -0.005627486168908344 -0.0011794179661158955
-0.018923865075820417 -0.5446334399205867 21 nil_vol 0.6 nil_bias 0.98 Left 0.005 0.01 0.001 -0.03406573628018203 -0.5478068986200865 0.01514187120436161 0.003173458699499805
0.011401535539460798 -0.7145084850475241 21 nil_vol 0.6 nil_bias 0.98 Left 0.005 0.01 0.001 0.0013149108187880398 -0.7166224567314985 0.010086624720672758 0.002113971683974464
0.008367959174714895 -0.7502754391447916 21 nil_vol 0.6 nil_bias 0.98 Home 0.005 0.01 0.001 0.0 -0.75 0.008367959174714895 -0.0002754391447915238
-0.01657251365667606 -0.6805269220228753 22 nil_vol 0.6 nil_bias 0.98 Home 0.005 0.01 0.001 -0.016266851660757718 -0.6804191303919764 -0.00030566199591834344 -0.00010779163089887631
-0.036098178245318725 -0.6024656859959666 22 nil_vol 0.6 nil_bias 0.98 Home 0.005 0.01 0.001 -0.04290998637028641 -0.6048678685275386 0.0068118081249676846 0.002402182531572022
-0.1523141029546471 -0.2977915096343961 22 nil_vol 0.6 nil_bias 0.98 Home 0.005 0.01 0.001 -0.15132357583118333 -0.2974422004775055 -0.0009905271234637557 -0.00034930915689058783
-0.18299894840339315 -0.22840402572650137 22 nil_vol 0.6 nil_bias 0.98 Home 0.005 0.01 0.001 -0.17648051622979447 -0.22610530215511038 -0.006518432173598693 -0.0022987235713909826
-0.17635373494081094 -0.22396291652367833 22 nil_vol 0.6 nil_bias 0.98 Home 0.005 0.01 0.001 -0.1771384405695774 -0.22423964277892028 0.000784705628766451 0.0002767262552419518
-0.18317648152430638 -0.21798281186414012 22 nil_vol 0.6 nil_bias 0.98 Home 0.005 0.01 0.001 -0.17976870760909827 -0.2167810611952311 -0.0034077739152081187 -0.0012017506689090095
-0.2515522593871 -0.03596225409479152 22 nil_vol 0.6 nil_bias 0.98 Home 0.005 0.01 0.001 -0.24442124371093543 -0.033447503095440645 -0.007131015676164613 -0.002514750999350874
-0.3549683599616264 0.28002815280128807 22 nil_vol 0.6 nil_bias 0.98 Left 0.005 0.01 0.001 -0.4 0.35 0.04503164003837362 -0.06997184719871193
-0.2395473294062039 -0.04300997394522756 23 nil_vol 0.6 nil_bias 0.98 Left 0.005 0.01 0.001 -0.2404669100431121 -0.04333559274972143 0.0009195806369081845 0.00032561880449386477
-0.22960975316503476 -0.06478301517524354 23 nil_vol 0.6 nil_bias 0.98 Left 0.005 0.01 0.001 -0.23250897382045804 -0.06580961439437988 0.0028992206554232657 0.0010265992191363425
-0.20752947419305753 -0.10618648814905841 23 nil_vol 0.6 nil_bias 0.98 Left 0.005 0.01 0.001 -0.21702157878448164 -0.10954759388045154 0.009492104591424104 0.003361105731393127
-0.1566940000902243 -0.280727245267093 23 nil_vol 0.6 nil_bias 0.98 Left 0.005 0.01 0.001 -0.1564396323868211 -0.28063717496313084 -0.00025436770340319135 -9.00703039621168e-05
-0.06532610012462216 -0.5362457641892346 23 nil_vol 0.6 nil_bias 0.98 Left 0.005 0.01 0.001 -0.06586266133847318 -0.5364357577732441 0.0005365612138510315 0.00018999358400952727
-0.054375298172529375 -0.6198025819364561 23 nil_vol 0.6 nil_bias 0.98 Left 0.005 0.01 0.001 -0.0383519530491071 -0.6141287973071672 -0.016023345123422274 -0.005673784629288904
0.019370386813086938 -0.7414051286313352 23 nil_vol 0.6 nil_bias 0.98 Left 0.005 0.01 0.001 0.008125824588443187 -0.7453867706556343 0.011244562224643751 0.003981642024299112
0.017432209753537674 -0.7716689493238251 23 nil_vol 0.6 nil_bias 0.98 Home 0.005 0.01 0.001 0.0 -0.75 0.017432209753537674 -0.021668949323825095
0.002846649117557427 -0.6978765198097239 24 nil_vol 0.6 nil_bias 0.98 Home 0.005 0.01 0.001 -0.005671607719749734 -0.7006475765123614 0.008518256837307161 0.002771056702637553
-0.12095075037572942 -0.33481892021291004 24 nil_vol 0.6 nil_bias 0.98 Home 0.005 0.01 0.001 -0.12432183360687732 -0.33591556040130033 0.003371083231147899 0.0010966401883902952
-0.18885659891896453 -0.19065051942117409 24 nil_vol 0.6 nil_bias 0.98 Home 0.005 0.01 0.001 -0.1732312622543445 -0.18556747312162725 -0.015625336664620043 -0.0050830462995468334
-0.2165098072091847 -0.07370730128389706 24 nil_vol 0.6 nil_bias 0.98 Home 0.005 0.01 0.001 -0.21027958119705614 -0.07168055920748495 -0.006230226012128542 -0.0020267420764121173
-0.20174250604135935 -0.06528809950987756 24 nil_vol 0.6 nil_bias 0.98 Home 0.005 0.01 0.001 -0.21134311246407264 -0.0684112531415606 0.009600606422713289 0.0031231536316830466
-0.22451611559620144 -0.030222737387614072 24 nil_vol 0.6 nil_bias 0.98 Home 0.005 0.01 0.001 -0.22383791151359195 -0.03000211220516591 -0.0006782040826095006 -0.0002206251824481636
-0.2385209190916323 -0.005015369899730961 24 nil_vol 0.6 nil_bias 0.98 Home 0.005 0.01 0.001 -0.2325935616944704 -0.003087153392757669 -0.005927357397161905 -0.0019282165069732923
-0.3716755263261476 0.4244522380033977 24 nil_vol 0.6 nil_bias 0.98 Left 0.005 0.01 0.001 -0.4 0.35 0.028324473673852456 0.07445223800339776
-0.3692551258182609 0.42277448553376845 25 nil_vol 0.6 nil_bias 0.98 Left 0.005 0.01 0.001 -0.37107611672760593 0.4222734988027335 0.0018209909093450135 0.0005009867310349574
-0.36406768191218947 0.34727955101838026 25 nil_vol 0.6 nil_bias 0.98 Left 0.005 0.01 0.001 -0.35140257665822383 0.3507639449529333 -0.012665105253965634 -0.003484393934552995
-0.31177632462360216 0.16312796616145414 25 nil_vol 0.6 nil_bias 0.98 Left 0.005 0.01 0.001 -0.30062467335350007 0.16619598219974385 -0.01115165127010209 -0.0030680160382897167
-0.2030219958422226 -0.17451928493398253 25 nil_vol 0.6 nil_bias 0.98 Left 0.005 0.01 0.001 -0.20661587188562158 -0.17550802364843054 0.003593876043398965 0.0009887387144480063
-0.14149830603007124 -0.37892155190749993 25 nil_vol 0.6 nil_bias 0.98 Left 0.005 0.01 0.001 -0.15000904549853755 -0.3812630065095609 0.008510739468466314 0.002341454602061002
-0.12320568083264212 -0.44676713577950955 25 nil_vol 0.6 nil_bias 0.98 Left 0.005 0.01 0.001 -0.13136976636100672 -0.4490132197658466 0.008164085528364605 0.0022460839863370553
-0.04328659358077261 -0.7836947159881074 25 nil_vol 0.6 nil_bias 0.98 Left 0.005 0.01 0.001 -0.03957398732832135 -0.7826733124981227 -0.0037126062524512594 -0.0010214034899847502
-0.0373632816429997 -0.7907088046715214 25 nil_vol 0.6 nil_bias 0.98 Home 0.005 0.01 0.001 0.0 -0.75 -0.0373632816429997 -0.04070880467152142
-0.0627668116269349 -0.6945934794427934 26 nil_vol 0.6 nil_bias 0.98 Home 0.005 0.01 0.001 -0.07283774875038017 -0.6984665541533431 0.010070937123445277 0.0038730747105498106
-0.10539416416078304 -0.643413356455746 26 nil_vol 0.6 nil_bias 0.98 Home 0.005 0.01 0.001 -0.09547685589224145 -0.6395993642342879 -0.009917308268541586 -0.003813992221458204
-0.12890164470291907 -0.5588306486407953 26 nil_vol 0.6 nil_bias 0.98 Home 0.005 0.01 0.001 -0.12684327382345464 -0.5580390416532365 -0.0020583708794644122 -0.0007916069875589177
-0.1596483450518605 -0.4526375449827456 26 nil_vol 0.6 nil_bias 0.98 Home 0.005 0.01 0.001 -0.16638252208741222 -0.4552273705821967 0.006734177035551718 0.002589825599451065
-0.2534884281269046 -0.23315648701070718 26 nil_vol 0.6 nil_bias 0.98 Home 0.005 0.01 0.001 -0.2520057010802608 -0.23258626076893718 -0.0014827270466437452 -0.0005702262417699923
-0.3270292832941318 -0.05683504820411644 26 nil_vol 0.6 nil_bias 0.98 Home 0.005 0.01 0.001 -0.3205537346982642 -0.05434468576850915 -0.006475548595867584 -0.002490362435607292
-0.45935985999045037 0.28215981233672405 26 nil_vol 0.6 nil_bias 0.98 Home 0.005 0.01 0.001 -0.45117672128417335 0.28530687871075777 -0.008183138706277023 -0.0031470663740337515
-0.4729899395590899 0.34202655651823477 26 nil_vol 0.6 nil_bias 0.98 Left 0.005 0.01 0.001 -0.4 0.35 -0.07298993955908989 -0.007973443481765199
-0.3745720857575357 0.113912757742229 27 nil_vol 0.6 nil_bias 0.98 Left 0.005 0.01 0.001 -0.3743084202183945 0.1140268759547455 -0.00026366553914120266 -0.00011411821251649603
-0.3529359673783236 0.10024373506460335 27 nil_vol 0.6 nil_bias 0.98 Left 0.005 0.01 0.001 -0.3659120867311174 0.09462748520971234 0.012976119352793806 0.005616249854891013
-0.31587122818923674 -0.006713633497405353 27 nil_vol 0.6 nil_bias 0.98 Left 0.005 0.01 0.001 -0.32107532794309285 -0.00896604222553099 0.005204099753856113 0.0022524087281256366
-0.27104100192797226 -0.09814524687804106 27 nil_vol 0.6 nil_bias 0.98 Left 0.005 0.01 0.001 -0.28067295710386075 -0.10231409469672681 0.009631955175888482 0.004168847818685752
-0.2563963669098344 -0.17540799517301528 27 nil_vol 0.6 nil_bias 0.98 Left 0.005 0.01 0.001 -0.250198001345011 -0.1727252539961236 -0.006198365564823396 -0.0026827411768916717
-0.07139019676183338 -0.5879613162521241 27 nil_vol 0.6 nil_bias 0.98 Left 0.005 0.01 0.001 -0.07062183639872838 -0.5876287589088639 -0.0007683603631049973 -0.0003325573432602056
-0.06862389156407088 -0.6324417105645679 27 nil_vol 0.6 nil_bias 0.98 Left 0.005 0.01 0.001 -0.053971042584080364 -0.6260997481704031 -0.014652848979990512 -0.006341962394164742
0.007285329544117214 -0.767630131681104 27 nil_vol 0.6 nil_bias 0.98 Home 0.005 0.01 0.001 0.0 -0.75 0.007285329544117214 -0.017630131681104007
-0.0668577106784576 -0.5979277707504163 28 nil_vol 0.6 nil_bias 0.98 Home 0.005 0.01 0.001 -0.05543274808879527 -0.5938055028335943 -0.011424962589662333 -0.004122267916821897
-0.09085416782601898 -0.5355979687839069 28 nil_vol 0.6 nil_bias 0.98 Home 0.005 0.01 0.001 -0.07809571351825478 -0.530994560549667 -0.012758454307764192 -0.004603408234239904
-0.1103402345983814 -0.4356392031278575 28 nil_vol 0.6 nil_bias 0.98 Home 0.005 0.01 0.001 -0.11225219685398474 -0.43632906277532624 0.0019119622556033405 0.0006898596474687467
-0.16290191984336574 -0.27112585791207283 28 nil_vol 0.6 nil_bias 0.98 Home 0.005 0.01 0.001 -0.1708277316566436 -0.27398558891742475 0.007925811813277879 0.002859731005351941
-0.2257021762597462 -0.10337033091371745 28 nil_vol 0.6 nil_bias 0.98 Home 0.005 0.01 0.001 -0.2316177112578406 -0.10550472916159848 0.005915534998094405 0.002134398247881034
-0.33451116796778185 0.10463547564053625 28 nil_vol 0.6 nil_bias 0.98 Home 0.005 0.01 0.001 -0.3105573408762746 0.11327831294783441 -0.02395382709150724 -0.008642837307298163
-0.35522326593239595 0.20081454123988937 28 nil_vol 0.6 nil_bias 0.98 Home 0.005 0.01 0.001 -0.3436483788352444 0.20499090377473017 -0.011574887097151548 -0.0041763625348408065
-0.4138641737324221 0.3995956325527985 28 nil_vol 0.6 nil_bias 0.98 Left 0.005 0.01 0.001 -0.4 0.35 -0.013864173732422125 0.0495956325527985
-0.389996373739103 0.3130112734712923 29 nil_vol 0.6 nil_bias 0.98 Left 0.005 0.01 0.001 -0.3841012101867313 0.3150874940703481 -0.0058951635523716624 -0.0020762205990557912
-0.18835958144470613 -0.21503754875789355 29 nil_vol 0.6 nil_bias 0.98 Left 0.005 0.01 0.001 -0.1963990104114373 -0.21786895926535232 0.008039428966731193 0.0028314105074587737
-0.1878047458999689 -0.22309312887985416 29 nil_vol 0.6 nil_bias 0.98 Left 0.005 0.01 0.001 -0.19381376046338336 -0.22520944672341392 0.006009014563414448 0.002116317843559765
-0.18248315931159514 -0.307052817516349 29 nil_vol 0.6 nil_bias 0.98 Left 0.005 0.01 0.001 -0.16691975823340172 -0.30157153550901394 -0.015563401078193423 -0.005481282007335071
-0.11112255349360732 -0.47851366697183023 29 nil_vol 0.6 nil_bias 0.98 Left 0.005 0.01 0.001 -0.10532192028553544 -0.476470739061998 -0.005800633208071883 -0.0020429279098322533
-0.09139200408399095 -0.5331282917402403 29 nil_vol 0.6 nil_bias 0.98 Left 0.005 0.01 0.001 -0.08603245680009786 -0.5312407101025849 -0.0053595472838931 -0.0018875816376554412
-0.003541002359897609 -0.7692428840074161 29 nil_vol 0.6 nil_bias 0.98 Left 0.005 0.01 0.001 -0.0023571900586740746 -0.7688259565611493 -0.001183812301223534 -0.0004169274462668859
0.005742737605512814 -0.7918246679526445 29 nil_vol 0.6 nil_bias 0.98 Home 0.005 0.01 0.001 0.0 -0.75 0.005742737605512814 -0.0418246679526445
-0.13233484781085084 -0.46908298352281175 30 nil_vol 0.6 nil_bias 0.98 Home 0.005 0.01 0.001 -0.135561756242801 -0.470502045333508 0.0032269084319501637 0.0014190618106962318
-0.1380357459420012 -0.4486979138947793 30 nil_vol 0.6 nil_bias 0.98 Home 0.005 0.01 0.001 -0.14399740499033012 -0.45131960672005805 0.005961659048328933 0.002621692825278745
-0.17700514606041945 -0.34172517867803587 30 nil_vol 0.6 nil_bias 0.98 Home 0.005 0.01 0.001 -0.18973142515101113 -0.34732167359896754 0.012726279090591677 0.005596494920931654
-0.24335256898450455 -0.21418958520242262 30 nil_vol 0.6 nil_bias 0.98 Home 0.005 0.01 0.001 -0.24747937578382778 -0.21600438535945776 0.004126806799323233 0.0018148001570351317
-0.257745947341178 -0.15619021283579437 30 nil_vol 0.6 nil_bias 0.98 Home 0.005 0.01 0.001 -0.2711843648908415 -0.16209987700602702 0.01343841754966351 0.005909664170232655
-0.42261980666527416 0.204356154960896 30 nil_vol 0.6 nil_bias 0.98 Home 0.005 0.01 0.001 -0.4307620644141837 0.20077552437655055 0.008142257748909554 0.0035806305843454627
-0.42296629788758966 0.2311623831095482 30 nil_vol 0.6 nil_bias 0.98 Home 0.005 0.01 0.001 -0.4406962068038616 0.22336549727259902 0.017729908916271943 0.0077968858369491835
-0.48098242051670875 0.31497526489614674 30 nil_vol 0.6 nil_bias 0.98 Left 0.005 0.01 0.001 -0.4 0.35 -0.08098242051670873 -0.03502473510385323
-0.4313043068637566 0.21670540148629305 31 nil_vol 0.6 nil_bias 0.98 Left 0.005 0.01 0.001 -0.43469111574831576 0.21513509366003086 0.0033868088845591896 0.0015703078262621964
-0.37437924960583097 0.05904535641316602 31 nil_vol 0.6 nil_bias 0.98 Left 0.005 0.01 0.001 -0.3644533010810242 0.06364756314607073 -0.00992594852480678 -0.004602206732904709
-0.25746213522602196 -0.15621526280461426 31 nil_vol 0.6 nil_bias 0.98 Left 0.005 0.01 0.001 -0.26161931095446345 -0.15814275437677855 0.004157175728441512 0.001927491572164283
-0.14947776550713043 -0.42232592674182295 31 nil_vol 0.6 nil_bias 0.98 Left 0.005 0.01 0.001 -0.14096066467132884 -0.4183769380166253 -0.008517100835801594 -0.003948988725197671
-0.12401842513246834 -0.4398703405718351 31 nil_vol 0.6 nil_bias 0.98 Left 0.005 0.01 0.001 -0.12976071168034115 -0.4425327752748604 0.005742286547872796 0.0026624347030252964
-0.07247880270554104 -0.5561276344433553 31 nil_vol 0.6 nil_bias 0.98 Left 0.005 0.01 0.001 -0.07627574196323744 -0.5578881008987806 0.003796939257696409 0.0017604664554253043
-0.05431245113527016 -0.62149291082315 31 nil_vol 0.6 nil_bias 0.98 Left 0.005 0.01 0.001 -0.04811698265270481 -0.618620356457922 -0.0061954684825653505 -0.0028725543652279024
0.024128578414314244 -0.7744381547262781 31 nil_vol 0.6 nil_bias 0.98 Home 0.005 0.01 0.001 0.0 -0.75 0.024128578414314244 -0.024438154726278107
-0.1637396603948165 -0.303356201795077 32 nil_vol 0.6 nil_bias 0.98 Home 0.005 0.01 0.001 -0.16245600001726176 -0.30284832140099277 -0.001283660377554716 -0.0005078803940842346
-0.1702352854714055 -0.2720569461402409 32 nil_vol 0.6 nil_bias 0.98 Home 0.005 0.01 0.001 -0.1740426158326987 -0.2735633168891659 0.0038073303612931797 0.0015063707489250042
-0.16433919857114224 -0.2615574978231506 32 nil_vol 0.6 nil_bias 0.98 Home 0.005 0.01 0.001 -0.17683641727004348 -0.26650202401460754 0.012497218698901249 0.004944526191456966
-0.2454956388356239 -0.11510065574064611 32 nil_vol 0.6 nil_bias 0.98 Home 0.005 0.01 0.001 -0.23792369316209863 -0.11210481445747111 -0.007571945673525263 -0.0029958412831750003
-0.24252302307663198 -0.06698477180751017 32 nil_vol 0.6 nil_bias 0.98 Home 0.005 0.01 0.001 -0.2539817118903608 -0.07151840351583727 0.011458688813728815 0.0045336317083271025
-0.37310123096622605 0.2523901299668774 32 nil_vol 0.6 nil_bias 0.98 Home 0.005 0.01 0.001 -0.3809132751918168 0.2492992936605839 0.007812044225590723 0.003090836306293459
-0.38808043120194485 0.2470584648925899 32 nil_vol 0.6 nil_bias 0.98 Home 0.005 0.01 0.001 -0.38111677495705004 0.24981363638480458 -0.006963656244894799 -0.0027551714922147
-0.38990533779764286 0.2720266023223078 32 nil_vol 0.6 nil_bias 0.98 Left 0.005 0.01 0.001 -0.4 0.35 0.010094662202357163 -0.07797339767769217
-0.3052797006432067 0.04822356587841121 33 nil_vol 0.6 nil_bias 0.98 Left 0.005 0.01 0.001 -0.30209261917685787 0.049481134910396934 -0.003187081466348819 -0.001257569031985726
-0.24669258003655048 -0.09672486931071238 33 nil_vol 0.6 nil_bias 0.98 Left 0.005 0.01 0.001 -0.24471074015661978 -0.0959428684470161 -0.001981839879930696 -0.0007820008636962707
-0.20313733049409785 -0.14641909208877477 33 nil_vol 0.6 nil_bias 0.98 Left 0.005 0.01 0.001 -0.22187611385918637 -0.15381310253558694 0.01873878336508852 0.007394010446812164
-0.22026341713647266 -0.17498791607804962 33 nil_vol 0.6 nil_bias 0.98 Left 0.005 0.01 0.001 -0.21442924385489806 -0.17268584889727184 -0.005834173281574594 -0.002302067180777783
-0.17124155075396474 -0.2913120159930533 33 nil_vol 0.6 nil_bias 0.98 Left 0.005 0.01 0.001 -0.1681090590390364 -0.29007598716378125 -0.00313249171492836 -0.0012360288292720455
-0.08037587702814271 -0.5431424807330633 33 nil_vol 0.6 nil_bias 0.98 Left 0.005 0.01 0.001 -0.06988642010971396 -0.5390035165044279 -0.01048945691842875 -0.004138964228635337
-0.042498720234040804 -0.605584886402869 33 nil_vol 0.6 nil_bias 0.98 Left 0.005 0.01 0.001 -0.04346420350208907 -0.6059658499494924 0.000965483268048266 0.00038096354662337515
0.0033100567242853912 -0.7245067602916191 33 nil_vol 0.6 nil_bias 0.98 Home 0.005 0.01 0.001 0.0 -0.75 0.0033100567242853912 0.025493239708380872
-0.05474951517183851 -0.5812828553630298 34 nil_vol 0.6 nil_bias 0.98 Home 0.005 0.01 0.001 -0.056160047158558296 -0.5818709579459775 0.0014105319867197875 0.0005881025829477717
-0.06632746468253643 -0.5529535694843671 34 nil_vol 0.6 nil_bias 0.98 Home 0.005 0.01 0.001 -0.06793697679674085 -0.5536246341894296 0.001609512114204424 0.0006710647050625102
-0.07986204972144048 -0.5083017693547015 34 nil_vol 0.6 nil_bias 0.98 Home 0.005 0.01 0.001 -0.0858012885996956 -0.5107780561443179 0.00593923887825512 0.002476286789616455
-0.09559145669295778 -0.5095961376609465 34 nil_vol 0.6 nil_bias 0.98 Home 0.005 0.01 0.001 -0.08767094560665493 -0.5062937857313361 -0.007920511086302841 -0.003302351929610316
-0.2139915497000106 -0.20003095454194997 34 nil_vol 0.6 nil_bias 0.98 Home 0.005 0.01 0.001 -0.21516004050460827 -0.20051814126781264 0.0011684908045976508 0.0004871867258626828
-0.27136697684894134 -0.11052874367963714 34 nil_vol 0.6 nil_bias 0.98 Home 0.005 0.01 0.001 -0.25544733541197295 -0.1038912605620399 -0.015919641436968387 -0.0066374831175972406
-0.38736763640861166 0.2414332436343477 34 nil_vol 0.6 nil_bias 0.98 Home 0.005 0.01 0.001 -0.3976400794720165 0.23715028489562295 0.01027244306340485 0.004282958738724762
-0.42113198523125633 0.29349434027508603 34 nil_vol 0.6 nil_bias 0.98 Left 0.005 0.01 0.001 -0.4 0.35 -0.021131985231256305 -0.05650565972491397
-0.4071984719423764 0.17716702043334692 35 nil_vol 0.6 nil_bias 0.98 Left 0.005 0.01 0.001 -0.38210176405809687 0.1863053677499203 -0.025096707884279555 -0.009138347316573378
-0.37727760532890225 0.18757857933248 35 nil_vol 0.6 nil_bias 0.98 Left 0.005 0.01 0.001 -0.3819463558076592 0.18587856897231544 0.004668750478756903 0.0017000103601645593
-0.38287988191629013 0.15832373804769645 35 nil_vol 0.6 nil_bias 0.98 Left 0.005 0.01 0.001 -0.37319679729717115 0.1618495945366548 -0.00968308461911899 -0.0035258564889583386
-0.16700983353761611 -0.4291770544231856 35 nil_vol 0.6 nil_bias 0.98 Left 0.005 0.01 0.001 -0.15904504651808637 -0.4262768736336331 -0.007964787019529726 -0.002900180789552484
-0.1394059727679104 -0.4395345887946702 35 nil_vol 0.6 nil_bias 0.98 Left 0.005 0.01 0.001 -0.1524836438378684 -0.4442965002326258 0.013077671069957985 0.004761911437955542
-0.09617654166252095 -0.5791782569086621 35 nil_vol 0.6 nil_bias 0.98 Left 0.005 0.01 0.001 -0.10252769601381834 -0.5814908731526308 0.006351154351297388 0.002312616243968683
-0.0653396230015171 -0.7087246388903965 35 nil_vol 0.6 nil_bias 0.98 Left 0.005 0.01 0.001 -0.05726875233601575 -0.7057858303570791 -0.008070870665501358 -0.0029388085333174117
-0.022532922471494674 -0.8011810856508779 35 nil_vol 0.6 nil_bias 0.98 Home 0.005 0.01 0.001 0.0 -0.75 -0.022532922471494674 -0.051181085650877894
-0.09053532602513661 -0.6216803704746113 36 nil_vol 0.6 nil_bias 0.98 Home 0.005 0.01 0.001 -0.078760684278082 -0.6180648432936863 -0.011774641747054622 -0.003615527180925057
-0.09207676531002391 -0.5643833872391012 36 nil_vol 0.6 nil_bias 0.98 Home 0.005 0.01 0.001 -0.09497123017726163 -0.5652721630189969 0.002894464867237718 0.0008887757798956718
-0.131566357629843 -0.45573070517444186 36 nil_vol 0.6 nil_bias 0.98 Home 0.005 0.01 0.001 -0.12886206082874413 -0.45490032249276857 -0.00270429680109888 -0.0008303826816733065
-0.1835063702871121 -0.2884342532888152 36 nil_vol 0.6 nil_bias 0.98 Home 0.005 0.01 0.001 -0.18028129255726433 -0.28744395936367073 -0.00322507772984778 -0.0009902939251444755
-0.19872826998733403 -0.22694144480911926 36 nil_vol 0.6 nil_bias 0.98 Home 0.005 0.01 0.001 -0.19884794061224864 -0.22697819092899552 0.00011967062491461022 3.674611987624098e-05
-0.21133941409885737 -0.23010990928833772 36 nil_vol 0.6 nil_bias 0.98 Home 0.005 0.01 0.001 -0.19904546286929548 -0.226334922686935 -0.0122939512295619 -0.0037749866014027
-0.30118653716238364 0.06827418892001466 36 nil_vol 0.6 nil_bias 0.98 Home 0.005 0.01 0.001 -0.2905145037835575 0.07155114864293255 -0.010672033378826174 -0.003276959722917888
-0.33674423931049813 0.22210694497677103 36 nil_vol 0.6 nil_bias 0.98 Left 0.005 0.01 0.001 -0.4 0.35 0.06325576068950187 -0.12789305502322895
-0.32543036570878275 0.2019092583029692 37 nil_vol 0.6 nil_bias 0.98 Left 0.005 0.01 0.001 -0.3282182095074877 0.20079400889648852 0.0027878437987049246 0.0011152494064806933
-0.24097104101281389 -0.030723806114814376 37 nil_vol 0.6 nil_bias 0.98 Left 0.005 0.01 0.001 -0.23634250601058954 -0.02887220635283927 -0.004628535002224348 -0.0018515997619751076
-0.23905051259060153 -0.06853418202206678 37 nil_vol 0.6 nil_bias 0.98 Left 0.005 0.01 0.001 -0.2230385518032803 -0.062128755084966625 -0.01601196078732122 -0.006405426937100147
-0.17617684390219826 -0.16280131820663285 37 nil_vol 0.6 nil_bias 0.98 Left 0.005 0.01 0.001 -0.1818565507154529 -0.16507342888062726 0.005679706813254627 0.0022721106739944067
-0.054426561205717774 -0.4569773818154185 37 nil_vol 0.6 nil_bias 0.98 Left 0.005 0.01 0.001 -0.0636131113162205 -0.4606523705515531 0.00918655011050272 0.003674988736134604
-0.0006577355850643143 -0.5906965573134523 37 nil_vol 0.6 nil_bias 0.98 Left 0.005 0.01 0.001 -0.01008202803867353 -0.5944666525283531 0.009424292453609215 0.003770095214900745
-0.012157349794212634 -0.6108097338607246 37 nil_vol 0.6 nil_bias 0.98 Left 0.005 0.01 0.001 -0.004732374110277382 -0.6078394455940401 -0.0074249756839352525 -0.002970288266684495
0.037530396948006806 -0.7134857732461887 37 nil_vol 0.6 nil_bias 0.98 Home 0.005 0.01 0.001 0.0 -0.75 0.037530396948006806 0.03651422675381136
0.03826832926239035 -0.7065666082918829 38 nil_vol 0.6 nil_bias 0.98 Home 0.005 0.01 0.001 0.035250021824019866 -0.7077710105728611 0.003018307438370484 0.0012044022809782051
-0.08563121244927387 -0.4147461436214265 38 nil_vol 0.6 nil_bias 0.98 Home 0.005 0.01 0.001 -0.08221959721714016 -0.41338479881103163 -0.00341161523213371 -0.0013613448103948491
-0.09975920479515309 -0.3270343512055603 38 nil_vol 0.6 nil_bias 0.98 Home 0.005 0.01 0.001 -0.11435256434554819 -0.3328575736202789 0.014593359550395108 0.00582322241471862
-0.1090822506373415 -0.3121857861120984 38 nil_vol 0.6 nil_bias 0.98 Home 0.005 0.01 0.001 -0.12074435623721391 -0.3168393434028289 0.011662105599872413 0.00465355729073049
-0.12649383671879938 -0.30664259227058993 38 nil_vol 0.6 nil_bias 0.98 Home 0.005 0.01 0.001 -0.12504403673058473 -0.30606407518827755 -0.001449799988214657 -0.0005785170823124003
-0.21957598546368753 -0.0827426739039736 38 nil_vol 0.6 nil_bias 0.98 Home 0.005 0.01 0.001 -0.21490089747247348 -0.08087716260157563 -0.004675087991214039 -0.0018655113023979706
-0.23259466922483168 -0.07729968388190148 38 nil_vol 0.6 nil_bias 0.98 Home 0.005 0.01 0.001 -0.218562693838106 -0.07170047190383788 -0.014031975386725681 -0.005599211978063589
-0.3556251942984908 0.2717867260158111 38 nil_vol 0.6 nil_bias 0.98 Left 0.005 0.01 0.001 -0.4 0.35 0.044374805701509215 -0.07821327398418887
-0.3488415993424169 0.2262615513653802 39 nil_vol 0.6 nil_bias 0.98 Left 0.005 0.01 0.001 -0.3417724608142148 0.22852515116087974 -0.007069138528202074 -0.002263599795499538
-0.3156041533696849 0.11191640842324334 39 nil_vol 0.6 nil_bias 0.98 Left 0.005 0.01 0.001 -0.305472191407453 0.11516075098835504 -0.010131961962231852 -0.0032443425651117077
-0.2936300777971064 0.045310855083414 39 nil_vol 0.6 nil_bias 0.98 Left 0.005 0.01 0.001 -0.28408439875403574 0.04836746474576484 -0.009545679043070673 -0.0030566096623508327
-0.24198154403062008 -0.13011538111536655 39 nil_vol 0.6 nil_bias 0.98 Left 0.005 0.01 0.001 -0.2283321564198635 -0.12574472818769494 -0.013649387610756557 -0.004370652927671596
-0.16801653652009987 -0.3122693397016973 39 nil_vol 0.6 nil_bias 0.98 Left 0.005 0.01 0.001 -0.16855059089652077 -0.3124403485696703 0.0005340543764209021 0.00017100886797297613
-0.13597502801466485 -0.3905338622909671 39 nil_vol 0.6 nil_bias 0.98 Left 0.005 0.01 0.001 -0.14284043211087546 -0.3927322245448974 0.006865404096210615 0.002198362253930329
-0.03999849185149154 -0.7300126863117877 39 nil_vol 0.6 nil_bias 0.98 Left 0.005 0.01 0.001 -0.03531999101011324 -0.728514589548577 -0.004678500841378303 -0.0014980967632108085
-0.03069364633714397 -0.7429624930328638 39 nil_vol 0.6 nil_bias 0.98 Home 0.005 0.01 0.001 0.0 -0.75 -0.03069364633714397 0.007037506967136252
-0.04403771551957095 -0.6851480872592524 40 nil_vol 0.6 nil_bias 0.98 Home 0.005 0.01 0.001 -0.04688740239229167 -0.6859576168493499 0.0028496868727207296 0.0008095295900974554
-0.06588071863140799 -0.6076825761986518 40 nil_vol 0.6 nil_bias 0.98 Home 0.005 0.01 0.001 -0.06888136531417326 -0.6085349899506256 0.003000646682765264 0.0008524137519737621
-0.20659282419725408 -0.15818889010505705 40 nil_vol 0.6 nil_bias 0.98 Home 0.005 0.01 0.001 -0.19754439513455388 -0.15561844240419787 -0.009048429062700192 -0.0025704477008591815
-0.2151228184138884 -0.11449889615267109 40 nil_vol 0.6 nil_bias 0.98 Home 0.005 0.01 0.001 -0.20966587251635518 -0.11294870507101151 -0.005456945897533194 -0.0015501910816595745
-0.23959025418684787 -0.029330710303641365 40 nil_vol 0.6 nil_bias 0.98 Home 0.005 0.01 0.001 -0.2338805644389148 -0.02770872058769236 -0.005709689747933077 -0.0016219897159490064
-0.3150659739143203 0.21972234608768892 40 nil_vol 0.6 nil_bias 0.98 Home 0.005 0.01 0.001 -0.3049836036150674 0.22258651238388705 -0.010082370299252914 -0.0028641662961981324
-0.32004016221315634 0.25314309821668274 40 nil_vol 0.6 nil_bias 0.98 Home 0.005 0.01 0.001 -0.3141401458466915 0.2548191552868241 -0.005900016366464857 -0.0016760570701413507
-0.32103181776116974 0.27907905538932964 40 nil_vol 0.6 nil_bias 0.98 Left 0.005 0.01 0.001 -0.4 0.35 0.0789681822388303 -0.07092094461067033
-0.2845003422892959 0.13842156795170482 41 nil_vol 0.6 nil_bias 0.98 Left 0.005 0.01 0.001 -0.28279412859711406 0.13888694126615375 -0.0017062136921818434 -0.0004653733144489309
-0.19464607818611018 -0.09471177686109887 41 nil_vol 0.6 nil_bias 0.98 Left 0.005 0.01 0.001 -0.21738775748250697 -0.1009146169383961 0.022741679296396776 0.006202840077297219
-0.2085661884204328 -0.15835755536051777 41 nil_vol 0.6 nil_bias 0.98 Left 0.005 0.01 0.001 -0.2021941189541556 -0.15661956023071183 -0.006372069466277228 -0.0017379951298059453
-0.12274480989068406 -0.4743906930588382 41 nil_vol 0.6 nil_bias 0.98 Left 0.005 0.01 0.001 -0.11602155295290559 -0.4725569108196248 -0.006723256937778478 -0.0018337822392133745
-0.1145903945151029 -0.48388643882202587 41 nil_vol 0.6 nil_bias 0.98 Left 0.005 0.01 0.001 -0.11304627360506284 -0.4834652766492523 -0.0015441209100400704 -0.0004211621727735271
-0.09755079205765725 -0.5311611300295415 41 nil_vol 0.6 nil_bias 0.98 Left 0.005 0.01 0.001 -0.09986497063379149 -0.5317923270238788 0.002314178576134242 0.0006311969943372843
-0.05360154511568533 -0.7025445006112323 41 nil_vol 0.6 nil_bias 0.98 Left 0.005 0.01 0.001 -0.0533133983295791 -0.7024659079791883 -0.0002881467861062293 -7.859263204398874e-05
-0.03413857123216188 -0.7727672156026679 41 nil_vol 0.6 nil_bias 0.98 Home 0.005 0.01 0.001 0.0 -0.75 -0.03413857123216188 -0.02276721560266788
-0.038185269043086445 -0.7385395101413307 42 nil_vol 0.6 nil_bias 0.98 Home 0.005 0.01 0.001 -0.04798118769257273 -0.7431121184941559 0.009795918649486281 0.004572608352825208
-0.07423913947519542 -0.699334837014465 42 nil_vol 0.6 nil_bias 0.98 Home 0.005 0.01 0.001 -0.06945768869288141 -0.6971029175214445 -0.004781450782314008 -0.0022319194930205183
-0.2023948291560203 -0.39638531136201804 42 nil_vol 0.6 nil_bias 0.98 Home 0.005 0.01 0.001 -0.20849879130345228 -0.3992345620856488 0.006103962147431982 0.002849250723630712
-0.2276899966896213 -0.3147267416342296 42 nil_vol 0.6 nil_bias 0.98 Home 0.005 0.01 0.001 -0.24432200043009178 -0.32249034624847206 0.016632003740470473 0.007763604614242452
-0.35341586402848096 -0.09849931541650703 42 nil_vol 0.6 nil_bias 0.98 Home 0.005 0.01 0.001 -0.34968995971452765 -0.09676011138701013 -0.0037259043139532986 -0.0017392040294968956
-0.40084423080609544 0.022643785379364425 42 nil_vol 0.6 nil_bias 0.98 Home 0.005 0.01 0.001 -0.4046064142722452 0.02088764671001364 0.0037621834661497743 0.0017561386693507825
-0.48986703281438354 0.1999734588340816 42 nil_vol 0.6 nil_bias 0.98 Home 0.005 0.01 0.001 -0.4884993614144617 0.20061187018588789 -0.001367671399921851 -0.0006384113518062714
-0.5373056207502789 0.30516973063418035 42 nil_vol 0.6 nil_bias 0.98 Left 0.005 0.01 0.001 -0.4 0.35 -0.1373056207502788 -0.044830269365819624
-0.37110518271032933 0.006838934674207333 43 nil_vol 0.6 nil_bias 0.98 Left 0.005 0.01 0.001 -0.3801228102544659 0.0021611267726223127 0.00901762754413657 0.00467780790158502
-0.32048042348983996 -0.1473872794008857 43 nil_vol 0.6 nil_bias 0.98 Left 0.005 0.01 0.001 -0.3063487280604076 -0.14005659777547586 -0.01413169542943237 -0.007330681625409846
-0.2712440234669051 -0.1943018565940084 43 nil_vol 0.6 nil_bias 0.98 Left 0.005 0.01 0.001 -0.2767325919122297 -0.1971489988957132 0.005488568445324595 0.002847142301704801
-0.26310182638668633 -0.22612752120481336 43 nil_vol 0.6 nil_bias 0.98 Left 0.005 0.01 0.001 -0.26199744173213824 -0.22555463224503441 -0.0011043846545480984 -0.0005728889597789423
-0.20906833806273795 -0.36548643662388386 43 nil_vol 0.6 nil_bias 0.98 Left 0.005 0.01 0.001 -0.19357758942768855 -0.3574507591674981 -0.015490748635049402 -0.008035677456385755
-0.11876950674467457 -0.493914481331502 43 nil_vol 0.6 nil_bias 0.98 Left 0.005 0.01 0.001 -0.12193620805210997 -0.4955571772984155 0.0031667013074354045 0.0016426959669134686
-0.053839302411851586 -0.666603942581586 43 nil_vol 0.6 nil_bias 0.98 Left 0.005 0.01 0.001 -0.03758203234875829 -0.6581706394775131 -0.016257270063093295 -0.008433303104072813
-0.0028752834396802538 -0.725076451241157 43 nil_vol 0.6 nil_bias 0.98 Home 0.005 0.01 0.001 0.0 -0.75 -0.0028752834396802538 0.024923548758842964
-0.05612312898310571 -0.5586760020565269 44 nil_vol 0.6 nil_bias 0.98 Home 0.005 0.01 0.001 -0.05995967572925746 -0.5600027240199875 0.0038365467461517456 0.001326721963460586
-0.07243749928303322 -0.5011383318110231 44 nil_vol 0.6 nil_bias 0.98 Home 0.005 0.01 0.001 -0.07947417423977127 -0.5035716948931233 0.00703667495673804 0.0024333630821002316
-0.10300544286629465 -0.4176293724185261 44 nil_vol 0.6 nil_bias 0.98 Home 0.005 0.01 0.001 -0.10853300091484784 -0.4195408655274462 0.005527558048553198 0.0019114931089200921
-0.19445296005150065 -0.21240140732743726 44 nil_vol 0.6 nil_bias 0.98 Home 0.005 0.01 0.001 -0.18169042211927477 -0.20798797501329513 -0.012762537932225884 -0.004413432314142123
-0.20423386082710676 -0.12994561799526816 44 nil_vol 0.6 nil_bias 0.98 Home 0.005 0.01 0.001 -0.20820363807053446 -0.1313184125960858 0.003969777243427702 0.0013727946008176275
-0.25924506442615597 0.028555649234071646 44 nil_vol 0.6 nil_bias 0.98 Home 0.005 0.01 0.001 -0.26303652254623733 0.027244519435770997 0.003791458120081381 0.0013111297983006496
-0.36121524744387673 0.31591777790597697 44 nil_vol 0.6 nil_bias 0.98 Home 0.005 0.01 0.001 -0.362687047376247 0.3154088125719682 0.0014717999323702936 0.0005089653340087936
-0.38134116937890755 0.3693518488996027 44 nil_vol 0.6 nil_bias 0.98 Left 0.005 0.01 0.001 -0.4 0.35 0.018658830621092446 0.019351848899602724
-0.3356502390528807 0.24375895098237885 45 nil_vol 0.6 nil_bias 0.98 Left 0.005 0.01 0.001 -0.3340792153691536 0.2443529534238078 -0.0015710236837271515 -0.0005940024414289707
-0.3100246591954559 0.1636637920443731 45 nil_vol 0.6 nil_bias 0.98 Left 0.005 0.01 0.001 -0.30437797036452724 0.1657987992923885 -0.005646688830928691 -0.0021350072480154133
-0.3134061017536063 0.14276143365732985 45 nil_vol 0.6 nil_bias 0.98 Left 0.005 0.01 0.001 -0.29788626397940743 0.1486294683814052 -0.015519837774198865 -0.005868034724075346
-0.06521963541107115 -0.40536351647115054 45 nil_vol 0.6 nil_bias 0.98 Left 0.005 0.01 0.001 -0.08551997278933238 -0.4130390531861102 0.020300337378261223 0.007675536714959681
-0.001756631464674213 -0.614815427398333 45 nil_vol 0.6 nil_bias 0.98 Left 0.005 0.01 0.001 -0.00829396354885037 -0.6172871859457407 0.006537332084176156 0.0024717585474077386
0.00016511858668599548 -0.6246134306899562 45 nil_vol 0.6 nil_bias 0.98 Left 0.005 0.01 0.001 -0.004812345478739044 -0.626495404741406 0.0049774640654250395 0.0018819740514497156
-0.009711601749055911 -0.669595917173926 45 nil_vol 0.6 nil_bias 0.98 Left 0.005 0.01 0.001 0.008832824470618617 -0.6625842886647665 -0.018544426219674528 -0.007011628509159509
0.031247892680610657 -0.721867888485573 45 nil_vol 0.6 nil_bias 0.98 Home 0.005 0.01 0.001 0.0 -0.75 0.031247892680610657 0.02813211151442694
-0.058953866693206756 -0.510561738467745 46 nil_vol 0.6 nil_bias 0.98 Home 0.005 0.01 0.001 -0.047223763488237265 -0.5062918728120067 -0.011730103204969493 -0.004269865655738322
-0.06069429334855782 -0.4400189428482957 46 nil_vol 0.6 nil_bias 0.98 Home 0.005 0.01 0.001 -0.07010127070187161 -0.4434431692871736 0.009406977353313795 0.003424226438877885
-0.06683344608778143 -0.4420276165209553 46 nil_vol 0.6 nil_bias 0.98 Home 0.005 0.01 0.001 -0.07017392274792064 -0.4432435808066643 0.0033404766601392204 0.0012159642857090282
-0.17832561571270206 -0.12597402629198365 46 nil_vol 0.6 nil_bias 0.98 Home 0.005 0.01 0.001 -0.1848044950665978 -0.12833239807759178 0.006478879353895748 0.0023583717856081286
-0.22021248999930254 -0.05663634820424378 46 nil_vol 0.6 nil_bias 0.98 Home 0.005 0.01 0.001 -0.2119917837228893 -0.053643935368464235 -0.008220706276413262 -0.002992412835779541
-0.25062840548035475 0.06829156485966932 46 nil_vol 0.6 nil_bias 0.98 Home 0.005 0.01 0.001 -0.25570479415431546 0.06644371260505821 0.005076388673960699 0.0018478522546111018
-0.3338187307442495 0.2853130750680201 46 nil_vol 0.6 nil_bias 0.98 Home 0.005 0.01 0.001 -0.3351931452563567 0.2848127755208253 0.0013744145121071547 0.0005002995471948147
-0.3726894595479503 0.387822020286001 46 nil_vol 0.6 nil_bias 0.98 Left 0.005 0.01 0.001 -0.4 0.35 0.027310540452049715 0.03782202028600102
-0.36037451061724535 0.3341424010284456 47 nil_vol 0.6 nil_bias 0.98 Left 0.005 0.01 0.001 -0.3543378701935367 0.3362922646311002 -0.00603664042370864 -0.0021498636026545644
-0.31443969511335756 0.280860219673079 47 nil_vol 0.6 nil_bias 0.98 Left 0.005 0.01 0.001 -0.3323277463841044 0.2744896447091703 0.017888051270746837 0.006370574963908681
-0.3088290744408998 0.18480584633461358 47 nil_vol 0.6 nil_bias 0.98 Left 0.005 0.01 0.001 -0.3013382224388079 0.1874736067016085 -0.0074908520020918745 -0.0026677603669949305
-0.26327536446027455 0.071657154636172 47 nil_vol 0.6 nil_bias 0.98 Left 0.005 0.01 0.001 -0.26045016803376786 0.07266330814895072 -0.0028251964265066905 -0.001006153512778721
-0.14604418623242846 -0.23325673914902745 47 nil_vol 0.6 nil_bias 0.98 Left 0.005 0.01 0.001 -0.15088688327553856 -0.23498139680310537 0.0048426970431101005 0.0017246576540779204
-0.1296901284903559 -0.32881727482150197 47 nil_vol 0.6 nil_bias 0.98 Left 0.005 0.01 0.001 -0.11884418989129292 -0.32495464809634966 -0.010845938599062981 -0.003862626725152307
-0.010701594768860102 -0.6487620996211138 47 nil_vol 0.6 nil_bias 0.98 Left 0.005 0.01 0.001 -0.004332573041253174 -0.6464938631459178 -0.006369021727606928 -0.0022682364751959424
0.03182180097150228 -0.7480123759435638 47 nil_vol 0.6 nil_bias 0.98 Home 0.005 0.01 0.001 0.0 -0.75 0.03182180097150228 0.001987624056436183
-0.0003780100274274577 -0.5938595658531803 48 nil_vol 0.6 nil_bias 0.98 Home 0.005 0.01 0.001 -0.017510744527981736 -0.5995527038786336 0.01713273450055428 0.005693138025453244
-0.06600333812425405 -0.42845976590138896 48 nil_vol 0.6 nil_bias 0.98 Home 0.005 0.01 0.001 -0.07353282221722911 -0.4309617828561474 0.007529484092975056 0.0025020169547584365
-0.1323731877734575 -0.2986890548165214 48 nil_vol 0.6 nil_bias 0.98 Home 0.005 0.01 0.001 -0.11896684795070359 -0.2942341825937248 -0.0134063398227539 -0.004454872222796605
-0.13389733898613976 -0.16402299799877532 48 nil_vol 0.6 nil_bias 0.98 Home 0.005 0.01 0.001 -0.15941753967652764 -0.17250325694184976 0.025520200690387893 0.00848025894307444
-0.16541884113895136 -0.15116603564466025 48 nil_vol 0.6 nil_bias 0.98 Home 0.005 0.01 0.001 -0.1663995239943802 -0.15149191257078498 0.0009806828554288424 0.0003258769261247457
-0.17200419956211255 -0.12035412614803837 48 nil_vol 0.6 nil_bias 0.98 Home 0.005 0.01 0.001 -0.17627490953223726 -0.12177326570954927 0.0042707099701247185 0.0014191395615109033
-0.2471170822311175 0.06956745341166118 48 nil_vol 0.6 nil_bias 0.98 Home 0.005 0.01 0.001 -0.24057863214992464 0.07174015379311882 -0.006538450081192854 -0.002172700381457648
-0.3622547583000152 0.43790811864225626 48 nil_vol 0.6 nil_bias 0.98 Left 0.005 0.01 0.001 -0.4 0.35 0.03774524169998484 0.0879081186422563
-0.255157685059852 0.047204758501982115 49 nil_vol 0.6 nil_bias 0.98 Left 0.005 0.01 0.001 -0.25639391675512624 0.04687008893619954 0.001236231695274272 0.0003346695657825737
-0.23475331774324526 -0.04676438340198769 49 nil_vol 0.6 nil_bias 0.98 Left 0.005 0.01 0.001 -0.23129861383144368 -0.045829134562720975 -0.0034547039118015804 -0.000935248839266721
-0.23038699654235545 -0.0817407296366835 49 nil_vol 0.6 nil_bias 0.98 Left 0.005 0.01 0.001 -0.22217831393336665 -0.07951849552401763 -0.008208682608988785 -0.002222234112665866
-0.11083878496967857 -0.4498265823169482 49 nil_vol 0.6 nil_bias 0.98 Left 0.005 0.01 0.001 -0.1211721216395463 -0.4526239974856497 0.01033333666986773 0.0027974151687014674
-0.1128854725233452 -0.5229554993851486 49 nil_vol 0.6 nil_bias 0.98 Left 0.005 0.01 0.001 -0.10286642803358115 -0.5202431686127187 -0.01001904448976405 -0.0027123307724299254
-0.06233812681912361 -0.6746899824803474 49 nil_vol 0.6 nil_bias 0.98 Left 0.005 0.01 0.001 -0.061142589711655815 -0.6743663296520284 -0.0011955371074677977 -0.0003236528283190742
-0.05580891448661568 -0.709716401575357 49 nil_vol 0.6 nil_bias 0.98 Left 0.005 0.01 0.001 -0.05186196983871538 -0.7086478945499102 -0.003946944647900296 -0.001068507025446863
-0.02879368225031313 -0.7938595516236584 49 nil_vol 0.6 nil_bias 0.98 Home 0.005 0.01 0.001 0.0 -0.75 -0.02879368225031313 -0.04385955162365837
-0.03454944336942181 -0.7785331978055822 50 nil_vol 0.6 nil_bias 0.98 Home 0.005 0.01 0.001 -0.03360809645334129 -0.7782429908874704 -0.0009413469160805164 -0.00029020691811179584
-0.11278258293355915 -0.5221922745951221 50 nil_vol 0.6 nil_bias 0.98 Home 0.005 0.01 0.001 -0.11256627881672619 -0.5221255904109507 -0.00021630411683296012 -6.668418417128804e-05
-0.12277787615630198 -0.5029629601180556 50 nil_vol 0.6 nil_bias 0.98 Home 0.005 0.01 0.001 -0.1188474622015936 -0.5017512566522933 -0.003930413954708381 -0.0012117034657624065
-0.147216766256298 -0.3979537116975385 50 nil_vol 0.6 nil_bias 0.98 Home 0.005 0.01 0.001 -0.150532017129568 -0.3989757671398669 0.0033152508732699933 0.001022055442328376
-0.1951468655283065 -0.27392036577374773 50 nil_vol 0.6 nil_bias 0.98 Home 0.005 0.01 0.001 -0.18961133299191718 -0.27221382187367116 -0.005535532536389345 -0.0017065439000766003
-0.20977351498806418 -0.25080075508320987 50 nil_vol 0.6 nil_bias 0.98 Home 0.005 0.01 0.001 -0.19738972775451336 -0.24698296945475662 -0.012383787233550833 -0.0038177856284532575
-0.2541731355950652 -0.09684636934475241 50 nil_vol 0.6 nil_bias 0.98 Home 0.005 0.01 0.001 -0.24458634221316175 -0.09389086620939313 -0.009586793381903439 -0.002955503135359283
-0.37004877810572484 0.31307281983863167 50 nil_vol 0.6 nil_bias 0.98 Left 0.005 0.01 0.001 -0.4 0.35 0.02995122189427519 -0.0369271801613683
-0.3591427113642183 0.2977688363321065 51 nil_vol 0.6 nil_bias 0.98 Left 0.005 0.01 0.001 -0.3634590862440558 0.2960936335334378 0.0043163748798374915 0.0016752027986686859
-0.22544455366793462 -0.07370366250792412 51 nil_vol 0.6 nil_bias 0.98 Left 0.005 0.01 0.001 -0.2206599226332933 -0.07184672757456867 -0.004784631034641329 -0.0018569349333554576
-0.18865689927412013 -0.17768303642842392 51 nil_vol 0.6 nil_bias 0.98 Left 0.005 0.01 0.001 -0.18077206805726304 -0.17462290108586848 -0.007884831216857104 -0.003060135342555449
-0.18009921710548474 -0.17907030004495766 51 nil_vol 0.6 nil_bias 0.98 Left 0.005 0.01 0.001 -0.17918388585698608 -0.17871505623229522 -0.0009153312484986599 -0.0003552438126624413
-0.08705670359881577 -0.39633626194603366 51 nil_vol 0.6 nil_bias 0.98 Left 0.005 0.01 0.001 -0.09372047407686412 -0.39892249860649087 0.0066637704780483555 0.0025862366604572254
-0.030458391133218393 -0.5972904072462747 51 nil_vol 0.6 nil_bias 0.98 Left 0.005 0.01 0.001 -0.018529814358731134 -0.5926608776634532 -0.011928576774487259 -0.004629529582821518
0.05317549769701742 -0.7724859016702935 51 nil_vol 0.6 nil_bias 0.98 Left 0.005 0.01 0.001 0.051511634271599105 -0.7731316538916502 0.0016638634254183163 0.0006457522213566793
0.05658537749578369 -0.7862048040899549 51 nil_vol 0.6 nil_bias 0.98 Home 0.005 0.01 0.001 0.0 -0.75 0.05658537749578369 -0.03620480408995488
0.037734892015917676 -0.7285866799128038 52 nil_vol 0.6 nil_bias 0.98 Home 0.005 0.01 0.001 0.0394407464897439 -0.7280834868181432 -0.001705854473826221 -0.0005031930946605865
0.05410786779935506 -0.7162874237311995 52 nil_vol 0.6 nil_bias 0.98 Home 0.005 0.01 0.001 0.03741375207529779 -0.7212118553768652 0.016694115724057264 0.0049244316456657465
0.02228679453790272 -0.6584836249911787 52 nil_vol 0.6 nil_bias 0.98 Home 0.005 0.01 0.001 0.019180465259999828 -0.6593999302601017 0.003106329277902894 0.0009163052689229439
-0.12547300457475585 -0.11628154618507275 52 nil_vol 0.6 nil_bias 0.98 Home 0.005 0.01 0.001 -0.13978344311668292 -0.12050284053716998 0.014310438541927066 0.004221294352097226
-0.22495372632042335 0.16263625116634528 52 nil_vol 0.6 nil_bias 0.98 Home 0.005 0.01 0.001 -0.22343590639570604 0.16308397781406037 -0.0015178199247173102 -0.0004477266477150895
-0.22201436545713768 0.18466384595900492 52 nil_vol 0.6 nil_bias 0.98 Home 0.005 0.01 0.001 -0.22917819004119938 0.18255066038698242 0.007163824584061697 0.0021131855720224945
-0.228877478649894 0.1988484974794721 52 nil_vol 0.6 nil_bias 0.98 Home 0.005 0.01 0.001 -0.23357682222790505 0.19746228471972316 0.004699343578011057 0.0013862127597489492
-0.2945520462684381 0.4041719153283457 52 nil_vol 0.6 nil_bias 0.98 Left 0.005 0.01 0.001 -0.4 0.35 0.10544795373156192 0.05417191532834568
-0.2908889506098465 0.3776841143954303 53 nil_vol 0.6 nil_bias 0.98 Left 0.005 0.01 0.001 -0.2870446056608065 0.37882265620609956 -0.003844344949039998 -0.001138541810669265
-0.24337098499478382 0.2600074023237469 53 nil_vol 0.6 nil_bias 0.98 Left 0.005 0.01 0.001 -0.2511720253967125 0.257697044959345 0.00780104040192869 0.002310357364401946
-0.1409180141128622 -0.05100911202159174 53 nil_vol 0.6 nil_bias 0.98 Left 0.005 0.01 0.001 -0.15822734497244206 -0.05613544619804506 0.017309330859579853 0.005126334176453319
-0.10106109268416788 -0.2325620714270061 53 nil_vol 0.6 nil_bias 0.98 Left 0.005 0.01 0.001 -0.10558041414440361 -0.23390051438843135 0.004519321460235724 0.0013384429614252374
-0.09579684587002574 -0.3146668446781383 53 nil_vol 0.6 nil_bias 0.98 Left 0.005 0.01 0.001 -0.0828005600778928 -0.31081786261386096 -0.012996285792132934 -0.003848982064277376
-0.06746636509182337 -0.36731627045129633 53 nil_vol 0.6 nil_bias 0.98 Left 0.005 0.01 0.001 -0.06618074542051144 -0.36693552112525757 -0.0012856196713119273 -0.0003807493260387644
-0.00819788104332159 -0.5872476194837387 53 nil_vol 0.6 nil_bias 0.98 Left 0.005 0.01 0.001 -0.0015188985437383784 -0.5852695709659015 -0.006678982499583211 -0.0019780485178372805
0.03790477591853052 -0.7183856343123418 53 nil_vol 0.6 nil_bias 0.98 Home 0.005 0.01 0.001 0.0 -0.75 0.03790477591853052 0.03161436568765821
-0.0034588299897280366 -0.6212932532361702 54 nil_vol 0.6 nil_bias 0.98 Home 0.005 0.01 0.001 0.0014653960078504502 -0.6194790589698094 -0.004924225997578487 -0.0018141942663608519
-0.012250403052577498 -0.5750302426796908 54 nil_vol 0.6 nil_bias 0.98 Home 0.005 0.01 0.001 -0.014592615459300871 -0.5758931657707445 0.002342212406723373 0.0008629230910535735
-0.035344405471139845 -0.5466471310772765 54 nil_vol 0.6 nil_bias 0.98 Home 0.005 0.01 0.001 -0.026559872429904915 -0.5434107139258495 -0.008784533041234926 -0.003236417151427023
-0.06693428255306591 -0.4176782777895473 54 nil_vol 0.6 nil_bias 0.98 Home 0.005 0.01 0.001 -0.07217160754082623 -0.4196078246804771 0.005237324987760325 0.001929546890929787
-0.151544515601222 -0.1571018624998603 54 nil_vol 0.6 nil_bias 0.98 Home 0.005 0.01 0.001 -0.1668122690337271 -0.16272684209078137 0.015267753432505075 0.005624979590921067
-0.16436542432820972 -0.12461907837872932 54 nil_vol 0.6 nil_bias 0.98 Home 0.005 0.01 0.001 -0.1788816561555568 -0.1299671807126369 0.01451623182734707 0.0053481023339075956
-0.26481514648110016 0.0897718100740832 54 nil_vol 0.6 nil_bias 0.98 Home 0.005 0.01 0.001 -0.26043316991635557 0.0913862276014259 -0.004381976564744571 -0.001614417527342684
-0.33817566170499125 0.302400894707637 54 nil_vol 0.6 nil_bias 0.98 Left 0.005 0.01 0.001 -0.4 0.35 0.06182433829500879 -0.04759910529236301
-0.32592894536831946 0.2795201206976635 55 nil_vol 0.6 nil_bias 0.98 Left 0.005 0.01 0.001 -0.33133941255307714 0.2780040515310296 0.005410467184757672 0.001516069166633961
-0.3352287002080201 0.19856639986703167 55 nil_vol 0.6 nil_bias 0.98 Left 0.005 0.01 0.001 -0.31098381332935326 0.20536006928412498 -0.02424488687866684 -0.006793669417093302
-0.28179183932297314 0.1301958492241121 55 nil_vol 0.6 nil_bias 0.98 Left 0.005 0.01 0.001 -0.28933012699105093 0.12808354263162666 0.007538287668077789 0.002112306592485438
-0.27726179644401006 0.0410230745630376 55 nil_vol 0.6 nil_bias 0.98 Left 0.005 0.01 0.001 -0.26583229834564504 0.044225738781360324 -0.011429498098365005 -0.0032026642183227228
-0.15159679520053007 -0.3904986020159393 55 nil_vol 0.6 nil_bias 0.98 Left 0.005 0.01 0.001 -0.14456976494567064 -0.38852955506701603 -0.007027030254859441 -0.001969046948923236
-0.13351240778735873 -0.4497498334584197 55 nil_vol 0.6 nil_bias 0.98 Left 0.005 0.01 0.001 -0.12785909258701597 -0.4481657157525313 -0.0056533152003427735 -0.0015841177058883962
-0.08285534693436201 -0.6788058147130598 55 nil_vol 0.6 nil_bias 0.98 Left 0.005 0.01 0.001 -0.06465999847585874 -0.6737072888682287 -0.018195348458503274 -0.005098525844831105
-0.048987172691545844 -0.7296396377772955 55 nil_vol 0.6 nil_bias 0.98 Home 0.005 0.01 0.001 0.0 -0.75 -0.048987172691545844 0.020360362222704508
-0.21006940589146345 -0.2099036563862334 56 nil_vol 0.6 nil_bias 0.98 Home 0.005 0.01 0.001 -0.21591074745200983 -0.2117865409739712 0.0058413415605463774 0.001882884587737797
-0.2146922950245933 -0.20758405772097985 56 nil_vol 0.6 nil_bias 0.98 Home 0.005 0.01 0.001 -0.21702318323315858 -0.20833539085877995 0.0023308882085652924 0.0007513331378000846
-0.21277942805376218 -0.19194373092544392 56 nil_vol 0.6 nil_bias 0.98 Home 0.005 0.01 0.001 -0.22141009329963315 -0.19472571968691854 0.008630665245870963 0.002781988761474627
-0.26527793174887543 -0.10214882938006525 56 nil_vol 0.6 nil_bias 0.98 Home 0.005 0.01 0.001 -0.25257134909861007 -0.09805301878809514 -0.012706582650265356 -0.004095810591970121
-0.2734121583751541 -0.02582619090078211 56 nil_vol 0.6 nil_bias 0.98 Home 0.005 0.01 0.001 -0.275623062070945 -0.026538848507023483 0.0022109036957908947 0.00071265760624137
-0.3710137370280736 0.25966297846749203 56 nil_vol 0.6 nil_bias 0.98 Home 0.005 0.01 0.001 -0.3681719646147046 0.26057898884345276 -0.002841772413369032 -0.0009160103759607075
-0.36198641606741866 0.27935200242222197 56 nil_vol 0.6 nil_bias 0.98 Home 0.005 0.01 0.001 -0.37307146079806747 0.2757788746293369 0.0110850447306488 0.0035731277928850356
-0.4304211723909522 0.4536969775202596 56 nil_vol 0.6 nil_bias 0.98 Left 0.005 0.01 0.001 -0.4 0.35 -0.03042117239095216 0.10369697752025965
-0.4117614363641586 0.38840735149915795 57 nil_vol 0.6 nil_bias 0.98 Left 0.005 0.01 0.001 -0.4072372029253876 0.3900554852263682 -0.004524233438770967 -0.0016481337272102286
-0.374158679866296 0.30873635376469216 57 nil_vol 0.6 nil_bias 0.98 Left 0.005 0.01 0.001 -0.3772086853817235 0.3076252667648315 0.003050005515427517 0.0011110869998606592
-0.2727420980828949 0.010476739408600505 57 nil_vol 0.6 nil_bias 0.98 Left 0.005 0.01 0.001 -0.2694034620009441 0.011692971683971098 -0.003338636081950807 -0.0012162322753705935
-0.24549093357870616 -0.0717140443067384 57 nil_vol 0.6 nil_bias 0.98 Left 0.005 0.01 0.001 -0.23977734214273905 -0.06963263916340101 -0.005713591435967101 -0.0020814051433373903
-0.15796416784623935 -0.2424877113581545 57 nil_vol 0.6 nil_bias 0.98 Left 0.005 0.01 0.001 -0.17460021485110389 -0.2485480595977494 0.016636047004864554 0.006060348239594892
-0.1448153686862063 -0.3695147400198799 57 nil_vol 0.6 nil_bias 0.98 Left 0.005 0.01 0.001 -0.1322065287528763 -0.36492146369221945 -0.01260883993333002 -0.004593276327660418
0.010848223148298725 -0.7146892602053531 57 nil_vol 0.6 nil_bias 0.98 Left 0.005 0.01 0.001 -0.002957448227834669 -0.7197185304518431 0.013805671376133394 0.005029270246490074
0.002486755443144435 -0.7346632208547361 57 nil_vol 0.6 nil_bias 0.98 Home 0.005 0.01 0.001 0.0 -0.75 0.002486755443144435 0.015336779145263827
-0.03872317070841748 -0.6489187911747012 58 nil_vol 0.6 nil_bias 0.98 Home 0.005 0.01 0.001 -0.029746520758382713 -0.6456675451461703 -0.00897664995003477 -0.0032512460285308684
-0.039057284778644466 -0.6255894275618242 58 nil_vol 0.6 nil_bias 0.98 Home 0.005 0.01 0.001 -0.03725502167768677 -0.6249366672579278 -0.0018022631009577017 -0.0006527603038964172
-0.08081650180256914 -0.5472399471164818 58 nil_vol 0.6 nil_bias 0.98 Home 0.005 0.01 0.001 -0.06718423302099383 -0.5423024860388345 -0.013632268781575306 -0.004937461077647388
-0.20961653127917756 -0.13761599755085882 58 nil_vol 0.6 nil_bias 0.98 Home 0.005 0.01 0.001 -0.21327712451735573 -0.13894182503593833 0.003660593238178149 0.0013258274850795045
-0.29910741728991713 0.06518754442614362 58 nil_vol 0.6 nil_bias 0.98 Home 0.005 0.01 0.001 -0.28859024012801654 0.06899675283566309 -0.010517177161900608 -0.0038092084095194623
-0.3432025760628191 0.25322219841422233 58 nil_vol 0.6 nil_bias 0.98 Home 0.005 0.01 0.001 -0.3539100913108603 0.24934405159782647 0.010707515248041187 0.003878146816395885
-0.36733121773180827 0.3202405238700845 58 nil_vol 0.6 nil_bias 0.98 Home 0.005 0.01 0.001 -0.37816663004339407 0.3163160541133685 0.010835412311585801 0.003924469756716019
-0.40242436766975664 0.38329136675989844 58 nil_vol 0.6 nil_bias 0.98 Left 0.005 0.01 0.001 -0.4 0.35 -0.002424367669756636 0.033291366759898466
-0.36694870592883694 0.3022632802890306 59 nil_vol 0.6 nil_bias 0.98 Left 0.005 0.01 0.001 -0.37444436910160067 0.29975272190952895 0.007495663172763752 0.0025105583795016688
-0.30671009843509345 0.10212315677361562 59 nil_vol 0.6 nil_bias 0.98 Left 0.005 0.01 0.001 -0.30809589184617153 0.10165900634686192 0.0013857934110780767 0.00046415042675369703
-0.17373340497292397 -0.3415399863144441 59 nil_vol 0.6 nil_bias 0.98 Left 0.005 0.01 0.001 -0.16107335125505837 -0.33729969386616304 -0.012660053717865598 -0.0042402924482810795
-0.15116416504590613 -0.4123755432240765 59 nil_vol 0.6 nil_bias 0.98 Left 0.005 0.01 0.001 -0.13746466522379502 -0.40778710411193037 -0.013699499822111116 -0.004588439112146147
-0.06421763285399953 -0.5646983736253184 59 nil_vol 0.6 nil_bias 0.98 Left 0.005 0.01 0.001 -0.08282250313479556 -0.5709297919676892 0.018604870280796014 0.006231418342370887
-0.06948239842227742 -0.6356522174050062 59 nil_vol 0.6 nil_bias 0.98 Left 0.005 0.01 0.001 -0.06198570051135105 -0.6331413124556942 -0.007496697910926378 -0.0025109049493120907
-0.033960827178141396 -0.732819017321945 59 nil_vol 0.6 nil_bias 0.98 Left 0.005 0.01 0.001 -0.029140877533209486 -0.7312046484941368 -0.004819949644931908 -0.0016143688278082242
-0.01662925485992892 -0.7685600472250917 59 nil_vol 0.6 nil_bias 0.98 Home 0.005 0.01 0.001 0.0 -0.75 -0.01662925485992892 -0.01856004722509171
-0.08012502084722592 -0.5807297374237814 60 nil_vol 0.6 nil_bias 0.98 Home 0.005 0.01 0.001 -0.08185108359675464 -0.5813310168772381 0.0017260627495287242 0.0006012794534566551
-0.12356480951052244 -0.4152111804289018 60 nil_vol 0.6 nil_bias 0.98 Home 0.005 0.01 0.001 -0.1379712381809774 -0.42022970571693 0.014406428670454956 0.005018525288028232
-0.20041504968925547 -0.2519272607497884 60 nil_vol 0.6 nil_bias 0.98 Home 0.005 0.01 0.001 -0.19701279415647854 -0.2507420742043823 -0.0034022555327769374 -0.001185186545406039
-0.2901161056901061 -0.021372940694299254 60 nil_vol 0.6 nil_bias 0.98 Home 0.005 0.01 0.001 -0.2783429354792768 -0.017271719373259553 -0.011773170210829293 -0.0041012213210396995
-0.2828332949579025 -0.015167522845017722 60 nil_vol 0.6 nil_bias 0.98 Home 0.005 0.01 0.001 -0.27948255155084917 -0.01400028071258852 -0.0033507434070533322 -0.001167242132429201
-0.2965282630918817 0.06335897558654767 60 nil_vol 0.6 nil_bias 0.98 Home 0.005 0.01 0.001 -0.3053592544674401 0.06028267162875356 0.008830991375558412 0.0030763039577941095
-0.3319458286795464 0.15987683169548525 60 nil_vol 0.6 nil_bias 0.98 Home 0.005 0.01 0.001 -0.3391758361894988 0.15735823556376372 0.00723000750995242 0.0025185961317215474
-0.4083307148968128 0.3558776750667412 60 nil_vol 0.6 nil_bias 0.98 Left 0.005 0.01 0.001 -0.4 0.35 -0.008330714896812766 0.005877675066741202
-0.39574670616885765 0.3118870484897053 61 nil_vol 0.6 nil_bias 0.98 Left 0.005 0.01 0.001 -0.39039802970517323 0.31418775146359984 -0.005348676463684395 -0.0023007029738945513
-0.3736659638354556 0.26112448948872663 61 nil_vol 0.6 nil_bias 0.98 Left 0.005 0.01 0.001 -0.3685244681796287 0.2633360748081868 -0.005141495655826869 -0.0022115853194602164
-0.37827354587109063 0.22594362204679946 61 nil_vol 0.6 nil_bias 0.98 Left 0.005 0.01 0.001 -0.3564737962483576 0.23532066123167283 -0.021799749622733004 -0.00937703918487336
-0.09757354898344152 -0.36352223942927425 61 nil_vol 0.6 nil_bias 0.98 Left 0.005 0.01 0.001 -0.09868015557036985 -0.36399824000301684 0.0011066065869283384 0.0004760005737426027
-0.09668339092614303 -0.38882824321032006 61 nil_vol 0.6 nil_bias 0.98 Left 0.005 0.01 0.001 -0.08935550574812234 -0.3856761947856493 -0.007327885178020692 -0.003152048424670768
-0.061779845106047504 -0.4664502111521484 61 nil_vol 0.6 nil_bias 0.98 Left 0.005 0.01 0.001 -0.055730325999003516 -0.463848044673262 -0.006049519107043989 -0.0026021664788863684
-0.005536233306124556 -0.5797602658905954 61 nil_vol 0.6 nil_bias 0.98 Left 0.005 0.01 0.001 -0.005819016870718174 -0.5798819036438688 0.00028278356459361876 0.00012163775327342927
0.05226533699446397 -0.7149164647985041 61 nil_vol 0.6 nil_bias 0.98 Home 0.005 0.01 0.001 0.0 -0.75 0.05226533699446397 0.03508353520149589
0.1404048755199953 -0.5420305114921147 62 nil_vol 0.6 nil_bias 0.98 Home 0.005 0.01 0.001 0.12125076493542528 -0.5346985302505184 0.019154110584570026 -0.007331981241596292
0.22370261965410562 -0.3039314143895009 62 nil_vol 0.6 nil_bias 0.98 Home 0.005 0.01 0.001 0.21138999548289755 -0.2992182783208992 0.01231262417120807 -0.004713136068601704
0.23630099638054702 -0.274764089787074 62 nil_vol 0.6 nil_bias 0.98 Home 0.005 0.01 0.001 0.2227381201922393 -0.2695723711032071 0.01356287618830774 -0.005191718683866921
0.27733753056537297 -0.12856937193690468 62 nil_vol 0.6 nil_bias 0.98 Home 0.005 0.01 0.001 0.27679238433404485 -0.12836069600155509 0.00054514623132812 -0.00020867593534959296
0.31445991944979934 -0.0006993647643343559 62 nil_vol 0.6 nil_bias 0.98 Home 0.005 0.01 0.001 0.3242283802983396 -0.004438623310667578 -0.009768460848540276 0.003739258546333222
0.3366609855208416 0.03955219154620675 62 nil_vol 0.6 nil_bias 0.98 Home 0.005 0.01 0.001 0.3405044098615668 0.038080971306286404 -0.0038434243407252087 0.0014712202399203393
0.35688695914797 0.03564618223854897 62 nil_vol 0.6 nil_bias 0.98 Home 0.005 0.01 0.001 0.34178521780350746 0.04142696144853408 0.015101741344462492 -0.00578077920998511
0.4638294325382165 0.36025598026455646 62 nil_vol 0.6 nil_bias 0.98 Right 0.005 0.01 0.001 0.4 0.35 0.06382943253821652 0.010255980264556493
0.401874315264695 0.24054600037267979 63 nil_vol 0.6 nil_bias 0.98 Right 0.005 0.01 0.001 0.41043764857324955 0.23684132179007145 -0.008563333308554523 0.003704678582608352
0.4042277820523599 0.1684851888150851 63 nil_vol 0.6 nil_bias 0.98 Right 0.005 0.01 0.001 0.38454853210824863 0.1769988473593479 0.019679249944111264 -0.00851365854426282
0.33997578736805156 0.06790084805817731 63 nil_vol 0.6 nil_bias 0.98 Right 0.005 0.01 0.001 0.3377643345613895 0.06885756917997526 0.002211452806662048 -0.000956721121797948
0.3061867548045819 -0.011484864449590957 63 nil_vol 0.6 nil_bias 0.98 Right 0.005 0.01 0.001 0.30350788364391024 -0.010325928290397746 0.0026788711606716615 -0.0011589361591932124
0.2916716648113094 -0.026441144316186622 63 nil_vol 0.6 nil_bias 0.98 Right 0.005 0.01 0.001 0.29576920212602875 -0.02821382537206879 -0.0040975373147193695 0.00177268105588217
0.23444097633347452 -0.16018582138075194 63 nil_vol 0.6 nil_bias 0.98 Right 0.005 0.01 0.001 0.23800776897513928 -0.16172889109812244 -0.0035667926416647756 0.0015430697173704935
-0.0010906408340596169 -0.7579760897418224 63 nil_vol 0.6 nil_bias 0.98 Right 0.005 0.01 0.001 -0.016969449653364055 -0.7511065821761826 0.015878808819304438 -0.006869507565639703
-0.01725423018610216 -0.7517648499765455 63 nil_vol 0.6 nil_bias 0.98 Home 0.005 0.01 0.001 0.0 -0.75 -0.01725423018610216 -0.0017648499765454703
