x y trial vol omega bias theta state target_sigma moving_sigma staying_sigma x_mean y_mean x_noise y_noise
0.01811004358937247 -0.7543612767864872 0 nil_vol 0.6 nil_bias 0.43 Home 0.005 0.01 0.001 0.0010674114621292777 -0.7473903686013049 0.017042632127243194 -0.006970908185182285
0.20055809564783142 -0.2591339649683515 0 nil_vol 0.6 nil_bias 0.43 Home 0.005 0.01 0.001 0.20074630470577484 -0.2592109476816289 -0.00018820905794341702 7.698271327736738e-05
0.19629008721659724 -0.24203286091420326 0 nil_vol 0.6 nil_bias 0.43 Home 0.005 0.01 0.001 0.2061268854519481 -0.24605638362025173 -0.009836798235350868 0.0040235227060484635
0.2197330503760748 -0.18908334747958772 0 nil_vol 0.6 nil_bias 0.43 Home 0.005 0.01 0.001 0.22804055772404702 -0.1924813478904438 -0.008307507347972235 0.0033980004108560935
0.301373891663822 -0.06980118702137321 0 nil_vol 0.6 nil_bias 0.43 Home 0.005 0.01 0.001 0.2815386471926649 -0.061688023103573686 0.019835244471157067 -0.008113163917799525
0.34865060415016536 0.08707029943263382 0 nil_vol 0.6 nil_bias 0.43 Home 0.005 0.01 0.001 0.34328294655711633 0.08926581993505833 0.005367657593049012 -0.0021955205024245176
0.3743284276883377 0.1459458383969686 0 nil_vol 0.6 nil_bias 0.43 Home 0.005 0.01 0.001 0.367593431981906 0.14870063802807032 0.006734995706431653 -0.0027547996311017247
0.44379340307945137 0.334996030396385 0 nil_vol 0.6 nil_bias 0.43 Right 0.005 0.01 0.001 0.4 0.35 0.043793403079451336 -0.015003969603614999
0.4212013000670061 0.27355364330542364 1 nil_vol 0.6 nil_bias 0.43 Right 0.005 0.01 0.001 0.41743852117351793 0.275212418859917 0.0037627788934882006 -0.00165877555449336
0.12356349894781629 -0.3653868693338392 1 nil_vol 0.6 nil_bias 0.43 Right 0.005 0.01 0.001 0.1331709762432033 -0.36962220947182006 -0.009607477295387003 0.0042353401379809025
0.08424632539201675 -0.4422395141393562 1 nil_vol 0.6 nil_bias 0.43 Right 0.005 0.01 0.001 0.09840662992082316 -0.44848191308477786 -0.014160304528806409 0.006242398945421676
0.06175821363305711 -0.5365980554345218 1 nil_vol 0.6 nil_bias 0.43 Right 0.005 0.01 0.001 0.05991910362611447 -0.5357873060368306 0.0018391100069426452 -0.0008107493976911613
0.0636440699931939 -0.5636839573929728 1 nil_vol 0.6 nil_bias 0.43 Right 0.005 0.01 0.001 0.05022838123457757 -0.5577698133017546 0.013415688758616337 -0.005914144091218294
-0.000936508524792564 -0.6838821036119961 1 nil_vol 0.6 nil_bias 0.43 Right 0.005 0.01 0.001 -0.004645833318886405 -0.6822468926505529 0.0037093247940938414 -0.0016352109614431892
-0.011450336853621573 -0.6827878412387491 1 nil_vol 0.6 nil_bias 0.43 Right 0.005 0.01 0.001 -0.00595270336541609 -0.6852114064536974 -0.005497633488205483 0.002423565214948209
-0.04101235225175834 -0.7647409766148207 1 nil_vol 0.6 nil_bias 0.43 Home 0.005 0.01 0.001 0.0 -0.75 -0.04101235225175834 -0.01474097661482061
0.04584833786053749 -0.597597023770255 2 nil_vol 0.6 nil_bias 0.43 Home 0.005 0.01 0.001 0.026824128900684696 -0.590203014045672 0.0190242089598528 -0.00739400972458302
0.1146721120641785 -0.422696247348835 2 nil_vol 0.6 nil_bias 0.43 Home 0.005 0.01 0.001 0.0949126839648215 -0.4150164850087994 0.019759428099357008 -0.0076797623400355645
0.11596957959147017 -0.34239230996632786 2 nil_vol 0.6 nil_bias 0.43 Home 0.005 0.01 0.001 0.12219814597009174 -0.3448131244386104 -0.006228566378621568 0.0024208144722825346
0.19453088776200844 -0.11579970872297214 2 nil_vol 0.6 nil_bias 0.43 Home 0.005 0.01 0.001 0.20901871299789862 -0.12143059308238469 -0.01448782523589017 0.005630884359412549
0.2512515139083538 -0.0007332928236903817 2 nil_vol 0.6 nil_bias 0.43 Home 0.005 0.01 0.001 0.2553154206426872 -0.002312783775291649 -0.004063906734333355 0.0015794909516012674
0.26862521930765443 0.04452764551512 2 nil_vol 0.6 nil_bias 0.43 Home 0.005 0.01 0.001 0.2728781304486809 0.042874695508058 -0.004252911141026521 0.0016529500070619956
0.32564279709331106 0.22082145163635794 2 nil_vol 0.6 nil_bias 0.43 Home 0.005 0.01 0.001 0.3398876672705321 0.21528499496485753 -0.014244870177221034 0.005536456671500414
0.3876887312548156 0.3382733955233366 2 nil_vol 0.6 nil_bias 0.43 Right 0.005 0.01 0.001 0.4 0.35 -0.012311268745184406 -0.01172660447666339
0.32652819261024135 0.21716443548385675 3 nil_vol 0.6 nil_bias 0.43 Right 0.005 0.01 0.001 0.33716980181571665 0.21287720242450725 -0.0106416092054753 0.004287233059349486
0.1909734233582978 -0.14358446575543812 3 nil_vol 0.6 nil_bias 0.43 Right 0.005 0.01 0.001 0.19319921894666486 -0.14448118205515825 -0.0022257955883670587 0.0008967162997201309
0.18611039779784336 -0.20483571615572482 3 nil_vol 0.6 nil_bias 0.43 Right 0.005 0.01 0.001 0.17128946912909324 -0.19886474182918845 0.014820928668750127 -0.005970974326536369
0.1392559285801904 -0.3003824841509888 3 nil_vol 0.6 nil_bias 0.43 Right 0.005 0.01 0.001 0.13162854339678137 -0.297309605107669 0.007627385183409029 -0.0030728790433197537
0.09498933692533688 -0.39362353027803704 3 nil_vol 0.6 nil_bias 0.43 Right 0.005 0.01 0.001 0.09312819610287071 -0.39287372408725185 0.00186114082246618 -0.0007498061907851761
0.04554703781474112 -0.49095236089530214 3 nil_vol 0.6 nil_bias 0.43 Right 0.005 0.01 0.001 0.05248820726340414 -0.4937487811129835 -0.006941169448663024 0.0027964202176813183
0.025425136479383086 -0.5883832368641799 3 nil_vol 0.6 nil_bias 0.43 Right 0.005 0.01 0.001 0.01590722887645607 -0.5845487145336561 0.009517907602927016 -0.003834522330523786
-0.06192784781687377 -0.7777480244807328 3 nil_vol 0.6 nil_bias 0.43 Home 0.005 0.01 0.001 0.0 -0.75 -0.06192784781687377 -0.02774802448073272
-0.007540816106073963 -0.6558586856466198 4 nil_vol 0.6 nil_bias 0.43 Home 0.005 0.01 0.001 -0.015188603855953747 -0.6529934455843699 0.007647787749879785 -0.002865240062249837
0.005676835783774743 -0.6309621274134339 4 nil_vol 0.6 nil_bias 0.43 Home 0.005 0.01 0.001 -0.00538229609398002 -0.6268188288876158 0.011059131877754763 -0.004143298525818176
0.09671682123665434 -0.35334740324910346 4 nil_vol 0.6 nil_bias 0.43 Home 0.005 0.01 0.001 0.09702972434899088 -0.35346463225210284 -0.00031290311233653787 0.00011722900299938398
0.21018741434446173 -0.04833779870860612 4 nil_vol 0.6 nil_bias 0.43 Home 0.005 0.01 0.001 0.21120282310150956 -0.048718221119034344 -0.0010154087570478246 0.0003804224104282276
0.3040732259395493 0.13767842215046774 4 nil_vol 0.6 nil_bias 0.43 Home 0.005 0.01 0.001 0.2838717607826893 0.14524689151397607 0.020201465156859996 -0.007568469363508329
0.4000843674497071 0.42445675124852 4 nil_vol 0.6 nil_bias 0.43 Home 0.005 0.01 0.001 0.38990622920357654 0.4282699859270568 0.010178138246130546 -0.0038132346785368022
0.4050243283958436 0.4415193316506721 4 nil_vol 0.6 nil_bias 0.43 Home 0.005 0.01 0.001 0.3961199316350447 0.44485535968434886 0.008904396760798914 -0.003336028033676767
0.397483085783561 0.44849383791714104 4 nil_vol 0.6 nil_bias 0.43 Right 0.005 0.01 0.001 0.4 0.35 -0.0025169142164390224 0.09849383791714107
0.3546750372713713 0.3128138243211635 5 nil_vol 0.6 nil_bias 0.43 Right 0.005 0.01 0.001 0.3600156344909586 0.3113547323620295 -0.005340597219587292 0.0014590919591340203
0.3275861979893623 0.19932588169481485 5 nil_vol 0.6 nil_bias 0.43 Right 0.005 0.01 0.001 0.32928192360613284 0.19886259650205532 -0.0016957256167705725 0.00046328519275953204
0.3133686888550481 0.19534297917472224 5 nil_vol 0.6 nil_bias 0.43 Right 0.005 0.01 0.001 0.32728182704130077 0.1915418035347719 -0.01391313818625267 0.003801175639950345
0.32732868557527806 0.14190549346629894 5 nil_vol 0.6 nil_bias 0.43 Right 0.005 0.01 0.001 0.31466598265713497 0.14536504063847705 0.01266270291814307 -0.0034595471721781015
0.16059868226398583 -0.42044481997074645 5 nil_vol 0.6 nil_bias 0.43 Right 0.005 0.01 0.001 0.16011826576127647 -0.4203135665121318 0.0004804165027093663 -0.0001312534586146328
0.14832459933357875 -0.4644106784778578 5 nil_vol 0.6 nil_bias 0.43 Right 0.005 0.01 0.001 0.14808824030691278 -0.464346103386141 0.0002363590266659561 -6.45750917167445e-05
0.15112351342493074 -0.48250817291100384 5 nil_vol 0.6 nil_bias 0.43 Right 0.005 0.01 0.001 0.14368169914970375 -0.4804750124003163 0.007441814275227007 -0.0020331605106875283
0.06154348145683996 -0.7811189398006946 5 nil_vol 0.6 nil_bias 0.43 Home 0.005 0.01 0.001 0.0 -0.75 0.06154348145683996 -0.03111893980069458
0.03531967280171084 -0.719631870825495 6 nil_vol 0.6 nil_bias 0.43 Home 0.005 0.01 0.001 0.033094679201996546 -0.7206791680118191 0.002224993599714296 0.0010472971863241698
-0.07547261414631093 -0.48402652714895406 6 nil_vol 0.6 nil_bias 0.43 Home 0.005 0.01 0.001 -0.07778468951778014 -0.4851148134394944 0.0023120753714692076 0.0010882862905403586
-0.08953898470814717 -0.4686568694047154 6 nil_vol 0.6 nil_bias 0.43 Home 0.005 0.01 0.001 -0.08625825349034733 -0.4671126399858403 -0.0032807312177998414 -0.0015442294188751074
-0.11058307100681211 -0.40414413173017516 6 nil_vol 0.6 nil_bias 0.43 Home 0.005 0.01 0.001 -0.11493346943455335 -0.4061918499947794 0.004350398427741238 0.002047718264604236
-0.17748550059888302 -0.279095478705053 6 nil_vol 0.6 nil_bias 0.43 Home 0.005 0.01 0.001 -0.1752521297273036 -0.278044238364351 -0.002233370871579407 -0.0010512403407020206
-0.20843696641769524 -0.2078602755706426 6 nil_vol 0.6 nil_bias 0.43 Home 0.005 0.01 0.001 -0.20831460135434499 -0.20780267873685054 -0.00012236506335026016 -5.759683379204412e-05
-0.3462590827374043 0.08401281502286094 6 nil_vol 0.6 nil_bias 0.43 Home 0.005 0.01 0.001 -0.345777822510482 0.08423934263247301 -0.00048126022692229347 -0.00022652760961207674
-0.40418238887994457 0.20832044211698914 6 nil_vol 0.6 nil_bias 0.43 Left 0.005 0.01 0.001 -0.4 0.35 -0.004182388879944566 -0.14167955788301084
-0.3186121580351593 0.047716510421624676 7 nil_vol 0.6 nil_bias 0.43 Left 0.005 0.01 0.001 -0.3284173275554172 0.043216972809745235 0.0098051695202579 0.004499537611879438
-0.30173851336831464 -0.03820508552486902 7 nil_vol 0.6 nil_bias 0.43 Left 0.005 0.01 0.001 -0.2929119358627711 -0.03415461833118019 -0.008826577505543566 -0.00405046719368883
-0.2628643498132749 -0.09410531823847212 7 nil_vol 0.6 nil_bias 0.43 Left 0.005 0.01 0.001 -0.26495965588035497 -0.09506684250765968 0.002095306067080083 0.0009615242691875499
-0.17970230973225604 -0.2448865336387859 7 nil_vol 0.6 nil_bias 0.43 Left 0.005 0.01 0.001 -0.19333698865137475 -0.2511434117575908 0.013634678919118721 0.006256878118804898
-0.07779281919750798 -0.4957798077307277 7 nil_vol 0.6 nil_bias 0.43 Left 0.005 0.01 0.001 -0.0805038176651372 -0.49702386980896546 0.0027109984676292167 0.001244062078237719
-0.05102397728759516 -0.5493845040785177 7 nil_vol 0.6 nil_bias 0.43 Left 0.005 0.01 0.001 -0.05552745403965681 -0.5514511244452804 0.004503476752061648 0.0020666203667627217
0.0005305403303885944 -0.6894319223778206 7 nil_vol 0.6 nil_bias 0.43 Left 0.005 0.01 0.001 0.006528161120871456 -0.6866796476442922 -0.005997620790482862 -0.002752274733528311
0.027436476859790435 -0.7322420137998551 7 nil_vol 0.6 nil_bias 0.43 Home 0.005 0.01 0.001 0.0 -0.75 0.027436476859790435 0.017757986200144918
0.0364187149686876 -0.713978956508445 8 nil_vol 0.6 nil_bias 0.43 Home 0.005 0.01 0.001 0.03276761408176652 -0.7129690190250942 0.0036511008869210796 -0.0010099374833507902
0.06608555143938002 -0.5781899625212933 8 nil_vol 0.6 nil_bias 0.43 Home 0.005 0.01 0.001 0.06976737622242556 -0.5792083985959708 -0.0036818247830455357 0.0010184360746775369
0.18971099297032581 -0.15529060613079132 8 nil_vol 0.6 nil_bias 0.43 Home 0.005 0.01 0.001 0.18721872150013524 -0.1546012145049812 0.002492271470190571 -0.000689391625810105
0.2619523457465394 0.06506499768150091 8 nil_vol 0.6 nil_bias 0.43 Home 0.005 0.01 0.001 0.248974007076612 0.06865495892889717 0.012978338669927446 -0.0035899612473962537
0.25710239075307256 0.13596957068430776 8 nil_vol 0.6 nil_bias 0.43 Home 0.005 0.01 0.001 0.2668483203096608 0.13327373184716318 -0.009745929556588278 0.0026958388371445745
0.3044456667258847 0.2514391024915794 8 nil_vol 0.6 nil_bias 0.43 Home 0.005 0.01 0.001 0.29988333533663797 0.2527010970581973 0.004562331389246734 -0.00126199456661789
0.30913494900876437 0.26337614299012585 8 nil_vol 0.6 nil_bias 0.43 Home 0.005 0.01 0.001 0.3032838686814761 0.26499462068319446 0.00585108032728828 -0.001618477693068626
0.3260084475978201 0.3471479535420692 8 nil_vol 0.6 nil_bias 0.43 Right 0.005 0.01 0.001 0.4 0.35 -0.07399155240217989 -0.002852046457930805
0.3026726453648896 0.2650058767351706 9 nil_vol 0.6 nil_bias 0.43 Right 0.005 0.01 0.001 0.3023536797097205 0.2650978334383145 0.0003189656551691073 -9.195670314388239e-05
0.2876683810215538 0.21567618718743548 9 nil_vol 0.6 nil_bias 0.43 Right 0.005 0.01 0.001 0.2880720388148802 0.21555981403167063 -0.00040365779332642975 0.0001163731557648537
0.30072879540582015 0.21025451312296098 9 nil_vol 0.6 nil_bias 0.43 Right 0.005 0.01 0.001 0.28763114852333554 0.2140305197454216 0.013097646882484612 -0.0037760066224606027
0.24772399887019275 0.022061381508825 9 nil_vol 0.6 nil_bias 0.43 Right 0.005 0.01 0.001 0.23347168493163564 0.026170274678738448 0.0142523139385571 -0.004108893169913447
0.1073194421922387 -0.44714119757747983 9 nil_vol 0.6 nil_bias 0.43 Right 0.005 0.01 0.001 0.09780814344376934 -0.44439912280751104 0.009511298748469352 -0.0027420747699687963
0.0632544416463578 -0.5453700835531922 9 nil_vol 0.6 nil_bias 0.43 Right 0.005 0.01 0.001 0.06828079708693169 -0.5468191645675711 -0.005026355440573891 0.0014490810143789347
0.0547641817131885 -0.5524576774973915 9 nil_vol 0.6 nil_bias 0.43 Right 0.005 0.01 0.001 0.0657427504191021 -0.5556227611578852 -0.0109785687059136 0.0031650836604937144
0.0051182528560630046 -0.7659079488971238 9 nil_vol 0.6 nil_bias 0.43 Home 0.005 0.01 0.001 0.0 -0.75 0.0051182528560630046 -0.01590794889712375
0.057847981704252156 -0.6352167079774422 10 nil_vol 0.6 nil_bias 0.43 Home 0.005 0.01 0.001 0.044884603290451255 -0.6313846126460085 0.012963378413800903 -0.0038320953314337474
0.06875922954928936 -0.4975715106620871 10 nil_vol 0.6 nil_bias 0.43 Home 0.005 0.01 0.001 0.08318077691738372 -0.5018346543100801 -0.01442154736809437 0.004263143647993015
0.12773962921642074 -0.36128063110311337 10 nil_vol 0.6 nil_bias 0.43 Home 0.005 0.01 0.001 0.12497172728591861 -0.360462413526864 0.0027679019305021273 -0.0008182175762493762
0.18558720677945129 -0.17985721209140218 10 nil_vol 0.6 nil_bias 0.43 Home 0.005 0.01 0.001 0.17894107716033553 -0.17789255430910655 0.006646129619115769 -0.001964657782295627
0.22247078814225585 -0.017451232403563416 10 nil_vol 0.6 nil_bias 0.43 Home 0.005 0.01 0.001 0.22605575369228662 -0.018510981591552733 -0.0035849655500307695 0.0010597491879893155
0.24100697047632813 0.007929394346189937 10 nil_vol 0.6 nil_bias 0.43 Home 0.005 0.01 0.001 0.23444517642228307 0.009869121750395449 0.00656179405404506 -0.0019397274042055124
0.23714692106882052 0.018790000492660632 10 nil_vol 0.6 nil_bias 0.43 Home 0.005 0.01 0.001 0.23708746663770042 0.01880757577594372 5.945443112009925e-05 -1.757528328308513e-05
0.30940940740451994 0.26346137603252673 10 nil_vol 0.6 nil_bias 0.43 Right 0.005 0.01 0.001 0.4 0.35 -0.09059059259548007 -0.08653862396747326
0.3003098876978379 0.22685123900859383 11 nil_vol 0.6 nil_bias 0.43 Right 0.005 0.01 0.001 0.2987257373816553 0.22731951986181764 0.0015841503161825943 -0.000468280853223801
0.268960264534124 0.14085065462892446 11 nil_vol 0.6 nil_bias 0.43 Right 0.005 0.01 0.001 0.2728273041071603 0.13970754303641136 -0.003867039573036233 0.0011431115925130964
0.27450350070969076 0.10881892099992313 11 nil_vol 0.6 nil_bias 0.43 Right 0.005 0.01 0.001 0.2645649560554806 0.11175679256610849 0.009938544654210157 -0.0029378715661853515
0.2572918746373821 0.049745358618257095 11 nil_vol 0.6 nil_bias 0.43 Right 0.005 0.01 0.001 0.24712273619224837 0.052751394585294265 0.010169138445133744 -0.003006035967037172
0.12017662472242274 -0.31324829507534013 11 nil_vol 0.6 nil_bias 0.43 Right 0.005 0.01 0.001 0.13742467480578954 -0.31834688422245416 -0.017248050083366797 0.005098589147114043
0.019972163309321556 -0.6402762755445716 11 nil_vol 0.6 nil_bias 0.43 Right 0.005 0.01 0.001 0.04046999034402188 -0.6463355111076297 -0.020497827034700322 0.006059235563058133
0.0471819716031578 -0.6681658972131594 11 nil_vol 0.6 nil_bias 0.43 Right 0.005 0.01 0.001 0.03507479021651472 -0.6645869683880624 0.012107181386643079 -0.0035789288250970817
3.48969076168188e-05 -0.7831236492755178 11 nil_vol 0.6 nil_bias 0.43 Home 0.005 0.01 0.001 0.0 -0.75 3.48969076168188e-05 -0.033123649275517836
0.012844587031934845 -0.7138245557059297 12 nil_vol 0.6 nil_bias 0.43 Home 0.005 0.01 0.001 0.01708504269882479 -0.7148840637135803 -0.0042404556668899475 0.00105950800765055
0.10841159766055027 -0.3411051279247735 12 nil_vol 0.6 nil_bias 0.43 Home 0.005 0.01 0.001 0.11035504177386385 -0.34159071125878987 -0.0019434441133135895 0.00048558333401637954
0.1066031572267433 -0.279178746900791 12 nil_vol 0.6 nil_bias 0.43 Home 0.005 0.01 0.001 0.12481234150494874 -0.28372844110138923 -0.01820918427820545 0.00454969420059825
0.1604332777803897 -0.11699531198346337 12 nil_vol 0.6 nil_bias 0.43 Home 0.005 0.01 0.001 0.16611697456665742 -0.11841542404951522 -0.005683696786267719 0.0014201120660518466
0.2112879619403688 -0.026121260730796073 12 nil_vol 0.6 nil_bias 0.43 Home 0.005 0.01 0.001 0.19047655425122492 -0.020921382503251706 0.02081140768914388 -0.005199878227544368
0.19528611527842282 0.021839588851734076 12 nil_vol 0.6 nil_bias 0.43 Home 0.005 0.01 0.001 0.20081549572167345 0.020458033821525 -0.005529380443250628 0.0013815550302090755
0.23289904709200984 0.17782731738736993 12 nil_vol 0.6 nil_bias 0.43 Home 0.005 0.01 0.001 0.23971012460026214 0.17612552122969083 -0.006811077508252287 0.0017017961576790942
0.29574714396596613 0.4004017839941859 12 nil_vol 0.6 nil_bias 0.43 Right 0.005 0.01 0.001 0.4 0.35 -0.1042528560340339 0.05040178399418596
0.265445360611934 0.31540591540799223 13 nil_vol 0.6 nil_bias 0.43 Right 0.005 0.01 0.001 0.2740506270992047 0.31326329942822145 -0.008605266487270665 0.00214261597977078
0.2108787092084525 0.10684228634502785 13 nil_vol 0.6 nil_bias 0.43 Right 0.005 0.01 0.001 0.22196667869011177 0.10408150483642997 -0.011087969481659271 0.0027607815085978807
0.2004212375182005 0.0012507448044733372 13 nil_vol 0.6 nil_bias 0.43 Right 0.005 0.01 0.001 0.1965998668660912 0.0022022237430917024 0.0038213706521093033 -0.0009514789386183653
0.17837207271861502 -0.006280393331263715 13 nil_vol 0.6 nil_bias 0.43 Right 0.005 0.01 0.001 0.19354701160174187 -0.010058784923334563 -0.015174938883126836 0.0037783915920708475
0.1552554337549365 -0.12019423882576719 13 nil_vol 0.6 nil_bias 0.43 Right 0.005 0.01 0.001 0.1654900069695722 -0.12274253412240332 -0.010234573214635702 0.002548295296636143
0.12340827231591697 -0.21678260307492428 13 nil_vol 0.6 nil_bias 0.43 Right 0.005 0.01 0.001 0.14098537137965753 -0.22115910592788002 -0.01757709906374056 0.004376502852955747
0.03441084624976566 -0.5771266661213431 13 nil_vol 0.6 nil_bias 0.43 Right 0.005 0.01 0.001 0.05130597273416074 -0.5813333653606126 -0.016895126484395073 0.004206699239269567
0.014287433674629452 -0.7300088147105163 13 nil_vol 0.6 nil_bias 0.43 Home 0.005 0.01 0.001 0.0 -0.75 0.014287433674629452 0.019991185289483737
0.08966803805238774 -0.5095802427955206 14 nil_vol 0.6 nil_bias 0.43 Home 0.005 0.01 0.001 0.09620599361700818 -0.5120373530091259 -0.0065379555646204466 0.0024571102136053268
0.2527578120336589 -0.08885294336663577 14 nil_vol 0.6 nil_bias 0.43 Home 0.005 0.01 0.001 0.25493996536293506 -0.08967304548877808 -0.0021821533292761862 0.0008201021221423148
0.26692896397563176 -0.07438976527693567 14 nil_vol 0.6 nil_bias 0.43 Home 0.005 0.01 0.001 0.2614566830988736 -0.07233315949228314 0.0054722808767581664 -0.002056605784652529
0.2497743780777468 -0.05550503232165263 14 nil_vol 0.6 nil_bias 0.43 Home 0.005 0.01 0.001 0.2655525256515212 -0.06143481376053028 -0.0157781475737744 0.005929781438877651
0.34427430094197636 0.1488336439037095 14 nil_vol 0.6 nil_bias 0.43 Home 0.005 0.01 0.001 0.34453876981562415 0.14873425057437317 -0.00026446887364777095 9.939332933633354e-05
0.4140875684454124 0.2902689699819393 14 nil_vol 0.6 nil_bias 0.43 Home 0.005 0.01 0.001 0.3997550496438378 0.29565545173238295 0.014332518801574625 -0.005386481750443625
0.4149141780465147 0.32405219673074426 14 nil_vol 0.6 nil_bias 0.43 Home 0.005 0.01 0.001 0.41098250240363376 0.3255298085442878 0.003931675642880914 -0.0014776118135435533
0.4163628234440944 0.33984593473640956 14 nil_vol 0.6 nil_bias 0.43 Right 0.005 0.01 0.001 0.4 0.35 0.016362823444094392 -0.010154065263590433
0.2626274783061146 -0.05553919953035574 15 nil_vol 0.6 nil_bias 0.43 Right 0.005 0.01 0.001 0.2676299017295351 -0.05741210073056452 -0.005002423423420482 0.0018729012002087764
0.2508748906683511 -0.10006925869108901 15 nil_vol 0.6 nil_bias 0.43 Right 0.005 0.01 0.001 0.2515627006733685 -0.10032677391418698 -0.0006878100050173856 0.0002575152230979759
0.2005897204951729 -0.22288388195648068 15 nil_vol 0.6 nil_bias 0.43 Right 0.005 0.01 0.001 0.20505197548706075 -0.22455454475779746 -0.0044622549918878415 0.0016706628013167806
0.1627252703912316 -0.2845120990257891 15 nil_vol 0.6 nil_bias 0.43 Right 0.005 0.01 0.001 0.18016003256770016 -0.2910396526216691 -0.017434762176468558 0.006527553595879967
0.054253300657848245 -0.6430582581115938 15 nil_vol 0.6 nil_bias 0.43 Right 0.005 0.01 0.001 0.0490886500270436 -0.641124619243719 0.0051646506308046436 -0.001933638867874774
0.04063147344276044 -0.6569145304085716 15 nil_vol 0.6 nil_bias 0.43 Right 0.005 0.01 0.001 0.042863985501303214 -0.6577503801877705 -0.002232512058542771 0.0008358497791988814
0.03875521812259975 -0.6637872416232264 15 nil_vol 0.6 nil_bias 0.43 Right 0.005 0.01 0.001 0.04037652604304387 -0.6643942573220358 -0.0016213079204441165 0.0006070156988093374
0.03192645090123405 -0.6869639763303534 15 nil_vol 0.6 nil_bias 0.43 Home 0.005 0.01 0.001 0.0 -0.75 0.03192645090123405 0.06303602366964653
0.03343502219534435 -0.6465150728125536 16 nil_vol 0.6 nil_bias 0.43 Home 0.005 0.01 0.001 0.04239047113364925 -0.6489823161740932 -0.008955448938304902 0.0024672433615395358
0.0882408495728961 -0.5057888063608761 16 nil_vol 0.6 nil_bias 0.43 Home 0.005 0.01 0.001 0.0822920773580825 -0.5041499082042988 0.0059487722148136015 -0.0016388981565772615
0.09785791678451676 -0.49807097969097597 16 nil_vol 0.6 nil_bias 0.43 Home 0.005 0.01 0.001 0.08494680414816999 -0.4945139433925651 0.012911112636346766 -0.0035570362984108867
0.1771095537011928 -0.13086519698366156 16 nil_vol 0.6 nil_bias 0.43 Home 0.005 0.01 0.001 0.18456672250454034 -0.1329196612939032 -0.007457168803347534 0.0020544643102416533
0.19374604443301333 -0.1311267808230369 16 nil_vol 0.6 nil_bias 0.43 Home 0.005 0.01 0.001 0.18567338956847934 -0.12890274892226528 0.008072654864533993 -0.002224031900771609
0.19672337905386184 -0.10507625851549121 16 nil_vol 0.6 nil_bias 0.43 Home 0.005 0.01 0.001 0.19255408801999496 -0.10392761083780355 0.004169291033866859 -0.0011486476776876567
0.2875937243335718 0.21456373637899123 16 nil_vol 0.6 nil_bias 0.43 Home 0.005 0.01 0.001 0.28081367940448343 0.21643165176296297 0.006780044929088359 -0.0018679153839717326
0.2958343449622773 0.27095274421743437 16 nil_vol 0.6 nil_bias 0.43 Right 0.005 0.01 0.001 0.4 0.35 -0.10416565503772274 -0.07904725578256562
0.18891475683077738 -0.16171676623922004 17 nil_vol 0.6 nil_bias 0.43 Right 0.005 0.01 0.001 0.17715011466738215 -0.15846520795481617 0.011764642163395221 -0.003251558284403884
0.1678917574759612 -0.17470554271274535 17 nil_vol 0.6 nil_bias 0.43 Right 0.005 0.01 0.001 0.17232304889874442 -0.17593028054465237 -0.00443129142278322 0.0012247378319070264
0.144567446597106 -0.26992589182368965 17 nil_vol 0.6 nil_bias 0.43 Right 0.005 0.01 0.001 0.14621808161371982 -0.2703821008514064 -0.001650635016613833 0.000456209027716736
0.14171964179855967 -0.27782692527097996 17 nil_vol 0.6 nil_bias 0.43 Right 0.005 0.01 0.001 0.14398723454979256 -0.2784536515150528 -0.0022675927512328946 0.0006267262440728277
0.10526559148631935 -0.41129146351468465 17 nil_vol 0.6 nil_bias 0.43 Right 0.005 0.01 0.001 0.10713053569096187 -0.4118069041625459 -0.001864944204642519 0.0005154406478612656
0.09740438057392724 -0.42397968273708736 17 nil_vol 0.6 nil_bias 0.43 Right 0.005 0.01 0.001 0.1033146972590859 -0.4256131994147873 -0.005910316685158664 0.0016335166776999532
0.08927124270000347 -0.5381855757447394 17 nil_vol 0.6 nil_bias 0.43 Right 0.005 0.01 0.001 0.07341288846948169 -0.5338025811445548 0.01585835423052179 -0.00438299460018453
0.011642915610896478 -0.7572959229706935 17 nil_vol 0.6 nil_bias 0.43 Home 0.005 0.01 0.001 0.0 -0.75 0.011642915610896478 -0.007295922970693471
0.0331112641904767 -0.6949785204650952 18 nil_vol 0.6 nil_bias 0.43 Home 0.005 0.01 0.001 0.030211363338675863 -0.6941261092545077 0.0028999008518008334 -0.0008524112105875933
0.08844279118888058 -0.5220582915209132 18 nil_vol 0.6 nil_bias 0.43 Home 0.005 0.01 0.001 0.0813984832068219 -0.519987652764071 0.00704430798205869 -0.002070638756842193
0.1029856781581496 -0.5121618911672174 18 nil_vol 0.6 nil_bias 0.43 Home 0.005 0.01 0.001 0.08523274429924337 -0.5069435059135443 0.017752933858906243 -0.005218385253673174
0.2341377781184927 0.0238956219938989 18 nil_vol 0.6 nil_bias 0.43 Home 0.005 0.01 0.001 0.2407029688231694 0.021965817341151328 -0.006565190704676712 0.0019298046527475706
0.25997290088740976 0.1003738262173769 18 nil_vol 0.6 nil_bias 0.43 Home 0.005 0.01 0.001 0.26345015930190735 0.09935170366695001 -0.0034772584144975643 0.0010221225504268852
0.3226783521022966 0.316378260968849 18 nil_vol 0.6 nil_bias 0.43 Home 0.005 0.01 0.001 0.32688090405523784 0.315142942045604 -0.004202551952941245 0.001235318923245013
0.3368701491496426 0.3446921535509589 18 nil_vol 0.6 nil_bias 0.43 Home 0.005 0.01 0.001 0.33567040758149486 0.3450448115260969 0.0011997415681477342 -0.00035265797513800846
0.3595104964761032 0.42614873558737976 18 nil_vol 0.6 nil_bias 0.43 Right 0.005 0.01 0.001 0.4 0.35 -0.04048950352389678 0.07614873558737978
0.3033797428435361 0.2670461272845127 19 nil_vol 0.6 nil_bias 0.43 Right 0.005 0.01 0.001 0.3034453735331363 0.26702300347774377 -6.563068960018267e-05 2.3123806768918695e-05
0.2622740023013476 0.08662250231426749 19 nil_vol 0.6 nil_bias 0.43 Right 0.005 0.01 0.001 0.2423569294165051 0.09363992888097367 0.019917072884842516 -0.007017426566706173
0.22302774178069132 0.09682100393187663 19 nil_vol 0.6 nil_bias 0.43 Right 0.005 0.01 0.001 0.24121944330098438 0.09041148129367582 -0.018191701520293056 0.006409522638200806
0.2187898349678864 0.02051922528402471 19 nil_vol 0.6 nil_bias 0.43 Right 0.005 0.01 0.001 0.2168366178258555 0.02120740662182885 0.001953217142030895 -0.000688181337804141
0.052049569138757086 -0.43785934807851695 19 nil_vol 0.6 nil_bias 0.43 Right 0.005 0.01 0.001 0.05475656638919735 -0.4388131104376283 -0.002706997250440263 0.0009537623591113483
-0.041702666439980315 -0.664173298824904 19 nil_vol 0.6 nil_bias 0.43 Right 0.005 0.01 0.001 -0.026528749419896303 -0.6695195587413784 -0.015173917020084011 0.00534625991647439
-0.06353679804273095 -0.7308723038874293 19 nil_vol 0.6 nil_bias 0.43 Right 0.005 0.01 0.001 -0.04984497408840327 -0.7356963746592385 -0.01369182395432768 0.004824070771809234
-0.06648747468010045 -0.7829316245218463 19 nil_vol 0.6 nil_bias 0.43 Home 0.005 0.01 0.001 0.0 -0.75 -0.06648747468010045 -0.0329316245218463
-0.11675459189355318 -0.6245548388940587 20 nil_vol 0.6 nil_bias 0.43 Home 0.005 0.01 0.001 -0.12337153687302915 -0.6269682172390001 0.0066169449794759696 0.0024133783449414095
-0.2275788059498451 -0.3173241209100287 20 nil_vol 0.6 nil_bias 0.43 Home 0.005 0.01 0.001 -0.2352823257010777 -0.32013380238767725 0.007703519751232625 0.0028096814776485584
-0.22577089040594372 -0.28757583593818614 20 nil_vol 0.6 nil_bias 0.43 Home 0.005 0.01 0.001 -0.24464619280429167 -0.294460167937876 0.01887530239834794 0.006884331999689858
-0.31063285049560524 -0.1515989502573687 20 nil_vol 0.6 nil_bias 0.43 Home 0.005 0.01 0.001 -0.29838130432362375 -0.14713048084811398 -0.012251546171981481 -0.0044684694092547135
-0.3264311706265414 -0.09548523037189262 20 nil_vol 0.6 nil_bias 0.43 Home 0.005 0.01 0.001 -0.31829944897129836 -0.09251937210788619 -0.008131721655243049 -0.002965858264006434
-0.31727343944317693 -0.0535105041175369 20 nil_vol 0.6 nil_bias 0.43 Home 0.005 0.01 0.001 -0.33073614831114395 -0.058420717236578934 0.01346270886796701 0.004910213119042038
-0.4665210834577448 0.3099209407761569 20 nil_vol 0.6 nil_bias 0.43 Home 0.005 0.01 0.001 -0.4652494482974175 0.31038474042510655 -0.0012716351603273062 -0.0004637996489496371
-0.48457533897888533 0.3633720209261854 20 nil_vol 0.6 nil_bias 0.43 Left 0.005 0.01 0.001 -0.4 0.35 -0.08457533897888532 0.013372020926185446
-0.4399335190931906 0.24211205201673072 21 nil_vol 0.6 nil_bias 0.43 Left 0.005 0.01 0.001 -0.43207527759144493 0.24561553777127954 -0.007858241501745697 -0.0035034857545488195
-0.36205328228961636 0.09125517847015689 21 nil_vol 0.6 nil_bias 0.43 Left 0.005 0.01 0.001 -0.3630564890718384 0.09080791292485635 0.001003206782222041 0.0004472655453005473
-0.24068289308796853 -0.19239742177216082 21 nil_vol 0.6 nil_bias 0.43 Left 0.005 0.01 0.001 -0.23743832112780267 -0.19095087528468974 -0.003244571960165865 -0.0014465464874710732
-0.20798068471738704 -0.258190024994262 21 nil_vol 0.6 nil_bias 0.43 Left 0.005 0.01 0.001 -0.2075469175951028 -0.25799663606197015 -0.0004337671222842298 -0.00019338893229189208
-0.1991237553347124 -0.29500222859309433 21 nil_vol 0.6 nil_bias 0.43 Left 0.005 0.01 0.001 -0.19238746722093092 -0.2919989498773757 -0.006736288113781496 -0.003003278715718675
-0.0872280536001697 -0.4971473328692412 21 nil_vol 0.6 nil_bias 0.43 Left 0.005 0.01 0.001 -0.0986538609752024 -0.5022413673760393 0.011425807375032697 0.00509403450679815
-0.01988761164591026 -0.6883240987026744 21 nil_vol 0.6 nil_bias 0.43 Left 0.005 0.01 0.001 -0.016387270325454784 -0.6867635210658647 -0.003500341320455475 -0.0015605776368097196
0.007026204720271079 -0.7392794307040088 21 nil_vol 0.6 nil_bias 0.43 Home 0.005 0.01 0.001 0.0 -0.75 0.007026204720271079 0.010720569295991158
0.04962995012275052 -0.6164137249112034 22 nil_vol 0.6 nil_bias 0.43 Home 0.005 0.01 0.001 0.04487836503193427 -0.6149669056107575 0.004751585090816243 -0.0014468193004459314
0.09205537079354693 -0.4909549663428746 22 nil_vol 0.6 nil_bias 0.43 Home 0.005 0.01 0.001 0.08343796503589228 -0.48833103585827775 0.008617405757654658 -0.0026239304845968544
0.1448768572410529 -0.2855349678636703 22 nil_vol 0.6 nil_bias 0.43 Home 0.005 0.01 0.001 0.1451613534040571 -0.28562159464855785 -0.00028449616300419187 8.662678488760223e-05
0.21817275407837478 -0.05991313224526174 22 nil_vol 0.6 nil_bias 0.43 Home 0.005 0.01 0.001 0.2142513338393826 -0.05871909144024723 0.003921420238992179 -0.001194040805014512
0.22244306026080596 0.061616481611136524 22 nil_vol 0.6 nil_bias 0.43 Home 0.005 0.01 0.001 0.24847864631427224 0.053688855844025385 -0.0260355860534663 0.007927625767111137
0.2593215898250631 0.0992600860195867 22 nil_vol 0.6 nil_bias 0.43 Home 0.005 0.01 0.001 0.26209736141565887 0.09841488597914849 -0.002775771590595776 0.0008452000404382072
0.29646733606965764 0.19724954004584608 22 nil_vol 0.6 nil_bias 0.43 Home 0.005 0.01 0.001 0.2925544959595378 0.19844096827088664 0.003912840110119835 -0.001191428225040555
0.3291820821748102 0.31873179693168313 22 nil_vol 0.6 nil_bias 0.43 Right 0.005 0.01 0.001 0.4 0.35 -0.07081791782518983 -0.03126820306831684
0.3179072976706722 0.29479078860965957 23 nil_vol 0.6 nil_bias 0.43 Right 0.005 0.01 0.001 0.3220146113370797 0.29361853732159643 -0.004107313666407486 0.0011722512880631229
0.279327389868855 0.1294080492849841 23 nil_vol 0.6 nil_bias 0.43 Right 0.005 0.01 0.001 0.2754627775791117 0.13051103218389637 0.003864612289743314 -0.0011029828989122848
0.24227896856899298 0.04934406470516794 23 nil_vol 0.6 nil_bias 0.43 Right 0.005 0.01 0.001 0.2515426633524252 0.04670015215694506 -0.009263694783432225 0.0026439125482228755
0.25704562414973686 0.005725607986248133 23 nil_vol 0.6 nil_bias 0.43 Right 0.005 0.01 0.001 0.24114361149332703 0.010264135192420143 0.015902012656409812 -0.00453852720617201
0.19759786810061025 -0.17745952249673524 23 nil_vol 0.6 nil_bias 0.43 Right 0.005 0.01 0.001 0.18832178160759583 -0.17481207328228748 0.009276086493014426 -0.0026474492144477717
0.1607524169986764 -0.21785436370367045 23 nil_vol 0.6 nil_bias 0.43 Right 0.005 0.01 0.001 0.1748859895320206 -0.22188816777922765 -0.014133572533344223 0.004033804075557209
0.15889343745561396 -0.32225331713920263 23 nil_vol 0.6 nil_bias 0.43 Right 0.005 0.01 0.001 0.14719417139632657 -0.3189142783364057 0.011699266059287389 -0.0033390388027969534
0.02952454928789625 -0.7312030528751079 23 nil_vol 0.6 nil_bias 0.43 Home 0.005 0.01 0.001 0.0 -0.75 0.02952454928789625 0.018796947124892084
0.06282540284344534 -0.6422704772838917 24 nil_vol 0.6 nil_bias 0.43 Home 0.005 0.01 0.001 0.06506567967114268 -0.6431749839004194 -0.0022402768276973454 0.0009045066165276382
0.060977275838141234 -0.6021856860633868 24 nil_vol 0.6 nil_bias 0.43 Home 0.005 0.01 0.001 0.07872235062398023 -0.6093502191943511 -0.017745074785838994 0.007164533130964256
0.09958619798883013 -0.5508785930829694 24 nil_vol 0.6 nil_bias 0.43 Home 0.005 0.01 0.001 0.10194553452890703 -0.551831169784532 -0.002359336540076899 0.0009525767015625636
0.1735252297076807 -0.4246561588009996 24 nil_vol 0.6 nil_bias 0.43 Home 0.005 0.01 0.001 0.1561280975826398 -0.4176321067190616 0.017397132125040893 -0.0070240520819380104
0.1804177958241007 -0.3784293034508492 24 nil_vol 0.6 nil_bias 0.43 Home 0.005 0.01 0.001 0.17314215714163153 -0.3754917810668312 0.007275638682469178 -0.0029375223840180055
0.2477771683600724 -0.21844976411589873 24 nil_vol 0.6 nil_bias 0.43 Home 0.005 0.01 0.001 0.23812150178859884 -0.21455131094577895 0.009655666571473579 -0.0038984531701197747
0.29402553496764594 -0.054758205741599196 24 nil_vol 0.6 nil_bias 0.43 Home 0.005 0.01 0.001 0.301430500696136 -0.057747943622994846 -0.007404965728490019 0.0029897378813956484
0.43509454055911956 0.2733103877698818 24 nil_vol 0.6 nil_bias 0.43 Right 0.005 0.01 0.001 0.4 0.35 0.03509454055911954 -0.07668961223011819
0.398694245338172 0.18378058332336358 25 nil_vol 0.6 nil_bias 0.43 Right 0.005 0.01 0.001 0.39838964989866205 0.18390563419432693 0.0003045954395099376 -0.00012505087096334371
0.39131539922712527 0.14088843740049467 25 nil_vol 0.6 nil_bias 0.43 Right 0.005 0.01 0.001 0.382256004440524 0.1446077485309829 0.0090593947866013 -0.003719311130488238
0.3013200402587036 -0.062378693159014786 25 nil_vol 0.6 nil_bias 0.43 Right 0.005 0.01 0.001 0.2978612343306548 -0.06095868931886678 0.003458805928048827 -0.0014200038401480095
0.18574708568458642 -0.31960148943662736 25 nil_vol 0.6 nil_bias 0.43 Right 0.005 0.01 0.001 0.19082091157799771 -0.321684535552184 -0.005073825893411302 0.002083046115556659
0.19593042003651837 -0.33468848272429685 25 nil_vol 0.6 nil_bias 0.43 Right 0.005 0.01 0.001 0.18698920853588372 -0.3310176914366113 0.008941211500634655 -0.003670791287685547
0.15797625876318608 -0.39030601177842955 25 nil_vol 0.6 nil_bias 0.43 Right 0.005 0.01 0.001 0.16197462105969984 -0.3919475290920521 -0.00399836229651376 0.0016415173136225766
0.09854094025624222 -0.5560426015382052 25 nil_vol 0.6 nil_bias 0.43 Right 0.005 0.01 0.001 0.0951734077499306 -0.5546600697656049 0.0033675325063116063 -0.0013825317726002889
0.0227876133457687 -0.7309753780154351 25 nil_vol 0.6 nil_bias 0.43 Home 0.005 0.01 0.001 0.0 -0.75 0.0227876133457687 0.01902462198456486
0.04478321612041186 -0.6098138390022773 26 nil_vol 0.6 nil_bias 0.43 Home 0.005 0.01 0.001 0.061816218095029324 -0.6155743993497466 -0.017033001974617466 0.005760560347469341
0.1583043745244951 -0.3525266617927804 26 nil_vol 0.6 nil_bias 0.43 Home 0.005 0.01 0.001 0.15155135384923565 -0.35024279056529445 0.006753020675259456 -0.0022838712274859535
0.1612358441117004 -0.30506679209104137 26 nil_vol 0.6 nil_bias 0.43 Home 0.005 0.01 0.001 0.16625570625844435 -0.3067645091978314 -0.0050198621467439685 0.0016977171067899827
0.22303315015668418 -0.1323044313785835 26 nil_vol 0.6 nil_bias 0.43 Home 0.005 0.01 0.001 0.2250297281498079 -0.1329796739479766 -0.001996577993123713 0.0006752425693930959
0.33203809250240474 0.17578713771621338 26 nil_vol 0.6 nil_bias 0.43 Home 0.005 0.01 0.001 0.32971981042804427 0.17657118058849808 0.0023182820743604727 -0.0007840428722846919
0.3505953863290795 0.2505048574891906 26 nil_vol 0.6 nil_bias 0.43 Home 0.005 0.01 0.001 0.35430039950513476 0.24925182223324216 -0.003705013176055275 0.0012530352559484623
0.4108823449765127 0.36820905417290756 26 nil_vol 0.6 nil_bias 0.43 Home 0.005 0.01 0.001 0.3962099462038465 0.37317125864502776 0.014672398772666214 -0.00496220447212019
0.4171046561203985 0.4349533794458346 26 nil_vol 0.6 nil_bias 0.43 Right 0.005 0.01 0.001 0.4 0.35 0.017104656120398458 0.08495337944583463
0.38303681663652783 0.3453609516001084 27 nil_vol 0.6 nil_bias 0.43 Right 0.005 0.01 0.001 0.38408809457430404 0.34497519605994836 -0.0010512779377762163 0.0003857555401600175
0.19819434803594482 -0.17254483720514188 27 nil_vol 0.6 nil_bias 0.43 Right 0.005 0.01 0.001 0.19466472831515663 -0.17124967984187384 0.003529619720788198 -0.001295157363268035
0.06817976458324636 -0.5076351877193174 27 nil_vol 0.6 nil_bias 0.43 Right 0.005 0.01 0.001 0.0708694075207712 -0.5086221243104125 -0.0026896429375248398 0.000986936591095219
0.05185643414893658 -0.5465830340052336 27 nil_vol 0.6 nil_bias 0.43 Right 0.005 0.01 0.001 0.05633678922900326 -0.5482270538518554 -0.00448035508006668 0.0016440198466218601
0.03302778877179818 -0.5473063636992829 27 nil_vol 0.6 nil_bias 0.43 Right 0.005 0.01 0.001 0.05386853150857529 -0.554953658180481 -0.020840742736777104 0.007647294481198132
0.030972815806858636 -0.6611637522645992 27 nil_vol 0.6 nil_bias 0.43 Right 0.005 0.01 0.001 0.016803642604624247 -0.6559645210567127 0.014169173202234391 -0.0051992312078866015
-0.01673419835088095 -0.7067655613608966 27 nil_vol 0.6 nil_bias 0.43 Right 0.005 0.01 0.001 -0.003605043493164095 -0.7115831686196359 -0.013129154857716856 0.004817607258739207
-0.016389125671269163 -0.7464229107604357 27 nil_vol 0.6 nil_bias 0.43 Home 0.005 0.01 0.001 0.0 -0.75 -0.016389125671269163 0.0035770892395643973
0.011456469856484013 -0.6531053678638945 28 nil_vol 0.6 nil_bias 0.43 Home 0.005 0.01 0.001 0.010335663338761767 -0.6527854817028937 0.0011208065177222449 -0.0003198861610007216
0.019986914038174583 -0.5852766595236899 28 nil_vol 0.6 nil_bias 0.43 Home 0.005 0.01 0.001 0.028878849509730208 -0.587814481223409 -0.008891935471555623 0.0025378216997190613
0.057091732276433306 -0.4431248915695809 28 nil_vol 0.6 nil_bias 0.43 Home 0.005 0.01 0.001 0.06918888795154671 -0.44657750593856615 -0.0120971556751134 0.003452614368985227
0.08583255768026339 -0.3929693797421222 28 nil_vol 0.6 nil_bias 0.43 Home 0.005 0.01 0.001 0.08459022579838008 -0.3926148093768534 0.0012423318818833191 -0.00035457036526882567
0.1454153413781518 -0.17313516007223234 28 nil_vol 0.6 nil_bias 0.43 Home 0.005 0.01 0.001 0.14709450087043396 -0.17361440414799456 -0.0016791594922821742 0.0004792440757622164
0.17863344877453163 -0.06819512723288394 28 nil_vol 0.6 nil_bias 0.43 Home 0.005 0.01 0.001 0.17729124532116436 -0.0678120528099656 0.0013422034533672677 -0.00038307442291834283
0.2290356071525862 0.11541024894644217 28 nil_vol 0.6 nil_bias 0.43 Home 0.005 0.01 0.001 0.22954287432387177 0.11526547128369802 -0.0005072671712855807 0.00014477766274415316
0.3293729838123879 0.4650468967433689 28 nil_vol 0.6 nil_bias 0.43 Right 0.005 0.01 0.001 0.4 0.35 -0.07062701618761211 0.11504689674336892
0.24838067339159955 0.21828026619668514 29 nil_vol 0.6 nil_bias 0.43 Right 0.005 0.01 0.001 0.26062552911679404 0.2149148333418393 -0.01224485572519448 0.0033654328548458384
0.24521714350399887 0.18610819501351977 29 nil_vol 0.6 nil_bias 0.43 Right 0.005 0.01 0.001 0.2521820529578316 0.18419392704393267 -0.0069649094538327015 0.0019142679695870954
0.2448102815874037 0.135448337187219 29 nil_vol 0.6 nil_bias 0.43 Right 0.005 0.01 0.001 0.2392077984679782 0.13698814959350475 0.005602483119425497 -0.0015398124062857676
0.18743751793501903 -0.015983957214318955 29 nil_vol 0.6 nil_bias 0.43 Right 0.005 0.01 0.001 0.1964810887402943 -0.018469534096256013 -0.009043570805275273 0.0024855768819370587
0.10633322547346306 -0.33700317084708986 29 nil_vol 0.6 nil_bias 0.43 Right 0.005 0.01 0.001 0.10875117777004153 -0.33766773205409634 -0.002417952296578472 0.0006645612070064545
0.09787857501006919 -0.3942440066213927 29 nil_vol 0.6 nil_bias 0.43 Right 0.005 0.01 0.001 0.09352998321638714 -0.393048819513989 0.0043485917936820495 -0.0011951871074036787
0.05974392701676836 -0.4905747983415588 29 nil_vol 0.6 nil_bias 0.43 Right 0.005 0.01 0.001 0.06623514752714693 -0.49235887544821905 -0.00649122051037857 0.0017840771066602538
0.0019831888614784444 -0.7261344395006799 29 nil_vol 0.6 nil_bias 0.43 Home 0.005 0.01 0.001 0.0 -0.75 0.0019831888614784444 0.023865560499320045
-0.028642209314639237 -0.6124334544702857 30 nil_vol 0.6 nil_bias 0.43 Home 0.005 0.01 0.001 -0.04649371674823226 -0.6206363092384026 0.01785150743359302 0.008202854768116889
-0.08243937020928836 -0.5677264701325861 30 nil_vol 0.6 nil_bias 0.43 Home 0.005 0.01 0.001 -0.07283413979951987 -0.5633128198927547 -0.009605230409768484 -0.00441365023983145
-0.07909546679777055 -0.5604871234898913 30 nil_vol 0.6 nil_bias 0.43 Home 0.005 0.01 0.001 -0.07499776850114434 -0.5586042111288022 -0.0040976982966262065 -0.0018829123610890146
-0.23049468197079676 -0.2674219170783288 30 nil_vol 0.6 nil_bias 0.43 Home 0.005 0.01 0.001 -0.21258003644160894 -0.25919005004721807 -0.01791464552918781 -0.008231867031110708
-0.32705007218981397 0.0019237950227238743 30 nil_vol 0.6 nil_bias 0.43 Home 0.005 0.01 0.001 -0.33160200554021835 -0.00016784056191310182 0.004551933350404357 0.002091635584636976
-0.39589539441009025 0.11334211955236523 30 nil_vol 0.6 nil_bias 0.43 Home 0.005 0.01 0.001 -0.3858759409047913 0.11794610732570054 -0.010019453505298941 -0.004603987773335322
-0.41812706773115377 0.18406771625543591 30 nil_vol 0.6 nil_bias 0.43 Home 0.005 0.01 0.001 -0.41658478723799425 0.1847764016672505 -0.0015422804931595117 -0.0007086854118145946
-0.456657268744057 0.27198435812997596 30 nil_vol 0.6 nil_bias 0.43 Left 0.005 0.01 0.001 -0.4 0.35 -0.056657268744056986 -0.07801564187002404
-0.44473476400330414 0.2090411777204339 31 nil_vol 0.6 nil_bias 0.43 Left 0.005 0.01 0.001 -0.42987419900267065 0.2161724835963671 -0.01486056500063348 -0.007131305875933201
-0.32971556645604916 -0.014060870077309407 31 nil_vol 0.6 nil_bias 0.43 Left 0.005 0.01 0.001 -0.32132237378819273 -0.010033134645475394 -0.008393192667856413 -0.004027735431834012
-0.3238333293656506 -0.024534083858875608 31 nil_vol 0.6 nil_bias 0.43 Left 0.005 0.01 0.001 -0.31613618512360603 -0.020840368986065727 -0.00769714424204457 -0.0036937148728098798
-0.24841852370564274 -0.1474317820891674 31 nil_vol 0.6 nil_bias 0.43 Left 0.005 0.01 0.001 -0.2540829150718249 -0.1501500170574555 0.005664391366182148 0.00271823496828809
-0.23837829290292428 -0.14818281781307727 31 nil_vol 0.6 nil_bias 0.43 Left 0.005 0.01 0.001 -0.25191062967613226 -0.15467673192346076 0.013532336773207964 0.0064939141103834966
-0.19570302234291875 -0.25035159589746003 31 nil_vol 0.6 nil_bias 0.43 Left 0.005 0.01 0.001 -0.2040710264575773 -0.2543672438159715 0.008368004114658536 0.004015647918511428
-0.0033096087868960933 -0.6732276074191325 31 nil_vol 0.6 nil_bias 0.43 Left 0.005 0.01 0.001 -0.0031130696289025095 -0.6731332919706827 -0.00019653915799358403 -9.43154484496964e-05
0.015161377569916605 -0.7112144814713587 31 nil_vol 0.6 nil_bias 0.43 Home 0.005 0.01 0.001 0.0 -0.75 0.015161377569916605 0.038785518528641295
0.08697653073746865 -0.5223213404649689 32 nil_vol 0.6 nil_bias 0.43 Home 0.005 0.01 0.001 0.08352027905578968 -0.5210787253303226 0.0034562516816789733 -0.0012426151346463339
0.10420521447106146 -0.47406558495347306 32 nil_vol 0.6 nil_bias 0.43 Home 0.005 0.01 0.001 0.10085571771044115 -0.4728613510748298 0.0033494967606203132 -0.0012042338786432919
0.20725294028941416 -0.2384925852455052 32 nil_vol 0.6 nil_bias 0.43 Home 0.005 0.01 0.001 0.1876512740556172 -0.23144526075362393 0.01960166623379693 -0.007047324491881274
0.19318048725071146 -0.21542205251119625 32 nil_vol 0.6 nil_bias 0.43 Home 0.005 0.01 0.001 0.19338554172441316 -0.21549577509158568 -0.00020505447370170368 7.372258038942853e-05
0.2408559356503817 -0.08456226068138946 32 nil_vol 0.6 nil_bias 0.43 Home 0.005 0.01 0.001 0.2405050106193289 -0.08443609372513916 0.00035092503105277025 -0.00012616695625029716
0.24733732581103804 -0.0033423353199837887 32 nil_vol 0.6 nil_bias 0.43 Home 0.005 0.01 0.001 0.26710520414794026 -0.010449417518740067 -0.019767878336902207 0.007107082198756279
0.2979076103373525 0.11532471976776931 32 nil_vol 0.6 nil_bias 0.43 Home 0.005 0.01 0.001 0.31067417779739537 0.11073479652015839 -0.012766567460042863 0.004589923247610923
0.40092368251773935 0.3617578154448085 32 nil_vol 0.6 nil_bias 0.43 Right 0.005 0.01 0.001 0.4 0.35 0.0009236825177393078 0.011757815444808549
0.3618133953204231 0.27407181737569153 33 nil_vol 0.6 nil_bias 0.43 Right 0.005 0.01 0.001 0.36734260856821843 0.2720031024006295 -0.005529213247795323 0.002068714975061997
0.3048775545801692 0.10456983360987422 33 nil_vol 0.6 nil_bias 0.43 Right 0.005 0.01 0.001 0.30472063346204964 0.10462854450641756 0.00015692111811955626 -5.871089654334404e-05
0.2585997754031273 -0.08720702619050193 33 nil_vol 0.6 nil_bias 0.43 Right 0.005 0.01 0.001 0.23609678009396404 -0.0787876939467369 0.02250299530916325 -0.008419332243765024
0.14816209426520077 -0.2564704786756122 33 nil_vol 0.6 nil_bias 0.43 Right 0.005 0.01 0.001 0.16698339820628239 -0.2635123328360814 -0.018821303941081623 0.007041854160469204
0.12988507836281726 -0.38349148643850073 33 nil_vol 0.6 nil_bias 0.43 Right 0.005 0.01 0.001 0.12305075674679655 -0.3809344746471596 0.0068343216160207014 -0.002557011791341077
0.0782933307919678 -0.5492479128721319 33 nil_vol 0.6 nil_bias 0.43 Right 0.005 0.01 0.001 0.062314296186201934 -0.5432694731385654 0.015979034605765875 -0.005978439733566482
0.012624116529556206 -0.7253213533452445 33 nil_vol 0.6 nil_bias 0.43 Right 0.005 0.01 0.001 -0.0035368371177827984 -0.7192748499236477 0.016160953647339004 -0.00604650342159684
-0.005709882321460882 -0.7250829145787964 33 nil_vol 0.6 nil_bias 0.43 Home 0.005 0.01 0.001 0.0 -0.75 -0.005709882321460882 0.024917085421203623
0.006405649048905771 -0.6920291308641314 34 nil_vol 0.6 nil_bias 0.43 Home 0.005 0.01 0.001 0.005933409042959923 -0.6918636117977199 0.00047224000594584887 -0.00016551906641145805
0.1816360592095113 -0.19202709973736212 34 nil_vol 0.6 nil_bias 0.43 Home 0.005 0.01 0.001 0.18118090433375547 -0.1918675689708892 0.000455154875755836 -0.00015953076647294453
0.18058885641154743 -0.19136565697173918 34 nil_vol 0.6 nil_bias 0.43 Home 0.005 0.01 0.001 0.181272801601642 -0.1916053782319368 -0.0006839451900945775 0.0002397212601976014
0.18682676876044227 -0.1629927013434659 34 nil_vol 0.6 nil_bias 0.43 Home 0.005 0.01 0.001 0.19081191136792777 -0.1643894849187718 -0.00398514260748549 0.0013967835753058995
0.25993705784072985 0.07024493416127577 34 nil_vol 0.6 nil_bias 0.43 Home 0.005 0.01 0.001 0.2716160071938971 0.066151488520788 -0.01167894935316727 0.004093445640487759
0.2815045722927603 0.1093274310886541 34 nil_vol 0.6 nil_bias 0.43 Home 0.005 0.01 0.001 0.2861752873524294 0.10769035590142606 -0.00467071505966912 0.0016370751872280382
0.286460563626641 0.17840855444426507 34 nil_vol 0.6 nil_bias 0.43 Home 0.005 0.01 0.001 0.3082812190716464 0.17076046348994312 -0.02182065544500541 0.007648090954321957
0.3666143484317398 0.33718985409181923 34 nil_vol 0.6 nil_bias 0.43 Right 0.005 0.01 0.001 0.4 0.35 -0.03338565156826026 -0.012810145908180769
0.336356644981259 0.25935808368716085 35 nil_vol 0.6 nil_bias 0.43 Right 0.005 0.01 0.001 0.3402001773429802 0.2580748415050734 -0.0038435323617212113 0.001283242182087406
0.2932216603419497 0.08024350522649039 35 nil_vol 0.6 nil_bias 0.43 Right 0.005 0.01 0.001 0.2820705446830547 0.08396653410829258 0.011151115658894999 -0.0037230288818021922
0.2707968307790009 0.04979066734726621 35 nil_vol 0.6 nil_bias 0.43 Right 0.005 0.01 0.001 0.2706739297006219 0.04983170039529533 0.00012290107837901744 -4.103304802912057e-05
0.2629330105781653 0.040348904713311054 35 nil_vol 0.6 nil_bias 0.43 Right 0.005 0.01 0.001 0.2670490866288896 0.03897466822565371 -0.00411607605072426 0.0013742364876573488
0.2180606333663641 -0.09712437393007427 35 nil_vol 0.6 nil_bias 0.43 Right 0.005 0.01 0.001 0.2212536980364403 -0.09819044411998151 -0.003193064670076194 0.0010660701899072463
0.21222468566820096 -0.11235721157251816 35 nil_vol 0.6 nil_bias 0.43 Right 0.005 0.01 0.001 0.21609266955020998 -0.11364861739661414 -0.0038679838820090107 0.0012914058240959825
0.10762490700765298 -0.45236881513252386 35 nil_vol 0.6 nil_bias 0.43 Right 0.005 0.01 0.001 0.10346741202667697 -0.4509807500847208 0.004157494980976002 -0.0013880650478030397
0.006890736166678387 -0.7402446039673551 35 nil_vol 0.6 nil_bias 0.43 Home 0.005 0.01 0.001 0.0 -0.75 0.006890736166678387 0.009755396032644885
-0.03558982526807218 -0.6561683052523669 36 nil_vol 0.6 nil_bias 0.43 Home 0.005 0.01 0.001 -0.021805807593759077 -0.651700974633964 -0.013784017674313103 -0.004467330618402835
-0.05224910912961006 -0.5903091311545771 36 nil_vol 0.6 nil_bias 0.43 Home 0.005 0.01 0.001 -0.042705076229389974 -0.5872159582201247 -0.009544032900220089 -0.0030931729344522846
-0.14674794417762455 -0.24516520767857777 36 nil_vol 0.6 nil_bias 0.43 Home 0.005 0.01 0.001 -0.1529143006670239 -0.2471636927211801 0.006166356489399364 0.001998485042602323
-0.17600672384213323 -0.14943397470048156 36 nil_vol 0.6 nil_bias 0.43 Home 0.005 0.01 0.001 -0.1837723293394616 -0.15195076828188425 0.007765605497328377 0.002516793581402689
-0.25927024637386287 0.09407242818814757 36 nil_vol 0.6 nil_bias 0.43 Home 0.005 0.01 0.001 -0.26310446932199694 0.09282977586582053 0.003834222948134074 0.0012426523223270393
-0.2829446406459978 0.18112226511763854 36 nil_vol 0.6 nil_bias 0.43 Home 0.005 0.01 0.001 -0.2908855285113863 0.1785486634046589 0.007940887865388541 0.0025736017129796345
-0.3120104632765526 0.3179983190257619 36 nil_vol 0.6 nil_bias 0.43 Home 0.005 0.01 0.001 -0.333792524525634 0.3109388628171934 0.021782061249081445 0.007059456208568491
-0.34830191893519774 0.3557078235386431 36 nil_vol 0.6 nil_bias 0.43 Left 0.005 0.01 0.001 -0.4 0.35 0.05169808106480228 0.00570782353864311
-0.29423498906496787 0.16334136634431673 37 nil_vol 0.6 nil_bias 0.43 Left 0.005 0.01 0.001 -0.2937300626198551 0.16348471421497318 -0.0005049264451127554 -0.00014334787065644965
-0.26236815766905147 0.021261150697974702 37 nil_vol 0.6 nil_bias 0.43 Left 0.005 0.01 0.001 -0.25402541484899416 0.02362964304030496 -0.008342742820057317 -0.002368492342330258
-0.16081241872506769 -0.31640425839212033 37 nil_vol 0.6 nil_bias 0.43 Left 0.005 0.01 0.001 -0.15773808004707854 -0.31553145819036404 -0.0030743386779891347 -0.0008728002017563053
-0.13693414695195877 -0.3843809031745224 37 nil_vol 0.6 nil_bias 0.43 Left 0.005 0.01 0.001 -0.1380980183511942 -0.3847113245426507 0.0011638713992354285 0.00033042136812835084
-0.13449693729131876 -0.393812563952592 37 nil_vol 0.6 nil_bias 0.43 Left 0.005 0.01 0.001 -0.13543831633311088 -0.39407982006965153 0.0009413790417921133 0.00026725611705953286
-0.10345737021706428 -0.4689259427137395 37 nil_vol 0.6 nil_bias 0.43 Left 0.005 0.01 0.001 -0.1133891292704691 -0.47174555441353977 0.009931759053404822 0.0028196116998002963
-0.06797510858597457 -0.6675557165698567 37 nil_vol 0.6 nil_bias 0.43 Left 0.005 0.01 0.001 -0.058557923712940274 -0.6648821917184773 -0.009417184873034298 -0.0026735248513793733
-0.024414168729776854 -0.7851496553891971 37 nil_vol 0.6 nil_bias 0.43 Home 0.005 0.01 0.001 0.0 -0.75 -0.024414168729776854 -0.035149655389197156
0.051436758202621315 -0.5671052007103701 38 nil_vol 0.6 nil_bias 0.43 Home 0.005 0.01 0.001 0.05898564468071617 -0.570031856368791 -0.007548886478094853 0.0029266556584208194
0.07435883087308758 -0.5382132177542859 38 nil_vol 0.6 nil_bias 0.43 Home 0.005 0.01 0.001 0.07171840327492801 -0.5371895406340605 0.0026404275981595678 -0.001023677120225346
0.13646868331678635 -0.4000631655330302 38 nil_vol 0.6 nil_bias 0.43 Home 0.005 0.01 0.001 0.12639549792297655 -0.3961578551118625 0.010073185393809813 -0.0039053104211676567
0.18465678863406906 -0.246041729243952 38 nil_vol 0.6 nil_bias 0.43 Home 0.005 0.01 0.001 0.1846027022978249 -0.24602076031264386 5.4086336244156166e-05 -2.0968931308152297e-05
0.28022459725306054 -0.047496600778325154 38 nil_vol 0.6 nil_bias 0.43 Home 0.005 0.01 0.001 0.2640068913320254 -0.04120909851714649 0.01621770592103518 -0.006287502261178665
0.32486012555797 0.14095573700012443 38 nil_vol 0.6 nil_bias 0.43 Home 0.005 0.01 0.001 0.33335431733860377 0.1376625924402426 -0.008494191780633788 0.0032931445598818193
0.41677596714556 0.34077126089787907 38 nil_vol 0.6 nil_bias 0.43 Home 0.005 0.01 0.001 0.41270948489853276 0.34234781040788487 0.004066482247027223 -0.001576549510005824
0.42093808328024995 0.36357229401896185 38 nil_vol 0.6 nil_bias 0.43 Right 0.005 0.01 0.001 0.4 0.35 0.020938083280249924 0.013572294018961891
0.33125534305792187 0.12129006807928255 39 nil_vol 0.6 nil_bias 0.43 Right 0.005 0.01 0.001 0.3299453900180334 0.12178304349024824 0.0013099530398884287 -0.000492975410965678
0.26285761654366274 -0.0106122328050458 39 nil_vol 0.6 nil_bias 0.43 Right 0.005 0.01 0.001 0.27797938088027574 -0.016303015421957667 -0.015121764336612997 0.005690782616911866
0.24251014246132607 -0.15498649298640257 39 nil_vol 0.6 nil_bias 0.43 Right 0.005 0.01 0.001 0.2278629494228431 -0.14947430606995038 0.014647193038482982 -0.005512186916452187
0.18264998918088404 -0.2628945926232962 39 nil_vol 0.6 nil_bias 0.43 Right 0.005 0.01 0.001 0.18486563494086244 -0.26372840791729535 -0.002215645759978402 0.0008338152939991991
0.1794420057861766 -0.26277167478055585 39 nil_vol 0.6 nil_bias 0.43 Right 0.005 0.01 0.001 0.18450818647734768 -0.2646782335900756 -0.005066180691171078 0.0019065588095197384
0.16836777317124352 -0.31187583135381736 39 nil_vol 0.6 nil_bias 0.43 Right 0.005 0.01 0.001 0.16694744049845017 -0.3113413167095841 0.0014203326727933365 -0.0005345146442332861
0.046999789848431436 -0.6330396426752615 39 nil_vol 0.6 nil_bias 0.43 Right 0.005 0.01 0.001 0.04602112081189619 -0.632671339571414 0.0009786690365352472 -0.00036830310384747825
0.002353573744175042 -0.7487064089753419 39 nil_vol 0.6 nil_bias 0.43 Home 0.005 0.01 0.001 0.0 -0.75 0.002353573744175042 0.0012935910246581201
0.0392386657506754 -0.6356568507789506 40 nil_vol 0.6 nil_bias 0.43 Home 0.005 0.01 0.001 0.038523798444358284 -0.6354285897541703 0.0007148673063171191 -0.00022826102478032393
0.08499856465381646 -0.4977483631816459 40 nil_vol 0.6 nil_bias 0.43 Home 0.005 0.01 0.001 0.08271832842454492 -0.4970202713332213 0.0022802362292715372 -0.0007280918484245954
0.1625657938231531 -0.22679289617996337 40 nil_vol 0.6 nil_bias 0.43 Home 0.005 0.01 0.001 0.1684077762590397 -0.22865827299294716 -0.005841982435886603 0.0018653768129837823
0.2001222499769871 -0.1439684979399555 40 nil_vol 0.6 nil_bias 0.43 Home 0.005 0.01 0.001 0.19588200138897374 -0.14261456346922186 0.004240248588013359 -0.0013539344707336387
0.22842918303465692 -0.07508028386020198 40 nil_vol 0.6 nil_bias 0.43 Home 0.005 0.01 0.001 0.21846225275581968 -0.0718977887324248 0.009966930278837232 -0.003182495127777177
0.21544240108862564 -0.05480453014015052 40 nil_vol 0.6 nil_bias 0.43 Home 0.005 0.01 0.001 0.22313583211944854 -0.05726108457431478 -0.00769343103082289 0.0024565544341642563
0.3178357766240529 0.18667902457088204 40 nil_vol 0.6 nil_bias 0.43 Home 0.005 0.01 0.001 0.3025824095234867 0.19154950777099244 0.015253367100566207 -0.004870483200110423
0.3437865713868909 0.32059259880545193 40 nil_vol 0.6 nil_bias 0.43 Right 0.005 0.01 0.001 0.4 0.35 -0.05621342861310911 -0.02940740119454805
0.31471175374974214 0.208809575384016 41 nil_vol 0.6 nil_bias 0.43 Right 0.005 0.01 0.001 0.305315746850285 0.21214265343717936 0.009396006899457111 -0.003333078053163342
0.26750713061281456 0.08844818351323308 41 nil_vol 0.6 nil_bias 0.43 Right 0.005 0.01 0.001 0.26211562404439265 0.09036073130177624 0.005391506568421886 -0.001912547788543162
0.19025939559581342 -0.10477740065707668 41 nil_vol 0.6 nil_bias 0.43 Right 0.005 0.01 0.001 0.19259917137023758 -0.10560739741703085 -0.002339775774424162 0.0008299967599541707
0.19051485237147175 -0.11782701192966623 41 nil_vol 0.6 nil_bias 0.43 Right 0.005 0.01 0.001 0.18851599330181812 -0.11711794973253076 0.0019988590696536483 -0.0007090621971354675
0.10277094486419895 -0.3397436721192706 41 nil_vol 0.6 nil_bias 0.43 Right 0.005 0.01 0.001 0.10878625820647203 -0.3418775050441048 -0.006015313342273085 0.002133832924834217
0.06268398328677868 -0.4826782421626619 41 nil_vol 0.6 nil_bias 0.43 Right 0.005 0.01 0.001 0.05926922434651716 -0.48146691290307114 0.0034147589402615318 -0.0012113292595907566
-0.0023631922208307357 -0.6369397516060311 41 nil_vol 0.6 nil_bias 0.43 Right 0.005 0.01 0.001 0.0033934182327411966 -0.6389818139596166 -0.005756610453571932 0.0020420623535855314
-0.03449604411154863 -0.7457928888655244 41 nil_vol 0.6 nil_bias 0.43 Home 0.005 0.01 0.001 0.0 -0.75 -0.03449604411154863 0.004207111134475578
-0.045933352305488076 -0.7058697153536838 42 nil_vol 0.6 nil_bias 0.43 Home 0.005 0.01 0.001 -0.04640835032686749 -0.7060119523742624 0.0004749980213794176 0.00014223702057856443
-0.07780435536348022 -0.6432589489544401 42 nil_vol 0.6 nil_bias 0.43 Home 0.005 0.01 0.001 -0.06623683359396267 -0.6397950822478047 -0.011567521769517556 -0.0034638667066354133
-0.062386944692142274 -0.5950379137321707 42 nil_vol 0.6 nil_bias 0.43 Home 0.005 0.01 0.001 -0.07821956722232172 -0.5997789546529264 0.015832622530179447 0.004741040920755631
-0.12820247003821156 -0.44508389589770575 42 nil_vol 0.6 nil_bias 0.43 Home 0.005 0.01 0.001 -0.12484380040613943 -0.4440781503154688 -0.0033586696320721194 -0.0010057455822369498
-0.1493068778214432 -0.35140606460254614 42 nil_vol 0.6 nil_bias 0.43 Home 0.005 0.01 0.001 -0.15232371801132913 -0.3523094501765005 0.0030168401898859193 0.0009033855739543877
-0.2450579310908972 -0.03252795846782678 42 nil_vol 0.6 nil_bias 0.43 Home 0.005 0.01 0.001 -0.24783270909086103 -0.03335885909839287 0.002774777999963814 0.0008309006305660851
-0.2971290312246753 0.13698757885952195 42 nil_vol 0.6 nil_bias 0.43 Home 0.005 0.01 0.001 -0.29870153736076693 0.13651669566091484 0.0015725061360916176 0.00047088319860709665
-0.38059553761512105 0.41000026502587944 42 nil_vol 0.6 nil_bias 0.43 Left 0.005 0.01 0.001 -0.4 0.35 0.019404462384878956 0.06000026502587945
-0.31802091936456084 0.26348637142803605 43 nil_vol 0.6 nil_bias 0.43 Left 0.005 0.01 0.001 -0.32489329828391544 0.26091860490972413 0.006872378919354624 0.0025677665183119337
-0.16304507269971882 -0.14143553352163563 43 nil_vol 0.6 nil_bias 0.43 Left 0.005 0.01 0.001 -0.17314887598296097 -0.14521067573698304 0.010103803283242146 0.003775142215347427
-0.17289443167310728 -0.16496855662517568 43 nil_vol 0.6 nil_bias 0.43 Left 0.005 0.01 0.001 -0.16663979539490104 -0.16263160084787326 -0.006254636278206234 -0.0023369557773024177
-0.10850249355120552 -0.3238882360717439 43 nil_vol 0.6 nil_bias 0.43 Left 0.005 0.01 0.001 -0.10664751221310709 -0.32319514871029936 -0.001854981338098428 -0.0006930873614445454
-0.019212696761188364 -0.5277315674712587 43 nil_vol 0.6 nil_bias 0.43 Left 0.005 0.01 0.001 -0.028876315290442378 -0.5313422409216522 0.009663618529254014 0.0036106734503934357
-0.009216415876053905 -0.5963689847348213 43 nil_vol 0.6 nil_bias 0.43 Left 0.005 0.01 0.001 -0.005147968671862235 -0.5948488673729828 -0.004068447204191669 -0.001520117361838397
0.03481638395564793 -0.6723535645270476 43 nil_vol 0.6 nil_bias 0.43 Left 0.005 0.01 0.001 0.025158792977047706 -0.6759619858689736 0.009657590978600219 0.0036084213419259213
0.05590162939887218 -0.7582422163493556 43 nil_vol 0.6 nil_bias 0.43 Home 0.005 0.01 0.001 0.0 -0.75 0.05590162939887218 -0.00824221634935563
0.06248168738874546 -0.6670071406243269 44 nil_vol 0.6 nil_bias 0.43 Home 0.005 0.01 0.001 0.07526660556592507 -0.669806690154376 -0.012784918177179612 0.00279954953004915
0.1049274161258665 -0.5772892927176624 44 nil_vol 0.6 nil_bias 0.43 Home 0.005 0.01 0.001 0.09595559143655785 -0.5753247070046721 0.008971824689308638 -0.0019645857129903235
0.144696619170498 -0.3050768965474271 44 nil_vol 0.6 nil_bias 0.43 Home 0.005 0.01 0.001 0.154655019137483 -0.3072575154267389 -0.009958399966985002 0.0021806188793117897
0.16770477055704178 -0.24505251152985189 44 nil_vol 0.6 nil_bias 0.43 Home 0.005 0.01 0.001 0.1682500770317419 -0.24517191882396383 -0.000545306474700127 0.00011940729411193418
0.19421422504921257 -0.11035338192499175 44 nil_vol 0.6 nil_bias 0.43 Home 0.005 0.01 0.001 0.1976089000562497 -0.11109672346921717 -0.003394675007037129 0.0007433415442254243
0.19859467946753534 -0.02900738383818405 44 nil_vol 0.6 nil_bias 0.43 Home 0.005 0.01 0.001 0.21480687385151154 -0.03255741368896081 -0.016212194383976204 0.0035500298507767625
0.26513570755642774 0.10707369513395933 44 nil_vol 0.6 nil_bias 0.43 Home 0.005 0.01 0.001 0.24628611192326266 0.11120124416205057 0.01884959563316506 -0.004127549028091241
0.2695910096964535 0.21762951341026418 44 nil_vol 0.6 nil_bias 0.43 Right 0.005 0.01 0.001 0.4 0.35 -0.13040899030354652 -0.1323704865897358
0.2735362609113492 0.13965661477535166 45 nil_vol 0.6 nil_bias 0.43 Right 0.005 0.01 0.001 0.25122977553495873 0.14532086985133094 0.02230648537639048 -0.005664255075979289
0.22389697261813607 0.08404737634928702 45 nil_vol 0.6 nil_bias 0.43 Right 0.005 0.01 0.001 0.23495750171993607 0.08123879144445945 -0.011060529101800004 0.0028085849048275734
0.2018819983771911 -0.022566003809902258 45 nil_vol 0.6 nil_bias 0.43 Right 0.005 0.01 0.001 0.20819164855227187 -0.02416820457926605 -0.006309650175080793 0.0016022007693637914
0.16304575592232437 -0.2371060310517419 45 nil_vol 0.6 nil_bias 0.43 Right 0.005 0.01 0.001 0.15466126941868866 -0.23497696995420278 0.008384486503635718 -0.00212906109753913
0.05890485837273831 -0.5574498538367527 45 nil_vol 0.6 nil_bias 0.43 Right 0.005 0.01 0.001 0.0719359341906749 -0.5607588169522663 -0.01303107581793659 0.0033089631155135413
0.060100066778211045 -0.6014865878670071 45 nil_vol 0.6 nil_bias 0.43 Right 0.005 0.01 0.001 0.06150349479647935 -0.6018429584086731 -0.0014034280182682994 0.00035637054166594555
0.051564882125323425 -0.6455463875074355 45 nil_vol 0.6 nil_bias 0.43 Right 0.005 0.01 0.001 0.05047614480697832 -0.645269925941313 0.0010887373183451053 -0.0002764615661224455
0.011858601378234619 -0.7973502359221386 45 nil_vol 0.6 nil_bias 0.43 Home 0.005 0.01 0.001 0.0 -0.75 0.011858601378234619 -0.047350235922138655
0.0074634605077835755 -0.7931355228768237 46 nil_vol 0.6 nil_bias 0.43 Home 0.005 0.01 0.001 0.009643571731786385 -0.7921982180870676 -0.002180111224002809 -0.0009373047897560728
0.007977553227271795 -0.754116536295463 46 nil_vol 0.6 nil_bias 0.43 Home 0.005 0.01 0.001 -0.004434723283599383 -0.7594530008287063 0.012412276510871179 0.005336464533243173
-0.07094339665222266 -0.619485177013609 46 nil_vol 0.6 nil_bias 0.43 Home 0.005 0.01 0.001 -0.06559949093317806 -0.6171876481667693 -0.005343905719044597 -0.002297528846839659
-0.07034406461472853 -0.6088051533487739 46 nil_vol 0.6 nil_bias 0.43 Home 0.005 0.01 0.001 -0.06938136295301794 -0.6083912547968594 -0.0009627016617105918 -0.0004138985519145722
-0.3392155712852682 0.04037555560793177 46 nil_vol 0.6 nil_bias 0.43 Home 0.005 0.01 0.001 -0.346889963807554 0.03707607033836857 0.007674392522285784 0.0032994852695631947
-0.3731188548251601 0.11735947088435547 46 nil_vol 0.6 nil_bias 0.43 Home 0.005 0.01 0.001 -0.38011362104017127 0.11435218033680428 0.006994766215011158 0.0030072905475511955
-0.39954118588451354 0.1395390386574984 46 nil_vol 0.6 nil_bias 0.43 Home 0.005 0.01 0.001 -0.392283798989031 0.14265923886717358 -0.00725738689548258 -0.00312020020967518
-0.46692208224905424 0.3162631304229014 46 nil_vol 0.6 nil_bias 0.43 Left 0.005 0.01 0.001 -0.4 0.35 -0.0669220822490542 -0.03373686957709861
-0.4733096703114501 0.3051571478055871 47 nil_vol 0.6 nil_bias 0.43 Left 0.005 0.01 0.001 -0.46383652385408936 0.30944295092941126 -0.00947314645736075 -0.004285803123824175
-0.3944003878492979 0.14475782422788883 47 nil_vol 0.6 nil_bias 0.43 Left 0.005 0.01 0.001 -0.3901917590744046 0.14666187526643668 -0.004208628774893228 -0.0019040510385478593
-0.3757778214691765 0.11327769585431645 47 nil_vol 0.6 nil_bias 0.43 Left 0.005 0.01 0.001 -0.3752053877061499 0.11353667405346118 -0.0005724337630265529 -0.00025897819914473655
-0.20657054277219622 -0.24435104672068306 47 nil_vol 0.6 nil_bias 0.43 Left 0.005 0.01 0.001 -0.2121493760268367 -0.24687500020305048 0.005578833254640479 0.002523953482367431
-0.19406769428954485 -0.2620723871720784 47 nil_vol 0.6 nil_bias 0.43 Left 0.005 0.01 0.001 -0.20336986438404792 -0.26628083785198825 0.009302170094503076 0.004208450679909815
-0.19343796158561463 -0.28570305491601117 47 nil_vol 0.6 nil_bias 0.43 Left 0.005 0.01 0.001 -0.19438840536486224 -0.2861330508984921 0.000950443779247614 0.0004299959824809407
-0.15347044218924366 -0.3532338457869728 47 nil_vol 0.6 nil_bias 0.43 Left 0.005 0.01 0.001 -0.16223665986990488 -0.357199823014181 0.008766217680661227 0.003965977227208183
0.014642682371378349 -0.7481659653968923 47 nil_vol 0.6 nil_bias 0.43 Home 0.005 0.01 0.001 0.0 -0.75 0.014642682371378349 0.0018340346031077335
0.1318070714311801 -0.5528846852534286 48 nil_vol 0.6 nil_bias 0.43 Home 0.005 0.01 0.001 0.11117995513263108 -0.5431708650265376 0.020627116298549002 -0.00971382022689102
0.11010894496643261 -0.5367284102315448 48 nil_vol 0.6 nil_bias 0.43 Home 0.005 0.01 0.001 0.11346876005276096 -0.538310630415492 -0.003359815086328348 0.0015822201839471718
0.1798532436571526 -0.415909261258729 48 nil_vol 0.6 nil_bias 0.43 Home 0.005 0.01 0.001 0.1726975232163125 -0.41253945517676593 0.007155720440840124 -0.003369806081963086
0.299363926867249 -0.10622590586276583 48 nil_vol 0.6 nil_bias 0.43 Home 0.005 0.01 0.001 0.31375635371222965 -0.11300365632372855 -0.01439242684498063 0.006777750460962721
0.3532773370871291 -0.04598538353555897 48 nil_vol 0.6 nil_bias 0.43 Home 0.005 0.01 0.001 0.34676185793700637 -0.04291708294325558 0.006515479150122721 -0.0030683005923033894
0.48274591895950214 0.2863002623526554 48 nil_vol 0.6 nil_bias 0.43 Home 0.005 0.01 0.001 0.4983401330125509 0.27895656051384676 -0.015594214053048767 0.007343701838808609
0.49204789004074423 0.28793449344801153 48 nil_vol 0.6 nil_bias 0.43 Home 0.005 0.01 0.001 0.5006584900609108 0.2838795485186786 -0.00861060002016654 0.004054944929332933
0.5831710442317053 0.4590934202207329 48 nil_vol 0.6 nil_bias 0.43 Right 0.005 0.01 0.001 0.4 0.35 0.18317104423170524 0.10909342022073291
0.5146531899911746 0.3453808792649417 49 nil_vol 0.6 nil_bias 0.43 Right 0.005 0.01 0.001 0.5296626555159614 0.33870945650302675 -0.015009465524786748 0.006671422761914944
0.5058379745091007 0.269950733623175 49 nil_vol 0.6 nil_bias 0.43 Right 0.005 0.01 0.001 0.5002121618648842 0.27245130064649203 0.005625812644216555 -0.002500567023317006
0.4438421358051297 0.10529110121321551 49 nil_vol 0.6 nil_bias 0.43 Right 0.005 0.01 0.001 0.42887047548047663 0.11194572028067018 0.014971660324653076 -0.00665461906745467
0.3227449642281364 -0.1386170103569032 49 nil_vol 0.6 nil_bias 0.43 Right 0.005 0.01 0.001 0.31836534601158867 -0.13667035312183223 0.004379618216547748 -0.0019466572350709404
0.24816545884450308 -0.2700393179778358 49 nil_vol 0.6 nil_bias 0.43 Right 0.005 0.01 0.001 0.2572839003448814 -0.2740922922878373 -0.009118441500378337 0.004052974310001501
0.11322375909692727 -0.6089204002735946 49 nil_vol 0.6 nil_bias 0.43 Right 0.005 0.01 0.001 0.10924517844857878 -0.6071519966316612 0.003978580648348476 -0.0017684036419333762
0.09100098651582518 -0.6671672730399066 49 nil_vol 0.6 nil_bias 0.43 Right 0.005 0.01 0.001 0.08396047385936828 -0.6640378986918147 0.007040512656456908 -0.003129374348091865
0.05343711110626866 -0.732709811309702 49 nil_vol 0.6 nil_bias 0.43 Home 0.005 0.01 0.001 0.0 -0.75 0.05343711110626866 0.017290188690298004
0.07469714820632337 -0.6038369490317199 50 nil_vol 0.6 nil_bias 0.43 Home 0.005 0.01 0.001 0.09670165892000071 -0.6117044978055779 -0.022004510713677337 0.00786754877385798
0.1060635269972636 -0.542523206435347 50 nil_vol 0.6 nil_bias 0.43 Home 0.005 0.01 0.001 0.11969438980410238 -0.5473968198211658 -0.01363086280683879 0.004873613385818792
0.17564395534850993 -0.39424239401155653 50 nil_vol 0.6 nil_bias 0.43 Home 0.005 0.01 0.001 0.17458853455051943 -0.39386503617283064 0.0010554207979905142 -0.00037735783872591325
0.17304090248060885 -0.3927784135838755 50 nil_vol 0.6 nil_bias 0.43 Home 0.005 0.01 0.001 0.1747575924275628 -0.3933922032774067 -0.0017166899469539454 0.0006137896935311916
0.2572510021818039 -0.18272713415746814 50 nil_vol 0.6 nil_bias 0.43 Home 0.005 0.01 0.001 0.2508922049691297 -0.18045359361549684 0.006358797212674241 -0.0022735405419712783
0.3848241614845991 0.21149646790122356 50 nil_vol 0.6 nil_bias 0.43 Home 0.005 0.01 0.001 0.3903274992969824 0.20952879049083561 -0.005503337812383316 0.0019676774103879542
0.4447012951945403 0.3380597392630426 50 nil_vol 0.6 nil_bias 0.43 Home 0.005 0.01 0.001 0.4372369934004296 0.3407285447271632 0.007464301794110709 -0.0026688054641205673
0.4623963995887851 0.41109613175261384 50 nil_vol 0.6 nil_bias 0.43 Right 0.005 0.01 0.001 0.4 0.35 0.06239639958878508 0.06109613175261383
0.3796292418327009 0.19027999634812393 51 nil_vol 0.6 nil_bias 0.43 Right 0.005 0.01 0.001 0.3791288468805648 0.190468851792743 0.0005003949521361114 -0.0001888554446190863
0.34984973899448896 0.06265876767497035 51 nil_vol 0.6 nil_bias 0.43 Right 0.005 0.01 0.001 0.333255394178832 0.0689216853062235 0.016594344815656976 -0.00626291763125315
0.23221789490113462 -0.1701343624755055 51 nil_vol 0.6 nil_bias 0.43 Right 0.005 0.01 0.001 0.2416842042914775 -0.17370706851736972 -0.009466309390342863 0.003572706041864202
0.2334105566890107 -0.18020179936180059 51 nil_vol 0.6 nil_bias 0.43 Right 0.005 0.01 0.001 0.23850706172929442 -0.18212528544270012 -0.0050965050402837254 0.001923486080899531
0.1795822196884648 -0.3276922948173637 51 nil_vol 0.6 nil_bias 0.43 Right 0.005 0.01 0.001 0.1830712366407345 -0.32900909436738235 -0.0034890169522696843 0.0013167995500186205
0.1100966492090534 -0.4678300049399452 51 nil_vol 0.6 nil_bias 0.43 Right 0.005 0.01 0.001 0.1281122963860663 -0.4746293402313809 -0.018015647177012907 0.0067993352914357385
0.012836246458244955 -0.719156629141392 51 nil_vol 0.6 nil_bias 0.43 Right 0.005 0.01 0.001 0.03295837159301751 -0.7267509761122917 -0.020122125134772555 0.00759434697089967
0.027301854723300552 -0.7417385900197866 51 nil_vol 0.6 nil_bias 0.43 Home 0.005 0.01 0.001 0.0 -0.75 0.027301854723300552 0.008261409980213406
0.10209055610582483 -0.4930440544037787 52 nil_vol 0.6 nil_bias 0.43 Home 0.005 0.01 0.001 0.1075387020914281 -0.49481440369353413 -0.005448145985603269 0.0017703492897554616
0.1601151561420338 -0.3835903984270737 52 nil_vol 0.6 nil_bias 0.43 Home 0.005 0.01 0.001 0.14525001838928922 -0.37876004216785636 0.01486513775274459 -0.004830356259217323
0.20015270521392997 -0.2551057842652125 52 nil_vol 0.6 nil_bias 0.43 Home 0.005 0.01 0.001 0.1868368940247849 -0.2507788743506261 0.013315811189145077 -0.004326909914586389
0.20390065383207162 -0.25310329308883206 52 nil_vol 0.6 nil_bias 0.43 Home 0.005 0.01 0.001 0.18778339710874378 -0.24786606668771344 0.016117256723327825 -0.0052372264011186186
0.29186802838943926 0.008295203987761169 52 nil_vol 0.6 nil_bias 0.43 Home 0.005 0.01 0.001 0.273012713366756 0.014422149493026781 0.01885531502268328 -0.006126945505265611
0.28282327642647453 0.03901932733129722 52 nil_vol 0.6 nil_bias 0.43 Home 0.005 0.01 0.001 0.2811790617498004 0.03955360711982481 0.0016442146766741355 -0.0005342797885275917
0.33681176988021666 0.2154201745395253 52 nil_vol 0.6 nil_bias 0.43 Home 0.005 0.01 0.001 0.33818144812973755 0.21497510406552545 -0.0013696782495209068 0.00044507047399985265
0.3937248146503584 0.38590655306676225 52 nil_vol 0.6 nil_bias 0.43 Right 0.005 0.01 0.001 0.4 0.35 -0.0062751853496416125 0.035906553066762284
0.3857794948900062 0.3627746343719441 53 nil_vol 0.6 nil_bias 0.43 Right 0.005 0.01 0.001 0.38596092242713526 0.3627139003170778 -0.0001814275371290806 6.0734054866326555e-05
0.35797159997809813 0.2868871669005557 53 nil_vol 0.6 nil_bias 0.43 Right 0.005 0.01 0.001 0.360314839429895 0.28610275216571246 -0.0023432394517968655 0.0007844147348432508
0.2865487727663689 0.06993037840982215 53 nil_vol 0.6 nil_bias 0.43 Right 0.005 0.01 0.001 0.28780855012157536 0.06950865969930453 -0.0012597773552064336 0.0004217187105176189
0.26163984981051736 0.011600110026464616 53 nil_vol 0.6 nil_bias 0.43 Right 0.005 0.01 0.001 0.2677397209069199 0.00955813827449814 -0.00609987109640254 0.002041971751966475
0.26204608863927664 0.0020241353139217157 53 nil_vol 0.6 nil_bias 0.43 Right 0.005 0.01 0.001 0.26489806600914434 0.0010694172330835694 -0.0028519773698677127 0.0009547180808381464
0.1399268216636313 -0.331765805586849 53 nil_vol 0.6 nil_bias 0.43 Right 0.005 0.01 0.001 0.15211362146711221 -0.33584541654129274 -0.012186799803480926 0.004079610954443755
0.0880165051073458 -0.5235688217764534 53 nil_vol 0.6 nil_bias 0.43 Right 0.005 0.01 0.001 0.08914546961268871 -0.523946750029764 -0.0011289645053429173 0.0003779282533105697
0.007669083600233912 -0.767336724253496 53 nil_vol 0.6 nil_bias 0.43 Home 0.005 0.01 0.001 0.0 -0.75 0.007669083600233912 -0.01733672425349601
0.02020333602755353 -0.6960812987746662 54 nil_vol 0.6 nil_bias 0.43 Home 0.005 0.01 0.001 0.02689388682092284 -0.697934621917795 -0.006690550793369307 0.0018533231431288153
0.03564708712170686 -0.6509246458197544 54 nil_vol 0.6 nil_bias 0.43 Home 0.005 0.01 0.001 0.0396117196710383 -0.6520228730785564 -0.003964632549331434 0.0010982272588020328
0.12323436878826476 -0.37689263565109365 54 nil_vol 0.6 nil_bias 0.43 Home 0.005 0.01 0.001 0.11635252408753209 -0.3749863229355656 0.006881844700732669 -0.0019063127155280585
0.18169968158866112 -0.16245307093081743 54 nil_vol 0.6 nil_bias 0.43 Home 0.005 0.01 0.001 0.1756868987676501 -0.1607874936262058 0.006012782821011038 -0.0016655773046116104
0.2358637216698387 0.06969929180978592 54 nil_vol 0.6 nil_bias 0.43 Home 0.005 0.01 0.001 0.2392716385647262 0.06875527816334381 -0.003407916894887477 0.000944013646442101
0.2887803863729528 0.24157986069101808 54 nil_vol 0.6 nil_bias 0.43 Home 0.005 0.01 0.001 0.2872616334749346 0.24200056445391016 0.0015187528980181502 -0.00042070376289207045
0.3091990364571858 0.27760682792247127 54 nil_vol 0.6 nil_bias 0.43 Home 0.005 0.01 0.001 0.2979852450567808 0.28071311614394123 0.011213791400405038 -0.0031062882214699552
0.3197690218665516 0.35935318803725486 54 nil_vol 0.6 nil_bias 0.43 Right 0.005 0.01 0.001 0.4 0.35 -0.08023097813344843 0.009353188037254866
0.2127645904737692 0.04705651665089893 55 nil_vol 0.6 nil_bias 0.43 Right 0.005 0.01 0.001 0.22751062680415576 0.042759383772594195 -0.01474603633038658 0.004297132878304734
0.2200516783316133 -0.008610050734780347 55 nil_vol 0.6 nil_bias 0.43 Right 0.005 0.01 0.001 0.21312896588409455 -0.006592707592611213 0.006922712447518754 -0.002017343142169134
0.19751602287696166 -0.09398526320955879 55 nil_vol 0.6 nil_bias 0.43 Right 0.005 0.01 0.001 0.18843326076024836 -0.09133846139495033 0.009082762116713305 -0.002646801814608458
0.14441313170744877 -0.2873548588929826 55 nil_vol 0.6 nil_bias 0.43 Right 0.005 0.01 0.001 0.13233768902753704 -0.28383596197740907 0.012075442679911737 -0.003518896915573557
0.12087460108247275 -0.3238082771178181 55 nil_vol 0.6 nil_bias 0.43 Right 0.005 0.01 0.001 0.12070388013288547 -0.32375852743668004 0.00017072094958728073 -4.974968113805514e-05
0.10128936084433551 -0.37338617622986603 55 nil_vol 0.6 nil_bias 0.43 Right 0.005 0.01 0.001 0.10585426982465668 -0.37471643339364263 -0.004564908980321165 0.0013302571637765907
0.012776983777303819 -0.7254604867407793 55 nil_vol 0.6 nil_bias 0.43 Right 0.005 0.01 0.001 0.004359021247920425 -0.7230074137425249 0.008417962529383394 -0.002453072998254464
-0.009850699455384929 -0.7717694752541652 55 nil_vol 0.6 nil_bias 0.43 Home 0.005 0.01 0.001 0.0 -0.75 -0.009850699455384929 -0.021769475254165175
0.027710448721876002 -0.706349717309039 56 nil_vol 0.6 nil_bias 0.43 Home 0.005 0.01 0.001 0.012554486918352925 -0.7015161770009756 0.015155961803523077 -0.004833540308063326
0.028089764952707843 -0.6550251319631705 56 nil_vol 0.6 nil_bias 0.43 Home 0.005 0.01 0.001 0.027446809028054756 -0.6548200804185436 0.0006429559246530878 -0.0002050515446269081
0.03278502357317532 -0.6262516476623322 56 nil_vol 0.6 nil_bias 0.43 Home 0.005 0.01 0.001 0.03620954711623162 -0.6273437969297859 -0.0034245235430562988 0.001092149267453731
0.08842818165626583 -0.4401945710571656 56 nil_vol 0.6 nil_bias 0.43 Home 0.005 0.01 0.001 0.09520583503172146 -0.4423561007053025 -0.006777653375455639 0.0021615296481369496
0.2149772884175982 -0.05862552689713647 56 nil_vol 0.6 nil_bias 0.43 Home 0.005 0.01 0.001 0.2173444501454347 -0.059380462266829914 -0.0023671617278364873 0.0007549353696934492
0.25444329118623804 0.027485363291532852 56 nil_vol 0.6 nil_bias 0.43 Home 0.005 0.01 0.001 0.24591510651464327 0.030205172492634103 0.008528184671594784 -0.002719809201101252
0.29456236368740624 0.20820060160331622 56 nil_vol 0.6 nil_bias 0.43 Home 0.005 0.01 0.001 0.30193186783486536 0.2058503188691051 -0.007369504147459101 0.002350282734211114
0.3615073393141834 0.3926540926291299 56 nil_vol 0.6 nil_bias 0.43 Right 0.005 0.01 0.001 0.4 0.35 -0.038492660685816624 0.04265409262912993
0.3387289934333257 0.3471786852384229 57 nil_vol 0.6 nil_bias 0.43 Right 0.005 0.01 0.001 0.34517437509188426 0.3449709413056821 -0.0064453816585585706 0.0022077439327407343
0.3350607224906922 0.2810807345882729 57 nil_vol 0.6 nil_bias 0.43 Right 0.005 0.01 0.001 0.3245260028794409 0.284689204115284 0.010534719611251273 -0.003608469527011094
0.3283793968921796 0.27889643993359925 57 nil_vol 0.6 nil_bias 0.43 Right 0.005 0.01 0.001 0.3231547911201081 0.28068603010921545 0.005224605772071516 -0.0017895901756161757
0.3153916199745362 0.24460269467732199 57 nil_vol 0.6 nil_bias 0.43 Right 0.005 0.01 0.001 0.3112777907109562 0.24601180930825156 0.004113829263579978 -0.00140911463092957
0.21370230297136117 -0.010749687815030527 57 nil_vol 0.6 nil_bias 0.43 Right 0.005 0.01 0.001 0.2223181103262833 -0.013700870137683896 -0.00861580735492212 0.002951182322653369
0.006442994269867912 -0.6303734220479912 57 nil_vol 0.6 nil_bias 0.43 Right 0.005 0.01 0.001 0.010600739402663706 -0.6317975792317048 -0.0041577451327957935 0.0014241571837136256
-0.01502599782699041 -0.7582352073341481 57 nil_vol 0.6 nil_bias 0.43 Right 0.005 0.01 0.001 -0.03085133683116742 -0.7528145359106577 0.01582533900417701 -0.005420671423490319
-0.045980659299275035 -0.7969837242373596 57 nil_vol 0.6 nil_bias 0.43 Home 0.005 0.01 0.001 0.0 -0.75 -0.045980659299275035 -0.04698372423735966
-0.16414307473657003 -0.47162120179794464 58 nil_vol 0.6 nil_bias 0.43 Home 0.005 0.01 0.001 -0.1542822069299712 -0.46837133273622766 -0.00986086780659884 -0.003249869061716998
-0.15542991072707846 -0.42363072220784154 58 nil_vol 0.6 nil_bias 0.43 Home 0.005 0.01 0.001 -0.16769523926908506 -0.4276730349679606 0.012265328542006584 0.004042312760119051
-0.20994668395923308 -0.24902308314938376 58 nil_vol 0.6 nil_bias 0.43 Home 0.005 0.01 0.001 -0.22494430745968133 -0.25396588469274994 0.014997623500448243 0.004942801543366171
-0.22265869936559016 -0.2267692827484441 58 nil_vol 0.6 nil_bias 0.43 Home 0.005 0.01 0.001 -0.23280543712916835 -0.23011336663456428 0.010146737763578188 0.0033440838861201654
-0.2746220368380133 -0.08599426424598311 58 nil_vol 0.6 nil_bias 0.43 Home 0.005 0.01 0.001 -0.27974649575670935 -0.08768314405093958 0.005124458918696069 0.0016888798049564612
-0.3136918122373885 0.035466239769651686 58 nil_vol 0.6 nil_bias 0.43 Home 0.005 0.01 0.001 -0.3196824347442734 0.03349189642306283 0.0059906225068848875 0.0019743433465888617
-0.40951250459533417 0.30557620032818544 58 nil_vol 0.6 nil_bias 0.43 Home 0.005 0.01 0.001 -0.4093694299737243 0.30562335376289385 -0.0001430746216098742 -4.7153434708417694e-05
-0.4344507947642216 0.38172611910861787 58 nil_vol 0.6 nil_bias 0.43 Left 0.005 0.01 0.001 -0.4 0.35 -0.034450794764221575 0.031726119108617896
-0.2640293856442558 -0.0009262496403301254 59 nil_vol 0.6 nil_bias 0.43 Left 0.005 0.01 0.001 -0.2825799736908698 -0.008152330086300785 0.01855058804661396 0.00722608044597066
-0.23811377974327635 -0.12066642111796862 59 nil_vol 0.6 nil_bias 0.43 Left 0.005 0.01 0.001 -0.23866786148993477 -0.1208822546680931 0.0005540817466584089 0.00021583355012448887
-0.2250856149471754 -0.17768053260537484 59 nil_vol 0.6 nil_bias 0.43 Left 0.005 0.01 0.001 -0.2176684668235192 -0.17479130295472756 -0.0074171481236562095 -0.0028892296506472827
-0.2049957869204552 -0.21541244488879652 59 nil_vol 0.6 nil_bias 0.43 Left 0.005 0.01 0.001 -0.20226024247023427 -0.21434685795370023 -0.0027355444502209225 -0.0010655869350962752
-0.17958472156453387 -0.27194499577387465 59 nil_vol 0.6 nil_bias 0.43 Left 0.005 0.01 0.001 -0.17979232224757424 -0.2720258632500171 0.0002076006830403889 8.086747614246805e-05
-0.189809406730745 -0.2850204492395748 59 nil_vol 0.6 nil_bias 0.43 Left 0.005 0.01 0.001 -0.17671707720351448 -0.27992054479712813 -0.013092329527230535 -0.005099904442446683
-0.10075079368783907 -0.53024886619714 59 nil_vol 0.6 nil_bias 0.43 Left 0.005 0.01 0.001 -0.08204421495428516 -0.5229620221112341 -0.01870657873355392 -0.007286844085905845
-0.01154874224084878 -0.7039359931645841 59 nil_vol 0.6 nil_bias 0.43 Home 0.005 0.01 0.001 0.0 -0.75 -0.01154874224084878 0.04606400683541587
0.044945492239937726 -0.5474573940889147 60 nil_vol 0.6 nil_bias 0.43 Home 0.005 0.01 0.001 0.03494725002906686 -0.5445408793882094 0.009998242210870865 -0.002916514700705333
0.14006837502295122 -0.26152532247760574 60 nil_vol 0.6 nil_bias 0.43 Home 0.005 0.01 0.001 0.11927314156912583 -0.25545929579076093 0.0207952334538254 -0.00606602668684483
0.12667449402740205 -0.24444008616242507 60 nil_vol 0.6 nil_bias 0.43 Home 0.005 0.01 0.001 0.12281581238609032 -0.2433144981345624 0.003858681641311725 -0.0011255880278626688
0.16471496587269524 -0.13002017873543925 60 nil_vol 0.6 nil_bias 0.43 Home 0.005 0.01 0.001 0.15655814433212942 -0.12764081149944406 0.008156821540565835 -0.0023793672359951833
0.21518220743918468 0.0540751365427191 60 nil_vol 0.6 nil_bias 0.43 Home 0.005 0.01 0.001 0.21000566018456535 0.055585149587869975 0.0051765472546193275 -0.0015100130451508717
0.23194992524164598 0.12609641209319397 60 nil_vol 0.6 nil_bias 0.43 Home 0.005 0.01 0.001 0.23068188702451223 0.126466302322229 0.0012680382171337675 -0.0003698902290350385
0.32796103169644963 0.42574759025358105 60 nil_vol 0.6 nil_bias 0.43 Home 0.005 0.01 0.001 0.3187655116415589 0.42842994869770434 0.009195520054890688 -0.002682358444123292
0.32290833029897525 0.4426321415968335 60 nil_vol 0.6 nil_bias 0.43 Right 0.005 0.01 0.001 0.4 0.35 -0.07709166970102478 0.09263214159683354
0.28463644659933135 0.337496207326796 61 nil_vol 0.6 nil_bias 0.43 Right 0.005 0.01 0.001 0.29405734585986915 0.3349715852444203 -0.009420899260537777 0.0025246220823757514
0.3003730985551536 0.3250800698674095 61 nil_vol 0.6 nil_bias 0.43 Right 0.005 0.01 0.001 0.2920073816878905 0.3273219231081574 0.00836571686726314 -0.0022418532407478685
0.2577120038986815 0.2505279687936844 61 nil_vol 0.6 nil_bias 0.43 Right 0.005 0.01 0.001 0.27050905523288554 0.2470986020746326 -0.012797051334204038 0.0034293667190517596
0.12646451187367197 -0.21650399148621788 61 nil_vol 0.6 nil_bias 0.43 Right 0.005 0.01 0.001 0.14494519623288427 -0.22145646391378315 -0.018480684359212303 0.004952472427565286
0.134118250225835 -0.22020004881625665 61 nil_vol 0.6 nil_bias 0.43 Right 0.005 0.01 0.001 0.14453390374255462 -0.22299124614715604 -0.010415653516719598 0.002791197330899376
0.08923191038480145 -0.3691976356077273 61 nil_vol 0.6 nil_bias 0.43 Right 0.005 0.01 0.001 0.10427319590128584 -0.37322841446567545 -0.015041285516484383 0.00403077885794815
0.027862169043534824 -0.6738633902994915 61 nil_vol 0.6 nil_bias 0.43 Right 0.005 0.01 0.001 0.023987021141740006 -0.6728249242576856 0.003875147901794818 -0.001038466041805949
0.010334509367381057 -0.7237707426347899 61 nil_vol 0.6 nil_bias 0.43 Home 0.005 0.01 0.001 0.0 -0.75 0.010334509367381057 0.026229257365210097
0.03238876772666397 -0.7079773378576883 62 nil_vol 0.6 nil_bias 0.43 Home 0.005 0.01 0.001 0.007842248196232053 -0.7169610412125671 0.02454651953043192 0.008983703354878777
-0.06711536280250678 -0.5197620141355223 62 nil_vol 0.6 nil_bias 0.43 Home 0.005 0.01 0.001 -0.06465902062300587 -0.5188630251993778 -0.0024563421795009096 -0.000898988936144475
-0.07943271814599515 -0.42820578970360984 62 nil_vol 0.6 nil_bias 0.43 Home 0.005 0.01 0.001 -0.09566422513859435 -0.4341463078142679 0.016231506992599207 0.005940518110658028
-0.17032783167220203 -0.19335144017348865 62 nil_vol 0.6 nil_bias 0.43 Home 0.005 0.01 0.001 -0.18220154000001615 -0.19769706127904663 0.011873708327814108 0.004345621105557963
-0.21701110917676453 -0.12110281156190952 62 nil_vol 0.6 nil_bias 0.43 Home 0.005 0.01 0.001 -0.21103456463343087 -0.11891547485219944 -0.005976544543333664 -0.0021873367097100765
-0.24583225991684785 -0.05119071870536028 62 nil_vol 0.6 nil_bias 0.43 Home 0.005 0.01 0.001 -0.23700351337274292 -0.0479595135705827 -0.008828746544104918 -0.0032312051347775793
-0.34404264141616264 0.24577812699112023 62 nil_vol 0.6 nil_bias 0.43 Home 0.005 0.01 0.001 -0.3444527010844742 0.24562805054491188 0.000410059668311529 0.00015007644620833706
-0.3770069658797919 0.3345773251403551 62 nil_vol 0.6 nil_bias 0.43 Left 0.005 0.01 0.001 -0.4 0.35 0.022993034120208124 -0.015422674859644875
-0.2510074865743128 0.05988298782083441 63 nil_vol 0.6 nil_bias 0.43 Left 0.005 0.01 0.001 -0.26691487208848497 0.05364909186254224 0.015907385514172152 0.006233895958292173
-0.2446237129234409 0.014704206906793934 63 nil_vol 0.6 nil_bias 0.43 Left 0.005 0.01 0.001 -0.2507170895542573 0.012316292442952181 0.006093376630816423 0.0023879144638417533
-0.2620874772865476 -0.013978690598414873 63 nil_vol 0.6 nil_bias 0.43 Left 0.005 0.01 0.001 -0.24329802652611404 -0.006615351032045413 -0.018789450760433507 -0.00736333956636946
-0.22713301797851457 -0.0003101326025882452 63 nil_vol 0.6 nil_bias 0.43 Left 0.005 0.01 0.001 -0.24328795852039153 -0.0066410421326763 0.016154940541876963 0.006330909530088055
-0.2096087685963406 -0.07495473471338782 63 nil_vol 0.6 nil_bias 0.43 Left 0.005 0.01 0.001 -0.21559706310248597 -0.0773014688693976 0.005988294506145374 0.0023467341560097724
-0.017638199988987094 -0.6462114199623316 63 nil_vol 0.6 nil_bias 0.43 Left 0.005 0.01 0.001 0.0040244446290190194 -0.6377221133688755 -0.021662644618006113 -0.008489306593455993
0.019025231981428553 -0.6438871505872713 63 nil_vol 0.6 nil_bias 0.43 Left 0.005 0.01 0.001 0.008115853459576494 -0.6481623930910921 0.010909378521852057 0.004275242503820857
0.025200931157634596 -0.6917593538522167 63 nil_vol 0.6 nil_bias 0.43 Home 0.005 0.01 0.001 0.0 -0.75 0.025200931157634596 0.05824064614778335
