x y trial vol omega bias theta state target_sigma moving_sigma staying_sigma x_mean y_mean x_noise y_noise
0.029091422978509644 -0.732161731688489 0 nil_vol 0.6 nil_bias 0.1 Home 0.005 0.01 0.001 0.011542845737705622 -0.7242846914555577 0.017548577240804022 -0.007877040232931247
0.1326415576091126 -0.4336474352014933 0 nil_vol 0.6 nil_bias 0.1 Home 0.005 0.01 0.001 0.14043175602143418 -0.4371442261649049 -0.007790198412321595 0.00349679096341162
0.1905618147469017 -0.32566738191336436 0 nil_vol 0.6 nil_bias 0.1 Home 0.005 0.01 0.001 0.19048575736307602 -0.3256332419905555 7.605738382568977e-05 -3.41399228088649e-05
0.2726024338951715 -0.1334432644524375 0 nil_vol 0.6 nil_bias 0.1 Home 0.005 0.01 0.001 0.27605795176520054 -0.1349943448001104 -0.0034555178700289863 0.0015510803476729096
0.3119958027073828 -0.07566630219981328 0 nil_vol 0.6 nil_bias 0.1 Home 0.005 0.01 0.001 0.30424935651351676 -0.07218915032054651 0.007746446193866031 -0.003477151879266774
0.38660519719638203 0.10612569235415606 0 nil_vol 0.6 nil_bias 0.1 Home 0.005 0.01 0.001 0.38467795525564213 0.10699077458261741 0.0019272419407399123 -0.0008650822284613451
0.4127937130123331 0.19337510207594097 0 nil_vol 0.6 nil_bias 0.1 Home 0.005 0.01 0.001 0.4216657572468293 0.18939270233922756 -0.008872044234496248 0.003982399736713397
0.46503330485120814 0.2860075140419837 0 nil_vol 0.6 nil_bias 0.1 Right 0.005 0.01 0.001 0.4 0.35 0.06503330485120813 -0.06399248595801625
0.4585077486464789 0.2870192217474296 1 nil_vol 0.6 nil_bias 0.1 Right 0.005 0.01 0.001 0.4644158732592728 0.28453757668474944 -0.005908124612793874 0.0024816450626801794
0.40560890173637765 0.16352018092120935 1 nil_vol 0.6 nil_bias 0.1 Right 0.005 0.01 0.001 0.4123877813928351 0.16067278444051875 -0.0067788796564574386 0.002847396480690587
0.4095633005488556 0.14346307721052215 1 nil_vol 0.6 nil_bias 0.1 Right 0.005 0.01 0.001 0.4058195482404708 0.14503560064915816 0.003743752308384816 -0.0015725234386360161
0.39063964991649824 0.12411451791069254 1 nil_vol 0.6 nil_bias 0.1 Right 0.005 0.01 0.001 0.3960732096598092 0.12183220878664905 -0.005433559743310955 0.002282309124043498
0.327363632534755 -0.08793848013563031 1 nil_vol 0.6 nil_bias 0.1 Right 0.005 0.01 0.001 0.3108710879008727 -0.08101096173612388 0.01649254463388227 -0.0069275183995064415
0.31814298149895526 -0.11781036766003136 1 nil_vol 0.6 nil_bias 0.1 Right 0.005 0.01 0.001 0.2988226360928179 -0.10969506154705766 0.019320345406137373 -0.0081153061129737
0.17690226694716837 -0.3973232695805257 1 nil_vol 0.6 nil_bias 0.1 Right 0.005 0.01 0.001 0.1778417099956665 -0.39771787266623687 -0.0009394430484981222 0.0003946030857111712
0.03207873576449952 -0.7447400268977187 1 nil_vol 0.6 nil_bias 0.1 Home 0.005 0.01 0.001 0.0 -0.75 0.03207873576449952 0.005259973102281331
0.16965821546922052 -0.35482052947539705 2 nil_vol 0.6 nil_bias 0.1 Home 0.005 0.01 0.001 0.1708195770768687 -0.3552342031014871 -0.0011613616076481801 0.0004136736260900884
0.2166516297635945 -0.2318384645260527 2 nil_vol 0.6 nil_bias 0.1 Home 0.005 0.01 0.001 0.21498432212030602 -0.2312445743939313 0.0016673076432884774 -0.0005938901321213697
0.24614533026504665 -0.1407054889926811 2 nil_vol 0.6 nil_bias 0.1 Home 0.005 0.01 0.001 0.24711149719905548 -0.1410496348438679 -0.0009661669340088268 0.0003441458511868182
0.25355520565032136 -0.12856512212573054 2 nil_vol 0.6 nil_bias 0.1 Home 0.005 0.01 0.001 0.2517832620745461 -0.12793396097885712 0.0017719435757752378 -0.0006311611468734163
0.2979615896600956 -0.051317204521225505 2 nil_vol 0.6 nil_bias 0.1 Home 0.005 0.01 0.001 0.2812005124313822 -0.04534695757254359 0.016761077228713384 -0.005970246948681919
0.3129806769690642 0.07506574489724585 2 nil_vol 0.6 nil_bias 0.1 Home 0.005 0.01 0.001 0.3228402233271442 0.07155380316721938 -0.009859546358079998 0.003511941730026475
0.3791652787769475 0.19520044198575576 2 nil_vol 0.6 nil_bias 0.1 Home 0.005 0.01 0.001 0.3682656958583582 0.19908284171303203 0.010899582918589307 -0.0038823997272762717
0.3872605694838511 0.25240970516159117 2 nil_vol 0.6 nil_bias 0.1 Right 0.005 0.01 0.001 0.4 0.35 -0.012739430516148887 -0.09759029483840882
0.3407434395937651 0.11352767555174176 3 nil_vol 0.6 nil_bias 0.1 Right 0.005 0.01 0.001 0.334222287280933 0.11606440185075997 0.006521152312832086 -0.0025367262990182112
0.2582574175351094 -0.05877047069750842 3 nil_vol 0.6 nil_bias 0.1 Right 0.005 0.01 0.001 0.26516614084577117 -0.0614579619987482 -0.006908723310661789 0.002687491301239783
0.22297997659000462 -0.1585864852312325 3 nil_vol 0.6 nil_bias 0.1 Right 0.005 0.01 0.001 0.2268044518340477 -0.1600742049571493 -0.0038244752440430908 0.001487719725916791
0.2022610174016776 -0.19192517002758794 3 nil_vol 0.6 nil_bias 0.1 Right 0.005 0.01 0.001 0.21281708387158121 -0.19603147672674237 -0.010556066469903624 0.004106306699154438
0.1699413818128808 -0.2641533185464328 3 nil_vol 0.6 nil_bias 0.1 Right 0.005 0.01 0.001 0.18416532915543957 -0.2696864298078762 -0.014223947342558767 0.005533111261443419
0.11099281622800175 -0.4834281764501836 3 nil_vol 0.6 nil_bias 0.1 Right 0.005 0.01 0.001 0.10233062332462761 -0.4800585860018944 0.008662192903374137 -0.00336959044828921
0.0956913765554905 -0.5058566289604127 3 nil_vol 0.6 nil_bias 0.1 Right 0.005 0.01 0.001 0.09274156072546236 -0.5047091514849107 0.002949815830028138 -0.001147477475502003
0.007155696520958855 -0.7247243957463587 3 nil_vol 0.6 nil_bias 0.1 Home 0.005 0.01 0.001 0.0 -0.75 0.007155696520958855 0.025275604253641303
0.09602988542810756 -0.4441095321051157 4 nil_vol 0.6 nil_bias 0.1 Home 0.005 0.01 0.001 0.09092576241302856 -0.44259401745587734 0.005104123015078999 -0.0015155146492384047
0.10229065978995788 -0.3749366072495631 4 nil_vol 0.6 nil_bias 0.1 Home 0.005 0.01 0.001 0.11030778021881123 -0.3773170482026399 -0.008017120428853351 0.002380440953076771
0.14658289673294092 -0.25469648165682046 4 nil_vol 0.6 nil_bias 0.1 Home 0.005 0.01 0.001 0.14670543804491992 -0.2547328665858068 -0.00012254131197899712 3.6384928986314676e-05
0.2297757680199222 0.06177906043092964 4 nil_vol 0.6 nil_bias 0.1 Home 0.005 0.01 0.001 0.2398002881233058 0.05880258297860719 -0.010024520103383606 0.0029764774523224537
0.2464248900082712 0.1022060062554267 4 nil_vol 0.6 nil_bias 0.1 Home 0.005 0.01 0.001 0.2521802217672409 0.10049713490452516 -0.00575533175896973 0.0017088713509015342
0.2957191794663086 0.22590232044193442 4 nil_vol 0.6 nil_bias 0.1 Home 0.005 0.01 0.001 0.28992620721279505 0.2276223679969982 0.005792972253513563 -0.0017200475550637833
0.3195225621317148 0.283008094114098 4 nil_vol 0.6 nil_bias 0.1 Home 0.005 0.01 0.001 0.3074368153360134 0.28659659036737417 0.01208574679570139 -0.003588496253276152
0.3250948108158354 0.34606720068051944 4 nil_vol 0.6 nil_bias 0.1 Right 0.005 0.01 0.001 0.4 0.35 -0.07490518918416463 -0.003932799319480524
0.290374123568297 0.2996339403386487 5 nil_vol 0.6 nil_bias 0.1 Right 0.005 0.01 0.001 0.30984949264252604 0.29393828740061395 -0.019475369074229035 0.005695652938034733
0.2496957079729383 0.12367405016524344 5 nil_vol 0.6 nil_bias 0.1 Right 0.005 0.01 0.001 0.2592387914957458 0.12088313557474595 -0.00954308352280749 0.0027909145904974862
0.24078776233884647 0.0038285557999585057 5 nil_vol 0.6 nil_bias 0.1 Right 0.005 0.01 0.001 0.22624916906386877 0.008080428059010769 0.014538593274977706 -0.0042518722590522634
0.11104238961121991 -0.3493679989614831 5 nil_vol 0.6 nil_bias 0.1 Right 0.005 0.01 0.001 0.12087123004285155 -0.3522424843521592 -0.009828840431631635 0.002874485390676142
0.06204698586968997 -0.5317913323324974 5 nil_vol 0.6 nil_bias 0.1 Right 0.005 0.01 0.001 0.06786390270794374 -0.5334925139303314 -0.0058169168382537625 0.0017011815978339965
0.003297447509499519 -0.7584974978953686 5 nil_vol 0.6 nil_bias 0.1 Right 0.005 0.01 0.001 0.002157735359670343 -0.7581641843222113 0.0011397121498291762 -0.00033331357315729854
-0.0037872894162408704 -0.7703755777429225 5 nil_vol 0.6 nil_bias 0.1 Right 0.005 0.01 0.001 -0.001600566762800515 -0.7710150939060445 -0.0021867226534403555 0.0006395161631219413
-0.012904340577262283 -0.8096665302493921 5 nil_vol 0.6 nil_bias 0.1 Home 0.005 0.01 0.001 0.0 -0.75 -0.012904340577262283 -0.05966653024939203
0.00012973138045427194 -0.7848315012554644 6 nil_vol 0.6 nil_bias 0.1 Home 0.005 0.01 0.001 -0.0027668487687550966 -0.7837006312060109 0.0028965801492093685 -0.0011308700494535536
0.158164945171566 -0.42812520273096333 6 nil_vol 0.6 nil_bias 0.1 Home 0.005 0.01 0.001 0.13897964821358672 -0.4206349636897363 0.01918529695797929 -0.0074902390412270045
0.13082773835624928 -0.3955230156281926 6 nil_vol 0.6 nil_bias 0.1 Home 0.005 0.01 0.001 0.14640880981557697 -0.40160610884298203 -0.015581071459327685 0.006083093214789427
0.20376943616114904 -0.2794441341986356 6 nil_vol 0.6 nil_bias 0.1 Home 0.005 0.01 0.001 0.1953813046407541 -0.276169276877708 0.008388131520394953 -0.003274857320927632
0.28276456257046007 -0.07357226206582457 6 nil_vol 0.6 nil_bias 0.1 Home 0.005 0.01 0.001 0.2755743076323059 -0.0707650744381273 0.0071902549381541465 -0.0028071876276972657
0.3566151530377739 0.1110629252947399 6 nil_vol 0.6 nil_bias 0.1 Home 0.005 0.01 0.001 0.347892359509999 0.11446843988090472 0.00872279352777491 -0.003405514586164812
0.3654413769053011 0.17720108779683003 6 nil_vol 0.6 nil_bias 0.1 Home 0.005 0.01 0.001 0.37146588210287795 0.17484902704250338 -0.006024505197576878 0.002352060754326639
0.3999763950651467 0.24787508864011043 6 nil_vol 0.6 nil_bias 0.1 Right 0.005 0.01 0.001 0.4 0.35 -2.3604934853332675e-05 -0.10212491135988956
0.38550146787477335 0.19559967862856537 7 nil_vol 0.6 nil_bias 0.1 Right 0.005 0.01 0.001 0.3801051416666488 0.19773846996171118 0.005396326208124498 -0.002138791333145819
0.3715944569845892 0.1735239894176402 7 nil_vol 0.6 nil_bias 0.1 Right 0.005 0.01 0.001 0.3706554319659496 0.1738961645779279 0.0009390250186396159 -0.0003721751602877093
0.33788945241286716 0.09993216963434047 7 nil_vol 0.6 nil_bias 0.1 Right 0.005 0.01 0.001 0.3408718844005404 0.0987501062377043 -0.0029824319876732425 0.0011820633966361626
0.24733887550800812 -0.11543191145651405 7 nil_vol 0.6 nil_bias 0.1 Right 0.005 0.01 0.001 0.2548090612846776 -0.11839266067365278 -0.007470185776669492 0.0029607492171387405
0.21418614251289506 -0.2217498745981842 7 nil_vol 0.6 nil_bias 0.1 Right 0.005 0.01 0.001 0.21389066101980292 -0.22163276283878408 0.00029548149309213976 -0.00011711175940012306
0.15778404602158225 -0.37967736621798004 7 nil_vol 0.6 nil_bias 0.1 Right 0.005 0.01 0.001 0.1521378701555009 -0.37743954894340337 0.005646175866081348 -0.00223781727457668
0.06850272546219101 -0.5855019527630317 7 nil_vol 0.6 nil_bias 0.1 Right 0.005 0.01 0.001 0.06951496724068035 -0.5859031468086441 -0.0010122417784893375 0.0004011940456122917
0.017526913632629475 -0.7170727900771486 7 nil_vol 0.6 nil_bias 0.1 Home 0.005 0.01 0.001 0.0 -0.75 0.017526913632629475 0.03292720992285132
0.027386923453896667 -0.6837644567488637 8 nil_vol 0.6 nil_bias 0.1 Home 0.005 0.01 0.001 0.026798040454241796 -0.6836013443153065 0.0005888829996548723 -0.00016311243355719737
0.02495413871326612 -0.6547359588408951 8 nil_vol 0.6 nil_bias 0.1 Home 0.005 0.01 0.001 0.03409226334137743 -0.6572670927794088 -0.009138124628111312 0.002531133938513694
0.061973257818517084 -0.5568860924722769 8 nil_vol 0.6 nil_bias 0.1 Home 0.005 0.01 0.001 0.061901885689381306 -0.55686632338117 7.137212913577535e-05 -1.9769091106922306e-05
0.11860709151486296 -0.43874745966360607 8 nil_vol 0.6 nil_bias 0.1 Home 0.005 0.01 0.001 0.09632842366844249 -0.43257657727954696 0.022278667846420467 -0.006170882384059092
0.14101616347031648 -0.3557894324266799 8 nil_vol 0.6 nil_bias 0.1 Home 0.005 0.01 0.001 0.11926609334096877 -0.3497649642879888 0.021750070129347696 -0.006024468138691081
0.13183752117039385 -0.3169713592452253 8 nil_vol 0.6 nil_bias 0.1 Home 0.005 0.01 0.001 0.12859800746058783 -0.3160740588221225 0.0032395137098060276 -0.0008973004231028045
0.22694850882961454 0.06576213623217965 8 nil_vol 0.6 nil_bias 0.1 Home 0.005 0.01 0.001 0.23383314573238057 0.0638551871777393 -0.006884636902766034 0.0019069490544403468
0.31296914568875256 0.34955900520492045 8 nil_vol 0.6 nil_bias 0.1 Right 0.005 0.01 0.001 0.4 0.35 -0.08703085431124749 -0.0004409947950795107
0.28357112834383696 0.21891645407700805 9 nil_vol 0.6 nil_bias 0.1 Right 0.005 0.01 0.001 0.27854815997500304 0.22025356348371833 0.005022968368833911 -0.0013371094067102828
0.21582750430952508 -0.0283936126177534 9 nil_vol 0.6 nil_bias 0.1 Right 0.005 0.01 0.001 0.21258807051750492 -0.027531278420588057 0.003239433792020152 -0.0008623341971653439
0.13818066444403262 -0.2700018062351775 9 nil_vol 0.6 nil_bias 0.1 Right 0.005 0.01 0.001 0.1473900514460375 -0.27245333630389557 -0.009209387002004884 0.00245153006871808
0.1426194973641068 -0.32722162603039984 9 nil_vol 0.6 nil_bias 0.1 Right 0.005 0.01 0.001 0.13345985475520547 -0.3247833378718563 0.00915964260890134 -0.0024382881585435024
0.11774378850645272 -0.37683569286111274 9 nil_vol 0.6 nil_bias 0.1 Right 0.005 0.01 0.001 0.11948050054573353 -0.3772980039556595 -0.0017367120392808117 0.00046231109454676254
0.03160327774687529 -0.6791874512772483 9 nil_vol 0.6 nil_bias 0.1 Right 0.005 0.01 0.001 0.03862055845594675 -0.6810554447338355 -0.007017280709071462 0.001867993456587166
0.03632867777661317 -0.6851550994124014 9 nil_vol 0.6 nil_bias 0.1 Right 0.005 0.01 0.001 0.037449790089393864 -0.6854535384447271 -0.0011211123127806907 0.0002984390323257777
0.015257777584880219 -0.7688197733179003 9 nil_vol 0.6 nil_bias 0.1 Home 0.005 0.01 0.001 0.0 -0.75 0.015257777584880219 -0.01881977331790027
0.03336078136498958 -0.7258762212879019 10 nil_vol 0.6 nil_bias 0.1 Home 0.005 0.01 0.001 0.02962240762055106 -0.7246601697072008 0.0037383737444385222 -0.0012160515807010934
0.1452626385589304 -0.4130045635896098 10 nil_vol 0.6 nil_bias 0.1 Home 0.005 0.01 0.001 0.13236523638715386 -0.4088091814876305 0.012897402171776548 -0.004195382101979266
0.16008666439914307 -0.28325036815829086 10 nil_vol 0.6 nil_bias 0.1 Home 0.005 0.01 0.001 0.17195256297151157 -0.287110213562147 -0.01186589857236849 0.0038598454038561536
0.24307946344263384 -0.04442776815200742 10 nil_vol 0.6 nil_bias 0.1 Home 0.005 0.01 0.001 0.25014667316981226 -0.046726653214707925 -0.007067209727178426 0.0022988850627005033
0.2827192790003693 0.04246104830866412 10 nil_vol 0.6 nil_bias 0.1 Home 0.005 0.01 0.001 0.2794991734768517 0.04350851297634839 0.003220105523517588 -0.0010474646676842667
0.3040160462136688 0.08836866306333024 10 nil_vol 0.6 nil_bias 0.1 Home 0.005 0.01 0.001 0.29504132470263 0.09128804058573203 0.0089747215110388 -0.0029193775224017906
0.335193271398776 0.2602124159788193 10 nil_vol 0.6 nil_bias 0.1 Home 0.005 0.01 0.001 0.34857463289573287 0.2558596072676744 -0.01338136149695687 0.004352808711144839
0.3531005099804258 0.26977301384720237 10 nil_vol 0.6 nil_bias 0.1 Right 0.005 0.01 0.001 0.4 0.35 -0.04689949001957422 -0.08022698615279761
0.30901234939437794 0.16236516280767166 11 nil_vol 0.6 nil_bias 0.1 Right 0.005 0.01 0.001 0.31168934242161717 0.1613427781737525 -0.0026769930272392546 0.0010223846339191495
0.1970348285922485 -0.12373926968849222 11 nil_vol 0.6 nil_bias 0.1 Right 0.005 0.01 0.001 0.20207673367035467 -0.12566485045208903 -0.005041905078106182 0.0019255807635968063
0.1644244897067909 -0.22703206365637843 11 nil_vol 0.6 nil_bias 0.1 Right 0.005 0.01 0.001 0.16349815683093571 -0.22667828294476217 0.000926332875855192 -0.00035378071161626515
0.1559200997309247 -0.2300152942484808 11 nil_vol 0.6 nil_bias 0.1 Right 0.005 0.01 0.001 0.16142129986732914 -0.23211628682871704 -0.005501200136404463 0.00210099258023625
0.13200556729874233 -0.313609185442146 11 nil_vol 0.6 nil_bias 0.1 Right 0.005 0.01 0.001 0.13051528535576865 -0.31304002394519775 0.0014902819429736802 -0.0005691614969482289
0.038091062571229545 -0.6009744883492022 11 nil_vol 0.6 nil_bias 0.1 Right 0.005 0.01 0.001 0.02278171470421475 -0.5951276139437427 0.015309347867014792 -0.0058468744054595324
0.018426445646872097 -0.6103739074244298 11 nil_vol 0.6 nil_bias 0.1 Right 0.005 0.01 0.001 0.01714572653695312 -0.6098847811827757 0.0012807191099189772 -0.0004891262416541016
-0.014191334907811515 -0.6919371636214937 11 nil_vol 0.6 nil_bias 0.1 Home 0.005 0.01 0.001 0.0 -0.75 -0.014191334907811515 0.05806283637850624
0.1516863759836343 -0.2549991059315765 12 nil_vol 0.6 nil_bias 0.1 Home 0.005 0.01 0.001 0.15111453004052683 -0.2547828676625799 0.0005718459431074652 -0.0002162382689965884
0.14194236938326305 -0.23968776695040803 12 nil_vol 0.6 nil_bias 0.1 Home 0.005 0.01 0.001 0.15496105541268906 -0.24461066299530332 -0.01301868602942603 0.004922896044895282
0.20868307402681988 -0.10061870096817588 12 nil_vol 0.6 nil_bias 0.1 Home 0.005 0.01 0.001 0.20931931182433428 -0.10085928842300174 -0.0006362377975143912 0.00024058745482585174
0.28617133055790106 0.08905941953580555 12 nil_vol 0.6 nil_bias 0.1 Home 0.005 0.01 0.001 0.28176533483208177 0.09072550618106567 0.004405995725819279 -0.0016660866452601231
0.3308373081318707 0.26955797912107043 12 nil_vol 0.6 nil_bias 0.1 Home 0.005 0.01 0.001 0.34706830721103693 0.26342037652500805 -0.016230999079166256 0.006137602596062403
0.36762520684535255 0.32993240147851755 12 nil_vol 0.6 nil_bias 0.1 Home 0.005 0.01 0.001 0.3716444960216944 0.3284125443481758 -0.004019289176341883 0.0015198571303417648
0.36894782482568506 0.34367735546260314 12 nil_vol 0.6 nil_bias 0.1 Home 0.005 0.01 0.001 0.3763572644651874 0.340875544203483 -0.007409439639502362 0.0028018112591201845
0.3924874937610304 0.3835322220756433 12 nil_vol 0.6 nil_bias 0.1 Right 0.005 0.01 0.001 0.4 0.35 -0.007512506238969601 0.03353222207564331
0.35828596567761617 0.28167144969617797 13 nil_vol 0.6 nil_bias 0.1 Right 0.005 0.01 0.001 0.3593036455748888 0.2813409855940115 -0.0010176798972726486 0.0003304641021664688
0.3282118988657955 0.2010685185871072 13 nil_vol 0.6 nil_bias 0.1 Right 0.005 0.01 0.001 0.3327579663720427 0.1995923057613785 -0.004546067506247199 0.0014762128257286887
0.31253485614121784 0.11727671401280669 13 nil_vol 0.6 nil_bias 0.1 Right 0.005 0.01 0.001 0.30664884820091254 0.11918803635940167 0.005886007940305313 -0.0019113223465949847
0.20758562226026608 -0.21036693906965626 13 nil_vol 0.6 nil_bias 0.1 Right 0.005 0.01 0.001 0.2003931661440736 -0.20803138290982726 0.007192456116192478 -0.0023355561598289963
0.0998172715448597 -0.47977900771784865 13 nil_vol 0.6 nil_bias 0.1 Right 0.005 0.01 0.001 0.11097402861131478 -0.48340186370324867 -0.011156757066455076 0.0036228559854000106
0.07079747949755134 -0.5774850797840374 13 nil_vol 0.6 nil_bias 0.1 Right 0.005 0.01 0.001 0.07950488826304347 -0.5803125759619577 -0.008707408765492123 0.002827496177920356
0.07320239845155158 -0.6600614286226444 13 nil_vol 0.6 nil_bias 0.1 Right 0.005 0.01 0.001 0.055477592059333725 -0.6543057757438006 0.017724806392217855 -0.005755652878843777
0.04028512881597638 -0.701091687833671 13 nil_vol 0.6 nil_bias 0.1 Home 0.005 0.01 0.001 0.0 -0.75 0.04028512881597638 0.04890831216632894
0.06779914199441923 -0.567669589973667 14 nil_vol 0.6 nil_bias 0.1 Home 0.005 0.01 0.001 0.07711296721282783 -0.570291981566032 -0.009313825218408591 0.0026223915923650237
0.08557305250968462 -0.53222742724533 14 nil_vol 0.6 nil_bias 0.1 Home 0.005 0.01 0.001 0.08766457938549932 -0.5328163155233172 -0.0020915268758146927 0.000588888277987151
0.12621491552591865 -0.44375522103987275 14 nil_vol 0.6 nil_bias 0.1 Home 0.005 0.01 0.001 0.11373026175374604 -0.4402400540361991 0.012484653772172612 -0.0035151670036736855
0.16427629127636179 -0.30417345289684733 14 nil_vol 0.6 nil_bias 0.1 Home 0.005 0.01 0.001 0.1529397516626552 -0.30098154780174863 0.01133653961370658 -0.003191905095098703
0.15748650415157822 -0.29060119758881914 14 nil_vol 0.6 nil_bias 0.1 Home 0.005 0.01 0.001 0.15598172509101227 -0.2901775134564397 0.0015047790605659471 -0.0004236841323794278
0.19519689270846433 -0.1644471789791723 14 nil_vol 0.6 nil_bias 0.1 Home 0.005 0.01 0.001 0.19166243216649642 -0.16345201969805512 0.003534460541967907 -0.000995159281117181
0.2545316066326145 0.006799018081844722 14 nil_vol 0.6 nil_bias 0.1 Home 0.005 0.01 0.001 0.24069504903459477 0.010694825815127595 0.013836557598019694 -0.003895807733282873
0.32430091127890404 0.30763384531357507 14 nil_vol 0.6 nil_bias 0.1 Right 0.005 0.01 0.001 0.4 0.35 -0.07569908872109596 -0.0423661546864249
0.3253422516306595 0.26308377912979886 15 nil_vol 0.6 nil_bias 0.1 Right 0.005 0.01 0.001 0.31248004596810397 0.2668079443576804 0.012862205662555526 -0.0037241652278815407
0.28705598088366735 0.17639745228372677 15 nil_vol 0.6 nil_bias 0.1 Right 0.005 0.01 0.001 0.28636059347972004 0.17659879703420192 0.000695387403947291 -0.00020134475047515097
0.18648022007711615 -0.13027032253148707 15 nil_vol 0.6 nil_bias 0.1 Right 0.005 0.01 0.001 0.19665564210076916 -0.13321654760933888 -0.010175422023653014 0.0029462250778518042
0.18070333081018816 -0.1697785253899169 15 nil_vol 0.6 nil_bias 0.1 Right 0.005 0.01 0.001 0.18565430097008268 -0.17121204553393354 -0.0049509701598945246 0.0014335201440166445
0.17811079512920425 -0.2026255477864006 15 nil_vol 0.6 nil_bias 0.1 Right 0.005 0.01 0.001 0.17667878543998425 -0.20221091900262145 0.0014320096892200083 -0.0004146287837791432
0.10564409570344885 -0.45286113973895975 15 nil_vol 0.6 nil_bias 0.1 Right 0.005 0.01 0.001 0.10422377147919759 -0.45244989440304717 0.0014203242242512614 -0.0004112453359125828
0.055696488288990834 -0.638770503445521 15 nil_vol 0.6 nil_bias 0.1 Right 0.005 0.01 0.001 0.05069517747716612 -0.637322407503979 0.005001310811824717 -0.0014480959415420326
0.02924456746103003 -0.7114067031064488 15 nil_vol 0.6 nil_bias 0.1 Home 0.005 0.01 0.001 0.0 -0.75 0.02924456746103003 0.03859329689355119
0.024795315013947144 -0.6947642190505671 16 nil_vol 0.6 nil_bias 0.1 Home 0.005 0.01 0.001 0.022490465471493398 -0.6957590786146107 0.0023048495424537476 0.0009948595640436907
-0.0679756917853125 -0.5009910378940718 16 nil_vol 0.6 nil_bias 0.1 Home 0.005 0.01 0.001 -0.06258337777767033 -0.4986635127936184 -0.005392314007642173 -0.002327525100453377
-0.29521006299773145 0.02843598476011664 16 nil_vol 0.6 nil_bias 0.1 Home 0.005 0.01 0.001 -0.2909019514683599 0.03029552738058605 -0.004308111529371535 -0.0018595426204694103
-0.3361079744020723 0.13046366718751065 16 nil_vol 0.6 nil_bias 0.1 Home 0.005 0.01 0.001 -0.33444762182096843 0.1311803376749201 -0.001660352581103852 -0.0007166704874094585
-0.3817983923376525 0.24479803346815565 16 nil_vol 0.6 nil_bias 0.1 Home 0.005 0.01 0.001 -0.38322372780691843 0.2441828051864604 0.0014253354692659373 0.0006152282816952575
-0.41858265253763177 0.34630520526815123 16 nil_vol 0.6 nil_bias 0.1 Home 0.005 0.01 0.001 -0.42593395934805856 0.34313210535257643 0.007351306810426796 0.0031730999155748056
-0.4417598944214602 0.37058557977436885 16 nil_vol 0.6 nil_bias 0.1 Home 0.005 0.01 0.001 -0.4384083404694646 0.3720322362446222 -0.00335155395199558 -0.001446656470253369
-0.4469770993764152 0.39188398292312543 16 nil_vol 0.6 nil_bias 0.1 Left 0.005 0.01 0.001 -0.4 0.35 -0.046977099376415185 0.04188398292312546
-0.41453172903659635 0.2449688919930841 17 nil_vol 0.6 nil_bias 0.1 Left 0.005 0.01 0.001 -0.39453906003134703 0.2524898419906757 -0.019992669005249323 -0.0075209499975915865
-0.363008825707872 0.17904188668124665 17 nil_vol 0.6 nil_bias 0.1 Left 0.005 0.01 0.001 -0.3664255000752662 0.177756583700015 0.003416674367394206 0.0012853029812316564
-0.3476480619611496 0.020783078220654755 17 nil_vol 0.6 nil_bias 0.1 Left 0.005 0.01 0.001 -0.3123671540968629 0.03405524032403706 -0.03528090786428671 -0.013272162103382308
-0.2580527402123698 -0.08097884098172094 17 nil_vol 0.6 nil_bias 0.1 Left 0.005 0.01 0.001 -0.2677243334460847 -0.08461715305944884 0.00967159323371491 0.0036383120777279047
-0.243460609342927 -0.1275107065081649 17 nil_vol 0.6 nil_bias 0.1 Left 0.005 0.01 0.001 -0.25058078976751347 -0.13018921436187292 0.007120180424586486 0.0026785078537080284
-0.2311822149101382 -0.17394526248098194 17 nil_vol 0.6 nil_bias 0.1 Left 0.005 0.01 0.001 -0.23375615187472337 -0.1749135399632188 0.0025739369645851494 0.0009682774822368525
-0.15357792495929945 -0.37616896043157316 17 nil_vol 0.6 nil_bias 0.1 Left 0.005 0.01 0.001 -0.15749278916610865 -0.3776416751521061 0.003914864206809201 0.001472714720532926
-0.02284215248109871 -0.7355785862406715 17 nil_vol 0.6 nil_bias 0.1 Home 0.005 0.01 0.001 0.0 -0.75 -0.02284215248109871 0.014421413759328502
0.15991798344381736 -0.2969997611132935 18 nil_vol 0.6 nil_bias 0.1 Home 0.005 0.01 0.001 0.15651497092025282 -0.2956124848318462 0.003403012523564527 -0.0013872762814473155
0.18916910405451595 -0.21089857256036726 18 nil_vol 0.6 nil_bias 0.1 Home 0.005 0.01 0.001 0.1907815758973603 -0.21155591482008262 -0.0016124718428443597 0.0006573422597153739
0.23599040027651308 -0.07355186350986484 18 nil_vol 0.6 nil_bias 0.1 Home 0.005 0.01 0.001 0.2454657853494216 -0.07741461067232813 -0.009475385072908517 0.0038627471624632925
0.254982836368422 -0.053043370151473486 18 nil_vol 0.6 nil_bias 0.1 Home 0.005 0.01 0.001 0.25534140553320733 -0.05318954489932426 -0.00035856916478532963 0.00014617474785077133
0.25555069006788883 -0.045201407944260426 18 nil_vol 0.6 nil_bias 0.1 Home 0.005 0.01 0.001 0.25816362216795036 -0.04626659906605235 -0.002612932100061519 0.0010651911217919251
0.288486938392199 -0.03540424554699584 18 nil_vol 0.6 nil_bias 0.1 Home 0.005 0.01 0.001 0.26628197411569515 -0.02635214243016326 0.022204964276503855 -0.009052103116832575
0.2862521241518458 0.022208831848448077 18 nil_vol 0.6 nil_bias 0.1 Home 0.005 0.01 0.001 0.28610315723479507 0.022269559885536916 0.00014896691705072724 -6.0728037088837046e-05
0.40543141452668485 0.3149838226535713 18 nil_vol 0.6 nil_bias 0.1 Right 0.005 0.01 0.001 0.4 0.35 0.005431414526684848 -0.03501617734642868
0.37619205544056267 0.23517120604082187 19 nil_vol 0.6 nil_bias 0.1 Right 0.005 0.01 0.001 0.3775028846056786 0.23471511880130883 -0.0013108291651159217 0.00045608723951303477
0.3573284900067648 0.17357802310010115 19 nil_vol 0.6 nil_bias 0.1 Right 0.005 0.01 0.001 0.35634948656914195 0.17391865556939756 0.0009790034376228848 -0.00034063246929641385
0.2832140687342845 -0.02268147242406447 19 nil_vol 0.6 nil_bias 0.1 Right 0.005 0.01 0.001 0.28743397201586796 -0.024149737007984673 -0.004219903281583461 0.0014682645839202042
0.261344175451717 -0.09174346826006632 19 nil_vol 0.6 nil_bias 0.1 Right 0.005 0.01 0.001 0.26363786979467163 -0.09254153161492945 -0.0022936943429546414 0.0007980633548631286
0.27213783235014544 -0.1142545643994625 19 nil_vol 0.6 nil_bias 0.1 Right 0.005 0.01 0.001 0.25781679760464354 -0.10927173263322804 0.01432103474550188 -0.004982831766234459
0.05223405154050091 -0.6654741140937492 19 nil_vol 0.6 nil_bias 0.1 Right 0.005 0.01 0.001 0.06299066516804025 -0.6692167484098379 -0.01075661362753934 0.003742634316088669
0.034035448947609556 -0.7380594177854392 19 nil_vol 0.6 nil_bias 0.1 Right 0.005 0.01 0.001 0.038497506141289384 -0.7396119369101068 -0.004462057193679831 0.0015525191246677382
0.024135003194284414 -0.7808908548800523 19 nil_vol 0.6 nil_bias 0.1 Home 0.005 0.01 0.001 0.0 -0.75 0.024135003194284414 -0.030890854880052318
0.0768548836567362 -0.6394500108007757 20 nil_vol 0.6 nil_bias 0.1 Home 0.005 0.01 0.001 0.0719104169224301 -0.6377991537487668 0.004944466734306112 -0.0016508570520088674
0.17396603061424684 -0.35610907205975684 20 nil_vol 0.6 nil_bias 0.1 Home 0.005 0.01 0.001 0.16676388027254033 -0.35370442029038807 0.007202150341706513 -0.002404651769368781
0.3386676635087473 0.09811047287232014 20 nil_vol 0.6 nil_bias 0.1 Home 0.005 0.01 0.001 0.31972711014984107 0.10443433907705224 0.018940553358906213 -0.00632386620473211
0.3466242577450595 0.18794607273514508 20 nil_vol 0.6 nil_bias 0.1 Home 0.005 0.01 0.001 0.3475111189922739 0.18764996777119436 -0.0008868612472143646 0.00029610496395071346
0.35068064337827476 0.18800351799715578 20 nil_vol 0.6 nil_bias 0.1 Home 0.005 0.01 0.001 0.34793521108800407 0.18892016209666196 0.0027454322902706906 -0.0009166440995061673
0.38065428339353713 0.24271559851891264 20 nil_vol 0.6 nil_bias 0.1 Home 0.005 0.01 0.001 0.36737655814215703 0.2471487613944544 0.01327772525138012 -0.004433162875541765
0.3809780990005227 0.2910935554622772 20 nil_vol 0.6 nil_bias 0.1 Home 0.005 0.01 0.001 0.38194144321851486 0.290771914387265 -0.0009633442179921372 0.0003216410750122016
0.40057976556102665 0.3465953817757236 20 nil_vol 0.6 nil_bias 0.1 Right 0.005 0.01 0.001 0.4 0.35 0.0005797655610266186 -0.003404618224276425
0.23576476139530284 -0.10969940473379443 21 nil_vol 0.6 nil_bias 0.1 Right 0.005 0.01 0.001 0.24467690578588794 -0.11272437541158431 -0.008912144390585092 0.003024970677789886
0.15656341880991717 -0.35357398573101395 21 nil_vol 0.6 nil_bias 0.1 Right 0.005 0.01 0.001 0.16227000642147704 -0.35551092250387906 -0.0057065876115598765 0.0019369367728650948
0.10484721276568815 -0.5503631617343188 21 nil_vol 0.6 nil_bias 0.1 Right 0.005 0.01 0.001 0.09703324840582461 -0.54771093663226 0.007813964359863533 -0.0026522251020588104
0.068920076624947 -0.6291176724728672 21 nil_vol 0.6 nil_bias 0.1 Right 0.005 0.01 0.001 0.06935228385188003 -0.6292643727652887 -0.0004322072269330253 0.00014670029242147943
0.07225498088084684 -0.6394884230939392 21 nil_vol 0.6 nil_bias 0.1 Right 0.005 0.01 0.001 0.06654038454457162 -0.6375487679901799 0.005714596336275214 -0.0019396551037592824
0.05924507483214123 -0.6354287255030652 21 nil_vol 0.6 nil_bias 0.1 Right 0.005 0.01 0.001 0.06643199070274769 -0.6378681170590743 -0.007186915870606455 0.0024393915560091176
0.0675133615996907 -0.675953497496753 21 nil_vol 0.6 nil_bias 0.1 Right 0.005 0.01 0.001 0.054952142618077016 -0.6716899535693431 0.012561218981613673 -0.00426354392740988
0.020046530724148526 -0.7745285878491639 21 nil_vol 0.6 nil_bias 0.1 Home 0.005 0.01 0.001 0.0 -0.75 0.020046530724148526 -0.024528587849163855
0.03723554477813572 -0.6899712574106394 22 nil_vol 0.6 nil_bias 0.1 Home 0.005 0.01 0.001 0.0460143799427163 -0.6927591887185907 -0.008778835164580587 0.0027879313079512812
0.12872629853676945 -0.45114310056017426 22 nil_vol 0.6 nil_bias 0.1 Home 0.005 0.01 0.001 0.12329334105393809 -0.44941773358640247 0.00543295748283136 -0.0017253669737717847
0.1968723543949268 -0.18589966604329325 22 nil_vol 0.6 nil_bias 0.1 Home 0.005 0.01 0.001 0.20605388498310437 -0.18881548301693563 -0.009181530588177564 0.0029158169736423684
0.21941225990161461 -0.1529095940000363 22 nil_vol 0.6 nil_bias 0.1 Home 0.005 0.01 0.001 0.217635827156926 -0.1523454448421424 0.0017764327446886086 -0.000564149157893866
0.24626931963053836 -0.0792241800981846 22 nil_vol 0.6 nil_bias 0.1 Home 0.005 0.01 0.001 0.2413530722950952 -0.07766290692160038 0.004916247335443163 -0.001561273176584228
0.3931151888063442 0.378695201324977 22 nil_vol 0.6 nil_bias 0.1 Home 0.005 0.01 0.001 0.3869067613626149 0.38066683752944197 0.006208427443729282 -0.001971636204464916
0.3939923560902469 0.4305872360294367 22 nil_vol 0.6 nil_bias 0.1 Home 0.005 0.01 0.001 0.40195693597858767 0.42805789116658155 -0.007964579888340742 0.002529344862855175
0.4116415374865798 0.45855344894120564 22 nil_vol 0.6 nil_bias 0.1 Right 0.005 0.01 0.001 0.4 0.35 0.011641537486579765 0.10855344894120568
0.39163969346299726 0.41428081742865885 23 nil_vol 0.6 nil_bias 0.1 Right 0.005 0.01 0.001 0.39952157636677726 0.41221910455435806 -0.00788188290378001 0.002061712874300783
0.3879986128862237 0.400380708984529 23 nil_vol 0.6 nil_bias 0.1 Right 0.005 0.01 0.001 0.3958853096315375 0.3983177369239162 -0.00788669674531381 0.0020629720606127637
0.29460127183243556 0.04680276096574092 23 nil_vol 0.6 nil_bias 0.1 Right 0.005 0.01 0.001 0.3033394763240622 0.0445170547558682 -0.008738204491626643 0.002285706209872718
0.27981294619582586 -0.08052947682509524 23 nil_vol 0.6 nil_bias 0.1 Right 0.005 0.01 0.001 0.27121834228869257 -0.07828133310852792 0.008594603907133293 -0.0022481437165673334
0.16649116088010005 -0.4580379421362386 23 nil_vol 0.6 nil_bias 0.1 Right 0.005 0.01 0.001 0.17153775784065803 -0.4593580117251943 -0.005046596960557993 0.0013200695889556714
0.14097939851635563 -0.5526764801488226 23 nil_vol 0.6 nil_bias 0.1 Right 0.005 0.01 0.001 0.14673411867161168 -0.5541817779027894 -0.005754720155256042 0.001505297753966827
0.08896682401922386 -0.7733401152131717 23 nil_vol 0.6 nil_bias 0.1 Right 0.005 0.01 0.001 0.089379294414479 -0.7734480076463056 -0.00041247039525514617 0.00010789243313391941
0.08798749487638963 -0.7787688266223604 23 nil_vol 0.6 nil_bias 0.1 Home 0.005 0.01 0.001 0.0 -0.75 0.08798749487638963 -0.028768826622360397
0.1488094757597301 -0.572723593201876 24 nil_vol 0.6 nil_bias 0.1 Home 0.005 0.01 0.001 0.14508959303417227 -0.5716977949200786 0.003719882725557847 -0.0010257982817975385
0.23452328073647852 -0.23933721695158786 24 nil_vol 0.6 nil_bias 0.1 Home 0.005 0.01 0.001 0.2365848793283051 -0.23990572527544496 -0.002061598591826573 0.0005685083238571137
0.27661934787824843 -0.09473812648399932 24 nil_vol 0.6 nil_bias 0.1 Home 0.005 0.01 0.001 0.27661663610466203 -0.09473737868282095 2.7117735864212012e-06 -7.478011783711966e-07
0.2744450450022262 -0.0857535756966624 24 nil_vol 0.6 nil_bias 0.1 Home 0.005 0.01 0.001 0.2787654747524755 -0.08694498137834772 -0.004320429750249251 0.0011914056816853084
0.30633529713375196 -0.033043330567342516 24 nil_vol 0.6 nil_bias 0.1 Home 0.005 0.01 0.001 0.2945273668121521 -0.029787164841401315 0.01180793032159987 -0.0032561657259412013
0.3696407597277692 0.27438773064486083 24 nil_vol 0.6 nil_bias 0.1 Home 0.005 0.01 0.001 0.37778741111011443 0.2721412025667048 -0.008146651382345235 0.0022465280781560296
0.39418066271550145 0.29787384843252723 24 nil_vol 0.6 nil_bias 0.1 Home 0.005 0.01 0.001 0.38554050229425535 0.30025646701716024 0.008640160421246088 -0.002382618584632986
0.4379823163021211 0.49042777212301125 24 nil_vol 0.6 nil_bias 0.1 Right 0.005 0.01 0.001 0.4 0.35 0.03798231630212108 0.14042777212301127
0.3665369215887928 0.28301702735632267 25 nil_vol 0.6 nil_bias 0.1 Right 0.005 0.01 0.001 0.36360002261809216 0.2840756707152644 0.002936898970700651 -0.0010586433589417127
0.33450676329771456 0.1830546797379267 25 nil_vol 0.6 nil_bias 0.1 Right 0.005 0.01 0.001 0.32802756087315227 0.18539019236074106 0.006479202424562273 -0.002335512622814368
0.16395953781397316 -0.23456133562776557 25 nil_vol 0.6 nil_bias 0.1 Right 0.005 0.01 0.001 0.17519120991499848 -0.23860993763899674 -0.011231672101025315 0.004048602011231155
0.14769364587442574 -0.35422760575838547 25 nil_vol 0.6 nil_bias 0.1 Right 0.005 0.01 0.001 0.13514571757295207 -0.3497045421129027 0.012547928301473653 -0.004523063645482759
0.09460002586448923 -0.44568313459480874 25 nil_vol 0.6 nil_bias 0.1 Right 0.005 0.01 0.001 0.09986490366001455 -0.4475809281414975 -0.005264877795525313 0.0018977935466887605
0.09486132238938474 -0.4477463645420286 25 nil_vol 0.6 nil_bias 0.1 Right 0.005 0.01 0.001 0.09923675448858227 -0.4493235458412582 -0.004375432099197517 0.0015771812992296413
0.08461247016344131 -0.5059894255097661 25 nil_vol 0.6 nil_bias 0.1 Right 0.005 0.01 0.001 0.07947794915943301 -0.5041386207607885 0.005134521004008299 -0.0018508047489775767
-0.0007475858698291278 -0.7267011006188628 25 nil_vol 0.6 nil_bias 0.1 Home 0.005 0.01 0.001 0.0 -0.75 -0.0007475858698291278 0.023298899381137213
0.014636388514904232 -0.6739178469141696 26 nil_vol 0.6 nil_bias 0.1 Home 0.005 0.01 0.001 0.01617024923239814 -0.6744141389506626 -0.0015338607174939082 0.0004962920364930651
0.02345177174742902 -0.6556273120920589 26 nil_vol 0.6 nil_bias 0.1 Home 0.005 0.01 0.001 0.02236286383644444 -0.6552749878434929 0.00108890791098458 -0.0003523242485659998
0.035147465736329424 -0.6385801908695595 26 nil_vol 0.6 nil_bias 0.1 Home 0.005 0.01 0.001 0.02846425128606773 -0.636417787157142 0.006683214450261694 -0.0021624037124175393
0.1157422979792421 -0.4059195402873114 26 nil_vol 0.6 nil_bias 0.1 Home 0.005 0.01 0.001 0.10424709810056479 -0.4022001829215366 0.011495199878677307 -0.0037193573657748062
0.2322585216904868 0.009991142175857668 26 nil_vol 0.6 nil_bias 0.1 Home 0.005 0.01 0.001 0.23710707318929342 0.008422357298625949 -0.004848551498806613 0.001568784877231719
0.33355795537260186 0.26222112810608905 26 nil_vol 0.6 nil_bias 0.1 Home 0.005 0.01 0.001 0.3205838078762891 0.26641900996672285 0.012974147496312736 -0.004197881860633818
0.3246932543365067 0.3108075212281507 26 nil_vol 0.6 nil_bias 0.1 Home 0.005 0.01 0.001 0.33397440267259937 0.30780453669625696 -0.009281148336092681 0.0030029845318937528
0.36590478901525986 0.4064899108390583 26 nil_vol 0.6 nil_bias 0.1 Right 0.005 0.01 0.001 0.4 0.35 -0.034095210984740144 0.0564899108390583
0.35751084830560215 0.3481390619025714 27 nil_vol 0.6 nil_bias 0.1 Right 0.005 0.01 0.001 0.3480388523575655 0.3511997527272829 0.009471995948036643 -0.003060690824711518
0.3468264642867268 0.308042216396329 27 nil_vol 0.6 nil_bias 0.1 Right 0.005 0.01 0.001 0.33529714991233783 0.3117676895610659 0.01152931437438898 -0.003725473164736879
0.3332580754185352 0.27918841043619747 27 nil_vol 0.6 nil_bias 0.1 Right 0.005 0.01 0.001 0.3255722894755786 0.2816719223216919 0.007685785942956618 -0.00248351188549443
0.25321960897340273 0.03338343077553069 27 nil_vol 0.6 nil_bias 0.1 Right 0.005 0.01 0.001 0.2460874015373377 0.03568806455908169 0.00713220743606501 -0.002304633783551001
0.23458748491823206 -0.0018451214026404769 27 nil_vol 0.6 nil_bias 0.1 Right 0.005 0.01 0.001 0.23401867551951955 -0.001661321734946375 0.000568809398712497 -0.00018379966769410197
0.16950673194971486 -0.20581823517439146 27 nil_vol 0.6 nil_bias 0.1 Right 0.005 0.01 0.001 0.16818713290282378 -0.20539183246927262 0.0013195990468910848 -0.0004264027051188497
0.05349527603492194 -0.5344514756180321 27 nil_vol 0.6 nil_bias 0.1 Right 0.005 0.01 0.001 0.06106730396606652 -0.536898228819834 -0.007572027931144582 0.0024467532018019296
0.002915097362607723 -0.7168633075759572 27 nil_vol 0.6 nil_bias 0.1 Home 0.005 0.01 0.001 0.0 -0.75 0.002915097362607723 0.03313669242404286
0.15646379556571588 -0.34304129778975123 28 nil_vol 0.6 nil_bias 0.1 Home 0.005 0.01 0.001 0.14846133303212833 -0.33995111308657927 0.008002462533587558 -0.0030901847031719423
0.16334196731466583 -0.30650177529497247 28 nil_vol 0.6 nil_bias 0.1 Home 0.005 0.01 0.001 0.16163279887801457 -0.3058417726850363 0.0017091684366512669 -0.0006600026099361506
0.23108303457163434 -0.08316613348901244 28 nil_vol 0.6 nil_bias 0.1 Home 0.005 0.01 0.001 0.24547402378586136 -0.08872327474980135 -0.01439098921422701 0.005557141260788902
0.27852749810939587 -0.012602225483836382 28 nil_vol 0.6 nil_bias 0.1 Home 0.005 0.01 0.001 0.27534330034939214 -0.011372634071375676 0.003184197760003704 -0.0012295914124607064
0.2901995933156269 0.02564800160248297 28 nil_vol 0.6 nil_bias 0.1 Home 0.005 0.01 0.001 0.28971172385521166 0.025836394454982092 0.00048786946041523327 -0.00018839285249912103
0.30594941887002697 0.02897437566041565 28 nil_vol 0.6 nil_bias 0.1 Home 0.005 0.01 0.001 0.29287331315331205 0.034023769105652635 0.0130761057167149 -0.005049393445236985
0.317529608494685 0.039681456891831904 28 nil_vol 0.6 nil_bias 0.1 Home 0.005 0.01 0.001 0.29797407779052176 0.047232907659739864 0.019555530704163233 -0.007551450767907963
0.38061956738905406 0.26125488291687887 28 nil_vol 0.6 nil_bias 0.1 Right 0.005 0.01 0.001 0.4 0.35 -0.01938043261094596 -0.0887451170831211
0.34922573679450053 0.16155404764135048 29 nil_vol 0.6 nil_bias 0.1 Right 0.005 0.01 0.001 0.34595509884430625 0.16270447336624322 0.003270637950194256 -0.001150425724892748
0.34572711657701155 0.16032099542946318 29 nil_vol 0.6 nil_bias 0.1 Right 0.005 0.01 0.001 0.34518393076488385 0.1605120575222978 0.0005431858121276783 -0.00019106209283461826
0.30870683346833877 0.03594604096138298 29 nil_vol 0.6 nil_bias 0.1 Right 0.005 0.01 0.001 0.30217658600409214 0.03824301323015358 0.006530247464246616 -0.002296972268770606
0.30987275521122537 -7.248729584077244e-05 29 nil_vol 0.6 nil_bias 0.1 Right 0.005 0.01 0.001 0.2910305771216239 0.006555126863042382 0.01884217808960147 -0.0066276141588831545
0.2647548401300443 -0.08910495833805793 29 nil_vol 0.6 nil_bias 0.1 Right 0.005 0.01 0.001 0.25819443748464144 -0.08679737917954006 0.006560402645402844 -0.002307579158517869
0.24738552074728654 -0.10576668669370207 29 nil_vol 0.6 nil_bias 0.1 Right 0.005 0.01 0.001 0.2510666625910282 -0.10706150450555069 -0.0036811418437416982 0.0012948178118486165
0.1072458593049603 -0.4939079221647831 29 nil_vol 0.6 nil_bias 0.1 Right 0.005 0.01 0.001 0.11414264508879324 -0.49633382191450154 -0.0068967857838329255 0.0024258997497184757
0.035485659690426934 -0.7199541008471165 29 nil_vol 0.6 nil_bias 0.1 Home 0.005 0.01 0.001 0.0 -0.75 0.035485659690426934 0.03004589915288347
0.042809375501024594 -0.7067366345695244 30 nil_vol 0.6 nil_bias 0.1 Home 0.005 0.01 0.001 0.041190333700954034 -0.7060713413556984 0.0016190418000705633 -0.0006652932138260424
0.06000822409868376 -0.6365215874422367 30 nil_vol 0.6 nil_bias 0.1 Home 0.005 0.01 0.001 0.06835943885931647 -0.6399532508540219 -0.008351214760632712 0.003431663411785089
0.11699222403432324 -0.5413027686829149 30 nil_vol 0.6 nil_bias 0.1 Home 0.005 0.01 0.001 0.11006617315195194 -0.5384567305815795 0.006926050882371304 -0.0028460381013354174
0.15604546860768537 -0.4223575386325099 30 nil_vol 0.6 nil_bias 0.1 Home 0.005 0.01 0.001 0.1575237870055352 -0.42296500608512344 -0.0014783183978498509 0.0006074674526135326
0.1784571002186344 -0.38164467948424213 30 nil_vol 0.6 nil_bias 0.1 Home 0.005 0.01 0.001 0.17507425329062343 -0.3802546072177201 0.003382846928010981 -0.001390072266522021
0.24311233858947223 -0.2286396524110556 30 nil_vol 0.6 nil_bias 0.1 Home 0.005 0.01 0.001 0.23820428940920158 -0.22662284727815774 0.004908049180270651 -0.0020168051328978798
0.3282949298354476 0.007017809174717543 30 nil_vol 0.6 nil_bias 0.1 Home 0.005 0.01 0.001 0.333356711594982 0.004937832577238788 -0.0050617817595343525 0.0020799765974787556
0.42695245826202544 0.23271022377794198 30 nil_vol 0.6 nil_bias 0.1 Right 0.005 0.01 0.001 0.4 0.35 0.026952458262025414 -0.11728977622205798
0.36150905422973567 0.08707318604510324 31 nil_vol 0.6 nil_bias 0.1 Right 0.005 0.01 0.001 0.36391335361320065 0.08603981549533754 -0.0024042993834649793 0.0010333705497656944
0.209072521264724 -0.27092023232111545 31 nil_vol 0.6 nil_bias 0.1 Right 0.005 0.01 0.001 0.21027026917829325 -0.2714350257068468 -0.0011977479135692403 0.0005147933857313605
0.22513676043943714 -0.28593361458778244 31 nil_vol 0.6 nil_bias 0.1 Right 0.005 0.01 0.001 0.20732846760821577 -0.2782795905174245 0.017808292831221366 -0.007654024070357937
0.09020798663768172 -0.5455164672967997 31 nil_vol 0.6 nil_bias 0.1 Right 0.005 0.01 0.001 0.0921170933111986 -0.5463370034689341 -0.0019091066735168944 0.0008205361721344239
0.043377201882852066 -0.6474075433058564 31 nil_vol 0.6 nil_bias 0.1 Right 0.005 0.01 0.001 0.04785051264279905 -0.6493301772469828 -0.0044733107599469815 0.0019226339411264675
0.032552218485138805 -0.6679737363687073 31 nil_vol 0.6 nil_bias 0.1 Right 0.005 0.01 0.001 0.03870153341640359 -0.6706167187671994 -0.006149314931264783 0.0026429823984921554
-0.017788917901257664 -0.7978020030253796 31 nil_vol 0.6 nil_bias 0.1 Right 0.005 0.01 0.001 -0.0162475741363996 -0.7984644742902409 -0.0015413437648580635 0.0006624712648613057
-0.028395775398553223 -0.8267291783805859 31 nil_vol 0.6 nil_bias 0.1 Home 0.005 0.01 0.001 0.0 -0.75 -0.028395775398553223 -0.07672917838058595
0.0841537991297632 -0.5298641975504426 32 nil_vol 0.6 nil_bias 0.1 Home 0.005 0.01 0.001 0.09651550916241536 -0.5351600849204805 -0.012361710032652158 0.005295887370037976
0.11469795329577497 -0.5105782603859035 32 nil_vol 0.6 nil_bias 0.1 Home 0.005 0.01 0.001 0.10823314543321969 -0.5078086682972203 0.006464807862555282 -0.0027695920886831645
0.14352625661636495 -0.43640758555562575 32 nil_vol 0.6 nil_bias 0.1 Home 0.005 0.01 0.001 0.13955161336744962 -0.4347048063344065 0.00397464324891533 -0.0017027792212192315
0.32816857323976667 -0.027403300748458367 32 nil_vol 0.6 nil_bias 0.1 Home 0.005 0.01 0.001 0.31623425951389433 -0.022290514478276124 0.011934313725872314 -0.005112786270182243
0.39348123172021765 0.11325224021308718 32 nil_vol 0.6 nil_bias 0.1 Home 0.005 0.01 0.001 0.37727637773371686 0.12019457111502041 0.016204853986500792 -0.006942330901933227
0.4189707413930159 0.17269859599851128 32 nil_vol 0.6 nil_bias 0.1 Home 0.005 0.01 0.001 0.40274724674492285 0.1796489127570966 0.01622349464809304 -0.006950316758585324
0.4862930757610416 0.3656942364108057 32 nil_vol 0.6 nil_bias 0.1 Home 0.005 0.01 0.001 0.4830468330259484 0.3670849611451221 0.003246242735093137 -0.001390724734316459
0.4961907494099196 0.3977656142026876 32 nil_vol 0.6 nil_bias 0.1 Right 0.005 0.01 0.001 0.4 0.35 0.09619074940991959 0.04776561420268761
0.457035853164213 0.2986564313970694 33 nil_vol 0.6 nil_bias 0.1 Right 0.005 0.01 0.001 0.4527660638889098 0.3005639528734041 0.004269789275303248 -0.0019075214763347357
0.33625251109828846 0.052805309458794226 33 nil_vol 0.6 nil_bias 0.1 Right 0.005 0.01 0.001 0.34111067660347777 0.05063493185015239 -0.004858165505189325 0.0021703776086418373
0.32462814763143055 0.029187682143144437 33 nil_vol 0.6 nil_bias 0.1 Right 0.005 0.01 0.001 0.33038097863988997 0.026617614163014114 -0.005752831008459403 0.0025700679801303216
0.21073575514105392 -0.23262630927480177 33 nil_vol 0.6 nil_bias 0.1 Right 0.005 0.01 0.001 0.21392720999872172 -0.23405208658820836 -0.003191454857667811 0.0014257773134065974
0.1797701253512998 -0.3541485582028002 33 nil_vol 0.6 nil_bias 0.1 Right 0.005 0.01 0.001 0.16351797587499362 -0.34688793662084766 0.016252149476306176 -0.0072606215819525635
0.10917339476796109 -0.424794366643818 33 nil_vol 0.6 nil_bias 0.1 Right 0.005 0.01 0.001 0.12546238084859818 -0.43207144491937904 -0.01628898608063708 0.007277078275561044
0.054115912850173226 -0.6083299606937649 33 nil_vol 0.6 nil_bias 0.1 Right 0.005 0.01 0.001 0.04794982605557924 -0.6055752713572995 0.0061660867945939855 -0.0027546893364653654
-0.027112670121620074 -0.7735948953201882 33 nil_vol 0.6 nil_bias 0.1 Home 0.005 0.01 0.001 0.0 -0.75 -0.027112670121620074 -0.023594895320188186
-0.03660554099661024 -0.7278217848489626 34 nil_vol 0.6 nil_bias 0.1 Home 0.005 0.01 0.001 -0.04505276459826677 -0.7314145477908433 0.008447223601656532 0.0035927629418806553
-0.12839030298228368 -0.5604369435945471 34 nil_vol 0.6 nil_bias 0.1 Home 0.005 0.01 0.001 -0.11939920676926788 -0.556612861410352 -0.008991096213015802 -0.0038240821841950485
-0.17035020393701447 -0.4225771082199139 34 nil_vol 0.6 nil_bias 0.1 Home 0.005 0.01 0.001 -0.17547929840395352 -0.42475860848499625 0.0051290944669390385 0.0021815002650823604
-0.22125632355000666 -0.32198390117811027 34 nil_vol 0.6 nil_bias 0.1 Home 0.005 0.01 0.001 -0.21950764237273554 -0.321240154211399 -0.0017486811772711062 -0.0007437469667112668
-0.29308110744398286 -0.17758633010886013 34 nil_vol 0.6 nil_bias 0.1 Home 0.005 0.01 0.001 -0.28251727008881644 -0.1730933315612363 -0.010563837355166418 -0.004492998547623822
-0.31238927808839 -0.07774630099083743 34 nil_vol 0.6 nil_bias 0.1 Home 0.005 0.01 0.001 -0.32143399940743383 -0.08159319094037376 0.009044721319043846 0.0038468899495363376
-0.395121172565544 0.07793836674133266 34 nil_vol 0.6 nil_bias 0.1 Home 0.005 0.01 0.001 -0.39017966771307055 0.08004008161811282 -0.004941504852473466 -0.0021017148767801704
-0.4611149772336657 0.2468215894621911 34 nil_vol 0.6 nil_bias 0.1 Left 0.005 0.01 0.001 -0.4 0.35 -0.06111497723366563 -0.10317841053780888
-0.44559305417778006 0.20096218580509137 35 nil_vol 0.6 nil_bias 0.1 Left 0.005 0.01 0.001 -0.4421633316828504 0.20242627930579182 -0.003429722494929669 -0.0014640935007004545
-0.3762557801096984 0.04274817960873727 35 nil_vol 0.6 nil_bias 0.1 Left 0.005 0.01 0.001 -0.37434712679555615 0.043562953082817824 -0.0019086533141422627 -0.0008147734740805533
-0.3970881178585474 0.026828012246661117 35 nil_vol 0.6 nil_bias 0.1 Left 0.005 0.01 0.001 -0.37180972782768046 0.037618951340735673 -0.02527839003086697 -0.010790939094074557
-0.2180183978612423 -0.24580768822792184 35 nil_vol 0.6 nil_bias 0.1 Left 0.005 0.01 0.001 -0.24576346253229703 -0.25765161114630886 0.027745064671054715 0.011843922918387014
-0.18811671752409492 -0.4147158151842691 35 nil_vol 0.6 nil_bias 0.1 Left 0.005 0.01 0.001 -0.18016442042546005 -0.41132110715323666 -0.007952297098634861 -0.003394708031032444
-0.1712685929722296 -0.41714332683876576 35 nil_vol 0.6 nil_bias 0.1 Left 0.005 0.01 0.001 -0.1766909014713891 -0.4194580233321843 0.0054223084991595165 0.0023146964934185085
-0.11901825678381536 -0.5825958759794657 35 nil_vol 0.6 nil_bias 0.1 Left 0.005 0.01 0.001 -0.10889477163348876 -0.5782743226074532 -0.010123485150326607 -0.0043215533720125906
-0.03034486537088307 -0.7622819562419081 35 nil_vol 0.6 nil_bias 0.1 Home 0.005 0.01 0.001 0.0 -0.75 -0.03034486537088307 -0.012281956241908093
-0.02299722941225845 -0.7229918033008812 36 nil_vol 0.6 nil_bias 0.1 Home 0.005 0.01 0.001 -0.014765152898906286 -0.7265846012911608 -0.008232076513352162 0.0035927979902795194
0.03661158837696795 -0.6015440229571546 36 nil_vol 0.6 nil_bias 0.1 Home 0.005 0.01 0.001 0.03929607507674038 -0.6027156372399216 -0.0026844866997724286 0.001171614282767039
0.12812954094782053 -0.4086628378364143 36 nil_vol 0.6 nil_bias 0.1 Home 0.005 0.01 0.001 0.12465086883027957 -0.4071446101848041 0.003478672117540953 -0.0015182276516102484
0.2515042100890519 -0.12060035458830691 36 nil_vol 0.6 nil_bias 0.1 Home 0.005 0.01 0.001 0.24999700446924586 -0.11994255150387323 0.001507205619806044 -0.0006578030844336854
0.254409761129526 -0.09893194361900012 36 nil_vol 0.6 nil_bias 0.1 Home 0.005 0.01 0.001 0.25840570676852626 -0.10067592953042603 -0.003995945639000263 0.0017439859114259167
0.296044816743117 -0.021613002188042737 36 nil_vol 0.6 nil_bias 0.1 Home 0.005 0.01 0.001 0.29341312194495867 -0.020464428342000796 0.0026316947981583623 -0.0011485738460419415
0.40406685477123255 0.22162591863814565 36 nil_vol 0.6 nil_bias 0.1 Home 0.005 0.01 0.001 0.3998701396441149 0.22345752815368258 0.004196715127117663 -0.0018316095155369424
0.4173339756992352 0.2634719222307632 36 nil_vol 0.6 nil_bias 0.1 Right 0.005 0.01 0.001 0.4 0.35 0.017333975699235164 -0.08652807776923675
0.3955967471922631 0.21214614560185335 37 nil_vol 0.6 nil_bias 0.1 Right 0.005 0.01 0.001 0.39490844547404036 0.21244866511666088 0.0006883017182227867 -0.00030251951480754036
0.3985633616781594 0.19918275684547476 37 nil_vol 0.6 nil_bias 0.1 Right 0.005 0.01 0.001 0.39061356415952075 0.20267681885997396 0.007949797518638684 -0.0034940620144991888
0.3613967255609972 0.1421109021585945 37 nil_vol 0.6 nil_bias 0.1 Right 0.005 0.01 0.001 0.3635734054378902 0.14115421685211405 -0.0021766798768929857 0.0009566853064804729
0.21937143521335922 -0.19484150747154091 37 nil_vol 0.6 nil_bias 0.1 Right 0.005 0.01 0.001 0.21646031273741181 -0.19356202300178998 0.0029111224759473995 -0.0012794844697509252
0.17504379053058172 -0.30761746127340456 37 nil_vol 0.6 nil_bias 0.1 Right 0.005 0.01 0.001 0.1677417127357961 -0.3044080823439589 0.007302077794785624 -0.0032093789294456686
0.09463087519828188 -0.46933477599674667 37 nil_vol 0.6 nil_bias 0.1 Right 0.005 0.01 0.001 0.09515296290538705 -0.4695642418191599 -0.0005220877071051704 0.00022946582241323922
0.04337901972939887 -0.6052225590820297 37 nil_vol 0.6 nil_bias 0.1 Right 0.005 0.01 0.001 0.036799898613904036 -0.6023309310720655 0.006579121115494838 -0.0028916280099642666
-0.01351994648885367 -0.7168201925895157 37 nil_vol 0.6 nil_bias 0.1 Home 0.005 0.01 0.001 0.0 -0.75 -0.01351994648885367 0.03317980741048435
-0.028859970751069112 -0.7053657475080867 38 nil_vol 0.6 nil_bias 0.1 Home 0.005 0.01 0.001 -0.018670087257792702 -0.7018582306133688 -0.01018988349327641 -0.0035075168947178914
-0.05737859781275248 -0.5936427048677904 38 nil_vol 0.6 nil_bias 0.1 Home 0.005 0.01 0.001 -0.056074119992159804 -0.5931936832477166 -0.0013044778205926746 -0.00044902162007373473
-0.14075572269803469 -0.3495410811655762 38 nil_vol 0.6 nil_bias 0.1 Home 0.005 0.01 0.001 -0.14002922594454936 -0.34929100964724247 -0.0007264967534853101 -0.0002500715183337281
-0.17723432202515607 -0.19513231578468704 38 nil_vol 0.6 nil_bias 0.1 Home 0.005 0.01 0.001 -0.19141309108100474 -0.20001286933002516 0.01417876905584867 0.004880553545338109
-0.18403862865607978 -0.17525101884835487 38 nil_vol 0.6 nil_bias 0.1 Home 0.005 0.01 0.001 -0.19825239685010787 -0.18014361964315817 0.014213768194028092 0.004892600794803316
-0.23362138849512148 -0.060847687385592715 38 nil_vol 0.6 nil_bias 0.1 Home 0.005 0.01 0.001 -0.2387126796638777 -0.06260018924708344 0.005091291168756228 0.0017525018614907202
-0.40159047648382473 0.3614515948118903 38 nil_vol 0.6 nil_bias 0.1 Home 0.005 0.01 0.001 -0.38646951780416083 0.36665646472706137 -0.015120958679663898 -0.00520486991517103
-0.38905922137353705 0.3741799573989871 38 nil_vol 0.6 nil_bias 0.1 Left 0.005 0.01 0.001 -0.4 0.35 0.01094077862646299 0.02417995739898711
-0.3322356832153819 0.190981029912946 39 nil_vol 0.6 nil_bias 0.1 Left 0.005 0.01 0.001 -0.3271601453025478 0.19271230879257217 -0.005075537912834128 -0.0017312788796261718
-0.32832428426481075 0.18658095020145815 39 nil_vol 0.6 nil_bias 0.1 Left 0.005 0.01 0.001 -0.32540803200829493 0.18757569125670695 -0.0029162522565158 -0.0009947410552488113
-0.29761263084600265 0.15204625347097742 39 nil_vol 0.6 nil_bias 0.1 Left 0.005 0.01 0.001 -0.3116550068025973 0.1472563633487997 0.01404237595659463 0.004789890122177706
-0.28732824120625056 0.0960256886225378 39 nil_vol 0.6 nil_bias 0.1 Left 0.005 0.01 0.001 -0.2934659636701229 0.0939320958934125 0.00613772246387233 0.002093592729125289
-0.23826885658356783 -0.048534619377187234 39 nil_vol 0.6 nil_bias 0.1 Left 0.005 0.01 0.001 -0.24418218385811946 -0.050551670337019794 0.0059133272745516335 0.002017050959832562
-0.07508638406035245 -0.5399620833783776 39 nil_vol 0.6 nil_bias 0.1 Left 0.005 0.01 0.001 -0.07701827140320405 -0.5406210550601847 0.0019318873428515945 0.0006589716818071171
-0.020645117327744364 -0.7294514940911021 39 nil_vol 0.6 nil_bias 0.1 Left 0.005 0.01 0.001 -0.013445420345857328 -0.7269956591552758 -0.007199696981887034 -0.002455834935826371
0.004842349874338373 -0.7806093618268202 39 nil_vol 0.6 nil_bias 0.1 Home 0.005 0.01 0.001 0.0 -0.75 0.004842349874338373 -0.030609361826820204
0.045994858904295464 -0.6306213873240681 40 nil_vol 0.6 nil_bias 0.1 Home 0.005 0.01 0.001 0.04837139049649748 -0.6313142979773037 -0.002376531592202017 0.0006929106532355128
0.0740418854724418 -0.5698827129486126 40 nil_vol 0.6 nil_bias 0.1 Home 0.005 0.01 0.001 0.06689054993521575 -0.5677976421694717 0.00715133553722605 -0.002085070779140907
0.07518286068690891 -0.4980663431629045 40 nil_vol 0.6 nil_bias 0.1 Home 0.005 0.01 0.001 0.08627844485153793 -0.5013014141784844 -0.011095584164629026 0.0032350710155799062
0.10526356122251854 -0.4609841606775975 40 nil_vol 0.6 nil_bias 0.1 Home 0.005 0.01 0.001 0.09859996634753182 -0.4590412974340058 0.006663594874986717 -0.0019428632435917435
0.1275930323096511 -0.44657000643309763 40 nil_vol 0.6 nil_bias 0.1 Home 0.005 0.01 0.001 0.10422283198989785 -0.43975610131904835 0.02337020031975326 -0.0068139051140492886
0.2359548166186985 0.013888981954824343 40 nil_vol 0.6 nil_bias 0.1 Home 0.005 0.01 0.001 0.23644745133387415 0.013745347490456639 -0.00049263471517567 0.00014363446436770438
0.25219376196799403 0.09067320751251325 40 nil_vol 0.6 nil_bias 0.1 Home 0.005 0.01 0.001 0.2583532205479357 0.08887733217796745 -0.006159458579941656 0.0017958753345457988
0.32909402599891047 0.33150278212168016 40 nil_vol 0.6 nil_bias 0.1 Right 0.005 0.01 0.001 0.4 0.35 -0.07090597400108954 -0.018497217878319823
0.25712203157228647 0.12815809077476725 41 nil_vol 0.6 nil_bias 0.1 Right 0.005 0.01 0.001 0.2623901992263059 0.12644439862228915 -0.005268167654019448 0.0017136921524781034
0.14131697525893225 -0.2233834884782923 41 nil_vol 0.6 nil_bias 0.1 Right 0.005 0.01 0.001 0.14789769146612594 -0.22552414201526716 -0.00658071620719368 0.0021406535369748597
0.11605997177063873 -0.27789141717706756 41 nil_vol 0.6 nil_bias 0.1 Right 0.005 0.01 0.001 0.12944654455151497 -0.2822459605837607 -0.013386572780876242 0.004354543406693168
0.1047042871433919 -0.42259354537396393 41 nil_vol 0.6 nil_bias 0.1 Right 0.005 0.01 0.001 0.08579364136904705 -0.4164420658862027 0.018910645774344856 -0.006151479487761259
0.0525403500275924 -0.47282464860074874 41 nil_vol 0.6 nil_bias 0.1 Right 0.005 0.01 0.001 0.06602587672799137 -0.4772113809138093 -0.013485526700398973 0.004386732313060578
-0.026540061278507027 -0.7445476338654142 41 nil_vol 0.6 nil_bias 0.1 Right 0.005 0.01 0.001 -0.02147264306464003 -0.7461960238553954 -0.005067418213866998 0.0016483899899812156
-0.038069735199112775 -0.7611475437607765 41 nil_vol 0.6 nil_bias 0.1 Right 0.005 0.01 0.001 -0.027459021658437444 -0.7645991227007473 -0.010610713540675332 0.003451578939970718
-0.028294391526109245 -0.7671671851789741 41 nil_vol 0.6 nil_bias 0.1 Home 0.005 0.01 0.001 0.0 -0.75 -0.028294391526109245 -0.017167185178974056
-0.0041774137553409404 -0.6841218011046982 42 nil_vol 0.6 nil_bias 0.1 Home 0.005 0.01 0.001 0.0034471972470738223 -0.6871462245182102 -0.007624611002414763 0.003024423413511993
0.08112114770007689 -0.45295550976587745 42 nil_vol 0.6 nil_bias 0.1 Home 0.005 0.01 0.001 0.09427326931088982 -0.458172508314984 -0.013152121610812924 0.005216998549106552
0.1637962877305563 -0.31211216868780683 42 nil_vol 0.6 nil_bias 0.1 Home 0.005 0.01 0.001 0.15378555679859382 -0.3081412527935524 0.010010730931962464 -0.003970915894254434
0.2677783591390047 -0.001239905774007934 42 nil_vol 0.6 nil_bias 0.1 Home 0.005 0.01 0.001 0.2744699796116983 -0.0038942436314463036 -0.00669162047269357 0.0026543378574383695
0.2920513762215655 0.07677923550410175 42 nil_vol 0.6 nil_bias 0.1 Home 0.005 0.01 0.001 0.3045100970130341 0.07183728543580414 -0.0124587207914686 0.004941950068297605
0.3739655410577329 0.22524036114322554 42 nil_vol 0.6 nil_bias 0.1 Home 0.005 0.01 0.001 0.36652983360277963 0.2281898529554195 0.007435707454953237 -0.0029494918121939495
0.39463759414346866 0.27976777847069734 42 nil_vol 0.6 nil_bias 0.1 Home 0.005 0.01 0.001 0.38802887998535546 0.28238923021776685 0.006608714158113177 -0.0026214517470695238
0.40555198747785404 0.32656521350995255 42 nil_vol 0.6 nil_bias 0.1 Right 0.005 0.01 0.001 0.4 0.35 0.005551987477854014 -0.023434786490047443
0.32489310797249593 0.12349424141722101 43 nil_vol 0.6 nil_bias 0.1 Right 0.005 0.01 0.001 0.33403759739557337 0.12032338806440337 -0.009144489423077454 0.003170853352817642
0.29393963453985467 -0.017557147659204235 43 nil_vol 0.6 nil_bias 0.1 Right 0.005 0.01 0.001 0.2870552460108955 -0.015169984698081451 0.006884388528959192 -0.0023871629611227855
0.18735103213395446 -0.28345989008398953 43 nil_vol 0.6 nil_bias 0.1 Right 0.005 0.01 0.001 0.19330927912325116 -0.2855259132995939 -0.005958246989296693 0.0020660232156044143
0.16557022963311235 -0.3982276925480604 43 nil_vol 0.6 nil_bias 0.1 Right 0.005 0.01 0.001 0.15544708066417556 -0.3947174888216261 0.010123148968936782 -0.0035102037264343137
0.14824685526160022 -0.4003808893546465 43 nil_vol 0.6 nil_bias 0.1 Right 0.005 0.01 0.001 0.1529212646811436 -0.4020017416619384 -0.00467440941954337 0.0016208523072918993
0.115057861472329 -0.4836309424617853 43 nil_vol 0.6 nil_bias 0.1 Right 0.005 0.01 0.001 0.12359040801808746 -0.48658960451178584 -0.008532546545758458 0.0029586620500005618
0.04610775537949436 -0.70802485826813 43 nil_vol 0.6 nil_bias 0.1 Right 0.005 0.01 0.001 0.04673256903588974 -0.7082415125159076 -0.0006248136563953799 0.00021665424777765193
0.02566804932905645 -0.7689899156201309 43 nil_vol 0.6 nil_bias 0.1 Home 0.005 0.01 0.001 0.0 -0.75 0.02566804932905645 -0.018989915620130846
0.06303849393546479 -0.6938716247564002 44 nil_vol 0.6 nil_bias 0.1 Home 0.005 0.01 0.001 0.05088098258523035 -0.6899914660458617 0.012157511350234436 -0.003880158710538504
0.14202897780242074 -0.37912599994703217 44 nil_vol 0.6 nil_bias 0.1 Home 0.005 0.01 0.001 0.14935021902966972 -0.38146262765820566 -0.007321241227248971 0.0023366277111734643
0.16329802523010237 -0.36963522367132523 44 nil_vol 0.6 nil_bias 0.1 Home 0.005 0.01 0.001 0.15406546319284323 -0.36668858393746495 0.00923256203725914 -0.0029466397338602833
0.2619155170948183 -0.11006878969824366 44 nil_vol 0.6 nil_bias 0.1 Home 0.005 0.01 0.001 0.23836630400778477 -0.10255288601913926 0.023549213087033546 -0.007515903679104404
0.3019987097284141 0.08542349373847409 44 nil_vol 0.6 nil_bias 0.1 Home 0.005 0.01 0.001 0.2986966895126715 0.08647735765300302 0.0033020202157426235 -0.0010538639145289308
0.3203802551601067 0.21206155281192823 44 nil_vol 0.6 nil_bias 0.1 Home 0.005 0.01 0.001 0.337077045987388 0.2067326498399178 -0.01669679082728134 0.005328902972010452
0.3618674813318005 0.25891628098060737 44 nil_vol 0.6 nil_bias 0.1 Home 0.005 0.01 0.001 0.3544839323127804 0.2612727946794645 0.007383549019020105 -0.0023565136988571624
0.3833369063382702 0.35167640581273923 44 nil_vol 0.6 nil_bias 0.1 Right 0.005 0.01 0.001 0.4 0.35 -0.01666309366172981 0.0016764058127392524
0.3733231152298631 0.23217216058114462 45 nil_vol 0.6 nil_bias 0.1 Right 0.005 0.01 0.001 0.34547634058803867 0.24176432391830413 0.02784677464182447 -0.009592163337159522
0.27198867315481595 0.011526976931757936 45 nil_vol 0.6 nil_bias 0.1 Right 0.005 0.01 0.001 0.2667856242293797 0.013319231000171905 0.005203048925436252 -0.0017922540684139697
0.23746305940242265 -0.09648133604615514 45 nil_vol 0.6 nil_bias 0.1 Right 0.005 0.01 0.001 0.2298650118387486 -0.09386409529882622 0.00759804756367404 -0.002617240747328908
0.1499802594963472 -0.310247101755633 45 nil_vol 0.6 nil_bias 0.1 Right 0.005 0.01 0.001 0.1547618706890703 -0.3118941864239774 -0.004781611192723111 0.0016470846683443831
0.1131320809993408 -0.4113619268199688 45 nil_vol 0.6 nil_bias 0.1 Right 0.005 0.01 0.001 0.11971758810554911 -0.4136303855780577 -0.006585507106208315 0.0022684587580889103
0.09818131861042881 -0.48278734942782947 45 nil_vol 0.6 nil_bias 0.1 Right 0.005 0.01 0.001 0.09613806389742063 -0.48208352526152337 0.0020432547130081707 -0.0007038241663060792
0.0897983304159534 -0.49750013552986155 45 nil_vol 0.6 nil_bias 0.1 Right 0.005 0.01 0.001 0.09071844745096308 -0.49781708113676354 -0.0009201170350096777 0.0003169456069019811
-0.0046213565843279 -0.7745957330474844 45 nil_vol 0.6 nil_bias 0.1 Home 0.005 0.01 0.001 0.0 -0.75 -0.0046213565843279 -0.024595733047484383
0.03136808611747478 -0.6921401228539985 46 nil_vol 0.6 nil_bias 0.1 Home 0.005 0.01 0.001 0.02718384900728621 -0.6905565692403638 0.004184237110188577 -0.001583553613634755
0.07170559340798431 -0.6004644176085555 46 nil_vol 0.6 nil_bias 0.1 Home 0.005 0.01 0.001 0.06258604040864998 -0.5970130593976011 0.00911955299933433 -0.0034513582109544213
0.11666848398584073 -0.43277638913870975 46 nil_vol 0.6 nil_bias 0.1 Home 0.005 0.01 0.001 0.1237309893985604 -0.4354492433946014 -0.007062505412719669 0.002672854255891634
0.20756237535449987 -0.2379980631683138 46 nil_vol 0.6 nil_bias 0.1 Home 0.005 0.01 0.001 0.19959843349325843 -0.23498405402374656 0.007963941861241434 -0.003014009144567239
0.24736926575137252 -0.14963248133440332 46 nil_vol 0.6 nil_bias 0.1 Home 0.005 0.01 0.001 0.23383835686438825 -0.14451161483007158 0.013530908886984277 -0.0051208665043317525
0.2547932279743625 -0.08921585621777264 46 nil_vol 0.6 nil_bias 0.1 Home 0.005 0.01 0.001 0.25476890480123704 -0.08920665094386404 2.4323173125437835e-05 -9.20527390860862e-06
0.3340580639723844 0.15215263092420034 46 nil_vol 0.6 nil_bias 0.1 Home 0.005 0.01 0.001 0.34460269802451143 0.14816194088489965 -0.010544634052127027 0.003990690039300687
0.44057617829114626 0.4017534797301563 46 nil_vol 0.6 nil_bias 0.1 Right 0.005 0.01 0.001 0.4 0.35 0.04057617829114622 0.051753479730156295
0.4439734275793524 0.372422649009321 47 nil_vol 0.6 nil_bias 0.1 Right 0.005 0.01 0.001 0.4310175300454391 0.3775364393530479 0.012955897533913302 -0.005113790343726959
0.3140523273709218 0.07835417591783254 47 nil_vol 0.6 nil_bias 0.1 Right 0.005 0.01 0.001 0.3130795846635933 0.07873812479135878 0.0009727427073284869 -0.0003839488735262271
0.25232921823105553 -0.09124057313212203 47 nil_vol 0.6 nil_bias 0.1 Right 0.005 0.01 0.001 0.246842508867003 -0.08907492761885027 0.005486709364052499 -0.0021656455132717566
0.17332585097052386 -0.2629170684947317 47 nil_vol 0.6 nil_bias 0.1 Right 0.005 0.01 0.001 0.17756523559891102 -0.2645903855396715 -0.004239384628387173 0.001673317044939814
0.03029309905610817 -0.6411743751895835 47 nil_vol 0.6 nil_bias 0.1 Right 0.005 0.01 0.001 0.029109150484765256 -0.6407070617706749 0.0011839485713429161 -0.00046731341890861615
0.007526367693653502 -0.6364074837723714 47 nil_vol 0.6 nil_bias 0.1 Right 0.005 0.01 0.001 0.02766824235912363 -0.644357633416518 -0.020141874665470128 0.007950149644146537
0.012198320127680688 -0.6939349191823143 47 nil_vol 0.6 nil_bias 0.1 Right 0.005 0.01 0.001 0.008652181489454569 -0.6925352315513948 0.0035461386382261177 -0.0013996876309194143
-0.002556725463671255 -0.7209332377641461 47 nil_vol 0.6 nil_bias 0.1 Home 0.005 0.01 0.001 0.0 -0.75 -0.002556725463671255 0.02906676223585393
0.110186847314458 -0.4232181597813285 48 nil_vol 0.6 nil_bias 0.1 Home 0.005 0.01 0.001 0.11684732587671492 -0.4259138747885672 -0.006660478562256913 0.0026957150072386884
0.1314733282740908 -0.39645903964746365 48 nil_vol 0.6 nil_bias 0.1 Home 0.005 0.01 0.001 0.1291493548000038 -0.39551845105282096 0.0023239734740869936 -0.0009405885946426819
0.16514554845065008 -0.3189111190887602 48 nil_vol 0.6 nil_bias 0.1 Home 0.005 0.01 0.001 0.1608573149192383 -0.3171755297647922 0.004288233531411775 -0.001735589323968007
0.1648441578293611 -0.29442400639314714 48 nil_vol 0.6 nil_bias 0.1 Home 0.005 0.01 0.001 0.16933067491414927 -0.29623984760074923 -0.004486517084788175 0.0018158412076020646
0.20660391489031268 -0.2221157037895204 48 nil_vol 0.6 nil_bias 0.1 Home 0.005 0.01 0.001 0.20035481420322224 -0.2195864869552533 0.006249100687090451 -0.002529216834267102
0.34687733220215394 0.13774093065730914 48 nil_vol 0.6 nil_bias 0.1 Home 0.005 0.01 0.001 0.3452444650169489 0.1384018057783445 0.0016328671852050625 -0.0006608751210353485
0.37861592002891503 0.24015932391730768 48 nil_vol 0.6 nil_bias 0.1 Home 0.005 0.01 0.001 0.3853293628872302 0.23744217251531186 -0.006713442858315134 0.0027171514019958243
0.4101508883975245 0.2987703315009218 48 nil_vol 0.6 nil_bias 0.1 Right 0.005 0.01 0.001 0.4 0.35 0.010150888397524458 -0.0512296684990782
0.3343482374087919 0.12274578955189401 49 nil_vol 0.6 nil_bias 0.1 Right 0.005 0.01 0.001 0.3422981973284373 0.11973286612106435 -0.007949959919645444 0.003012923430829667
0.23918923830019875 -0.166982537333054 49 nil_vol 0.6 nil_bias 0.1 Right 0.005 0.01 0.001 0.23433438125888784 -0.16514261453080842 0.004854857041310912 -0.001839922802245573
0.13924433253195115 -0.3818474112246659 49 nil_vol 0.6 nil_bias 0.1 Right 0.005 0.01 0.001 0.15057838506112187 -0.38614285834346296 -0.011334052529170724 0.004295447118797008
0.1052454291041953 -0.5152240789772722 49 nil_vol 0.6 nil_bias 0.1 Right 0.005 0.01 0.001 0.10210891026058128 -0.5140353822780837 0.003136518843614027 -0.0011886966991885078
0.06751245440599589 -0.5602836682486846 49 nil_vol 0.6 nil_bias 0.1 Right 0.005 0.01 0.001 0.08243773419736061 -0.5659401401868597 -0.014925279791364718 0.005656471938175106
0.040236478387750005 -0.6566198550464317 49 nil_vol 0.6 nil_bias 0.1 Right 0.005 0.01 0.001 0.047087393185704596 -0.659216255773732 -0.006850914797954589 0.0025964007273002257
0.022243175285468444 -0.6977483679632762 49 nil_vol 0.6 nil_bias 0.1 Right 0.005 0.01 0.001 0.031198067869297352 -0.701142146794753 -0.008954892583828906 0.0033937788314767014
0.01857642794705011 -0.7344458578931898 49 nil_vol 0.6 nil_bias 0.1 Home 0.005 0.01 0.001 0.0 -0.75 0.01857642794705011 0.015554142106810177
0.12473438378276608 -0.41818819066512186 50 nil_vol 0.6 nil_bias 0.1 Home 0.005 0.01 0.001 0.13724093891402978 -0.4229526093335699 -0.012506555131263702 0.004764418668448036
0.19114847394904114 -0.3234477575979935 50 nil_vol 0.6 nil_bias 0.1 Home 0.005 0.01 0.001 0.1771755176293281 -0.31812470794568504 0.01397295631971305 -0.005323049652308458
0.19024765039803943 -0.30035870341467696 50 nil_vol 0.6 nil_bias 0.1 Home 0.005 0.01 0.001 0.1847424843635342 -0.2982614899492251 0.005505166034505233 -0.002097213465451899
0.19804136357039107 -0.2278365813151604 50 nil_vol 0.6 nil_bias 0.1 Home 0.005 0.01 0.001 0.20985644301569176 -0.23233757975058644 -0.011815079445300697 0.004500998435426029
0.2702516437838871 -0.008106310514312664 50 nil_vol 0.6 nil_bias 0.1 Home 0.005 0.01 0.001 0.29210647948700147 -0.016431991417400926 -0.02185483570311436 0.008325680903088262
0.3093782473401721 0.032822910382849395 50 nil_vol 0.6 nil_bias 0.1 Home 0.005 0.01 0.001 0.3106812222361661 0.03232653725261192 -0.0013029748959939944 0.0004963731302374755
0.44571395884243775 0.4373751614809887 50 nil_vol 0.6 nil_bias 0.1 Home 0.005 0.01 0.001 0.4625435889122474 0.4309638513443361 -0.016829630069809635 0.006411310136652591
0.48451303415476077 0.48863344279908427 50 nil_vol 0.6 nil_bias 0.1 Right 0.005 0.01 0.001 0.4 0.35 0.08451303415476075 0.1386334427990843
0.4825254254302491 0.45935556224643165 51 nil_vol 0.6 nil_bias 0.1 Right 0.005 0.01 0.001 0.4750032852658267 0.4620460754989683 0.007522140164422406 -0.002690513252536676
0.3933477825750586 0.22314956485188653 51 nil_vol 0.6 nil_bias 0.1 Right 0.005 0.01 0.001 0.3899851618170808 0.22435230443328713 0.0033626207579777675 -0.001202739581400608
0.3954514018982683 0.21696568384652004 51 nil_vol 0.6 nil_bias 0.1 Right 0.005 0.01 0.001 0.3882627918130987 0.21953690031931927 0.007188610085169565 -0.0025712164727992185
0.35701437147783366 0.1289370834026586 51 nil_vol 0.6 nil_bias 0.1 Right 0.005 0.01 0.001 0.35598837936805483 0.12930405946372886 0.0010259921097788517 -0.00036697606107025094
0.26427079406494763 -0.09126856894639689 51 nil_vol 0.6 nil_bias 0.1 Right 0.005 0.01 0.001 0.27563966317480615 -0.09533497722088002 -0.01136886910985854 0.004066408274483141
0.23657430462113174 -0.23207015800738193 51 nil_vol 0.6 nil_bias 0.1 Right 0.005 0.01 0.001 0.22784864248065878 -0.22894916994907144 0.008725662140472963 -0.0031209880583104913
0.22666827414097682 -0.24434524173322172 51 nil_vol 0.6 nil_bias 0.1 Right 0.005 0.01 0.001 0.2228325133406538 -0.24297326978890177 0.0038357608003230233 -0.0013719719443199476
0.02118585735579337 -0.8067372313955208 51 nil_vol 0.6 nil_bias 0.1 Home 0.005 0.01 0.001 0.0 -0.75 0.02118585735579337 -0.0567372313955208
0.19498703546701393 -0.3347508085774938 52 nil_vol 0.6 nil_bias 0.1 Home 0.005 0.01 0.001 0.20768878346422934 -0.33982437451872405 -0.012701747997215403 0.005073565941230269
0.2537977889768126 -0.23378018671638304 52 nil_vol 0.6 nil_bias 0.1 Home 0.005 0.01 0.001 0.25056301593400604 -0.23248809413659077 0.0032347730428065593 -0.0012920925797922551
0.29051307716475677 -0.07483815526226084 52 nil_vol 0.6 nil_bias 0.1 Home 0.005 0.01 0.001 0.3103667773486928 -0.0827684855666172 -0.01985370018393602 0.007930330304356352
0.4006665495511998 0.16675380951378885 52 nil_vol 0.6 nil_bias 0.1 Home 0.005 0.01 0.001 0.40874641379618154 0.16352640143955444 -0.008079864244981748 0.0032274080742344005
0.43784136648947536 0.24274236125625406 52 nil_vol 0.6 nil_bias 0.1 Home 0.005 0.01 0.001 0.4400378578391959 0.24186499825829566 -0.002196491349720525 0.000877362997958396
0.4422412545765505 0.2755231048967713 52 nil_vol 0.6 nil_bias 0.1 Home 0.005 0.01 0.001 0.4519354752464748 0.2716508608695334 -0.009694220669924316 0.003872244027237914
0.4842931805247708 0.35950452545481426 52 nil_vol 0.6 nil_bias 0.1 Home 0.005 0.01 0.001 0.48665135377653523 0.3585625804960342 -0.002358173251764385 0.000941944958780079
0.492868871565659 0.374128229004488 52 nil_vol 0.6 nil_bias 0.1 Right 0.005 0.01 0.001 0.4 0.35 0.09286887156565897 0.02412822900448802
0.39383939714633465 0.13918795006502246 53 nil_vol 0.6 nil_bias 0.1 Right 0.005 0.01 0.001 0.39100795525238885 0.14042203488202123 0.002831441893945814 -0.0012340848169987626
0.3477577340180883 0.02204802919026285 53 nil_vol 0.6 nil_bias 0.1 Right 0.005 0.01 0.001 0.34074650092939784 0.025103877280132858 0.0070112330886904555 -0.0030558480898700063
0.2780548052551229 -0.12036020729278714 53 nil_vol 0.6 nil_bias 0.1 Right 0.005 0.01 0.001 0.27745909877318997 -0.1201005684401188 0.0005957064819329189 -0.00025963885266834004
0.1072724881224807 -0.527912933898362 53 nil_vol 0.6 nil_bias 0.1 Right 0.005 0.01 0.001 0.10092059485359578 -0.5251444592709686 0.006351893268884927 -0.0027684746273933386
0.07079925088048208 -0.6014659378766435 53 nil_vol 0.6 nil_bias 0.1 Right 0.005 0.01 0.001 0.06815766514648092 -0.6003146019251264 0.0026415857340011638 -0.0011513359515170592
0.046687533151146 -0.6598850024778038 53 nil_vol 0.6 nil_bias 0.1 Right 0.005 0.01 0.001 0.04291125108531063 -0.6582391087823984 0.0037762820658353703 -0.001645893695405404
0.03729563013087788 -0.6757300431065904 53 nil_vol 0.6 nil_bias 0.1 Right 0.005 0.01 0.001 0.03560834747656749 -0.6749946404447444 0.001687282654310388 -0.0007354026618459258
0.007338745966898114 -0.7398554449349047 53 nil_vol 0.6 nil_bias 0.1 Home 0.005 0.01 0.001 0.0 -0.75 0.007338745966898114 0.010144555065095269
0.03172928365023989 -0.6214692636412499 54 nil_vol 0.6 nil_bias 0.1 Home 0.005 0.01 0.001 0.038104186245401794 -0.6231497878764591 -0.006374902595161908 0.001680524235209203
0.04332961366676516 -0.5468754124666988 54 nil_vol 0.6 nil_bias 0.1 Home 0.005 0.01 0.001 0.057244328631505595 -0.5505435494107865 -0.013914714964740432 0.0036681369440877813
0.1121359609810787 -0.367298636121978 54 nil_vol 0.6 nil_bias 0.1 Home 0.005 0.01 0.001 0.10597846400319916 -0.36567542341478976 0.006157496977879547 -0.0016232127071882255
0.12553135812156938 -0.3309139598827839 54 nil_vol 0.6 nil_bias 0.1 Home 0.005 0.01 0.001 0.11581719882814591 -0.32835315524716946 0.009714159293423473 -0.0025608046356143956
0.14259305428083552 -0.2269634149400077 54 nil_vol 0.6 nil_bias 0.1 Home 0.005 0.01 0.001 0.14254823784944495 -0.22695160062630437 4.481643139055423e-05 -1.1814313703330247e-05
0.1486793438867984 -0.17516420998458054 54 nil_vol 0.6 nil_bias 0.1 Home 0.005 0.01 0.001 0.15571151727222501 -0.17701800110122778 -0.007032173385426602 0.0018537911166472357
0.1861852894244078 -0.008315329110922712 54 nil_vol 0.6 nil_bias 0.1 Home 0.005 0.01 0.001 0.19927456936614232 -0.011765868446255712 -0.013089279941734531 0.003450539335333
0.31923877643651827 0.44330649466326977 54 nil_vol 0.6 nil_bias 0.1 Right 0.005 0.01 0.001 0.4 0.35 -0.08076122356348177 0.09330649466326976
0.2913452808069311 0.36498622594150537 55 nil_vol 0.6 nil_bias 0.1 Right 0.005 0.01 0.001 0.30010351659464873 0.36290187896589016 -0.00875823578771764 0.002084346975615231
0.2035858235937456 -0.04155973602587936 55 nil_vol 0.6 nil_bias 0.1 Right 0.005 0.01 0.001 0.20383288421624896 -0.04161853326242221 -0.0002470606225033431 5.879723654284671e-05
0.16834107015468616 -0.13770943443492606 55 nil_vol 0.6 nil_bias 0.1 Right 0.005 0.01 0.001 0.18028785107397508 -0.14055261396114738 -0.01194678091928892 0.002843179526221315
0.12712493770100772 -0.3885283707703652 55 nil_vol 0.6 nil_bias 0.1 Right 0.005 0.01 0.001 0.12158650908337246 -0.38721029630666803 0.005538428617635249 -0.0013180744636971226
0.10698223711935956 -0.4375525271690785 55 nil_vol 0.6 nil_bias 0.1 Right 0.005 0.01 0.001 0.10946508529123122 -0.4381434129597088 -0.002482848171871663 0.0005908857906303434
0.11263905606202099 -0.46135813973303286 55 nil_vol 0.6 nil_bias 0.1 Right 0.005 0.01 0.001 0.1044065515775531 -0.45939891001601574 0.008232504484467882 -0.001959229717017144
0.05378493014007318 -0.6395596831948346 55 nil_vol 0.6 nil_bias 0.1 Right 0.005 0.01 0.001 0.061115431116649854 -0.641304247729361 -0.007330500976576679 0.0017445645345264015
0.028538830052618883 -0.7781881526737291 55 nil_vol 0.6 nil_bias 0.1 Home 0.005 0.01 0.001 0.0 -0.75 0.028538830052618883 -0.02818815267372914
0.045212727082534765 -0.7770819468244248 56 nil_vol 0.6 nil_bias 0.1 Home 0.005 0.01 0.001 0.029950922966265333 -0.7729599018062517 0.01526180411626943 -0.004122045018173087
0.06533077623545791 -0.6612798614529308 56 nil_vol 0.6 nil_bias 0.1 Home 0.005 0.01 0.001 0.060469118942344476 -0.6599667814217319 0.004861657293113428 -0.0013130800311989326
0.07247107116095466 -0.6292884789997357 56 nil_vol 0.6 nil_bias 0.1 Home 0.005 0.01 0.001 0.06900764068682944 -0.6283530446157733 0.003463430474125224 -0.0009354343839623618
0.14085409558625966 -0.31378994736966603 56 nil_vol 0.6 nil_bias 0.1 Home 0.005 0.01 0.001 0.15307609394639785 -0.31709097436940464 -0.012221998360138167 0.003301026999738605
0.19467302013362847 -0.11918627121131531 56 nil_vol 0.6 nil_bias 0.1 Home 0.005 0.01 0.001 0.20572197262827535 -0.12217047145655624 -0.011048952494646885 0.0029842002452409315
0.28656607441375237 0.16851115236991285 56 nil_vol 0.6 nil_bias 0.1 Home 0.005 0.01 0.001 0.28439057283254415 0.16909873136034737 0.002175501581208215 -0.0005875789904345202
0.3083027390545328 0.3120216072952851 56 nil_vol 0.6 nil_bias 0.1 Home 0.005 0.01 0.001 0.32199373432141704 0.3083238204279035 -0.013690995266884241 0.0036977868673815973
0.32231968846211384 0.30953066029119203 56 nil_vol 0.6 nil_bias 0.1 Right 0.005 0.01 0.001 0.4 0.35 -0.07768031153788618 -0.04046933970880792
0.31408041134345593 0.2781349876434565 57 nil_vol 0.6 nil_bias 0.1 Right 0.005 0.01 0.001 0.31178170855206444 0.27892650378372147 0.0022987027913914954 -0.0007915161402649647
0.27477608367939077 0.13936169247747532 57 nil_vol 0.6 nil_bias 0.1 Right 0.005 0.01 0.001 0.26489649257037134 0.142763548450893 0.0098795911090194 -0.003401855973417699
0.2505430595663632 0.11122334049445477 57 nil_vol 0.6 nil_bias 0.1 Right 0.005 0.01 0.001 0.25366593858174374 0.11014803438962675 -0.0031228790153805773 0.001075306104828021
0.22609520003840322 -0.0027457053944528837 57 nil_vol 0.6 nil_bias 0.1 Right 0.005 0.01 0.001 0.2159910424111705 0.0007334759402053415 0.010104157627232725 -0.003479181334658225
0.1327900208220828 -0.22094913163937174 57 nil_vol 0.6 nil_bias 0.1 Right 0.005 0.01 0.001 0.13893064424225182 -0.2230635426743932 -0.006140623420169036 0.0021144110350214736
0.07182152753859436 -0.40679087954624765 57 nil_vol 0.6 nil_bias 0.1 Right 0.005 0.01 0.001 0.07525984437487773 -0.40797480087851157 -0.003438316836283368 0.0011839213322639396
-0.02253125531248687 -0.6884481026220027 57 nil_vol 0.6 nil_bias 0.1 Right 0.005 0.01 0.001 -0.02144480630991885 -0.6888222014069034 -0.0010864490025680185 0.00037409878490067956
-0.04782799229305593 -0.7654436373828472 57 nil_vol 0.6 nil_bias 0.1 Home 0.005 0.01 0.001 0.0 -0.75 -0.04782799229305593 -0.015443637382847104
-0.004559572972106184 -0.6080359480634226 58 nil_vol 0.6 nil_bias 0.1 Home 0.005 0.01 0.001 0.002129984262277 -0.6101885130425231 -0.006689557234383184 0.0021525649791004843
0.02326018707264732 -0.5221620049054847 58 nil_vol 0.6 nil_bias 0.1 Home 0.005 0.01 0.001 0.02978006144553349 -0.5242599693523804 -0.00651987437288617 0.002097964446895649
0.21656879821748443 0.07170694123246753 58 nil_vol 0.6 nil_bias 0.1 Home 0.005 0.01 0.001 0.2210828337129956 0.07025441539531474 -0.004514035495511193 0.001452525837152784
0.22438887533556934 0.09977027798006995 58 nil_vol 0.6 nil_bias 0.1 Home 0.005 0.01 0.001 0.22999950699004354 0.09796488955346694 -0.005610631654474212 0.0018053884266030038
0.2205331424786501 0.1052708972032438 58 nil_vol 0.6 nil_bias 0.1 Home 0.005 0.01 0.001 0.23124164986812593 0.10182511489248824 -0.010708507389475814 0.003445782310755549
0.31523869308387975 0.32268266329476475 58 nil_vol 0.6 nil_bias 0.1 Home 0.005 0.01 0.001 0.30352230847363626 0.3264527602249553 0.011716384610243508 -0.003770096930190554
0.31646124769971684 0.3633193965374342 58 nil_vol 0.6 nil_bias 0.1 Home 0.005 0.01 0.001 0.315486208394048 0.3636331445762194 0.000975039305668819 -0.00031374803878521216
0.3255946630894745 0.395047335038652 58 nil_vol 0.6 nil_bias 0.1 Right 0.005 0.01 0.001 0.4 0.35 -0.07440533691052556 0.04504733503865207
0.32415457059326636 0.3591623735200404 59 nil_vol 0.6 nil_bias 0.1 Right 0.005 0.01 0.001 0.31741367282497857 0.3607712877128631 0.00674089776828781 -0.0016089141928227106
0.3014468279473803 0.3154357561959 59 nil_vol 0.6 nil_bias 0.1 Right 0.005 0.01 0.001 0.30631564399309985 0.31427366955588987 -0.004868816045719528 0.00116208664001009
0.29793557864945347 0.2666526969802332 59 nil_vol 0.6 nil_bias 0.1 Right 0.005 0.01 0.001 0.2951104359503313 0.26732700066226656 0.002825142699122132 -0.0006743036820333792
0.242271527829356 0.03346233884625183 59 nil_vol 0.6 nil_bias 0.1 Right 0.005 0.01 0.001 0.23945233595631718 0.034135222188016956 0.002819191873038809 -0.0006728833417651258
0.2034337716024973 -0.09782147829595136 59 nil_vol 0.6 nil_bias 0.1 Right 0.005 0.01 0.001 0.20771318574193703 -0.0988428867763324 -0.00427941413943976 0.0010214084803810428
0.16733605997678402 -0.2288371602361785 59 nil_vol 0.6 nil_bias 0.1 Right 0.005 0.01 0.001 0.1761822660618811 -0.2309485683916181 -0.008846206085097072 0.002111408155439574
0.1551064705313242 -0.3852184913739344 59 nil_vol 0.6 nil_bias 0.1 Right 0.005 0.01 0.001 0.1402098267175602 -0.3816629676912963 0.01489664381376401 -0.0035555236826380885
0.043401441142251376 -0.7872628643093093 59 nil_vol 0.6 nil_bias 0.1 Home 0.005 0.01 0.001 0.0 -0.75 0.043401441142251376 -0.0372628643093092
-0.07273767174995122 -0.505577915223509 60 nil_vol 0.6 nil_bias 0.1 Home 0.005 0.01 0.001 -0.06513802996202361 -0.5026794292311078 -0.007599641787927604 -0.0028984859924012897
-0.13164661585682116 -0.3239149638538269 60 nil_vol 0.6 nil_bias 0.1 Home 0.005 0.01 0.001 -0.13310608724245448 -0.3244716029015105 0.0014594713856333145 0.0005566390476836198
-0.13773275727081283 -0.2904484378794421 60 nil_vol 0.6 nil_bias 0.1 Home 0.005 0.01 0.001 -0.1450221052644058 -0.2932285785285356 0.007289347993592959 0.002780140649093566
-0.18613061135262415 -0.16706320576542338 60 nil_vol 0.6 nil_bias 0.1 Home 0.005 0.01 0.001 -0.19225099326119977 -0.1693975054239064 0.00612038190857561 0.002334299658483018
-0.20813376592478192 -0.13481596701233994 60 nil_vol 0.6 nil_bias 0.1 Home 0.005 0.01 0.001 -0.20578235853068205 -0.13391914561148732 -0.0023514073940998624 -0.0008968214008526103
-0.23727951840205788 -0.03596581234425696 60 nil_vol 0.6 nil_bias 0.1 Home 0.005 0.01 0.001 -0.24239710939679504 -0.0379176498422622 0.005117590994737164 0.0019518374980052361
-0.35654457981395177 0.23166718020672172 60 nil_vol 0.6 nil_bias 0.1 Home 0.005 0.01 0.001 -0.3466547615105343 0.23543913428295016 -0.009889818303417479 -0.0037719540762284312
-0.3742670153762739 0.3078366683359241 60 nil_vol 0.6 nil_bias 0.1 Left 0.005 0.01 0.001 -0.4 0.35 0.02573298462372614 -0.04216333166407588
-0.3633215612878267 0.27945400653372515 61 nil_vol 0.6 nil_bias 0.1 Left 0.005 0.01 0.001 -0.3628439445650524 0.2796475510705588 -0.00047761672277431944 -0.00019354453683365045
-0.21531564220331995 -0.08011866050247296 61 nil_vol 0.6 nil_bias 0.1 Left 0.005 0.01 0.001 -0.21681047967569908 -0.08072441321680979 0.0014948374723791256 0.0006057527143368245
-0.15047588297918668 -0.25471077497366573 61 nil_vol 0.6 nil_bias 0.1 Left 0.005 0.01 0.001 -0.14689417486364145 -0.2532593600519481 -0.003581708115545236 -0.0014514149217176506
0.008944651306697941 -0.6319856856740168 61 nil_vol 0.6 nil_bias 0.1 Left 0.005 0.01 0.001 0.006910976660065682 -0.6328097912774941 0.0020336746466322595 0.0008241056034772949
0.02529473794104008 -0.6866120182690131 61 nil_vol 0.6 nil_bias 0.1 Left 0.005 0.01 0.001 0.028231065359764274 -0.6854221308485144 -0.002936327418724193 -0.0011898874204985842
0.04110227526984364 -0.7154122386633425 61 nil_vol 0.6 nil_bias 0.1 Left 0.005 0.01 0.001 0.04048527035969335 -0.7156622674497415 0.0006170049101502902 0.0002500287863989902
0.050989449563318356 -0.7399757874154768 61 nil_vol 0.6 nil_bias 0.1 Left 0.005 0.01 0.001 0.050429743582178055 -0.7402025969673987 0.0005597059811403021 0.00022680955192184543
0.051043763111313575 -0.7417178347520601 61 nil_vol 0.6 nil_bias 0.1 Home 0.005 0.01 0.001 0.0 -0.75 0.051043763111313575 0.008282165247939855
0.07085128439322215 -0.6937840029441914 62 nil_vol 0.6 nil_bias 0.1 Home 0.005 0.01 0.001 0.06646564656550824 -0.6924122556356046 0.004385637827713909 -0.0013717473085868008
0.06379673122835691 -0.6868444070193024 62 nil_vol 0.6 nil_bias 0.1 Home 0.005 0.01 0.001 0.06781413549016707 -0.6881009776026776 -0.004017404261810164 0.001256570583375297
0.09888506648194742 -0.5137583233209705 62 nil_vol 0.6 nil_bias 0.1 Home 0.005 0.01 0.001 0.12025468804309429 -0.5204423501406913 -0.021369621561146874 0.006684026819720768
0.20215482098327664 -0.23347659399272858 62 nil_vol 0.6 nil_bias 0.1 Home 0.005 0.01 0.001 0.209312113478758 -0.23571526419376587 -0.0071572924954813565 0.0022386702010372943
0.21754657758854104 -0.23493191451477904 62 nil_vol 0.6 nil_bias 0.1 Home 0.005 0.01 0.001 0.21026910366812923 -0.23265565376188435 0.00727747392041181 -0.002276260752894699
0.30684043106624215 0.02676243455713115 62 nil_vol 0.6 nil_bias 0.1 Home 0.005 0.01 0.001 0.2927853771428681 0.031158598387531322 0.014055053923374026 -0.004396163830400174
0.3348726527150235 0.13211024634245244 62 nil_vol 0.6 nil_bias 0.1 Home 0.005 0.01 0.001 0.3252979250184034 0.1351050460646941 0.009574727696620102 -0.0029947997222416582
0.4310791457207906 0.4733000766436718 62 nil_vol 0.6 nil_bias 0.1 Right 0.005 0.01 0.001 0.4 0.35 0.03107914572079056 0.12330007664367183
0.29027720629765286 0.0940094517122186 63 nil_vol 0.6 nil_bias 0.1 Right 0.005 0.01 0.001 0.29369164601253295 0.09277667251849092 -0.0034144397148800684 0.0012327791937276696
0.27652761450495034 0.07351312935472175 63 nil_vol 0.6 nil_bias 0.1 Right 0.005 0.01 0.001 0.28555923949918455 0.07025227243289034 -0.009031624994234225 0.0032608569218314097
0.2526026374911388 0.04635597323592306 63 nil_vol 0.6 nil_bias 0.1 Right 0.005 0.01 0.001 0.2741258290519901 0.03858505180972227 -0.02152319156085129 0.007770921426200788
0.10351603899224432 -0.411181688287983 63 nil_vol 0.6 nil_bias 0.1 Right 0.005 0.01 0.001 0.11078991460272397 -0.4138079119905964 -0.007273875610479652 0.002626223702613368
0.07372835437992416 -0.5347687839059536 63 nil_vol 0.6 nil_bias 0.1 Right 0.005 0.01 0.001 0.06787956841770942 -0.5326570870406194 0.005848785962214734 -0.002111696865334186
0.04374453187824603 -0.626979806964789 63 nil_vol 0.6 nil_bias 0.1 Right 0.005 0.01 0.001 0.034968480880402386 -0.6238112247150905 0.008776050997843643 -0.0031685822496985015
0.004672150717156119 -0.7137208511103927 63 nil_vol 0.6 nil_bias 0.1 Right 0.005 0.01 0.001 0.0027564465077228317 -0.7130291884986811 0.0019157042094332872 -0.0006916626117116326
-0.038346160639679425 -0.8268714523390022 63 nil_vol 0.6 nil_bias 0.1 Home 0.005 0.01 0.001 0.0 -0.75 -0.038346160639679425 -0.07687145233900211
