x y trial vol omega bias theta state target_sigma moving_sigma staying_sigma x_mean y_mean x_noise y_noise
-0.10751645968978302 -0.40280460748338026 0 nil_vol 0.6 nil_bias 0.43 Home 0.005 0.01 0.001 -0.1116671099413831 -0.40414473778820653 0.004150650251600083 0.0013401303048262573
-0.1573956485691649 -0.2373111262794735 0 nil_vol 0.6 nil_bias 0.43 Home 0.005 0.01 0.001 -0.16476485937643293 -0.2396904408752205 0.007369210807268017 0.0023793145957470003
-0.2030949482507762 -0.1129568616609265 0 nil_vol 0.6 nil_bias 0.43 Home 0.005 0.01 0.001 -0.2054392460886666 -0.11371377067172173 0.002344297837890399 0.0007569090107952311
-0.20738440616494583 -0.0966431445261239 0 nil_vol 0.6 nil_bias 0.43 Home 0.005 0.01 0.001 -0.2106141862034965 -0.09768595127813007 0.0032297800385506794 0.0010428067520061718
-0.2487470306329378 0.005950154249946379 0 nil_vol 0.6 nil_bias 0.43 Home 0.005 0.01 0.001 -0.24451644570847428 0.0073160932524506395 -0.0042305849244635265 -0.0013659390025042603
-0.26245166727867925 0.08771464919474752 0 nil_vol 0.6 nil_bias 0.43 Home 0.005 0.01 0.001 -0.26971748213647534 0.08536871829477932 0.007265814857796071 0.002345930899968195
-0.2869891429913735 0.13608654970544304 0 nil_vol 0.6 nil_bias 0.43 Home 0.005 0.01 0.001 -0.2861774817259241 0.13634861270597243 -0.0008116612654493847 -0.0002620630005293814
-0.34531375885285004 0.31950543160007955 0 nil_vol 0.6 nil_bias 0.43 Left 0.005 0.01 0.001 -0.4 0.35 0.054686241147150004 -0.030494568399920437
-0.3246485545611057 0.21938768179221343 1 nil_vol 0.6 nil_bias 0.43 Left 0.005 0.01 0.001 -0.31270406264911405 0.22344237531999778 -0.011944491911991664 -0.004054693527784337
-0.31413488277568863 0.2213870424501338 1 nil_vol 0.6 nil_bias 0.43 Left 0.005 0.01 0.001 -0.31222629122174456 0.22203493554412063 -0.001908591553944089 -0.0006478930939868302
-0.25503645074901093 0.027951183163736813 1 nil_vol 0.6 nil_bias 0.43 Left 0.005 0.01 0.001 -0.24724069230041656 0.030597541967324893 -0.007795758448594389 -0.002646358803588078
-0.2508351837815446 0.008906544141061408 1 nil_vol 0.6 nil_bias 0.43 Left 0.005 0.01 0.001 -0.2410096700057421 0.01224192645848804 -0.00982551377580254 -0.003335382317426631
-0.21961717681561063 -0.08319544043560075 1 nil_vol 0.6 nil_bias 0.43 Left 0.005 0.01 0.001 -0.2097494670253207 -0.07984573420150182 -0.009867709790289926 -0.003349706234098928
-0.11254829678437125 -0.3638837435088804 1 nil_vol 0.6 nil_bias 0.43 Left 0.005 0.01 0.001 -0.1132488133557705 -0.36412154182036044 0.0007005165713992515 0.0002377983114800071
-0.06148341717125818 -0.5015359705208533 1 nil_vol 0.6 nil_bias 0.43 Left 0.005 0.01 0.001 -0.06607304282248755 -0.503093971108916 0.004589625651229372 0.0015580005880626608
0.021783443517240042 -0.7619054159961752 1 nil_vol 0.6 nil_bias 0.43 Home 0.005 0.01 0.001 0.0 -0.75 0.021783443517240042 -0.01190541599617519
-0.01678478884549446 -0.6498145099874979 2 nil_vol 0.6 nil_bias 0.43 Home 0.005 0.01 0.001 -0.017852240320764018 -0.6501932437309053 0.0010674514752695551 0.00037873374340737366
-0.0616978043569678 -0.5440312854729079 2 nil_vol 0.6 nil_bias 0.43 Home 0.005 0.01 0.001 -0.056209579604800594 -0.5420840532537343 -0.005488224752167205 -0.0019472322191736208
-0.1454672948726279 -0.2763612674818762 2 nil_vol 0.6 nil_bias 0.43 Home 0.005 0.01 0.001 -0.1499270931260478 -0.2779436120909676 0.004459798253419876 0.0015823446090913384
-0.18189831464957248 -0.15505616060835753 2 nil_vol 0.6 nil_bias 0.43 Home 0.005 0.01 0.001 -0.19222750340966363 -0.15872097574619115 0.010329188760091142 0.003664815137833612
-0.2717966976470839 0.04912716458383208 2 nil_vol 0.6 nil_bias 0.43 Home 0.005 0.01 0.001 -0.26662361530666995 0.050962583696672614 -0.0051730823404139824 -0.0018354191128405334
-0.29202294949658775 0.09657933239404042 2 nil_vol 0.6 nil_bias 0.43 Home 0.005 0.01 0.001 -0.28383878026850884 0.09948309066337724 -0.008184169228078924 -0.002903758269336827
-0.3533862629013689 0.3140197365718625 2 nil_vol 0.6 nil_bias 0.43 Home 0.005 0.01 0.001 -0.35922213165143957 0.31194915962391245 0.005835868750070679 0.0020705769479500173
-0.371814028970863 0.34743910369156755 2 nil_vol 0.6 nil_bias 0.43 Left 0.005 0.01 0.001 -0.4 0.35 0.028185971029136975 -0.0025608963084324267
-0.3140708998377605 0.18197211112386924 3 nil_vol 0.6 nil_bias 0.43 Left 0.005 0.01 0.001 -0.31973977466335046 0.18020688649044705 0.0056688748255899965 0.0017652246334221979
-0.2518733381688056 -0.12091029244730249 3 nil_vol 0.6 nil_bias 0.43 Left 0.005 0.01 0.001 -0.2282644230598507 -0.11355873860268867 -0.023608915108954864 -0.007351553844613821
-0.20143181480259315 -0.21437420564381532 3 nil_vol 0.6 nil_bias 0.43 Left 0.005 0.01 0.001 -0.19727469387444235 -0.2130797243768519 -0.004157120928150784 -0.0012944812669634096
-0.17496857717698996 -0.2921828909656267 3 nil_vol 0.6 nil_bias 0.43 Left 0.005 0.01 0.001 -0.1728484232863593 -0.2915226986012632 -0.002120153890630678 -0.0006601923643635356
-0.11638429670486526 -0.44246687946813174 3 nil_vol 0.6 nil_bias 0.43 Left 0.005 0.01 0.001 -0.12500973390251874 -0.44515274477364225 0.008625437197653477 0.0026858653055104984
-0.10952904736689813 -0.47178576688093077 3 nil_vol 0.6 nil_bias 0.43 Left 0.005 0.01 0.001 -0.116081190975871 -0.47382603159943687 0.006552143608972875 0.0020402647185061087
-0.027573047620267663 -0.7299327313432248 3 nil_vol 0.6 nil_bias 0.43 Left 0.005 0.01 0.001 -0.035558150449015447 -0.7324192036410582 0.007985102828747783 0.002486472297833433
-0.021913138737999854 -0.7762390449909362 3 nil_vol 0.6 nil_bias 0.43 Home 0.005 0.01 0.001 0.0 -0.75 -0.021913138737999854 -0.026239044990936173
0.0043577961639872055 -0.7153384273250117 4 nil_vol 0.6 nil_bias 0.43 Home 0.005 0.01 0.001 -0.001679722582488434 -0.7133945864181379 0.0060375187464756395 -0.0019438409068738337
0.023429617898274576 -0.6545890762387887 4 nil_vol 0.6 nil_bias 0.43 Home 0.005 0.01 0.001 0.017833407027824544 -0.6527873189159111 0.005596210870450033 -0.0018017573228775216
0.029262288885726566 -0.6036921374462597 4 nil_vol 0.6 nil_bias 0.43 Home 0.005 0.01 0.001 0.03322892744608519 -0.6049692372980671 -0.003966638560358623 0.0012770998518073643
0.0395957980686099 -0.5522708819493981 4 nil_vol 0.6 nil_bias 0.43 Home 0.005 0.01 0.001 0.04920013211910616 -0.5553630955216597 -0.009604334050496264 0.003092213572261614
0.046414825096601324 -0.54392164480638 4 nil_vol 0.6 nil_bias 0.43 Home 0.005 0.01 0.001 0.05227623942972591 -0.545808787096334 -0.005861414333124588 0.0018871422899539908
0.26136397611645257 0.12548780228753348 4 nil_vol 0.6 nil_bias 0.43 Home 0.005 0.01 0.001 0.26774553926647093 0.12343319276635467 -0.0063815631500183665 0.0020546095211787995
0.41816641892671463 0.5253719994848073 4 nil_vol 0.6 nil_bias 0.43 Home 0.005 0.01 0.001 0.3991274025145516 0.5315018055330631 0.01903901641216303 -0.006129806048255904
0.40282222061631895 0.542977813407655 4 nil_vol 0.6 nil_bias 0.43 Right 0.005 0.01 0.001 0.4 0.35 0.002822220616318932 0.19297781340765502
0.4117298638231885 0.527550639108259 5 nil_vol 0.6 nil_bias 0.43 Right 0.005 0.01 0.001 0.3994600249351441 0.5309927127793533 0.012269838888044407 -0.003442073671094408
0.3618956125159387 0.37110558186682074 5 nil_vol 0.6 nil_bias 0.43 Right 0.005 0.01 0.001 0.35513845599638083 0.3730011756687978 0.006757156519557899 -0.001895593801977067
0.3362253939657102 0.27373189937915776 5 nil_vol 0.6 nil_bias 0.43 Right 0.005 0.01 0.001 0.3279421884183945 0.2760555976760001 0.0082832055473157 -0.002323698296842325
0.24580400735236405 -0.027646882209539193 5 nil_vol 0.6 nil_bias 0.43 Right 0.005 0.01 0.001 0.24296737795026727 -0.02685111891804859 0.00283662940209679 -0.0007957632914906042
0.13685005370374734 -0.3088791552905732 5 nil_vol 0.6 nil_bias 0.43 Right 0.005 0.01 0.001 0.1618798968386808 -0.3159008093507847 -0.02502984313493346 0.007021654060211467
0.16390182015860646 -0.3189015071599325 5 nil_vol 0.6 nil_bias 0.43 Right 0.005 0.01 0.001 0.16124703312983085 -0.31815675634311325 0.0026547870287756225 -0.0007447508168192379
0.06963009574283288 -0.7128299980726956 5 nil_vol 0.6 nil_bias 0.43 Right 0.005 0.01 0.001 0.051922398302788886 -0.7078624349538782 0.017707697440043992 -0.00496756311881743
0.036586972878779093 -0.762528086305958 5 nil_vol 0.6 nil_bias 0.43 Home 0.005 0.01 0.001 0.0 -0.75 0.036586972878779093 -0.01252808630595801
-0.17950266973147228 -0.20662261641918847 6 nil_vol 0.6 nil_bias 0.43 Home 0.005 0.01 0.001 -0.1760214988149503 -0.205294400900903 -0.0034811709165219716 -0.0013282155182854662
-0.1624598575122937 -0.19787915832785405 6 nil_vol 0.6 nil_bias 0.43 Home 0.005 0.01 0.001 -0.17676784713435095 -0.2033382680088205 0.014307989622057274 0.00545910968096643
-0.2797919989519774 0.07345949458778145 6 nil_vol 0.6 nil_bias 0.43 Home 0.005 0.01 0.001 -0.2820494046242178 0.0725981978238952 0.002257405672240347 0.0008612967638862381
-0.32393305771584097 0.15231310240431845 6 nil_vol 0.6 nil_bias 0.43 Home 0.005 0.01 0.001 -0.3139214821804476 0.15613294644744924 -0.010011575535393417 -0.003819844043130806
-0.3250603106124858 0.1627905431920711 6 nil_vol 0.6 nil_bias 0.43 Home 0.005 0.01 0.001 -0.3175543230867831 0.16565439830024142 -0.007505987525702692 -0.0028638551081703323
-0.4190654840435198 0.4066256414766689 6 nil_vol 0.6 nil_bias 0.43 Home 0.005 0.01 0.001 -0.41071131106824993 0.4098131155922118 -0.00835417297526984 -0.003187474115542879
-0.4190150293500321 0.4416118054857694 6 nil_vol 0.6 nil_bias 0.43 Home 0.005 0.01 0.001 -0.4223573174471579 0.4403365797000678 0.003342288097125794 0.0012752257857015974
-0.4229971933685609 0.442013655006827 6 nil_vol 0.6 nil_bias 0.43 Left 0.005 0.01 0.001 -0.4 0.35 -0.022997193368560886 0.09201365500682701
-0.37854383196331737 0.32351542525541616 7 nil_vol 0.6 nil_bias 0.43 Left 0.005 0.01 0.001 -0.3772076662815248 0.3240340095794968 -0.0013361656817925643 -0.0005185843240806659
-0.37412601332225964 0.312480077776613 7 nil_vol 0.6 nil_bias 0.43 Left 0.005 0.01 0.001 -0.3729070424457355 0.31295317718089366 -0.0012189708765241091 -0.000473099404280621
-0.3683851767221817 0.2981686885409987 7 nil_vol 0.6 nil_bias 0.43 Left 0.005 0.01 0.001 -0.3673281942681119 0.29857891800503755 -0.001056982454069777 -0.0004102294640388729
-0.1841155786728527 -0.17192705575537098 7 nil_vol 0.6 nil_bias 0.43 Left 0.005 0.01 0.001 -0.1846394296568333 -0.17213036954508165 0.0005238509839806104 0.00020331378971066188
-0.11192997469897 -0.3761390420634008 7 nil_vol 0.6 nil_bias 0.43 Left 0.005 0.01 0.001 -0.10630774104806057 -0.37395697566444275 -0.005622233650909426 -0.0021820663989580583
0.01401462725553446 -0.683124967416764 7 nil_vol 0.6 nil_bias 0.43 Left 0.005 0.01 0.001 0.013727821548661368 -0.6832362806660623 0.00028680570687309245 0.00011131324929833859
0.02347370502038641 -0.6980335865976217 7 nil_vol 0.6 nil_bias 0.43 Left 0.005 0.01 0.001 0.01999488300908092 -0.6993837653860109 0.0034788220113054877 0.0013501787883891142
0.023538294756899714 -0.7085135924055402 7 nil_vol 0.6 nil_bias 0.43 Home 0.005 0.01 0.001 0.0 -0.75 0.023538294756899714 0.0414864075944598
0.012747210925270435 -0.6667595600903189 8 nil_vol 0.6 nil_bias 0.43 Home 0.005 0.01 0.001 0.005414997093002666 -0.6702306603045612 0.00733221383226777 0.0034711002142423105
-0.017258490207984013 -0.6215628746381214 8 nil_vol 0.6 nil_bias 0.43 Home 0.005 0.01 0.001 -0.017557517548932467 -0.6217044354123944 0.0002990273409484524 0.00014156077427292574
-0.07092506401871243 -0.5041729873508809 8 nil_vol 0.6 nil_bias 0.43 Home 0.005 0.01 0.001 -0.07278136958139345 -0.5050517700464925 0.0018563055626810087 0.0008787826956116423
-0.07371376727003909 -0.49063574437435375 8 nil_vol 0.6 nil_bias 0.43 Home 0.005 0.01 0.001 -0.07852722455445518 -0.49291445486935515 0.0048134572844160985 0.00227871049500139
-0.12276214228456216 -0.40555736180185714 8 nil_vol 0.6 nil_bias 0.43 Home 0.005 0.01 0.001 -0.12040965206622643 -0.4044436832475122 -0.0023524902183357254 -0.0011136785543449583
-0.2718023719615061 -0.04749242062494334 8 nil_vol 0.6 nil_bias 0.43 Home 0.005 0.01 0.001 -0.2861715515423492 -0.054294849395098876 0.014369179580843092 0.006802428770155539
-0.4512320373484998 0.30175148507040417 8 nil_vol 0.6 nil_bias 0.43 Home 0.005 0.01 0.001 -0.4540857927946356 0.300400505493556 0.0028537554461358005 0.0013509795768481326
-0.4621046377932638 0.31733919426333174 8 nil_vol 0.6 nil_bias 0.43 Left 0.005 0.01 0.001 -0.4 0.35 -0.06210463779326374 -0.03266080573666825
-0.4353760092459713 0.1793114377701529 9 nil_vol 0.6 nil_bias 0.43 Left 0.005 0.01 0.001 -0.4070833496729894 0.19170185076971605 -0.028292659572981865 -0.01239041299956313
-0.33421815141910044 0.03272704861200817 9 nil_vol 0.6 nil_bias 0.43 Left 0.005 0.01 0.001 -0.33694026975278124 0.0315349312608279 0.0027221183336808273 0.001192117351180263
-0.3107883551832724 -0.029724716819081416 9 nil_vol 0.6 nil_bias 0.43 Left 0.005 0.01 0.001 -0.3102211619290678 -0.02947632169553238 -0.000567193254204635 -0.0002483951235490352
-0.30511867298977846 -0.036954285883010335 9 nil_vol 0.6 nil_bias 0.43 Left 0.005 0.01 0.001 -0.30665217324163696 -0.037625862954315636 0.0015335002518585097 0.0006715770713052997
-0.24368267439933647 -0.1910412792600481 9 nil_vol 0.6 nil_bias 0.43 Left 0.005 0.01 0.001 -0.24014442643795078 -0.18949174824394327 -0.0035382479613856837 -0.00154953101610484
-0.20722865077458394 -0.2597139856659119 9 nil_vol 0.6 nil_bias 0.43 Left 0.005 0.01 0.001 -0.2090434294347046 -0.2605087450643236 0.001814778660120662 0.0007947593984116547
-0.0564757945876961 -0.6308102219479287 9 nil_vol 0.6 nil_bias 0.43 Left 0.005 0.01 0.001 -0.0484196538678664 -0.6272821368471342 -0.008056140719829708 -0.003528085100794489
0.01989378975274209 -0.7832712071617484 9 nil_vol 0.6 nil_bias 0.43 Home 0.005 0.01 0.001 0.0 -0.75 0.01989378975274209 -0.033271207161748376
0.039418320072268614 -0.7802672439279912 10 nil_vol 0.6 nil_bias 0.43 Home 0.005 0.01 0.001 0.022496844596766763 -0.7749645596837131 0.01692147547550185 -0.005302684244278092
0.02144785186319065 -0.7546310731365634 10 nil_vol 0.6 nil_bias 0.43 Home 0.005 0.01 0.001 0.02820517630412648 -0.7567486164854458 -0.006757324440935829 0.0021175433488824055
0.0990247688766447 -0.5177549063422436 10 nil_vol 0.6 nil_bias 0.43 Home 0.005 0.01 0.001 0.10273437021550202 -0.5189173844370523 -0.00370960133885732 0.0011624780948085874
0.10840595746469549 -0.47284748413175404 10 nil_vol 0.6 nil_bias 0.43 Home 0.005 0.01 0.001 0.11638750449331392 -0.475348662219616 -0.00798154702861843 0.0025011780878620078
0.16262548165966 -0.30833695801195365 10 nil_vol 0.6 nil_bias 0.43 Home 0.005 0.01 0.001 0.1681786510531825 -0.3100771551886993 -0.005553169393522496 0.0017401971767456493
0.1897417304150526 -0.2632195961269035 10 nil_vol 0.6 nil_bias 0.43 Home 0.005 0.01 0.001 0.18347755548144043 -0.26125659108210364 0.006264174933612163 -0.0019630050447998443
0.2666506630942961 -0.014131398007554178 10 nil_vol 0.6 nil_bias 0.43 Home 0.005 0.01 0.001 0.26143170471732263 -0.012495932566187307 0.005218958376973457 -0.0016354654413668706
0.3649043358838248 0.31769713758671664 10 nil_vol 0.6 nil_bias 0.43 Right 0.005 0.01 0.001 0.4 0.35 -0.03509566411617521 -0.03230286241328333
0.35951054364023455 0.3049453201693408 11 nil_vol 0.6 nil_bias 0.43 Right 0.005 0.01 0.001 0.3604583246705169 0.30462301591113083 -0.0009477810302823949 0.00032230425820993145
0.3533025600564895 0.30655620334439954 11 nil_vol 0.6 nil_bias 0.43 Right 0.005 0.01 0.001 0.3603058525233113 0.30417465010432926 -0.007003292466821787 0.002381553240070292
0.3442273784915092 0.23997645500307827 11 nil_vol 0.6 nil_bias 0.43 Right 0.005 0.01 0.001 0.33907080653087585 0.241730008880584 0.005156571960633363 -0.0017535538775057286
0.2934365472061137 0.1211369446465093 11 nil_vol 0.6 nil_bias 0.43 Right 0.005 0.01 0.001 0.2975822741810794 0.11972714067838269 -0.004145726974965763 0.001409803968126606
0.2757797248859447 0.026235016693654186 11 nil_vol 0.6 nil_bias 0.43 Right 0.005 0.01 0.001 0.266824734954239 0.029280267964779394 0.00895498993170574 -0.0030452512711252088
0.18503923292499397 -0.21261718080962544 11 nil_vol 0.6 nil_bias 0.43 Right 0.005 0.01 0.001 0.18461381488721082 -0.212472512325328 0.0004254180377831602 -0.0001446684842974462
0.15887917890147332 -0.3086248650358825 11 nil_vol 0.6 nil_bias 0.43 Right 0.005 0.01 0.001 0.15263782273774473 -0.30650241733509326 0.006241356163728578 -0.0021224477007892365
0.009455592683595379 -0.7275499153500327 11 nil_vol 0.6 nil_bias 0.43 Home 0.005 0.01 0.001 0.0 -0.75 0.009455592683595379 0.022450084649967318
0.02298850018393594 -0.7040273842523229 12 nil_vol 0.6 nil_bias 0.43 Home 0.005 0.01 0.001 0.016304937289545227 -0.702220105562023 0.006683562894390715 -0.0018072786902999724
0.03753664167914071 -0.6410763521861146 12 nil_vol 0.6 nil_bias 0.43 Home 0.005 0.01 0.001 0.03315871658240729 -0.6398925328879231 0.0043779250967334255 -0.0011838192981914102
0.08079604718650912 -0.43714542959686353 12 nil_vol 0.6 nil_bias 0.43 Home 0.005 0.01 0.001 0.08749315599523565 -0.4389563711901251 -0.00669710880872652 0.0018109415932615466
0.16713181218420778 -0.17368012381048645 12 nil_vol 0.6 nil_bias 0.43 Home 0.005 0.01 0.001 0.15976428253194797 -0.1716878960793975 0.007367529652259805 -0.0019922277310889503
0.20903804987880628 0.0045269798717011075 12 nil_vol 0.6 nil_bias 0.43 Home 0.005 0.01 0.001 0.2075245898656048 0.004936229260642411 0.0015134600132014901 -0.0004092493889413033
0.26201625643375404 0.23222302061850708 12 nil_vol 0.6 nil_bias 0.43 Home 0.005 0.01 0.001 0.26850961779835075 0.23046717365363423 -0.006493361364596712 0.0017558469648728575
0.29052099064754583 0.3242079048819564 12 nil_vol 0.6 nil_bias 0.43 Home 0.005 0.01 0.001 0.2936303623883698 0.3233671106265259 -0.0031093717408239687 0.0008407942554304894
0.32229467483007923 0.4293716444357709 12 nil_vol 0.6 nil_bias 0.43 Right 0.005 0.01 0.001 0.4 0.35 -0.07770532516992076 0.07937164443577092
0.30552823840444765 0.37108284001899067 13 nil_vol 0.6 nil_bias 0.43 Right 0.005 0.01 0.001 0.3064240662137572 0.37083994033296414 -0.0008958278093095006 0.00024289968602650885
0.25818054325590756 0.16867540979202264 13 nil_vol 0.6 nil_bias 0.43 Right 0.005 0.01 0.001 0.252058177599699 0.17033546173524017 0.006122365656208533 -0.0016600519432175237
0.21419983898637263 0.0626891862324962 13 nil_vol 0.6 nil_bias 0.43 Right 0.005 0.01 0.001 0.22227657302546283 0.0604992160821759 -0.008076734039090195 0.002189970150320292
0.2157012519829191 0.003983960260336473 13 nil_vol 0.6 nil_bias 0.43 Right 0.005 0.01 0.001 0.20755185783273455 0.006193631873357586 0.008149394150184546 -0.002209671613021113
0.1245007586363156 -0.26658287194835584 13 nil_vol 0.6 nil_bias 0.43 Right 0.005 0.01 0.001 0.1329672768053336 -0.26887853031441766 -0.008466518169018007 0.002295658366061841
0.05360603661150756 -0.5475037542089992 13 nil_vol 0.6 nil_bias 0.43 Right 0.005 0.01 0.001 0.05715814821689458 -0.5484668933130918 -0.003552111605387015 0.0009631391040926395
0.051394633050072754 -0.5978031216459493 13 nil_vol 0.6 nil_bias 0.43 Right 0.005 0.01 0.001 0.04430228049824825 -0.5958800621136098 0.007092352551824507 -0.0019230595323395385
0.010839359600738067 -0.7192932110192125 13 nil_vol 0.6 nil_bias 0.43 Home 0.005 0.01 0.001 0.0 -0.75 0.010839359600738067 0.03070678898078751
-0.014566354601869818 -0.6739724257736965 14 nil_vol 0.6 nil_bias 0.43 Home 0.005 0.01 0.001 -0.007924612190474713 -0.6713718037479994 -0.0066417424113951054 -0.002600622025697127
-0.08879362586069221 -0.47098513850459195 14 nil_vol 0.6 nil_bias 0.43 Home 0.005 0.01 0.001 -0.08670731904234398 -0.47016823005977637 -0.002086306818348232 -0.0008169084448155878
-0.09437591317090592 -0.46296594263252344 14 nil_vol 0.6 nil_bias 0.43 Home 0.005 0.01 0.001 -0.0901719635932455 -0.46131985592975905 -0.0042039495776604145 -0.0016460867027643948
-0.10035971323950768 -0.4062685594837971 14 nil_vol 0.6 nil_bias 0.43 Home 0.005 0.01 0.001 -0.11021648391648278 -0.41012804895764476 0.009856770676975105 0.0038594894738476692
-0.14779908102426248 -0.30711830909596055 14 nil_vol 0.6 nil_bias 0.43 Home 0.005 0.01 0.001 -0.15018490171276985 -0.308052494351512 0.002385820688507382 0.0009341852555514714
-0.20469044629887315 -0.18913920526815825 14 nil_vol 0.6 nil_bias 0.43 Home 0.005 0.01 0.001 -0.19780232233759876 -0.1864421107739953 -0.006888123961274395 -0.0026970944941629564
-0.36219703423039884 0.23989499073768275 14 nil_vol 0.6 nil_bias 0.43 Home 0.005 0.01 0.001 -0.3643999389285566 0.23903242755415555 0.0022029046981577407 0.0008625631835272177
-0.42655290218987746 0.3977652107143456 14 nil_vol 0.6 nil_bias 0.43 Left 0.005 0.01 0.001 -0.4 0.35 -0.026552902189877426 0.047765210714345634
-0.3927466610108631 0.3597202621475859 15 nil_vol 0.6 nil_bias 0.43 Left 0.005 0.01 0.001 -0.40872869733832595 0.3533120145122415 0.015982036327462895 0.006408247635344444
-0.3881444513739233 0.33244377568834405 15 nil_vol 0.6 nil_bias 0.43 Left 0.005 0.01 0.001 -0.39866915703499345 0.3282237302083226 0.01052470566107015 0.0042200454800214926
-0.34288192631436054 0.23179701850305617 15 nil_vol 0.6 nil_bias 0.43 Left 0.005 0.01 0.001 -0.3576336689584285 0.22588207637808946 0.014751742644067999 0.005914942124966712
-0.266340296728997 0.019045621435723307 15 nil_vol 0.6 nil_bias 0.43 Left 0.005 0.01 0.001 -0.27354157957512104 0.01615815435552259 0.007201282846124061 0.002887467080200714
-0.21604346399501145 -0.11681474508611157 15 nil_vol 0.6 nil_bias 0.43 Left 0.005 0.01 0.001 -0.21964498510217279 -0.11825883134932141 0.0036015211071613444 0.0014440862632098391
-0.007519525754602779 -0.677369950017254 15 nil_vol 0.6 nil_bias 0.43 Left 0.005 0.01 0.001 0.0028691469898211586 -0.6732044490645108 -0.010388672744423937 -0.004165500952743129
0.011244656124669856 -0.6901983925038945 15 nil_vol 0.6 nil_bias 0.43 Left 0.005 0.01 0.001 0.009899413866907791 -0.6907377884444765 0.0013452422577620645 0.000539395940582102
0.03320477804526848 -0.7488608820136117 15 nil_vol 0.6 nil_bias 0.43 Home 0.005 0.01 0.001 0.0 -0.75 0.03320477804526848 0.0011391179863883072
0.05453135546235535 -0.6351155821959271 16 nil_vol 0.6 nil_bias 0.43 Home 0.005 0.01 0.001 0.06028677288746819 -0.6365028275137229 -0.005755417425112839 0.0013872453177957663
0.07077002443710552 -0.6171785796272773 16 nil_vol 0.6 nil_bias 0.43 Home 0.005 0.01 0.001 0.06526441254714271 -0.6158515456779019 0.005505611889962811 -0.0013270339493754212
0.13058042601453787 -0.33103275239414803 16 nil_vol 0.6 nil_bias 0.43 Home 0.005 0.01 0.001 0.13373203183980456 -0.3317923932857995 -0.0031516058252666914 0.0007596408916514622
0.18675326210023915 -0.164075541649304 16 nil_vol 0.6 nil_bias 0.43 Home 0.005 0.01 0.001 0.1748489264789146 -0.1612062043567395 0.011904335621324562 -0.002869337292564506
0.18876608534997452 -0.09486456444222192 16 nil_vol 0.6 nil_bias 0.43 Home 0.005 0.01 0.001 0.19072560646519338 -0.09533687362354182 -0.00195952111521886 0.00047230918131989483
0.232269799827143 0.024525373732368818 16 nil_vol 0.6 nil_bias 0.43 Home 0.005 0.01 0.001 0.22031112118111615 0.02740780948521948 0.01195867864602684 -0.0028824357528506625
0.22979048206317407 0.0900055033929588 16 nil_vol 0.6 nil_bias 0.43 Home 0.005 0.01 0.001 0.23509126958153873 0.08872783886885394 -0.0053007875183646675 0.0012776645241048617
0.32685498667014845 0.46943807775009466 16 nil_vol 0.6 nil_bias 0.43 Right 0.005 0.01 0.001 0.4 0.35 -0.0731450133298516 0.11943807775009467
0.20529913525316149 0.06784425559939218 17 nil_vol 0.6 nil_bias 0.43 Right 0.005 0.01 0.001 0.21897424076999614 0.06420369437374396 -0.01367510551683466 0.0036405612256482276
0.17837256296175988 -0.139955888394588 17 nil_vol 0.6 nil_bias 0.43 Right 0.005 0.01 0.001 0.16553320742728952 -0.13653781897906775 0.012839355534470366 -0.00341806941552025
0.07895850927237533 -0.4609046323797141 17 nil_vol 0.6 nil_bias 0.43 Right 0.005 0.01 0.001 0.07916615940879088 -0.4609599126138742 -0.0002076501364155476 5.528023416012284e-05
0.06496619761963686 -0.48640005579145373 17 nil_vol 0.6 nil_bias 0.43 Right 0.005 0.01 0.001 0.07190197832957318 -0.48824648646733476 -0.00693578070993632 0.0018464306758810066
0.06777811522646118 -0.5342162697112164 17 nil_vol 0.6 nil_bias 0.43 Right 0.005 0.01 0.001 0.06020099437365428 -0.5321991026520796 0.007577120852806906 -0.002017167059136848
0.058996114906347916 -0.602694687787618 17 nil_vol 0.6 nil_bias 0.43 Right 0.005 0.01 0.001 0.042596094365589976 -0.5983287047385646 0.016400020540757936 -0.004365983049053477
0.0033075724731185707 -0.7385276097656367 17 nil_vol 0.6 nil_bias 0.43 Right 0.005 0.01 0.001 0.005142552990669957 -0.739016114875436 -0.0018349805175513867 0.000488505109799239
-0.0017869556786211107 -0.7650455527447313 17 nil_vol 0.6 nil_bias 0.43 Home 0.005 0.01 0.001 0.0 -0.75 -0.0017869556786211107 -0.0150455527447313
0.09948107631565328 -0.5394223261742285 18 nil_vol 0.6 nil_bias 0.43 Home 0.005 0.01 0.001 0.09902695399293202 -0.5392195955077329 0.00045412232272127424 -0.00020273066649557735
0.12450377312983156 -0.5026550153113064 18 nil_vol 0.6 nil_bias 0.43 Home 0.005 0.01 0.001 0.11687132287146289 -0.49924771368693077 0.007632450258368678 -0.003407301624375612
0.1417838460980813 -0.41577107618276493 18 nil_vol 0.6 nil_bias 0.43 Home 0.005 0.01 0.001 0.1520843859753077 -0.4203694744778782 -0.01030053987722641 0.004598398295113264
0.2053148089919335 -0.2965068316479131 18 nil_vol 0.6 nil_bias 0.43 Home 0.005 0.01 0.001 0.20703641769136302 -0.2972753974321019 -0.0017216086994295175 0.0007685657841888324
0.28105794776713944 -0.1691882591714694 18 nil_vol 0.6 nil_bias 0.43 Home 0.005 0.01 0.001 0.26701594685999475 -0.16291958648042404 0.0140420009071447 -0.006268672691045376
0.3945305187032577 0.1556586521035792 18 nil_vol 0.6 nil_bias 0.43 Home 0.005 0.01 0.001 0.4067928153104081 0.15018448041116528 -0.012262296607150416 0.005474171692413926
0.4159106759140307 0.15279153531678644 18 nil_vol 0.6 nil_bias 0.43 Home 0.005 0.01 0.001 0.4092784286374076 0.1557523232883976 0.006632247276623105 -0.002960787971611181
0.4442691162895128 0.23413243531025224 18 nil_vol 0.6 nil_bias 0.43 Right 0.005 0.01 0.001 0.4 0.35 0.04426911628951283 -0.11586756468974772
0.3517910436862677 0.02854782228910684 19 nil_vol 0.6 nil_bias 0.43 Right 0.005 0.01 0.001 0.34778338795876473 0.030446240501148247 0.004007655727502954 -0.0018984182120414064
0.29277374857955907 -0.03737333548662167 19 nil_vol 0.6 nil_bias 0.43 Right 0.005 0.01 0.001 0.3114635875244177 -0.04622667345912951 -0.018689838944858674 0.008853337972507843
0.2802792676087333 -0.09318450824622264 19 nil_vol 0.6 nil_bias 0.43 Right 0.005 0.01 0.001 0.2875812652540455 -0.09664344939703384 -0.007301997645312211 0.0034589411508112
0.1927381132824478 -0.2794508506949442 19 nil_vol 0.6 nil_bias 0.43 Right 0.005 0.01 0.001 0.199474256747567 -0.28264174789336044 -0.006736143465119199 0.0031908971984162446
0.10339494448138485 -0.48144150679089853 19 nil_vol 0.6 nil_bias 0.43 Right 0.005 0.01 0.001 0.104953499292893 -0.4821797909749233 -0.0015585548115081404 0.000738284184024795
0.022848019798434916 -0.6579125341795917 19 nil_vol 0.6 nil_bias 0.43 Right 0.005 0.01 0.001 0.02191795911461264 -0.6574719663612647 0.0009300606838222765 -0.0004405678183270527
0.025260580366984135 -0.6748283883185665 19 nil_vol 0.6 nil_bias 0.43 Right 0.005 0.01 0.001 0.01581561189701086 -0.6703543263295328 0.009444968469973272 -0.004474061989033687
-0.01360841857422383 -0.7324699252509435 19 nil_vol 0.6 nil_bias 0.43 Home 0.005 0.01 0.001 0.0 -0.75 -0.01360841857422383 0.017530074749056556
-0.05229188101384444 -0.6362586723062406 20 nil_vol 0.6 nil_bias 0.43 Home 0.005 0.01 0.001 -0.045284740068303096 -0.6340044760262957 -0.007007140945541343 -0.0022541962799447965
-0.05790507457859461 -0.5700874187228392 20 nil_vol 0.6 nil_bias 0.43 Home 0.005 0.01 0.001 -0.06510202994528008 -0.5724026782760003 0.007196955366685474 0.0023152595531611337
-0.06304248263418966 -0.5553288094579312 20 nil_vol 0.6 nil_bias 0.43 Home 0.005 0.01 0.001 -0.06988640788845638 -0.557530499272406 0.006843925254266715 0.0022016898144748827
-0.08589157269165373 -0.5150774021748079 20 nil_vol 0.6 nil_bias 0.43 Home 0.005 0.01 0.001 -0.08376377126988617 -0.5143928887496196 -0.002127801421767569 -0.0006845134251883022
-0.1657298699714498 -0.3082556387618045 20 nil_vol 0.6 nil_bias 0.43 Home 0.005 0.01 0.001 -0.15154599669915814 -0.30369268867786864 -0.014183873272291685 -0.00456295008393587
-0.34897086645075437 0.28863125769875664 20 nil_vol 0.6 nil_bias 0.43 Home 0.005 0.01 0.001 -0.3427412381374143 0.29063532827169203 -0.006229628313340064 -0.002004070572935373
-0.37491415179855353 0.36496220794516787 20 nil_vol 0.6 nil_bias 0.43 Home 0.005 0.01 0.001 -0.36742703304361674 0.3673708130204836 -0.007487118754936801 -0.002408605075315717
-0.3711748849782875 0.3790209638892896 20 nil_vol 0.6 nil_bias 0.43 Left 0.005 0.01 0.001 -0.4 0.35 0.028825115021712557 0.02902096388928961
-0.34943075007587204 0.29636233553034086 21 nil_vol 0.6 nil_bias 0.43 Left 0.005 0.01 0.001 -0.34381549946882833 0.2982647248429762 -0.005615250607043733 -0.0019023893126353742
-0.29997104395913105 0.24345034239994462 21 nil_vol 0.6 nil_bias 0.43 Left 0.005 0.01 0.001 -0.32264272731530746 0.23576940861185314 0.02267168335617644 0.0076809337880914715
-0.22245814735760144 -0.0720735330917034 21 nil_vol 0.6 nil_bias 0.43 Left 0.005 0.01 0.001 -0.21877180847997776 -0.07082463928903915 -0.0036863388776236902 -0.0012488938026642507
-0.1103860626235835 -0.3924981560528686 21 nil_vol 0.6 nil_bias 0.43 Left 0.005 0.01 0.001 -0.10985327304095788 -0.3923176524068516 -0.0005327895826256183 -0.00018050364601697715
-0.09535649166832512 -0.4235691025970315 21 nil_vol 0.6 nil_bias 0.43 Left 0.005 0.01 0.001 -0.09886311707775569 -0.42475711131990995 0.0035066254094305656 0.0011880087228784298
-0.09551561949395236 -0.4238445274785455 21 nil_vol 0.6 nil_bias 0.43 Left 0.005 0.01 0.001 -0.09879579727026061 -0.42495581806589083 0.0032801777763082542 0.001111290587345337
-0.06045592193805582 -0.5620759114039395 21 nil_vol 0.6 nil_bias 0.43 Left 0.005 0.01 0.001 -0.0531764435626878 -0.5596096987926111 -0.0072794783753680195 -0.002466212611328352
0.015986170948338558 -0.7637558273154691 21 nil_vol 0.6 nil_bias 0.43 Home 0.005 0.01 0.001 0.0 -0.75 0.015986170948338558 -0.013755827315469092
-0.002029713688146289 -0.7004027113723844 22 nil_vol 0.6 nil_bias 0.43 Home 0.005 0.01 0.001 -0.011892037529151484 -0.7050892636971615 0.009862323841005195 0.0046865523247770985
-0.13647488111761163 -0.42061463487609385 22 nil_vol 0.6 nil_bias 0.43 Home 0.005 0.01 0.001 -0.1451212334660263 -0.42472336050228204 0.008646352348414646 0.00410872562618817
-0.24581857657377765 -0.23699255190887875 22 nil_vol 0.6 nil_bias 0.43 Home 0.005 0.01 0.001 -0.23644673800140417 -0.2325390769919249 -0.00937183857237348 -0.004453474916953853
-0.2500382415206134 -0.186528023279708 22 nil_vol 0.6 nil_bias 0.43 Home 0.005 0.01 0.001 -0.25678710062105736 -0.18973506472518087 0.006748859100443999 0.0032070414454728755
-0.2893072440390673 -0.18104507239349626 22 nil_vol 0.6 nil_bias 0.43 Home 0.005 0.01 0.001 -0.26614654463658727 -0.1700391643156397 -0.02316069940248004 -0.011005908077856556
-0.36162652947218926 0.02268323757415417 22 nil_vol 0.6 nil_bias 0.43 Home 0.005 0.01 0.001 -0.3584459720701691 0.024194630723155197 -0.0031805574020201933 -0.001511393149001027
-0.38295050474727393 0.05330093236876397 22 nil_vol 0.6 nil_bias 0.43 Home 0.005 0.01 0.001 -0.37424339264617223 0.05743853088178885 -0.008707112101101677 -0.004137598513024875
-0.529810518339393 0.3848121023854153 22 nil_vol 0.6 nil_bias 0.43 Left 0.005 0.01 0.001 -0.4 0.35 -0.12981051833939294 0.034812102385415336
-0.3191896092567226 -0.047534890841826306 23 nil_vol 0.6 nil_bias 0.43 Left 0.005 0.01 0.001 -0.31901534230777107 -0.04744990851339004 -0.00017426694895149216 -8.49823284362669e-05
-0.26123915583431756 -0.17340112208378275 23 nil_vol 0.6 nil_bias 0.43 Left 0.005 0.01 0.001 -0.2582946918410796 -0.17196523646320094 -0.00294446399323795 -0.0014358856205817958
-0.22350965947857737 -0.21575652112042754 23 nil_vol 0.6 nil_bias 0.43 Left 0.005 0.01 0.001 -0.23435943906840367 -0.2210474815584873 0.010849779589826313 0.005290960438059761
-0.1697973018443306 -0.3215113726271328 23 nil_vol 0.6 nil_bias 0.43 Left 0.005 0.01 0.001 -0.1823762396945381 -0.3276455675171993 0.012578937850207512 0.006134194890066507
-0.05801919120695241 -0.5762682234929203 23 nil_vol 0.6 nil_bias 0.43 Left 0.005 0.01 0.001 -0.0605355024299723 -0.577495317833466 0.00251631122301989 0.0012270943405456904
-0.04936415633482587 -0.5853337053452713 23 nil_vol 0.6 nil_bias 0.43 Left 0.005 0.01 0.001 -0.055301189192312916 -0.5882289352168422 0.005937032857487052 0.0028952298715708524
-0.05359650102992092 -0.6480618114820821 23 nil_vol 0.6 nil_bias 0.43 Left 0.005 0.01 0.001 -0.031401487124762484 -0.6372382791216188 -0.022195013905158434 -0.010823532360463321
0.041033732819149724 -0.7857758046110812 23 nil_vol 0.6 nil_bias 0.43 Home 0.005 0.01 0.001 0.0 -0.75 0.041033732819149724 -0.03577580461108119
0.011580560832869033 -0.7202822815833256 24 nil_vol 0.6 nil_bias 0.43 Home 0.005 0.01 0.001 0.008544770547776574 -0.7218245448059215 0.003035790285092458 0.0015422632225958485
-0.07477330790399984 -0.5618171092179503 24 nil_vol 0.6 nil_bias 0.43 Home 0.005 0.01 0.001 -0.0731597589796599 -0.5609973829094207 -0.001613548924339947 -0.0008197263085295108
-0.13296286564498372 -0.441856732007064 24 nil_vol 0.6 nil_bias 0.43 Home 0.005 0.01 0.001 -0.13353798493012903 -0.4421489080926259 0.0005751192851452956 0.00029217608556191503
-0.3609768021796612 0.014309897062196734 24 nil_vol 0.6 nil_bias 0.43 Home 0.005 0.01 0.001 -0.3645175218188781 0.012511116129303446 0.003540719639216854 0.001798780932893289
-0.3789963261495305 0.04932836480336835 24 nil_vol 0.6 nil_bias 0.43 Home 0.005 0.01 0.001 -0.3823548656455843 0.047622136289549366 0.0033585394960538285 0.0017062285138189843
-0.40137942508980134 0.12359108614878793 24 nil_vol 0.6 nil_bias 0.43 Home 0.005 0.01 0.001 -0.4169345060667037 0.11568868609402061 0.01555508097690232 0.007902400054767325
-0.49215743165691705 0.2652848360669445 24 nil_vol 0.6 nil_bias 0.43 Home 0.005 0.01 0.001 -0.4927741972092447 0.26497150255606594 0.0006167655523276417 0.00031333351087852465
-0.5328022161708487 0.3437626384106863 24 nil_vol 0.6 nil_bias 0.43 Left 0.005 0.01 0.001 -0.4 0.35 -0.13280221617084864 -0.006237361589313674
-0.394164934275456 0.06539926131319673 25 nil_vol 0.6 nil_bias 0.43 Left 0.005 0.01 0.001 -0.39872374642268743 0.06322048514903139 0.0045588121472313935 0.002178776164165343
-0.3561119285539107 -0.020069934219497088 25 nil_vol 0.6 nil_bias 0.43 Left 0.005 0.01 0.001 -0.3583954730503328 -0.021161300162627017 0.0022835444964220707 0.0010913659431299274
-0.31144354274101016 -0.14848451467023488 25 nil_vol 0.6 nil_bias 0.43 Left 0.005 0.01 0.001 -0.3001288018311902 -0.14307690255509348 -0.011314740909819982 -0.0054076121151414
-0.245779580122219 -0.2827114070083029 25 nil_vol 0.6 nil_bias 0.43 Left 0.005 0.01 0.001 -0.23569683662954788 -0.2778925988447407 -0.010082743492671124 -0.004818808163562179
-0.2262870943182855 -0.3220490384349123 25 nil_vol 0.6 nil_bias 0.43 Left 0.005 0.01 0.001 -0.21676767713509731 -0.3174994587229971 -0.009519417183188187 -0.004549579711915178
-0.18606716064765286 -0.37819890867927736 25 nil_vol 0.6 nil_bias 0.43 Left 0.005 0.01 0.001 -0.1874434510230818 -0.3788566740286954 0.0013762903754289452 0.0006577653494180168
-0.19693317125202742 -0.40814131560370226 25 nil_vol 0.6 nil_bias 0.43 Left 0.005 0.01 0.001 -0.17781451164587475 -0.3990040055993903 -0.019118659606152676 -0.00913731000431194
-0.011220503778240475 -0.74758078884774 25 nil_vol 0.6 nil_bias 0.43 Home 0.005 0.01 0.001 0.0 -0.75 -0.011220503778240475 0.0024192111522599417
-0.16100730393984491 -0.3657855419689215 26 nil_vol 0.6 nil_bias 0.43 Home 0.005 0.01 0.001 -0.15832319291738495 -0.36475416138818173 -0.002684111022459973 -0.001031380580739754
-0.16473367867595573 -0.34780569386600313 26 nil_vol 0.6 nil_bias 0.43 Home 0.005 0.01 0.001 -0.16482258360017724 -0.34783985594484673 8.890492422150034e-05 3.416207884357818e-05
-0.2076819904175918 -0.26548322908357963 26 nil_vol 0.6 nil_bias 0.43 Home 0.005 0.01 0.001 -0.19791113148226164 -0.26172873678474357 -0.009770858935330163 -0.0037544922988360916
-0.19850074250411973 -0.2408240538832969 26 nil_vol 0.6 nil_bias 0.43 Home 0.005 0.01 0.001 -0.20498624829573572 -0.24331613587013567 0.006485505791615986 0.0024920819868387853
-0.3255339183689528 0.05725265960352073 26 nil_vol 0.6 nil_bias 0.43 Home 0.005 0.01 0.001 -0.32113111062566113 0.05894445639179213 -0.004402807743291677 -0.0016917967882714036
-0.3320083405597024 0.1060874605669542 26 nil_vol 0.6 nil_bias 0.43 Home 0.005 0.01 0.001 -0.33831483968661075 0.10366416261932154 0.0063064991269083165 0.0024232979476326586
-0.38118360026185494 0.21132047232047108 26 nil_vol 0.6 nil_bias 0.43 Home 0.005 0.01 0.001 -0.3798753756158252 0.21182316296324621 -0.0013082246460297349 -0.0005026906427751269
-0.41201612804903465 0.29546769679212476 26 nil_vol 0.6 nil_bias 0.43 Left 0.005 0.01 0.001 -0.4 0.35 -0.012016128049034598 -0.05453230320787524
-0.4096715699537311 0.2895088524470963 27 nil_vol 0.6 nil_bias 0.43 Left 0.005 0.01 0.001 -0.4094095845544381 0.2896257442452978 -0.0002619853992930088 -0.0001168917982015048
-0.37569506017105087 0.17475817887401218 27 nil_vol 0.6 nil_bias 0.43 Left 0.005 0.01 0.001 -0.3610698420888232 0.1812836113803052 -0.01462521808222767 -0.006525432506293018
-0.3337096669622825 0.14231978946983825 27 nil_vol 0.6 nil_bias 0.43 Left 0.005 0.01 0.001 -0.3420289412656777 0.1386079225655005 0.00831927430339516 0.003711866904337755
-0.20241593422520024 -0.16230122464169344 27 nil_vol 0.6 nil_bias 0.43 Left 0.005 0.01 0.001 -0.20688132850745092 -0.16429357982156062 0.004465394282250679 0.0019923551798671883
-0.14795359122554635 -0.2839297019943015 27 nil_vol 0.6 nil_bias 0.43 Left 0.005 0.01 0.001 -0.15258122934421964 -0.2859944466044107 0.00462763811867328 0.002064744610109207
-0.10720305574585998 -0.3380079368366524 27 nil_vol 0.6 nil_bias 0.43 Left 0.005 0.01 0.001 -0.12569313072302296 -0.346257778693465 0.018490074977162978 0.008249841856812608
-0.01787453216350076 -0.6009740013347068 27 nil_vol 0.6 nil_bias 0.43 Left 0.005 0.01 0.001 -0.013012560893453595 -0.5988047027169459 -0.004861971270047164 -0.0021692986177609215
0.05389470620892037 -0.7487615633103846 27 nil_vol 0.6 nil_bias 0.43 Home 0.005 0.01 0.001 0.0 -0.75 0.05389470620892037 0.0012384366896154768
0.028035978055226392 -0.675387374727325 28 nil_vol 0.6 nil_bias 0.43 Home 0.005 0.01 0.001 0.02253051651362465 -0.6778214611596223 0.0055054615416017414 0.002434086432297259
-0.00868767627920859 -0.6178120312786535 28 nil_vol 0.6 nil_bias 0.43 Home 0.005 0.01 0.001 -0.004767303943455287 -0.6160787478763623 -0.003920372335753304 -0.0017332834022911654
-0.06840468104111858 -0.5081247352461913 28 nil_vol 0.6 nil_bias 0.43 Home 0.005 0.01 0.001 -0.055097369516188585 -0.5022412782120402 -0.013307311524929992 -0.0058834570341510855
-0.04311825013757821 -0.47581612492506364 28 nil_vol 0.6 nil_bias 0.43 Home 0.005 0.01 0.001 -0.06291149076000102 -0.48456715480442547 0.019793240622422808 0.008751029879361836
-0.2046388463754854 -0.19291264101630556 28 nil_vol 0.6 nil_bias 0.43 Home 0.005 0.01 0.001 -0.1939481415172093 -0.18818604371822445 -0.010690704858276112 -0.004726597298081114
-0.23379570315426002 -0.12187926525155938 28 nil_vol 0.6 nil_bias 0.43 Home 0.005 0.01 0.001 -0.22498590497816115 -0.11798425843883709 -0.008809798176098872 -0.003895006812722301
-0.35897133995449954 0.1754182228925058 28 nil_vol 0.6 nil_bias 0.43 Home 0.005 0.01 0.001 -0.355403123862154 0.1769958102232414 -0.003568216092345528 -0.0015775873307356002
-0.46267037564559377 0.4196148567497362 28 nil_vol 0.6 nil_bias 0.43 Left 0.005 0.01 0.001 -0.4 0.35 -0.06267037564559372 0.06961485674973625
-0.3919642877438718 0.22913951589948953 29 nil_vol 0.6 nil_bias 0.43 Left 0.005 0.01 0.001 -0.385156954561395 0.2319512474082532 -0.006807333182476815 -0.002811731508763673
-0.3692354808889224 0.21653577439908966 29 nil_vol 0.6 nil_bias 0.43 Left 0.005 0.01 0.001 -0.3773972358856094 0.21316460641364893 0.008161754996687047 0.0033711679854407472
-0.24898404036376073 -0.14424245828964244 29 nil_vol 0.6 nil_bias 0.43 Left 0.005 0.01 0.001 -0.23257217363570473 -0.13746362705574722 -0.01641186672805599 -0.006778831233895222
-0.12107742778411454 -0.38590295729538837 29 nil_vol 0.6 nil_bias 0.43 Left 0.005 0.01 0.001 -0.12866174698355193 -0.3890356186025319 0.007584319199437384 0.003132661307143533
-0.10067074998197369 -0.47347133551124837 29 nil_vol 0.6 nil_bias 0.43 Left 0.005 0.01 0.001 -0.0947894264347448 -0.47104208718628826 -0.0058813235472288845 -0.0024292483249601115
-0.0942550600558412 -0.48832353695577363 29 nil_vol 0.6 nil_bias 0.43 Left 0.005 0.01 0.001 -0.08861384284065421 -0.4859934632299052 -0.005641217215186984 -0.002330073725868394
-0.02777928984446547 -0.613075707324327 29 nil_vol 0.6 nil_bias 0.43 Left 0.005 0.01 0.001 -0.03490716478409184 -0.6160198368418692 0.007127874939626368 0.0029441295175421925
0.0007575573013717774 -0.702365793182111 29 nil_vol 0.6 nil_bias 0.43 Home 0.005 0.01 0.001 0.0 -0.75 0.0007575573013717774 0.04763420681788905
-0.03721569577197202 -0.5859736502068619 30 nil_vol 0.6 nil_bias 0.43 Home 0.005 0.01 0.001 -0.043779314478637914 -0.5885418537518711 0.00656361870666589 0.002568203545009175
-0.06596045384235677 -0.5560802749886021 30 nil_vol 0.6 nil_bias 0.43 Home 0.005 0.01 0.001 -0.05773946093296399 -0.5528635763842247 -0.008220992909392785 -0.0032166986043774422
-0.06359389801961184 -0.4865167732946114 30 nil_vol 0.6 nil_bias 0.43 Home 0.005 0.01 0.001 -0.0810300836291818 -0.493339179606614 0.017436185609569967 0.006822406312002575
-0.15422078284070698 -0.273630561124229 30 nil_vol 0.6 nil_bias 0.43 Home 0.005 0.01 0.001 -0.1653009956236328 -0.27796601128065973 0.011080212782925813 0.004335450156430692
-0.17846633774822754 -0.18942267942203678 30 nil_vol 0.6 nil_bias 0.43 Home 0.005 0.01 0.001 -0.19709420052771284 -0.19671136350992158 0.018627862779485315 0.007288684087884794
-0.32293191227024803 0.09604547609703208 30 nil_vol 0.6 nil_bias 0.43 Home 0.005 0.01 0.001 -0.31314244435677946 0.0998758854067 -0.009789467913468563 -0.0038304093096679192
-0.35376778496143213 0.19912103852074026 30 nil_vol 0.6 nil_bias 0.43 Home 0.005 0.01 0.001 -0.35221298695506215 0.1997293977095026 -0.0015547980063699565 -0.0006083591887623308
-0.4039817794393627 0.3320361283935946 30 nil_vol 0.6 nil_bias 0.43 Left 0.005 0.01 0.001 -0.4 0.35 -0.003981779439362688 -0.017963871606405415
-0.38909113131196776 0.285279484235453 31 nil_vol 0.6 nil_bias 0.43 Left 0.005 0.01 0.001 -0.3863764739809943 0.2863250149147417 -0.0027146573309734727 -0.0010455306792886837
-0.38203839891472025 0.2492134185607869 31 nil_vol 0.6 nil_bias 0.43 Left 0.005 0.01 0.001 -0.3733691614947645 0.2525523127870246 -0.008669237419955757 -0.0033388942262377167
-0.3060494521964956 0.06746397670080231 31 nil_vol 0.6 nil_bias 0.43 Left 0.005 0.01 0.001 -0.30259599333130766 0.06879405145904838 -0.003453458865187915 -0.0013300747582460643
-0.3076126969313063 0.040844230505948306 31 nil_vol 0.6 nil_bias 0.43 Left 0.005 0.01 0.001 -0.2938698641078823 0.04613718338559325 -0.013742832823423978 -0.005292952879644941
-0.2009472592600755 -0.24412135338194466 31 nil_vol 0.6 nil_bias 0.43 Left 0.005 0.01 0.001 -0.18451618610640538 -0.23779304414018915 -0.016431073153670123 -0.006328309241755512
-0.009206854443580628 -0.699493511383914 31 nil_vol 0.6 nil_bias 0.43 Left 0.005 0.01 0.001 -0.007019974068974255 -0.6986512501903934 -0.0021868803746063733 -0.0008422611935206476
0.014776798611609899 -0.7261115245499192 31 nil_vol 0.6 nil_bias 0.43 Left 0.005 0.01 0.001 0.005005567610952666 -0.7298748436506546 0.009771231000657233 0.0037633191007353825
0.005857612804664706 -0.7320871275914804 31 nil_vol 0.6 nil_bias 0.43 Home 0.005 0.01 0.001 0.0 -0.75 0.005857612804664706 0.017912872408519607
0.17906919886663702 -0.39221662385145 32 nil_vol 0.6 nil_bias 0.43 Home 0.005 0.01 0.001 0.16455974371728732 -0.3855713805394989 0.014509455149349709 -0.006645243311951113
0.19809387299331643 -0.38159847853263723 32 nil_vol 0.6 nil_bias 0.43 Home 0.005 0.01 0.001 0.17187825718111419 -0.36959188394644943 0.02621561581220225 -0.012006594586187795
0.2072343548231488 -0.23443756532273335 32 nil_vol 0.6 nil_bias 0.43 Home 0.005 0.01 0.001 0.22917573284339188 -0.24448658467206064 -0.02194137802024307 0.01004901934932727
0.23561329516285826 -0.24407086070253728 32 nil_vol 0.6 nil_bias 0.43 Home 0.005 0.01 0.001 0.23044931966961188 -0.24170579094241518 0.005163975493246386 -0.002365069760122108
0.2562652185766332 -0.18699598833692188 32 nil_vol 0.6 nil_bias 0.43 Home 0.005 0.01 0.001 0.2556377066295427 -0.18670859163410636 0.0006275119470905091 -0.00028739670281550977
0.35602944671791315 0.04644586702652119 32 nil_vol 0.6 nil_bias 0.43 Home 0.005 0.01 0.001 0.3613128165957201 0.04402611535537493 -0.0052833698778069595 0.00241975167114626
0.3960743212729277 0.13099184934545333 32 nil_vol 0.6 nil_bias 0.43 Home 0.005 0.01 0.001 0.400263817907923 0.12907308504951132 -0.004189496634995308 0.0019187642959420169
0.4790849958794347 0.3011739838292089 32 nil_vol 0.6 nil_bias 0.43 Right 0.005 0.01 0.001 0.4 0.35 0.0790849958794347 -0.04882601617079105
0.4541659818848018 0.2195526501591009 33 nil_vol 0.6 nil_bias 0.43 Right 0.005 0.01 0.001 0.44522943891270816 0.22344504390555467 0.008936542972093599 -0.0038923937464537925
0.38853075072770565 0.14166680073793808 33 nil_vol 0.6 nil_bias 0.43 Right 0.005 0.01 0.001 0.40624883936080314 0.13394952375399202 -0.017718088633097494 0.0077172769839460465
0.2942241779736913 -0.15027096296268477 33 nil_vol 0.6 nil_bias 0.43 Right 0.005 0.01 0.001 0.2843308629464858 -0.1459618383197614 0.009893315027205545 -0.004309124642923373
0.258456137001141 -0.2552709303422529 33 nil_vol 0.6 nil_bias 0.43 Right 0.005 0.01 0.001 0.24018628633750266 -0.24731332831495234 0.018269850663638343 -0.007957602027300557
0.20755697245601867 -0.2725858832318707 33 nil_vol 0.6 nil_bias 0.43 Right 0.005 0.01 0.001 0.22573080134308526 -0.28050166208841965 -0.01817382888706659 0.007915778856548912
0.10188277621111118 -0.5407937155717055 33 nil_vol 0.6 nil_bias 0.43 Right 0.005 0.01 0.001 0.11068778196463985 -0.5446288170689566 -0.008805005753528673 0.0038351014972510685
0.03540601893939218 -0.7261736677117107 33 nil_vol 0.6 nil_bias 0.43 Right 0.005 0.01 0.001 0.03221888436792997 -0.7247854818423196 0.003187134571462209 -0.0013881858693910456
0.019488198342442926 -0.7540138513603433 33 nil_vol 0.6 nil_bias 0.43 Home 0.005 0.01 0.001 0.0 -0.75 0.019488198342442926 -0.0040138513603432385
-0.008355789525462731 -0.7137835518146407 34 nil_vol 0.6 nil_bias 0.43 Home 0.005 0.01 0.001 0.0010818939039952333 -0.709850164734275 -0.009437683429457965 -0.003933387080365703
-0.0625208046249148 -0.5934254306743822 34 nil_vol 0.6 nil_bias 0.43 Home 0.005 0.01 0.001 -0.04967271038129493 -0.5880706708667546 -0.012848094243619868 -0.0053547598076276876
-0.07745038411367006 -0.5174107271806855 34 nil_vol 0.6 nil_bias 0.43 Home 0.005 0.01 0.001 -0.07887459562144286 -0.518004302414084 0.0014242115077728059 0.0005935752333985048
-0.20997674207898412 -0.23678024534944922 34 nil_vol 0.6 nil_bias 0.43 Home 0.005 0.01 0.001 -0.19813804452797254 -0.23184617648143035 -0.01183869755101157 -0.004934068868018858
-0.19030950211800798 -0.20107958666818618 34 nil_vol 0.6 nil_bias 0.43 Home 0.005 0.01 0.001 -0.2079045071297903 -0.20841273848553732 0.01759500501178232 0.007333151817351134
-0.3918845050374221 0.28034174631109404 34 nil_vol 0.6 nil_bias 0.43 Home 0.005 0.01 0.001 -0.4086864615606911 0.2733391169892406 0.01680195652326901 0.007002629321853428
-0.40706694347609534 0.3058570469822157 34 nil_vol 0.6 nil_bias 0.43 Home 0.005 0.01 0.001 -0.4199937155196653 0.30046949626311614 0.012926772043569953 0.005387550719099596
-0.42466992255105995 0.31168948573051547 34 nil_vol 0.6 nil_bias 0.43 Left 0.005 0.01 0.001 -0.4 0.35 -0.02466992255105996 -0.03831051426948453
-0.3588833452366847 0.110622700453785 35 nil_vol 0.6 nil_bias 0.43 Left 0.005 0.01 0.001 -0.345792953452941 0.11589627676243497 -0.013090391783743707 -0.005273576308649975
-0.3265499854015689 0.037032271544139864 35 nil_vol 0.6 nil_bias 0.43 Left 0.005 0.01 0.001 -0.3157712494396201 0.04137457753048296 -0.01077873596194881 -0.004342305986343093
-0.229679678714802 -0.17204738622348548 35 nil_vol 0.6 nil_bias 0.43 Left 0.005 0.01 0.001 -0.22977664803746542 -0.1720864511446209 9.69693226634197e-05 3.906492113541598e-05
-0.21759226763110792 -0.17668775963250993 35 nil_vol 0.6 nil_bias 0.43 Left 0.005 0.01 0.001 -0.22648046192794954 -0.1802684447368863 0.008888194296841625 0.0035806851043763623
-0.2268685140827656 -0.1989088368281146 35 nil_vol 0.6 nil_bias 0.43 Left 0.005 0.01 0.001 -0.2200737731062287 -0.19617151730175963 -0.006794740976536909 -0.0027373195263549637
-0.06686554360559883 -0.6225819559703575 35 nil_vol 0.6 nil_bias 0.43 Left 0.005 0.01 0.001 -0.05088434855120161 -0.6161437948354521 -0.01598119505439723 -0.006438161134905374
-0.052566669002446796 -0.621091211600048 35 nil_vol 0.6 nil_bias 0.43 Left 0.005 0.01 0.001 -0.04940445151916495 -0.6198172852364885 -0.0031622174832818487 -0.0012739263635595096
-0.011597921231975509 -0.7136629536174541 35 nil_vol 0.6 nil_bias 0.43 Home 0.005 0.01 0.001 0.0 -0.75 -0.011597921231975509 0.03633704638254589
-0.08559602037253464 -0.5326288519418442 36 nil_vol 0.6 nil_bias 0.43 Home 0.005 0.01 0.001 -0.08376450665585097 -0.5319016668879293 -0.0018315137166836641 -0.0007271850539149011
-0.08689868604275065 -0.5083372645968689 36 nil_vol 0.6 nil_bias 0.43 Home 0.005 0.01 0.001 -0.0922732720437532 -0.5104711927107058 0.0053745860010025485 0.0021339281138369704
-0.09881040310458625 -0.48131179729376816 36 nil_vol 0.6 nil_bias 0.43 Home 0.005 0.01 0.001 -0.10316436796194733 -0.48304049751626865 0.0043539648573610885 0.0017287002225004672
-0.09865620540960963 -0.45825758080221546 36 nil_vol 0.6 nil_bias 0.43 Home 0.005 0.01 0.001 -0.11105036013953802 -0.4631785617336781 0.012394154729928386 0.004920980931462651
-0.17464300643498198 -0.3098674242683728 36 nil_vol 0.6 nil_bias 0.43 Home 0.005 0.01 0.001 -0.17229174123119087 -0.30893387684341383 -0.0023512652037911094 -0.0009335474249589709
-0.2025929736201285 -0.22282646139090517 36 nil_vol 0.6 nil_bias 0.43 Home 0.005 0.01 0.001 -0.20595057348858062 -0.22415956439697277 0.0033575998684521116 0.001333103006067588
-0.41416037740280026 0.30268610955430364 36 nil_vol 0.6 nil_bias 0.43 Home 0.005 0.01 0.001 -0.4149976371838465 0.3023536835432534 0.0008372597810462879 0.00033242601105022544
-0.44149083299437375 0.36908037335149196 36 nil_vol 0.6 nil_bias 0.43 Left 0.005 0.01 0.001 -0.4 0.35 -0.04149083299437372 0.01908037335149201
-0.4238066611109333 0.2623030105066799 37 nil_vol 0.6 nil_bias 0.43 Left 0.005 0.01 0.001 -0.4001628698548581 0.2724111931968199 -0.02364379125607521 -0.01010818269013997
-0.38008280804778605 0.23749477907429414 37 nil_vol 0.6 nil_bias 0.43 Left 0.005 0.01 0.001 -0.3844391915692254 0.23563234000832117 0.004356383521439357 0.0018624390659729582
-0.309533649587653 0.0354522217546833 37 nil_vol 0.6 nil_bias 0.43 Left 0.005 0.01 0.001 -0.3005079363725135 0.03931089048929237 -0.009025713215139508 -0.003858668734609071
-0.23613896905950385 -0.11697112285297459 37 nil_vol 0.6 nil_bias 0.43 Left 0.005 0.01 0.001 -0.23407209167668444 -0.11608749239128674 -0.0020668773828194068 -0.0008836304616878518
-0.20891249859008554 -0.17554259639105294 37 nil_vol 0.6 nil_bias 0.43 Left 0.005 0.01 0.001 -0.20869383832632013 -0.17544911485633302 -0.0002186602637654015 -9.348153471990037e-05
-0.17411349476794757 -0.29856033831343 37 nil_vol 0.6 nil_bias 0.43 Left 0.005 0.01 0.001 -0.15885096308605218 -0.2920353078357139 -0.015262531681895395 -0.006525030477716089
-0.011309200985821968 -0.6187683071000908 37 nil_vol 0.6 nil_bias 0.43 Left 0.005 0.01 0.001 -0.01795208329918596 -0.6216082690708822 0.006642882313363994 0.00283996197079136
0.03921975776673674 -0.7553374583154295 37 nil_vol 0.6 nil_bias 0.43 Home 0.005 0.01 0.001 0.0 -0.75 0.03921975776673674 -0.005337458315429535
0.18374326119524453 -0.3405680688727603 38 nil_vol 0.6 nil_bias 0.43 Home 0.005 0.01 0.001 0.1804080965808021 -0.33943586270535225 0.0033351646144424377 -0.0011322061674080553
0.18441494323872373 -0.30145003478750226 38 nil_vol 0.6 nil_bias 0.43 Home 0.005 0.01 0.001 0.19238486675023936 -0.30415562734339385 -0.007969923511515615 0.0027055925558915716
0.20914236319462354 -0.2631529251250793 38 nil_vol 0.6 nil_bias 0.43 Home 0.005 0.01 0.001 0.20659754691119653 -0.262289022732214 0.0025448162834270033 -0.0008639023928653002
0.23497578901164995 -0.1952829688779844 38 nil_vol 0.6 nil_bias 0.43 Home 0.005 0.01 0.001 0.22992636383657467 -0.19356881351056143 0.0050494251750752735 -0.0017141553674229878
0.3369016188281308 0.0716688106829761 38 nil_vol 0.6 nil_bias 0.43 Home 0.005 0.01 0.001 0.32171783152578576 0.07682333215813308 0.015183787302345063 -0.005154521475156982
0.31428946997510415 0.09955762431750503 38 nil_vol 0.6 nil_bias 0.43 Home 0.005 0.01 0.001 0.3278704441107999 0.09494721839953069 -0.013580974135695782 0.004610405917974347
0.4236029333561871 0.3686207256093471 38 nil_vol 0.6 nil_bias 0.43 Home 0.005 0.01 0.001 0.4210679890359554 0.3694812767140734 0.0025349443202317395 -0.0008605511047262675
0.4599678982455816 0.48406959502183833 38 nil_vol 0.6 nil_bias 0.43 Right 0.005 0.01 0.001 0.4 0.35 0.059967898245581595 0.13406959502183838
0.33020857377296503 0.09196429236980244 39 nil_vol 0.6 nil_bias 0.43 Right 0.005 0.01 0.001 0.32239300474133525 0.09472592989859385 0.007815569031629752 -0.0027616375287914142
0.19564415509064115 -0.27577042827280135 39 nil_vol 0.6 nil_bias 0.43 Right 0.005 0.01 0.001 0.1919402764975529 -0.27446165982825643 0.0037038785930882502 -0.0013087684445449376
0.19348369453949837 -0.3037139310992776 39 nil_vol 0.6 nil_bias 0.43 Right 0.005 0.01 0.001 0.18292258888470936 -0.299982156022663 0.010561105654789021 -0.00373177507661457
0.11489564820667388 -0.4650990411995597 39 nil_vol 0.6 nil_bias 0.43 Right 0.005 0.01 0.001 0.12350364009475867 -0.4681406819744618 -0.008607991888084792 0.0030416407749020804
0.08633101721547481 -0.5448299983735118 39 nil_vol 0.6 nil_bias 0.43 Right 0.005 0.01 0.001 0.09528717245439489 -0.5479946629451362 -0.008956155238920077 0.0031646645716244025
0.09424994032322166 -0.5624299477679507 39 nil_vol 0.6 nil_bias 0.43 Right 0.005 0.01 0.001 0.09063749179579161 -0.5611534862097707 0.0036124485274300487 -0.0012764615581800812
0.05595273552046315 -0.6857970043800503 39 nil_vol 0.6 nil_bias 0.43 Right 0.005 0.01 0.001 0.04763333871985176 -0.6828573389086694 0.008319396800611393 -0.0029396654713808746
0.03349083495414733 -0.7228813150129191 39 nil_vol 0.6 nil_bias 0.43 Home 0.005 0.01 0.001 0.0 -0.75 0.03349083495414733 0.027118684987080945
0.060507658976249525 -0.6211220369178132 40 nil_vol 0.6 nil_bias 0.43 Home 0.005 0.01 0.001 0.06741141852860194 -0.6234778867817526 -0.006903759552352417 0.002355849863939462
0.08529597510892954 -0.610622941815474 40 nil_vol 0.6 nil_bias 0.43 Home 0.005 0.01 0.001 0.07320589915985876 -0.6064973051151155 0.012090075949070786 -0.004125636700358568
0.17465740430313723 -0.3469310853975905 40 nil_vol 0.6 nil_bias 0.43 Home 0.005 0.01 0.001 0.16312373537542785 -0.34299531791206034 0.011533668927709384 -0.003935767485530169
0.2180516168659076 -0.15141541168743458 40 nil_vol 0.6 nil_bias 0.43 Home 0.005 0.01 0.001 0.22740912396598167 -0.15460858225795515 -0.00935750710007407 0.0031931705705205765
0.22874144008573613 -0.10566577342986425 40 nil_vol 0.6 nil_bias 0.43 Home 0.005 0.01 0.001 0.24250745124431944 -0.1103633089203474 -0.013766011158583316 0.004697535490483162
0.29566080133165057 0.04861254270659443 40 nil_vol 0.6 nil_bias 0.43 Home 0.005 0.01 0.001 0.29664232838025034 0.04827760485912713 -0.0009815270485997916 0.00033493784746729875
0.29629634529148086 0.0522135191390177 40 nil_vol 0.6 nil_bias 0.43 Home 0.005 0.01 0.001 0.2978092541060346 0.05169725173458517 -0.0015129088145537553 0.0005162674044325315
0.42484172256431657 0.4239627475125061 40 nil_vol 0.6 nil_bias 0.43 Right 0.005 0.01 0.001 0.4 0.35 0.02484172256431654 0.07396274751250616
0.372075235142997 0.2536399304901807 41 nil_vol 0.6 nil_bias 0.43 Right 0.005 0.01 0.001 0.36174784181933883 0.2575555995632918 0.010327393323658196 -0.003915669073111148
0.30479719262352667 0.11256748869265888 41 nil_vol 0.6 nil_bias 0.43 Right 0.005 0.01 0.001 0.3065264708523282 0.11191182650694442 -0.0017292782288015444 0.0006556621857144577
0.18877929188166875 -0.188621521113145 41 nil_vol 0.6 nil_bias 0.43 Right 0.005 0.01 0.001 0.19210067552541202 -0.1898808359088689 -0.003321383643743276 0.0012593147957238777
0.18252665172603894 -0.20380374824061656 41 nil_vol 0.6 nil_bias 0.43 Right 0.005 0.01 0.001 0.1862819062119363 -0.2052275667581514 -0.0037552544858973744 0.0014238185175348434
0.14336950948413457 -0.33249096913910475 41 nil_vol 0.6 nil_bias 0.43 Right 0.005 0.01 0.001 0.1387006970556634 -0.33072077177551235 0.004668812428471176 -0.0017701973635924043
0.10457417827058958 -0.45361316202441754 41 nil_vol 0.6 nil_bias 0.43 Right 0.005 0.01 0.001 0.09367275742348924 -0.4494798483095062 0.010901420847100341 -0.004133313714911312
0.03619985199092723 -0.5958309420754425 41 nil_vol 0.6 nil_bias 0.43 Right 0.005 0.01 0.001 0.03793391818462516 -0.5964884196356159 -0.0017340661936979334 0.000657477560173469
-0.007320337917459001 -0.715844395232514 41 nil_vol 0.6 nil_bias 0.43 Home 0.005 0.01 0.001 0.0 -0.75 -0.007320337917459001 0.03415560476748597
-0.048766901406448585 -0.6125596695885361 42 nil_vol 0.6 nil_bias 0.43 Home 0.005 0.01 0.001 -0.04713989315768245 -0.6119361699123707 -0.001627008248766131 -0.0006234996761655093
-0.16982399106880997 -0.32132165564506365 42 nil_vol 0.6 nil_bias 0.43 Home 0.005 0.01 0.001 -0.15995768467323998 -0.31754070441309984 -0.009866306395569978 -0.0037809512319638048
-0.1533935265199669 -0.2886181042483278 42 nil_vol 0.6 nil_bias 0.43 Home 0.005 0.01 0.001 -0.16878153279537578 -0.2945150730785881 0.015388006275408884 0.005896968830260297
-0.19307996078380504 -0.23379074542464617 42 nil_vol 0.6 nil_bias 0.43 Home 0.005 0.01 0.001 -0.19218382276138063 -0.23344732874731527 -0.0008961380224244026 -0.00034341667733089014
-0.24336868028472586 -0.11445572023246825 42 nil_vol 0.6 nil_bias 0.43 Home 0.005 0.01 0.001 -0.238498785039946 -0.11258948623495602 -0.004869895244779855 -0.0018662339975122327
-0.2526260690780061 -0.05824926761210176 42 nil_vol 0.6 nil_bias 0.43 Home 0.005 0.01 0.001 -0.2584654168817003 -0.06048701377434906 0.005839347803694214 0.002237746162247307
-0.3983040011861964 0.23953286818341735 42 nil_vol 0.6 nil_bias 0.43 Home 0.005 0.01 0.001 -0.37662263660479095 0.24784156840395066 -0.021681364581405477 -0.008308700220533306
-0.4229542766020042 0.36874293104446376 42 nil_vol 0.6 nil_bias 0.43 Left 0.005 0.01 0.001 -0.4 0.35 -0.02295427660200415 0.018742931044463798
-0.36577910562737787 0.28635681866797463 43 nil_vol 0.6 nil_bias 0.43 Left 0.005 0.01 0.001 -0.385836328279199 0.2781398472098277 0.020057222651821152 0.0082169714581469
-0.317186101066397 0.1624479352326293 43 nil_vol 0.6 nil_bias 0.43 Left 0.005 0.01 0.001 -0.3353855737867374 0.15499204014224988 0.018199472720340365 0.007455895090379405
-0.16121128745868776 -0.2882964806449102 43 nil_vol 0.6 nil_bias 0.43 Left 0.005 0.01 0.001 -0.15484859441316023 -0.2856898352454136 -0.0063626930455275245 -0.0026066453994966422
-0.12289672021099936 -0.3535153378070149 43 nil_vol 0.6 nil_bias 0.43 Left 0.005 0.01 0.001 -0.1264634611797255 -0.3549765475291877 0.003566740968726158 0.0014612097221728246
-0.06213478943385478 -0.5173207929269056 43 nil_vol 0.6 nil_bias 0.43 Left 0.005 0.01 0.001 -0.06026813853845786 -0.516556070043979 -0.0018666508953969231 -0.0007647228829265749
0.02844784850826215 -0.720128856954737 43 nil_vol 0.6 nil_bias 0.43 Left 0.005 0.01 0.001 0.023894966825006525 -0.7219940652885656 0.004552881683255624 0.0018652083338285348
0.04367606903426105 -0.7736384060355448 43 nil_vol 0.6 nil_bias 0.43 Left 0.005 0.01 0.001 0.044854632288944096 -0.7731555764437582 -0.0011785632546830488 -0.00048282959178657883
0.049797584212639495 -0.7852210786541267 43 nil_vol 0.6 nil_bias 0.43 Home 0.005 0.01 0.001 0.0 -0.75 0.049797584212639495 -0.03522107865412666
0.09501627792587544 -0.6338260906509889 44 nil_vol 0.6 nil_bias 0.43 Home 0.005 0.01 0.001 0.09063550248557191 -0.6326534841744087 0.0043807754403035306 -0.0011726064765802404
0.1014151350064058 -0.6300704513201664 44 nil_vol 0.6 nil_bias 0.43 Home 0.005 0.01 0.001 0.09200137986623981 -0.6275506622105164 0.00941375514016598 -0.0025197891096500314
0.1865286825565622 -0.28560423645816935 44 nil_vol 0.6 nil_bias 0.43 Home 0.005 0.01 0.001 0.1837309664965876 -0.2848553690450222 0.0027977160599745787 -0.0007488674131471663
0.28894232497775413 0.12393097749839505 44 nil_vol 0.6 nil_bias 0.43 Home 0.005 0.01 0.001 0.29286981465291284 0.1228797024689966 -0.003927489675158688 0.00105127502939845
0.3283873037619317 0.2223033500111816 44 nil_vol 0.6 nil_bias 0.43 Home 0.005 0.01 0.001 0.3200779843969803 0.22452751370915935 0.008309319364951395 -0.0022241636979777523
0.3391352606762724 0.30167345936661044 44 nil_vol 0.6 nil_bias 0.43 Home 0.005 0.01 0.001 0.34062124799261684 0.30127570367814704 -0.0014859873163444387 0.00039775568846342154
0.33526051203705465 0.339391854270659 44 nil_vol 0.6 nil_bias 0.43 Home 0.005 0.01 0.001 0.3497833096958798 0.3355045227183202 -0.014522797658825158 0.003887331552338782
0.3860820993296778 0.4711142514009037 44 nil_vol 0.6 nil_bias 0.43 Right 0.005 0.01 0.001 0.4 0.35 -0.01391790067032223 0.12111425140090368
0.3524535578741054 0.3803223680501706 45 nil_vol 0.6 nil_bias 0.43 Right 0.005 0.01 0.001 0.3543411960146438 0.3796671766199785 -0.0018876381405383755 0.0006551914301921089
0.29388682468396227 0.17932285916751467 45 nil_vol 0.6 nil_bias 0.43 Right 0.005 0.01 0.001 0.2857792700527202 0.18213695801417662 0.00810755463124208 -0.002814098846661952
0.271448158941869 0.1668304588388035 45 nil_vol 0.6 nil_bias 0.43 Right 0.005 0.01 0.001 0.27949678455844346 0.16403681401061615 -0.00804862561657446 0.002793644828187374
0.18143477108393208 -0.18321184360081108 45 nil_vol 0.6 nil_bias 0.43 Right 0.005 0.01 0.001 0.1613838503364698 -0.17625225152695545 0.02005092074746228 -0.006959592073855619
0.052831308031423385 -0.5275555953469592 45 nil_vol 0.6 nil_bias 0.43 Right 0.005 0.01 0.001 0.04088691304351649 -0.5234097450026373 0.011944394987906894 -0.0041458503443218995
0.03509396955819877 -0.5455734762895623 45 nil_vol 0.6 nil_bias 0.43 Right 0.005 0.01 0.001 0.03339826417091363 -0.544984903928144 0.0016957053872851432 -0.000588572361418245
-0.004347034254354695 -0.6993746561127034 45 nil_vol 0.6 nil_bias 0.43 Right 0.005 0.01 0.001 -0.01848634245994163 -0.6944669604234739 0.014139308205586934 -0.004907695689229579
-0.022107512418206236 -0.7048997258895724 45 nil_vol 0.6 nil_bias 0.43 Home 0.005 0.01 0.001 0.0 -0.75 -0.022107512418206236 0.04510027411042762
-0.13010652130958786 -0.4824133209101331 46 nil_vol 0.6 nil_bias 0.43 Home 0.005 0.01 0.001 -0.12490599622369739 -0.4800358554120666 -0.005200525085890465 -0.002377465498066488
-0.19299359583715794 -0.34327646669706513 46 nil_vol 0.6 nil_bias 0.43 Home 0.005 0.01 0.001 -0.18838906579341144 -0.3411714655417936 -0.004604530043746499 -0.002105001155271506
-0.20906134409823926 -0.30248332695414754 46 nil_vol 0.6 nil_bias 0.43 Home 0.005 0.01 0.001 -0.20659180552705556 -0.30135435581139447 -0.002469538571183716 -0.0011289711427530564
-0.22201502122411237 -0.25731151179884976 46 nil_vol 0.6 nil_bias 0.43 Home 0.005 0.01 0.001 -0.22591194292461167 -0.25909302361517383 0.003896921700499307 0.0017815118163240847
-0.2837063304631603 -0.15155276721891753 46 nil_vol 0.6 nil_bias 0.43 Home 0.005 0.01 0.001 -0.2765669910119993 -0.14828895578761203 -0.0071393394511610146 -0.0032638114313054867
-0.4617659971925576 0.24981085400765898 46 nil_vol 0.6 nil_bias 0.43 Home 0.005 0.01 0.001 -0.45911569599196944 0.25102246236639525 -0.0026503012005881805 -0.0012116083587362782
-0.47988341577816584 0.28709015303725005 46 nil_vol 0.6 nil_bias 0.43 Home 0.005 0.01 0.001 -0.4763440604597233 0.2887082002567174 -0.003539355318442588 -0.0016180472194673712
-0.48580185360364636 0.30939640395184387 46 nil_vol 0.6 nil_bias 0.43 Left 0.005 0.01 0.001 -0.4 0.35 -0.08580185360364634 -0.040603596048156096
-0.4276972881371364 0.19552501966400257 47 nil_vol 0.6 nil_bias 0.43 Left 0.005 0.01 0.001 -0.4321262484570571 0.19347427128767075 0.004428960319920692 0.002050748376331819
-0.4138130073841182 0.14299083091645923 47 nil_vol 0.6 nil_bias 0.43 Left 0.005 0.01 0.001 -0.4096445355794839 0.14492096489094736 -0.00416847180463429 -0.0019301339744881277
-0.3562179297293728 0.041775209558695355 47 nil_vol 0.6 nil_bias 0.43 Left 0.005 0.01 0.001 -0.3608843286540139 0.0396145196164121 0.004666398924641088 0.0021606899422832522
-0.2535315343838694 -0.20878452854202548 47 nil_vol 0.6 nil_bias 0.43 Left 0.005 0.01 0.001 -0.24722075204820834 -0.20586243719475594 -0.006310782335661047 -0.002922091347269546
-0.18097874141513506 -0.35868377176082383 47 nil_vol 0.6 nil_bias 0.43 Left 0.005 0.01 0.001 -0.1772574832537881 -0.3569607118142334 -0.0037212581613469643 -0.0017230599465904602
-0.07671250694904233 -0.60124519770259 47 nil_vol 0.6 nil_bias 0.43 Left 0.005 0.01 0.001 -0.06636462563843515 -0.5964538021462211 -0.010347881310607177 -0.004791395556368867
0.012414172645822272 -0.7315009957976247 47 nil_vol 0.6 nil_bias 0.43 Left 0.005 0.01 0.001 -0.0009650354126507499 -0.7376959912865458 0.013379208058473022 0.0061949954889210755
0.009503944444635721 -0.7603056380443342 47 nil_vol 0.6 nil_bias 0.43 Home 0.005 0.01 0.001 0.0 -0.75 0.009503944444635721 -0.010305638044334155
0.053618203953073464 -0.6130912342441229 48 nil_vol 0.6 nil_bias 0.43 Home 0.005 0.01 0.001 0.05238890628542832 -0.612733994990855 0.0012292976676451424 -0.00035723925326786813
0.055065067330000876 -0.5547903271395719 48 nil_vol 0.6 nil_bias 0.43 Home 0.005 0.01 0.001 0.06812469150407734 -0.5585855107722255 -0.01305962417407646 0.0037951836326535872
0.08771903638107567 -0.4873420018519748 48 nil_vol 0.6 nil_bias 0.43 Home 0.005 0.01 0.001 0.08874197706352006 -0.48763927286708525 -0.0010229406824443902 0.00029727101511043156
0.2461060045162171 -0.02135660744953973 48 nil_vol 0.6 nil_bias 0.43 Home 0.005 0.01 0.001 0.2259481021271388 -0.01549863326927825 0.020157902389078285 -0.0058579741802614795
0.2520970378228864 0.05767311006065391 48 nil_vol 0.6 nil_bias 0.43 Home 0.005 0.01 0.001 0.24759253824832375 0.05898213724480594 0.0045044995745626175 -0.0013090271841520304
0.2816040190278722 0.13791843697752051 48 nil_vol 0.6 nil_bias 0.43 Home 0.005 0.01 0.001 0.27139401452191725 0.14088550873041494 0.010210004505954936 -0.002967071752894433
0.3355702053576778 0.36899593960742083 48 nil_vol 0.6 nil_bias 0.43 Home 0.005 0.01 0.001 0.33751929622577015 0.36842952531689155 -0.0019490908680923622 0.0005664142905292917
0.36031865709012306 0.4468845127740885 48 nil_vol 0.6 nil_bias 0.43 Right 0.005 0.01 0.001 0.4 0.35 -0.03968134290987697 0.09688451277408854
0.26488530463494475 0.11831894594188404 49 nil_vol 0.6 nil_bias 0.43 Right 0.005 0.01 0.001 0.2722956272922195 0.11634556562558407 -0.007410322657274745 0.0019733803162999696
0.2712509594582744 0.05538373056567458 49 nil_vol 0.6 nil_bias 0.43 Right 0.005 0.01 0.001 0.25706725564907695 0.05916087269616216 0.014183703809197416 -0.003777142130487576
0.24802257298323208 0.02544783409128326 49 nil_vol 0.6 nil_bias 0.43 Right 0.005 0.01 0.001 0.2480849948940141 0.025431211040474244 -6.242191078202271e-05 1.6623050809015452e-05
0.24938503479298754 0.006965368744282 49 nil_vol 0.6 nil_bias 0.43 Right 0.005 0.01 0.001 0.24357923943854387 0.008511460973029628 0.005805795354443672 -0.0015460922287476274
0.14514568523094545 -0.36471224096877514 49 nil_vol 0.6 nil_bias 0.43 Right 0.005 0.01 0.001 0.14425253304995048 -0.3644743931698395 0.0008931521809949829 -0.00023784779893566514
0.07830496716564464 -0.5898640095122387 49 nil_vol 0.6 nil_bias 0.43 Right 0.005 0.01 0.001 0.08383851202031245 -0.5913376010143367 -0.005533544854667807 0.0014735915020980125
0.08096275178586043 -0.6304391222371605 49 nil_vol 0.6 nil_bias 0.43 Right 0.005 0.01 0.001 0.07392482219941882 -0.6285649107681424 0.007037929586441614 -0.001874211469018108
0.03552293036277717 -0.7727694550259065 49 nil_vol 0.6 nil_bias 0.43 Home 0.005 0.01 0.001 0.0 -0.75 0.03552293036277717 -0.022769455025906542
0.10250182016057295 -0.6222401961216082 50 nil_vol 0.6 nil_bias 0.43 Home 0.005 0.01 0.001 0.10236113170667763 -0.62217775335017 0.0001406884538953278 -6.244277143813594e-05
0.12712284968881302 -0.567578298732 50 nil_vol 0.6 nil_bias 0.43 Home 0.005 0.01 0.001 0.12668136939168168 -0.567382353346825 0.00044148029713133154 -0.00019594538517511974
0.16172440470860583 -0.5046641173750535 50 nil_vol 0.6 nil_bias 0.43 Home 0.005 0.01 0.001 0.1557040208109172 -0.5019920469578685 0.006020383897688638 -0.0026720704171850317
0.25392291768466413 -0.3095513754815968 50 nil_vol 0.6 nil_bias 0.43 Home 0.005 0.01 0.001 0.24322395645422756 -0.30480277833492064 0.01069896123043659 -0.004748597146676129
0.4435858148481899 0.14320819598393242 50 nil_vol 0.6 nil_bias 0.43 Home 0.005 0.01 0.001 0.4423177058564514 0.14377102994604762 0.0012681089917384683 -0.0005628339621152086
0.45574926051924547 0.22037403868772015 50 nil_vol 0.6 nil_bias 0.43 Home 0.005 0.01 0.001 0.4729320991622262 0.21274765545345498 -0.017182838642980775 0.007626383234265186
0.47930983651851533 0.21458361549033605 50 nil_vol 0.6 nil_bias 0.43 Home 0.005 0.01 0.001 0.47466246007904556 0.21664629410227598 0.004647376439469791 -0.0020626786119399346
0.5186865022336345 0.31583590856530686 50 nil_vol 0.6 nil_bias 0.43 Right 0.005 0.01 0.001 0.4 0.35 0.11868650223363454 -0.03416409143469311
0.4212977104359893 0.13924403840864616 51 nil_vol 0.6 nil_bias 0.43 Right 0.005 0.01 0.001 0.42922695613742745 0.13531460348125257 -0.007929245701438152 0.0039294349273935976
0.26988932242508074 -0.1583089982789253 51 nil_vol 0.6 nil_bias 0.43 Right 0.005 0.01 0.001 0.28099164909863306 -0.16381089238702157 -0.011102326673552342 0.005501894108096257
0.16834344832125298 -0.3834334332504104 51 nil_vol 0.6 nil_bias 0.43 Right 0.005 0.01 0.001 0.17140351021355354 -0.3849498844403907 -0.0030600618923005613 0.001516451189980288
0.1626574637244517 -0.4019598575973247 51 nil_vol 0.6 nil_bias 0.43 Right 0.005 0.01 0.001 0.16291159853404819 -0.4020857972181532 -0.00025413480959648245 0.00012593962082847545
0.16473375363921935 -0.42241045311153425 51 nil_vol 0.6 nil_bias 0.43 Right 0.005 0.01 0.001 0.15518457263999874 -0.41767823938538684 0.009549180999220626 -0.00473221372614739
0.11521662941830778 -0.5097162395101625 51 nil_vol 0.6 nil_bias 0.43 Right 0.005 0.01 0.001 0.1106865250821446 -0.5074712907630164 0.004530104336163175 -0.002244948747146048
0.08441709224663045 -0.5797850228401187 51 nil_vol 0.6 nil_bias 0.43 Right 0.005 0.01 0.001 0.07673672750175287 -0.5759789239222644 0.0076803647448775905 -0.0038060989178542756
-0.01468531048875733 -0.760460360858491 51 nil_vol 0.6 nil_bias 0.43 Home 0.005 0.01 0.001 0.0 -0.75 -0.01468531048875733 -0.010460360858491046
0.05217710461714939 -0.5335597711652487 52 nil_vol 0.6 nil_bias 0.43 Home 0.005 0.01 0.001 0.0639258866036357 -0.5377059783277853 -0.011748781986486309 0.004146207162536612
0.132772379977602 -0.3770550198399954 52 nil_vol 0.6 nil_bias 0.43 Home 0.005 0.01 0.001 0.12196627322678356 -0.37324148774271815 0.010806106750818428 -0.0038135320972772745
0.1960203403674905 -0.18392645341894753 52 nil_vol 0.6 nil_bias 0.43 Home 0.005 0.01 0.001 0.18957879205157077 -0.18165319702556038 0.006441548315919727 -0.00227325639338717
0.1998759439389844 -0.10068292164666987 52 nil_vol 0.6 nil_bias 0.43 Home 0.005 0.01 0.001 0.21612939058151953 -0.10641884873789509 -0.01625344664253513 0.0057359270912252305
0.23685539678344955 -0.0307541177507819 52 nil_vol 0.6 nil_bias 0.43 Home 0.005 0.01 0.001 0.24216998346714302 -0.032629663437066414 -0.005314586683693484 0.001875545686284516
0.29800281282220864 0.10310866325405117 52 nil_vol 0.6 nil_bias 0.43 Home 0.005 0.01 0.001 0.2909510027415363 0.10559728424463233 0.007051810080672373 -0.0024886209905811622
0.394717031128589 0.38934823273946806 52 nil_vol 0.6 nil_bias 0.43 Home 0.005 0.01 0.001 0.39149009887836217 0.39048703415941954 0.0032269322502268428 -0.0011388014199514751
0.3922601885731846 0.3926691769178082 52 nil_vol 0.6 nil_bias 0.43 Right 0.005 0.01 0.001 0.4 0.35 -0.007739811426815386 0.04266917691780827
0.24545849828522562 0.03055031925054411 53 nil_vol 0.6 nil_bias 0.43 Right 0.005 0.01 0.001 0.2589788109807524 0.025640603678171725 -0.013520312695526797 0.004909715572372385
0.1892765149008564 -0.18891252127358027 53 nil_vol 0.6 nil_bias 0.43 Right 0.005 0.01 0.001 0.1820232659475757 -0.18627860369059435 0.007253248953280701 -0.0026339175829859325
0.13861245704199246 -0.31457657895463087 53 nil_vol 0.6 nil_bias 0.43 Right 0.005 0.01 0.001 0.13580397039960873 -0.3135567156634902 0.0028084866423837384 -0.0010198632911406944
0.06565648970696597 -0.5343484576020818 53 nil_vol 0.6 nil_bias 0.43 Right 0.005 0.01 0.001 0.05679502898487088 -0.531130540037525 0.008861460722095097 -0.0032179175645568416
0.04641016920056233 -0.5391617156268486 53 nil_vol 0.6 nil_bias 0.43 Right 0.005 0.01 0.001 0.053008508666147036 -0.5415578118381957 -0.006598339465584704 0.002396096211347148
-0.002883891431837544 -0.6978454945118077 53 nil_vol 0.6 nil_bias 0.43 Right 0.005 0.01 0.001 -0.0036448653716802393 -0.6975691572933754 0.0007609739398426953 -0.0002763372184321861
-0.017583162307784426 -0.6945122613535027 53 nil_vol 0.6 nil_bias 0.43 Right 0.005 0.01 0.001 -0.004288001076258652 -0.6993402162688666 -0.013295161231525774 0.004827954915363765
-0.009390452371457955 -0.7133912821621716 53 nil_vol 0.6 nil_bias 0.43 Home 0.005 0.01 0.001 0.0 -0.75 -0.009390452371457955 0.03660871783782839
0.045044964943350106 -0.58355172400695 54 nil_vol 0.6 nil_bias 0.43 Home 0.005 0.01 0.001 0.04500613118517075 -0.5835354565521654 3.883375817935402e-05 -1.6267454784549682e-05
0.0728995342246567 -0.4959236408195734 54 nil_vol 0.6 nil_bias 0.43 Home 0.005 0.01 0.001 0.08039195759706802 -0.49906221571295584 -0.007492423372411318 0.0031385748933824105
0.19040973458036345 -0.23554522257175067 54 nil_vol 0.6 nil_bias 0.43 Home 0.005 0.01 0.001 0.19072403013897687 -0.2356768809285112 -0.00031429555861342225 0.00013165835676050655
0.2257848518719272 -0.12808321867563985 54 nil_vol 0.6 nil_bias 0.43 Home 0.005 0.01 0.001 0.23430066693099072 -0.13165049217482316 -0.008515815059063502 0.0035672734991833125
0.268103216132878 -0.0665403499344916 54 nil_vol 0.6 nil_bias 0.43 Home 0.005 0.01 0.001 0.2625497930048642 -0.06421402191809922 0.005553423128013848 -0.002326328016392373
0.3234304621744688 0.08667925433308049 54 nil_vol 0.6 nil_bias 0.43 Home 0.005 0.01 0.001 0.32541135911484376 0.08584945693717627 -0.0019808969403749548 0.0008297973959042255
0.38473718896965065 0.23605571999093883 54 nil_vol 0.6 nil_bias 0.43 Home 0.005 0.01 0.001 0.3877959883503754 0.23477438944365736 -0.0030587993807247127 0.0012813305472814671
0.4118586928672409 0.2922170109677519 54 nil_vol 0.6 nil_bias 0.43 Right 0.005 0.01 0.001 0.4 0.35 0.011858692867240912 -0.05778298903224807
0.27232401949759494 -0.10804343869490245 55 nil_vol 0.6 nil_bias 0.43 Right 0.005 0.01 0.001 0.2616165207981961 -0.10398307138638119 0.010707498699398835 -0.004060367308521263
0.2286386570186307 -0.1825180771657534 55 nil_vol 0.6 nil_bias 0.43 Right 0.005 0.01 0.001 0.23143353279987977 -0.18357791593596018 -0.0027948757812490716 0.0010598387702067797
0.19950876687144886 -0.29201774625707966 55 nil_vol 0.6 nil_bias 0.43 Right 0.005 0.01 0.001 0.19146848196101177 -0.2889688072921496 0.008040284910437082 -0.003048938964930105
0.15151388994328324 -0.3387771133805422 55 nil_vol 0.6 nil_bias 0.43 Right 0.005 0.01 0.001 0.1699322487132721 -0.34576149917649635 -0.018418358769988836 0.006984385795954132
0.16769515923170528 -0.34558362995498954 55 nil_vol 0.6 nil_bias 0.43 Right 0.005 0.01 0.001 0.16970997104518795 -0.34634766236348724 -0.0020148118134826706 0.0007640324084976807
0.14048595143675635 -0.3439265343985393 55 nil_vol 0.6 nil_bias 0.43 Right 0.005 0.01 0.001 0.1668386073356996 -0.3539196677631772 -0.02635265589894325 0.009993133364637877
0.05468797395248204 -0.6100823329714208 55 nil_vol 0.6 nil_bias 0.43 Right 0.005 0.01 0.001 0.06781244028030442 -0.6150592333209179 -0.013124466327822385 0.004976900349497129
0.0112717420381073 -0.7641613728295503 55 nil_vol 0.6 nil_bias 0.43 Home 0.005 0.01 0.001 0.0 -0.75 0.0112717420381073 -0.014161372829550302
0.0101396107849608 -0.7627908935307227 56 nil_vol 0.6 nil_bias 0.43 Home 0.005 0.01 0.001 0.011553947872482597 -0.7632107670194137 -0.0014143370875217968 0.0004198734886910358
0.09540365126350239 -0.43189982390263215 56 nil_vol 0.6 nil_bias 0.43 Home 0.005 0.01 0.001 0.1087351263550475 -0.4358575317259437 -0.013331475091545109 0.003957707823311552
0.15979424712116852 -0.2818371151197818 56 nil_vol 0.6 nil_bias 0.43 Home 0.005 0.01 0.001 0.15489119741098814 -0.2803815493955978 0.00490304971018038 -0.0014555657241840387
0.15748385147968683 -0.2571175821021326 56 nil_vol 0.6 nil_bias 0.43 Home 0.005 0.01 0.001 0.16144817697879824 -0.2582944692758511 -0.003964325499111418 0.0011768871737184723
0.24072188389391289 -0.06512101842845386 56 nil_vol 0.6 nil_bias 0.43 Home 0.005 0.01 0.001 0.22057136975950223 -0.05913894616069071 0.020150514134410668 -0.005982072267763143
0.22202480367936475 -0.05764178622200811 56 nil_vol 0.6 nil_bias 0.43 Home 0.005 0.01 0.001 0.22109755097369357 -0.05736651321116559 0.0009272527056711721 -0.000275273010842514
0.2689751489692445 0.11824644464764604 56 nil_vol 0.6 nil_bias 0.43 Home 0.005 0.01 0.001 0.27288692454068925 0.11708515794262386 -0.003911775571444705 0.001161286705022183
0.3550698084462793 0.39391687939647646 56 nil_vol 0.6 nil_bias 0.43 Right 0.005 0.01 0.001 0.4 0.35 -0.044930191553720744 0.04391687939647646
0.20023061965362507 -0.08632959362495796 57 nil_vol 0.6 nil_bias 0.43 Right 0.005 0.01 0.001 0.20379757464661272 -0.08745052794958746 -0.003566954992987641 0.001120934324629502
0.1668105890436878 -0.19609831373392264 57 nil_vol 0.6 nil_bias 0.43 Right 0.005 0.01 0.001 0.1693988323321154 -0.1969116827694709 -0.002588243288427565 0.000813369035548256
0.11399581828643893 -0.3997407479349482 57 nil_vol 0.6 nil_bias 0.43 Right 0.005 0.01 0.001 0.10640807240006755 -0.3973562589724239 0.007587745886371372 -0.002384488962524301
0.08106721076799084 -0.4657030760318486 57 nil_vol 0.6 nil_bias 0.43 Right 0.005 0.01 0.001 0.08458256307917766 -0.46680779394293004 -0.003515352311186825 0.00110471791108148
0.06154137107617107 -0.517623875226574 57 nil_vol 0.6 nil_bias 0.43 Right 0.005 0.01 0.001 0.06797771315204876 -0.5196465294995021 -0.006436342075877691 0.002022654272928025
0.05974896657631354 -0.5375634588384979 57 nil_vol 0.6 nil_bias 0.43 Right 0.005 0.01 0.001 0.06211369237216369 -0.5383065863290651 -0.0023647257958501477 0.0007431274905672551
0.03251946141119931 -0.5846382714805829 57 nil_vol 0.6 nil_bias 0.43 Right 0.005 0.01 0.001 0.046202436371300004 -0.5889382181650731 -0.013682974960100697 0.004299946684490169
-0.005026220154859102 -0.7519542916004454 57 nil_vol 0.6 nil_bias 0.43 Home 0.005 0.01 0.001 0.0 -0.75 -0.005026220154859102 -0.001954291600445379
-0.04423039100881543 -0.5476530899654325 58 nil_vol 0.6 nil_bias 0.43 Home 0.005 0.01 0.001 -0.06099991168711865 -0.5523557904988058 0.016769520678303222 0.0047027005333733045
-0.059428281995226734 -0.5439447863521278 58 nil_vol 0.6 nil_bias 0.43 Home 0.005 0.01 0.001 -0.06307206773615752 -0.5449666183696371 0.003643785740930786 0.001021832017509225
-0.20677031465700557 -0.11672742508712708 58 nil_vol 0.6 nil_bias 0.43 Home 0.005 0.01 0.001 -0.18488490164032317 -0.11059006758949697 -0.0218854130166824 -0.006137357497630107
-0.2315971148238286 0.03791242875869072 58 nil_vol 0.6 nil_bias 0.43 Home 0.005 0.01 0.001 -0.22689912609876695 0.03922989241832375 -0.004697988725061658 -0.0013174636596330355
-0.25530949424761856 0.15998596597597817 58 nil_vol 0.6 nil_bias 0.43 Home 0.005 0.01 0.001 -0.26036532407546936 0.15856815242696953 0.005055829827850816 0.0014178135490086298
-0.3039269082142363 0.30018914346030107 58 nil_vol 0.6 nil_bias 0.43 Home 0.005 0.01 0.001 -0.3003607491124878 0.30118920652898407 -0.003566159101748515 -0.0010000630686829918
-0.3212553087443225 0.39810442892544984 58 nil_vol 0.6 nil_bias 0.43 Home 0.005 0.01 0.001 -0.32708070334606776 0.3964708052324255 0.005825394601745224 0.0016336236930243097
-0.3342568505969239 0.42206047415983644 58 nil_vol 0.6 nil_bias 0.43 Left 0.005 0.01 0.001 -0.4 0.35 0.0657431494030761 0.07206047415983648
-0.3030286897491484 0.3480313670351353 59 nil_vol 0.6 nil_bias 0.43 Left 0.005 0.01 0.001 -0.31483516907696507 0.3450536856412228 0.011806479327816654 0.002977681393912523
-0.286761947612171 0.2899340920634503 59 nil_vol 0.6 nil_bias 0.43 Left 0.005 0.01 0.001 -0.30008607150634864 0.28657364948710984 0.013324123894177652 0.0033604425763404167
-0.3018005022195906 0.23624514371519653 59 nil_vol 0.6 nil_bias 0.43 Left 0.005 0.01 0.001 -0.28825449248640456 0.23966154754095287 -0.013546009733186048 -0.0034164038257563467
-0.26760731846040575 0.21321340181298473 59 nil_vol 0.6 nil_bias 0.43 Left 0.005 0.01 0.001 -0.2807482017576218 0.20989917387023932 0.013140883297216023 0.0033142279427454103
-0.24891079641056807 0.027278078672959494 59 nil_vol 0.6 nil_bias 0.43 Left 0.005 0.01 0.001 -0.2355402898891222 0.03065021929089068 -0.013370506521445872 -0.003372140617931186
-0.15112208320523612 -0.31506868475283706 59 nil_vol 0.6 nil_bias 0.43 Left 0.005 0.01 0.001 -0.1485133627208788 -0.3144107461555206 -0.002608720484357322 -0.0006579385973164425
-0.031310559872549486 -0.7158449926566992 59 nil_vol 0.6 nil_bias 0.43 Left 0.005 0.01 0.001 -0.04631431010020254 -0.7196290494149686 0.01500375022765305 0.0037840567582694594
-0.04373399733847779 -0.7298599657725366 59 nil_vol 0.6 nil_bias 0.43 Home 0.005 0.01 0.001 0.0 -0.75 -0.04373399733847779 0.020140034227463372
0.056584138368698175 -0.4514572888097725 60 nil_vol 0.6 nil_bias 0.43 Home 0.005 0.01 0.001 0.06238164532237047 -0.453684883607233 -0.005797506953672297 0.0022275947974605584
0.08169245438368901 -0.41582930641270804 60 nil_vol 0.6 nil_bias 0.43 Home 0.005 0.01 0.001 0.07754005591672769 -0.4142338169556187 0.004152398466961321 -0.001595489457089331
0.11748229346895787 -0.2692525125406525 60 nil_vol 0.6 nil_bias 0.43 Home 0.005 0.01 0.001 0.1312187117045756 -0.2745305008280184 -0.013736418235617737 0.005277988287365842
0.17357308562154342 -0.17991266126672442 60 nil_vol 0.6 nil_bias 0.43 Home 0.005 0.01 0.001 0.1683457656791265 -0.17790415126381465 0.005227319942416906 -0.0020085100029097643
0.18932335517290513 -0.15369922055963497 60 nil_vol 0.6 nil_bias 0.43 Home 0.005 0.01 0.001 0.17914830025900494 -0.1497896263890368 0.010175054913900198 -0.00390959417059817
0.19050053108268064 -0.12535241182566972 60 nil_vol 0.6 nil_bias 0.43 Home 0.005 0.01 0.001 0.18879036996628754 -0.12469531110355958 0.0017101611163931104 -0.0006571007221101414
0.23167407892661993 -0.013508903384318425 60 nil_vol 0.6 nil_bias 0.43 Home 0.005 0.01 0.001 0.23153274753541134 -0.013454599167990633 0.00014133139120858229 -5.430421632779233e-05
0.3605671711990996 0.3223685807506075 60 nil_vol 0.6 nil_bias 0.43 Right 0.005 0.01 0.001 0.4 0.35 -0.03943282880090045 -0.027631419249392518
0.360700355017527 0.2983381415986613 61 nil_vol 0.6 nil_bias 0.43 Right 0.005 0.01 0.001 0.3532297341206715 0.30089025963806726 0.007470620896855534 -0.002552118039405957
0.2600480187757698 0.03570376564400729 61 nil_vol 0.6 nil_bias 0.43 Right 0.005 0.01 0.001 0.2623660395160837 0.03491188199353823 -0.0023180207403139534 0.0007918836504690583
0.22010731291411562 -0.11154077417400128 61 nil_vol 0.6 nil_bias 0.43 Right 0.005 0.01 0.001 0.2131470851978832 -0.10916301696235547 0.0069602277162324104 -0.0023777572116458
0.2046004291043208 -0.18218401505535406 61 nil_vol 0.6 nil_bias 0.43 Right 0.005 0.01 0.001 0.1899154166371319 -0.17716731219439252 0.014685012467188905 -0.005016702860961534
0.16862255150354785 -0.21496850794851638 61 nil_vol 0.6 nil_bias 0.43 Right 0.005 0.01 0.001 0.17612605550619886 -0.21753185953445764 -0.007503504002651018 0.002563351585941249
0.11382228557394475 -0.40452056368113537 61 nil_vol 0.6 nil_bias 0.43 Right 0.005 0.01 0.001 0.11241150561050664 -0.40403861217482373 0.0014107799634381117 -0.00048195150631165893
0.1117641820798577 -0.4271381074416474 61 nil_vol 0.6 nil_bias 0.43 Right 0.005 0.01 0.001 0.10527729217640447 -0.42492205218053625 0.006486889903453231 -0.002216055261111117
-0.004609703455150975 -0.7465858910713321 61 nil_vol 0.6 nil_bias 0.43 Home 0.005 0.01 0.001 0.0 -0.75 -0.004609703455150975 0.0034141089286678435
0.012882763601527233 -0.6962109888296364 62 nil_vol 0.6 nil_bias 0.43 Home 0.005 0.01 0.001 0.01342349742341441 -0.6964053102478405 -0.0005407338218871771 0.00019432141820408986
0.07744122795764043 -0.49641847265874806 62 nil_vol 0.6 nil_bias 0.43 Home 0.005 0.01 0.001 0.08439407387499859 -0.4989170899534832 -0.006952845917358167 0.0024986172947351836
0.17482058065445094 -0.21444479040711287 62 nil_vol 0.6 nil_bias 0.43 Home 0.005 0.01 0.001 0.18527380986417033 -0.21820132688148364 -0.01045322920971939 0.003756536474370772
0.21626804196159638 -0.09725969920216092 62 nil_vol 0.6 nil_bias 0.43 Home 0.005 0.01 0.001 0.22731011618562064 -0.10122784662752193 -0.01104207422402427 0.003968147425361011
0.25079593949002915 -0.02121112618553399 62 nil_vol 0.6 nil_bias 0.43 Home 0.005 0.01 0.001 0.25546272724923935 -0.022888211618552146 -0.004666787759210225 0.001677085433018153
0.2862834701193923 0.09249684941179785 62 nil_vol 0.6 nil_bias 0.43 Home 0.005 0.01 0.001 0.29571073473682336 0.08910900985729953 -0.009427264617431028 0.00338783955449833
0.36823624493997287 0.29856463260184124 62 nil_vol 0.6 nil_bias 0.43 Home 0.005 0.01 0.001 0.37066795007601605 0.29769076015006646 -0.0024317051360432007 0.0008738724517747602
0.3848082273934113 0.337038590497564 62 nil_vol 0.6 nil_bias 0.43 Right 0.005 0.01 0.001 0.4 0.35 -0.01519177260658869 -0.012961409502435944
0.36083754688995984 0.2724012442421539 63 nil_vol 0.6 nil_bias 0.43 Right 0.005 0.01 0.001 0.3625473122392221 0.27181767467868445 -0.0017097653492622788 0.0005835695634694335
0.3533662658531898 0.26371024825512274 63 nil_vol 0.6 nil_bias 0.43 Right 0.005 0.01 0.001 0.35911089322698353 0.2617495173921035 -0.005744627373793743 0.001960730863019212
0.27230674677545547 0.04430365368037479 63 nil_vol 0.6 nil_bias 0.43 Right 0.005 0.01 0.001 0.28357994449786467 0.04045593558466681 -0.011273197722409175 0.0038477180957079736
0.22079877043210874 -0.17215240973888357 63 nil_vol 0.6 nil_bias 0.43 Right 0.005 0.01 0.001 0.2120344173256161 -0.16916099941544083 0.008764353106492657 -0.0029914103234427577
0.12260411463105331 -0.4135458006031709 63 nil_vol 0.6 nil_bias 0.43 Right 0.005 0.01 0.001 0.12799415552255994 -0.41538550557291787 -0.005390040891506635 0.0018397049697469376
0.11689742896486836 -0.4410201490204069 63 nil_vol 0.6 nil_bias 0.43 Right 0.005 0.01 0.001 0.11899974056629342 -0.44173770073827845 -0.002102311601425058 0.0007175517178715195
0.04256516700378768 -0.6804904947199268 63 nil_vol 0.6 nil_bias 0.43 Right 0.005 0.01 0.001 0.03803718399123046 -0.678945023540987 0.004527983012557219 -0.0015454711789399367
0.033674343927631314 -0.6917274461210258 63 nil_vol 0.6 nil_bias 0.43 Home 0.005 0.01 0.001 0.0 -0.75 0.033674343927631314 0.05827255387897419
