x y trial vol omega bias theta state target_sigma moving_sigma staying_sigma x_mean y_mean x_noise y_noise
-0.04843022198895412 -0.6590033709360815 0 nil_vol 0.6 nil_bias 0.65 Home 0.005 0.01 0.001 -0.04123290507061414 -0.6558512701511482 -0.007197316918339984 -0.003152100784933285
-0.2148700156382352 -0.2550084956492787 0 nil_vol 0.6 nil_bias 0.65 Home 0.005 0.01 0.001 -0.21647596569363048 -0.25571182947320353 0.0016059500553952581 0.0007033338239248454
-0.2848895563776025 -0.13003942406524074 0 nil_vol 0.6 nil_bias 0.65 Home 0.005 0.01 0.001 -0.2736673012154103 -0.1251245815333898 -0.011222255162192222 -0.004914842531850943
-0.2939845366009728 -0.12242208328827453 0 nil_vol 0.6 nil_bias 0.65 Home 0.005 0.01 0.001 -0.27793017383431917 -0.11539099516855833 -0.01605436276665364 -0.007031088119716196
-0.2955725942269399 -0.11983459527649691 0 nil_vol 0.6 nil_bias 0.65 Home 0.005 0.01 0.001 -0.2791365796526711 -0.11263636084712059 -0.016436014574268795 -0.007198234429376323
-0.37083132415403786 0.07693265790415629 0 nil_vol 0.6 nil_bias 0.65 Home 0.005 0.01 0.001 -0.36355492246810134 0.08011939425687764 -0.0072764016859365455 -0.0031867363527213546
-0.39857832910191615 0.17778726757309116 0 nil_vol 0.6 nil_bias 0.65 Home 0.005 0.01 0.001 -0.4050816813084125 0.17493909208945235 0.006503352206496332 0.0028481754836387992
-0.4272207864200988 0.22549019011870525 0 nil_vol 0.6 nil_bias 0.65 Left 0.005 0.01 0.001 -0.4 0.35 -0.027220786420098793 -0.12450980988129473
-0.4131137762438563 0.19806499093091298 1 nil_vol 0.6 nil_bias 0.65 Left 0.005 0.01 0.001 -0.4142079682238573 0.1975552873031063 0.0010941919800009922 0.0005097036278067017
-0.2847419102894982 -0.07568787629406058 1 nil_vol 0.6 nil_bias 0.65 Left 0.005 0.01 0.001 -0.2865349749477324 -0.07652313334026295 0.0017930646582341749 0.0008352570462023621
-0.26644679933906507 -0.09571807887638777 1 nil_vol 0.6 nil_bias 0.65 Left 0.005 0.01 0.001 -0.27560597195481557 -0.09998466426111302 0.009159172615750475 0.004266585384725249
-0.24501277903578922 -0.1560630267504034 1 nil_vol 0.6 nil_bias 0.65 Left 0.005 0.01 0.001 -0.24868609540825554 -0.15777415488454138 0.0036733163724663267 0.0017111281341379806
-0.21272840476237048 -0.26068330288027075 1 nil_vol 0.6 nil_bias 0.65 Left 0.005 0.01 0.001 -0.20288438335386016 -0.2560976967747316 -0.009844021408510331 -0.00458560610553918
-0.021230399202642258 -0.6171492279882276 1 nil_vol 0.6 nil_bias 0.65 Left 0.005 0.01 0.001 -0.03229586615850527 -0.6223038158063301 0.011065466955863013 0.005154587818102491
0.016113097359267053 -0.7751594638568092 1 nil_vol 0.6 nil_bias 0.65 Left 0.005 0.01 0.001 0.03484387400504246 -0.7664341716023548 -0.01873077664577541 -0.008725292254454392
0.036732395930754266 -0.7704883031259263 1 nil_vol 0.6 nil_bias 0.65 Home 0.005 0.01 0.001 0.0 -0.75 0.036732395930754266 -0.020488303125926352
0.017328919309249017 -0.7698843684380824 2 nil_vol 0.6 nil_bias 0.65 Home 0.005 0.01 0.001 0.034422484302665694 -0.7638954051020035 -0.017093564993416677 -0.0059889633360788955
0.03006249748880923 -0.7207532217231034 2 nil_vol 0.6 nil_bias 0.65 Home 0.005 0.01 0.001 0.020482965014718506 -0.7241095414133613 0.009579532474090725 0.003356319690257839
-0.07358005720108653 -0.46142461929821843 2 nil_vol 0.6 nil_bias 0.65 Home 0.005 0.01 0.001 -0.07177398002382739 -0.4607918355576178 -0.0018060771772591404 -0.0006327837406006106
-0.2267081270257483 -0.022831011429389654 2 nil_vol 0.6 nil_bias 0.65 Home 0.005 0.01 0.001 -0.2253822749832699 -0.022366481106164127 -0.0013258520424783906 -0.00046453032322552686
-0.2902030165800108 0.14227088017462075 2 nil_vol 0.6 nil_bias 0.65 Home 0.005 0.01 0.001 -0.28384561752753207 0.14449828153020583 -0.006357399052478736 -0.002227401355585073
-0.31778333048948765 0.27354481509504597 2 nil_vol 0.6 nil_bias 0.65 Home 0.005 0.01 0.001 -0.3278260390286741 0.27002621536121174 0.010042708539186412 0.0035185997338342202
-0.34593307918988564 0.305112367304319 2 nil_vol 0.6 nil_bias 0.65 Home 0.005 0.01 0.001 -0.3407546291954534 0.30692670779831877 -0.005178449994432209 -0.0018143404939997506
-0.40434015900127057 0.48841110257308923 2 nil_vol 0.6 nil_bias 0.65 Left 0.005 0.01 0.001 -0.4 0.35 -0.004340159001270546 0.13841110257308925
-0.36112459990463996 0.36061427508964145 3 nil_vol 0.6 nil_bias 0.65 Left 0.005 0.01 0.001 -0.35609908985600897 0.36254034579866795 -0.005025510048631009 -0.0019260707090265304
-0.13368691303092858 -0.205881402326954 3 nil_vol 0.6 nil_bias 0.65 Left 0.005 0.01 0.001 -0.13766251480698877 -0.20740508650179895 0.003975601776060173 0.0015236841748449512
-0.10985567549150813 -0.22290904963872005 3 nil_vol 0.6 nil_bias 0.65 Left 0.005 0.01 0.001 -0.1289201557660588 -0.23021567855484942 0.01906448027455069 0.007306628916129389
-0.09962909421687385 -0.27970420240405813 3 nil_vol 0.6 nil_bias 0.65 Left 0.005 0.01 0.001 -0.10863098300387047 -0.2831542550655331 0.009001888786996615 0.0034500526614749546
-0.08949739015319712 -0.3152990831056835 3 nil_vol 0.6 nil_bias 0.65 Left 0.005 0.01 0.001 -0.09543851998162511 -0.3175760731087532 0.005941129828428 0.0022769900030696713
-0.09262724755334421 -0.31888692432283217 3 nil_vol 0.6 nil_bias 0.65 Left 0.005 0.01 0.001 -0.09464041596713807 -0.3196584887365183 0.0020131684137938534 0.0007715644136861306
-0.08633537103027751 -0.333061412907893 3 nil_vol 0.6 nil_bias 0.65 Left 0.005 0.01 0.001 -0.08909785434237133 -0.3341201588143006 0.0027624833120938226 0.0010587459064076332
0.05944302415226447 -0.7216935090598693 3 nil_vol 0.6 nil_bias 0.65 Home 0.005 0.01 0.001 0.0 -0.75 0.05944302415226447 0.02830649094013071
0.1015845085494584 -0.5908334339428277 4 nil_vol 0.6 nil_bias 0.65 Home 0.005 0.01 0.001 0.10198367897468574 -0.5909633272164043 -0.0003991704252273418 0.00012989327357662762
0.24555075828604095 -0.12818552310205383 4 nil_vol 0.6 nil_bias 0.65 Home 0.005 0.01 0.001 0.25190269694087614 -0.13025249513527637 -0.006351938654835177 0.002066972033222533
0.25185653788711704 -0.12761890434651443 4 nil_vol 0.6 nil_bias 0.65 Home 0.005 0.01 0.001 0.25267321078535687 -0.12788465628976842 -0.0008166728982398602 0.00026575194325398983
0.267721314822924 -0.11477192305384008 4 nil_vol 0.6 nil_bias 0.65 Home 0.005 0.01 0.001 0.25797250526151794 -0.11159958184974172 0.009748809561406044 -0.0031723412040983562
0.27407866227761446 -0.06694462560425057 4 nil_vol 0.6 nil_bias 0.65 Home 0.005 0.01 0.001 0.2726544032921706 -0.06648116025123785 0.0014242589854438768 -0.0004634653530127302
0.3775116445723602 0.2521080337058723 4 nil_vol 0.6 nil_bias 0.65 Home 0.005 0.01 0.001 0.3764394317956693 0.25245694038515787 0.001072212776690879 -0.0003489066792855278
0.41278177345543343 0.35185657820995137 4 nil_vol 0.6 nil_bias 0.65 Home 0.005 0.01 0.001 0.40916758315449137 0.3530326648632922 0.003614190300942088 -0.0011760866533408406
0.41010262666303327 0.355906114000676 4 nil_vol 0.6 nil_bias 0.65 Right 0.005 0.01 0.001 0.4 0.35 0.010102626663033243 0.005906114000676053
0.35153685769764903 0.1878211107444972 5 nil_vol 0.6 nil_bias 0.65 Right 0.005 0.01 0.001 0.3523250444270954 0.18755061454019262 -0.0007881867294463817 0.0002704962043045842
0.32828248981327285 0.0829151537676002 5 nil_vol 0.6 nil_bias 0.65 Right 0.005 0.01 0.001 0.31766582262041076 0.08655866623837133 0.010616667192862089 -0.0036435124707711267
0.30399467700053595 -0.0007814753951097932 5 nil_vol 0.6 nil_bias 0.65 Right 0.005 0.01 0.001 0.2894095441730324 0.004223966744075935 0.01458513282750356 -0.005005442139185729
0.2790821164400646 -0.017920964452276943 5 nil_vol 0.6 nil_bias 0.65 Right 0.005 0.01 0.001 0.281522273405488 -0.01875839696971865 -0.0024401569654234206 0.0008374325174417053
0.11947728849258504 -0.5025184690923745 5 nil_vol 0.6 nil_bias 0.65 Right 0.005 0.01 0.001 0.11592054228617132 -0.5012978365790799 0.0035567462064137146 -0.0012206325132946647
0.0756719421249179 -0.637639855684538 5 nil_vol 0.6 nil_bias 0.65 Right 0.005 0.01 0.001 0.06981895449188702 -0.6356311807355337 0.005852987633030884 -0.0020086749490042365
0.037241823425144566 -0.7175979164747893 5 nil_vol 0.6 nil_bias 0.65 Right 0.005 0.01 0.001 0.04122037141962598 -0.7189633062878185 -0.003978547994481415 0.0013653898130291326
0.02348624899084219 -0.7706379683877183 5 nil_vol 0.6 nil_bias 0.65 Home 0.005 0.01 0.001 0.0 -0.75 0.02348624899084219 -0.020637968387718225
0.08166662209192771 -0.6198786653258505 6 nil_vol 0.6 nil_bias 0.65 Home 0.005 0.01 0.001 0.08965899300933729 -0.6234724216537125 -0.007992370917409578 0.003593756327862034
0.09396944656858275 -0.5965297484305417 6 nil_vol 0.6 nil_bias 0.65 Home 0.005 0.01 0.001 0.10046119589066145 -0.5994487527468073 -0.006491749322078704 0.002919004316265625
0.23409585899141033 -0.3238801846004435 6 nil_vol 0.6 nil_bias 0.65 Home 0.005 0.01 0.001 0.2260058191619127 -0.3202425116082426 0.008090039829497636 -0.0036376729922009336
0.2441632459949662 -0.3191720708420478 6 nil_vol 0.6 nil_bias 0.65 Home 0.005 0.01 0.001 0.22945991410663832 -0.31256074204357653 0.014703331888327877 -0.006611328798471239
0.26027462591784745 -0.2519456829120459 6 nil_vol 0.6 nil_bias 0.65 Home 0.005 0.01 0.001 0.2573139708985813 -0.25061442929280664 0.002960655019266116 -0.001331253619239259
0.33475422001504646 -0.06139279249131812 6 nil_vol 0.6 nil_bias 0.65 Home 0.005 0.01 0.001 0.34111177293339273 -0.06425145561720691 -0.006357552918346284 0.0028586631258887877
0.49890121930260745 0.27756286419370707 6 nil_vol 0.6 nil_bias 0.65 Home 0.005 0.01 0.001 0.4954964113754039 0.2790938304313837 0.0034048079272035506 -0.0015309662376766198
0.49628435094138157 0.2808461766388803 6 nil_vol 0.6 nil_bias 0.65 Right 0.005 0.01 0.001 0.4 0.35 0.09628435094138157 -0.0691538233611197
0.5042580365364377 0.274346663041363 7 nil_vol 0.6 nil_bias 0.65 Right 0.005 0.01 0.001 0.4952055442490826 0.2784880643822428 0.009052492287355135 -0.004141401340879758
0.3951640699392478 0.043175988010639335 7 nil_vol 0.6 nil_bias 0.65 Right 0.005 0.01 0.001 0.3888704508983072 0.04605523954798066 0.006293619040940593 -0.0028792515373413236
0.3022394018137132 -0.1009491363401083 7 nil_vol 0.6 nil_bias 0.65 Right 0.005 0.01 0.001 0.3182639455437808 -0.10828016350744296 -0.016024543730067536 0.007331027167334663
0.2888556677780157 -0.17746152746415772 7 nil_vol 0.6 nil_bias 0.65 Right 0.005 0.01 0.001 0.2870022520076419 -0.17661361306522966 0.001853415770373788 -0.0008479143989280672
0.27969842676953943 -0.18956211556231695 7 nil_vol 0.6 nil_bias 0.65 Right 0.005 0.01 0.001 0.2808396276638918 -0.19008420061514664 -0.0011412008943523933 0.0005220850528296915
0.12234207933490307 -0.5253914577819405 7 nil_vol 0.6 nil_bias 0.65 Right 0.005 0.01 0.001 0.12655833545742712 -0.5273203419173851 -0.004216256122524045 0.0019288841354445612
0.05667675102031185 -0.6833285394552726 7 nil_vol 0.6 nil_bias 0.65 Right 0.005 0.01 0.001 0.05544445975107393 -0.6827647817018521 0.0012322912692379175 -0.0005637577534205658
0.008787746445069937 -0.7847494730155945 7 nil_vol 0.6 nil_bias 0.65 Home 0.005 0.01 0.001 0.0 -0.75 0.008787746445069937 -0.03474947301559447
-0.02618491787707049 -0.6536416165846521 8 nil_vol 0.6 nil_bias 0.65 Home 0.005 0.01 0.001 -0.039859675308821896 -0.658928839130122 0.013674757431751405 0.0052872225454698475
-0.0916457100850405 -0.5611226656945726 8 nil_vol 0.6 nil_bias 0.65 Home 0.005 0.01 0.001 -0.07949237463039334 -0.556423687336882 -0.01215333545464716 -0.004698978357690597
-0.09958307516374831 -0.540161914946141 8 nil_vol 0.6 nil_bias 0.65 Home 0.005 0.01 0.001 -0.08757495312561223 -0.5355190820560035 -0.012008122038136093 -0.0046428328901374155
-0.12583166373705226 -0.47645600879487077 8 nil_vol 0.6 nil_bias 0.65 Home 0.005 0.01 0.001 -0.11241659738287876 -0.4712691934798092 -0.013415066354173508 -0.005186815315061566
-0.1501417027846917 -0.3991175840839994 8 nil_vol 0.6 nil_bias 0.65 Home 0.005 0.01 0.001 -0.14159154540212454 -0.3958117422724686 -0.008550157382567158 -0.003305841811530742
-0.24033176863028827 -0.11234566024819358 8 nil_vol 0.6 nil_bias 0.65 Home 0.005 0.01 0.001 -0.24977890391228766 -0.11599831053485343 0.00944713528199939 0.0036526502866598594
-0.2641397076069525 -0.06576754873869549 8 nil_vol 0.6 nil_bias 0.65 Home 0.005 0.01 0.001 -0.26854206427652316 -0.0674696805353816 0.004402356669570698 0.0017021317966861094
-0.4589088257783355 0.42489077227661964 8 nil_vol 0.6 nil_bias 0.65 Left 0.005 0.01 0.001 -0.4 0.35 -0.058908825778335484 0.0748907722766197
-0.44388912206180087 0.39332013979930885 9 nil_vol 0.6 nil_bias 0.65 Left 0.005 0.01 0.001 -0.4462725453189092 0.3923933701871586 0.002383423257108352 0.0009267696121502471
-0.3864136449620632 0.2216594304387823 9 nil_vol 0.6 nil_bias 0.65 Left 0.005 0.01 0.001 -0.38074194897869873 0.22386481106979705 -0.005671695983364486 -0.0022053806310147377
-0.3223492861672043 0.0641973156546838 9 nil_vol 0.6 nil_bias 0.65 Left 0.005 0.01 0.001 -0.3191418401349604 0.06544449804515101 -0.003207446032243921 -0.001247182390467214
-0.23951441922514843 -0.16285040355584454 9 nil_vol 0.6 nil_bias 0.65 Left 0.005 0.01 0.001 -0.2315725046784133 -0.1597622717931555 -0.007941914546735115 -0.003088131762689057
-0.18986584876371254 -0.23378113117914082 9 nil_vol 0.6 nil_bias 0.65 Left 0.005 0.01 0.001 -0.2010934593202926 -0.2381468720310279 0.011227610556580071 0.004365740851887095
-0.19290761995753924 -0.2501373251827122 9 nil_vol 0.6 nil_bias 0.65 Left 0.005 0.01 0.001 -0.19596832728489388 -0.25132744973747523 0.00306070732735465 0.0011901245547630132
-0.014704727462161938 -0.7690203422475694 9 nil_vol 0.6 nil_bias 0.65 Left 0.005 0.01 0.001 0.0026997368130134425 -0.762252795376538 -0.01740446427517538 -0.00676754687103141
0.007723574759576316 -0.7751728696267071 9 nil_vol 0.6 nil_bias 0.65 Home 0.005 0.01 0.001 0.0 -0.75 0.007723574759576316 -0.02517286962670708
0.008717104752263128 -0.7558376781290392 10 nil_vol 0.6 nil_bias 0.65 Home 0.005 0.01 0.001 0.0027789791998807673 -0.7574989777102531 0.005938125552382361 0.001661299581213888
-0.054789041872930065 -0.5462445058113655 10 nil_vol 0.6 nil_bias 0.65 Home 0.005 0.01 0.001 -0.05621196308470365 -0.5466425941293653 0.0014229212117735873 0.0003980883179998491
-0.0622482526527049 -0.5185716172739805 10 nil_vol 0.6 nil_bias 0.65 Home 0.005 0.01 0.001 -0.06393343421549644 -0.5190430777373605 0.001685181562791539 0.00047146046338002406
-0.060750999816591024 -0.4651271192995851 10 nil_vol 0.6 nil_bias 0.65 Home 0.005 0.01 0.001 -0.07769147622340705 -0.46986652841310855 0.016940476406816028 0.004739409113523415
-0.13328693454705412 -0.26705056625908064 10 nil_vol 0.6 nil_bias 0.65 Home 0.005 0.01 0.001 -0.1343497742665682 -0.26734791517252987 0.001062839719514057 0.00029734891344926123
-0.17314044172671222 -0.12095843211726227 10 nil_vol 0.6 nil_bias 0.65 Home 0.005 0.01 0.001 -0.17514780152220538 -0.12152002785284932 0.0020073597954931594 0.0005615957355870419
-0.3153952929008368 0.327537876771972 10 nil_vol 0.6 nil_bias 0.65 Home 0.005 0.01 0.001 -0.3018408970706961 0.33132996771339474 -0.01355439583014066 -0.003792090941422722
-0.32722221040961924 0.42205257247126493 10 nil_vol 0.6 nil_bias 0.65 Left 0.005 0.01 0.001 -0.4 0.35 0.07277778959038077 0.07205257247126493
-0.2847016690994824 0.293761792130883 11 nil_vol 0.6 nil_bias 0.65 Left 0.005 0.01 0.001 -0.285559156471135 0.29348392079792773 0.0008574873716526022 0.0002778713329552654
-0.2562811680487235 0.19377489959025587 11 nil_vol 0.6 nil_bias 0.65 Left 0.005 0.01 0.001 -0.25353638245462706 0.19466435552502734 -0.002744785594096425 -0.0008894559347714554
-0.14887828373037096 -0.13969247884787228 11 nil_vol 0.6 nil_bias 0.65 Left 0.005 0.01 0.001 -0.14553783728122538 -0.13860999724152412 -0.0033404464491455805 -0.0010824816063481543
-0.1301002188960577 -0.20269590148556552 11 nil_vol 0.6 nil_bias 0.65 Left 0.005 0.01 0.001 -0.12527708798734988 -0.20113295157058608 -0.0048231309087078044 -0.0015629499149794402
-0.10463325593868933 -0.2591188311824411 11 nil_vol 0.6 nil_bias 0.65 Left 0.005 0.01 0.001 -0.10631046678452952 -0.2596623363450681 0.0016772108458401817 0.000543505162626992
-0.060714324385797144 -0.428739019723935 11 nil_vol 0.6 nil_bias 0.65 Left 0.005 0.01 0.001 -0.052394348150536174 -0.42604290668125255 -0.008319976235260967 -0.0026961130426824756
0.01386650945293667 -0.6955565857806395 11 nil_vol 0.6 nil_bias 0.65 Left 0.005 0.01 0.001 0.03293950005954943 -0.6893759264514081 -0.01907299060661276 -0.006180659329231372
0.05627910166624632 -0.761399957949351 11 nil_vol 0.6 nil_bias 0.65 Home 0.005 0.01 0.001 0.0 -0.75 0.05627910166624632 -0.011399957949351022
0.16743643882432555 -0.3401642956311742 12 nil_vol 0.6 nil_bias 0.65 Home 0.005 0.01 0.001 0.17428377399752104 -0.34209131899388906 -0.006847335173195483 0.0019270233627148592
0.1848592670137195 -0.2782291770573547 12 nil_vol 0.6 nil_bias 0.65 Home 0.005 0.01 0.001 0.1917134328458573 -0.28015812275029467 -0.006854165832137799 0.0019289456929399238
0.19638481822903858 -0.27615920176452335 12 nil_vol 0.6 nil_bias 0.65 Home 0.005 0.01 0.001 0.1930990707843368 -0.2752345045020457 0.0032857474447017705 -0.0009246972624776754
0.19045057249625807 -0.2652471876203983 12 nil_vol 0.6 nil_bias 0.65 Home 0.005 0.01 0.001 0.19550912639162876 -0.26667080006105853 -0.005058553895370678 0.0014236124406602439
0.20380315734248236 -0.15678225111472105 12 nil_vol 0.6 nil_bias 0.65 Home 0.005 0.01 0.001 0.2247738078905176 -0.16268395338505615 -0.020970650548035243 0.005901702270335087
0.24067436105145837 -0.08335985272110819 12 nil_vol 0.6 nil_bias 0.65 Home 0.005 0.01 0.001 0.2466263305794128 -0.08503489622992222 -0.00595196952795442 0.0016750435088140321
0.2953365097983785 0.10428411678408825 12 nil_vol 0.6 nil_bias 0.65 Home 0.005 0.01 0.001 0.29957043601870115 0.10309257663946214 -0.004233926220322666 0.0011915401446261104
0.3865941201641297 0.4123157780180635 12 nil_vol 0.6 nil_bias 0.65 Right 0.005 0.01 0.001 0.4 0.35 -0.013405879835870342 0.06231577801806356
0.30624397162906414 0.1473773290752903 13 nil_vol 0.6 nil_bias 0.65 Right 0.005 0.01 0.001 0.3014716448102599 0.14891961529470243 0.004772326818804215 -0.0015422862194121253
0.291089091869742 0.11058597993165153 13 nil_vol 0.6 nil_bias 0.65 Right 0.005 0.01 0.001 0.2892729369596835 0.11117291179873662 0.0018161549100585532 -0.0005869318670850834
0.20781659691122467 -0.12496632585816744 13 nil_vol 0.6 nil_bias 0.65 Right 0.005 0.01 0.001 0.21247285566230578 -0.12647110203517054 -0.004656258751081121 0.0015047761770030901
0.22100840494082813 -0.1370770578187146 13 nil_vol 0.6 nil_bias 0.65 Right 0.005 0.01 0.001 0.2101765819622855 -0.13357650726021286 0.010831822978542625 -0.0035005505585017326
0.16983987487029537 -0.23981800683242946 13 nil_vol 0.6 nil_bias 0.65 Right 0.005 0.01 0.001 0.17527461161065186 -0.24157436592077974 -0.005434736740356504 0.0017563590883502896
0.1601727871107979 -0.32861975906883134 13 nil_vol 0.6 nil_bias 0.65 Right 0.005 0.01 0.001 0.14837597502330346 -0.3248073502782498 0.011796812087494443 -0.0038124087905815063
0.07196411885923606 -0.5293865764536747 13 nil_vol 0.6 nil_bias 0.65 Right 0.005 0.01 0.001 0.08128776589134212 -0.5323997255690329 -0.009323647032106063 0.00301314911535816
0.012797756686347892 -0.7443297186112645 13 nil_vol 0.6 nil_bias 0.65 Home 0.005 0.01 0.001 0.0 -0.75 0.012797756686347892 0.0056702813887354545
-0.012296024680743006 -0.6867907399061722 14 nil_vol 0.6 nil_bias 0.65 Home 0.005 0.01 0.001 -0.010934666194400242 -0.6862346115687796 -0.0013613584863427638 -0.0005561283373925902
-0.09812040051038821 -0.4883790918942147 14 nil_vol 0.6 nil_bias 0.65 Home 0.005 0.01 0.001 -0.09267013479303923 -0.4861526047182469 -0.005450265717348987 -0.0022264871759678194
-0.12465409426693516 -0.43089681631864896 14 nil_vol 0.6 nil_bias 0.65 Home 0.005 0.01 0.001 -0.11658863435346342 -0.42760199658014236 -0.00806545991347174 -0.003294819738506613
-0.1747336897158393 -0.28654022630814013 14 nil_vol 0.6 nil_bias 0.65 Home 0.005 0.01 0.001 -0.17428811344897724 -0.28635820401867157 -0.00044557626686207155 -0.00018202228946858772
-0.21840966747862572 -0.15818371544985999 14 nil_vol 0.6 nil_bias 0.65 Home 0.005 0.01 0.001 -0.22547036244327243 -0.16106807881991836 0.007060694964646688 0.0028843633700583854
-0.3334595364104287 0.14325118841847112 14 nil_vol 0.6 nil_bias 0.65 Home 0.005 0.01 0.001 -0.3474526095132001 0.1375348803646218 0.013993073102771434 0.005716308053849315
-0.3707867977437963 0.24871190828147136 14 nil_vol 0.6 nil_bias 0.65 Home 0.005 0.01 0.001 -0.38971137968523545 0.2409810303411457 0.01892458194143917 0.00773087794032566
-0.4141372065111718 0.30077353577492877 14 nil_vol 0.6 nil_bias 0.65 Left 0.005 0.01 0.001 -0.4 0.35 -0.014137206511171794 -0.04922646422507121
-0.3589235930039738 0.17796781203936957 15 nil_vol 0.6 nil_bias 0.65 Left 0.005 0.01 0.001 -0.3562147826328036 0.17925902293141419 -0.0027088103711702177 -0.001291210892044615
-0.2939603774140499 0.08853672196711011 15 nil_vol 0.6 nil_bias 0.65 Left 0.005 0.01 0.001 -0.30945051509716787 0.08115302515740241 0.015490137683117985 0.007383696809707704
-0.24521792893130925 -0.029410228196017338 15 nil_vol 0.6 nil_bias 0.65 Left 0.005 0.01 0.001 -0.25461343622867544 -0.03388879247196663 0.00939550729736619 0.0044785642759492955
-0.24561432775332342 -0.04847601771659982 15 nil_vol 0.6 nil_bias 0.65 Left 0.005 0.01 0.001 -0.24728135720816483 -0.04927064203300058 0.0016670294548414095 0.0007946243164007605
-0.19478785525576986 -0.1345528036174952 15 nil_vol 0.6 nil_bias 0.65 Left 0.005 0.01 0.001 -0.2044373317442976 -0.1391524275989749 0.00964947648852774 0.004599623981479692
-0.1986442647690919 -0.1445284370789034 15 nil_vol 0.6 nil_bias 0.65 Left 0.005 0.01 0.001 -0.20127663142963803 -0.14578320948384066 0.002632366660546138 0.0012547724049372735
-0.15367040577049515 -0.25490646705632325 15 nil_vol 0.6 nil_bias 0.65 Left 0.005 0.01 0.001 -0.1500771902602664 -0.25319368603124665 -0.003593215510228769 -0.001712781025076594
0.05499307278418259 -0.6834072621216613 15 nil_vol 0.6 nil_bias 0.65 Home 0.005 0.01 0.001 0.0 -0.75 0.05499307278418259 0.06659273787833879
-0.034501586560247564 -0.482188794776372 16 nil_vol 0.6 nil_bias 0.65 Home 0.005 0.01 0.001 -0.027354475131400026 -0.4793052026056673 -0.007147111428847539 -0.002883592170704729
-0.040090783242642855 -0.4654115392535426 16 nil_vol 0.6 nil_bias 0.65 Home 0.005 0.01 0.001 -0.033958306032375575 -0.4629373140442956 -0.00613247721026728 -0.0024742252092469974
-0.07009993681056267 -0.344721603582865 16 nil_vol 0.6 nil_bias 0.65 Home 0.005 0.01 0.001 -0.08003643961633553 -0.3487306108552663 0.009936502805772855 0.004009007272401293
-0.10412442029928115 -0.33667734528199184 16 nil_vol 0.6 nil_bias 0.65 Home 0.005 0.01 0.001 -0.08759085026982444 -0.33000666810487284 -0.016533570029456705 -0.006670677177119009
-0.1308667280013173 -0.19401735405048579 16 nil_vol 0.6 nil_bias 0.65 Home 0.005 0.01 0.001 -0.1408348251980619 -0.19803910847806316 0.009968097196744609 0.004021754427577384
-0.19491636186773148 -0.07480634102017697 16 nil_vol 0.6 nil_bias 0.65 Home 0.005 0.01 0.001 -0.19116525164398915 -0.07329290833057667 -0.0037511102237423196 -0.001513432689600306
-0.3717153278297372 0.32783183094000273 16 nil_vol 0.6 nil_bias 0.65 Home 0.005 0.01 0.001 -0.35562353745945186 0.33432426654651726 -0.01609179037028536 -0.006492435606514518
-0.3561836390714092 0.3357125032995524 16 nil_vol 0.6 nil_bias 0.65 Left 0.005 0.01 0.001 -0.4 0.35 0.04381636092859079 -0.014287496700447622
-0.3323240970740658 0.2729678951172851 17 nil_vol 0.6 nil_bias 0.65 Left 0.005 0.01 0.001 -0.3391360885293121 0.2711686868429536 0.006811991455246318 0.0017992082743314892
-0.28339460101999736 0.10791286813628072 17 nil_vol 0.6 nil_bias 0.65 Left 0.005 0.01 0.001 -0.2951932696588881 0.10479656031636433 0.011798668638890758 0.0031163078199163857
-0.28609981078557634 0.007748610126224564 17 nil_vol 0.6 nil_bias 0.65 Left 0.005 0.01 0.001 -0.2706391628031444 0.011832133418828605 -0.015460647982431968 -0.004083523292604041
-0.2302064051458389 -0.10356564608307188 17 nil_vol 0.6 nil_bias 0.65 Left 0.005 0.01 0.001 -0.2395107900528593 -0.10602315449632499 0.00930438490702039 0.0024575084132531077
-0.192549354856645 -0.2944542409133329 17 nil_vol 0.6 nil_bias 0.65 Left 0.005 0.01 0.001 -0.18992477182186596 -0.29376102637484314 -0.002624583034779053 -0.0006932145384897243
-0.10975780970468059 -0.623502074742163 17 nil_vol 0.6 nil_bias 0.65 Left 0.005 0.01 0.001 -0.10328397483160756 -0.6217921816298753 -0.0064738348730730335 -0.0017098931122877588
-0.09729864281712011 -0.689367029009344 17 nil_vol 0.6 nil_bias 0.65 Left 0.005 0.01 0.001 -0.08620945370899857 -0.686438111536379 -0.011089189108121537 -0.0029289174729649524
-0.07059839665593744 -0.7455432128022832 17 nil_vol 0.6 nil_bias 0.65 Home 0.005 0.01 0.001 0.0 -0.75 -0.07059839665593744 0.004456787197716813
-0.09382916612833535 -0.7179828858749425 18 nil_vol 0.6 nil_bias 0.65 Home 0.005 0.01 0.001 -0.08132153540299475 -0.7137626614330632 -0.012507630725340597 -0.004220224441879351
-0.12837903235663692 -0.5597906324711506 18 nil_vol 0.6 nil_bias 0.65 Home 0.005 0.01 0.001 -0.13277327215058482 -0.5612733016184197 0.004394239793947894 0.0014826691472691197
-0.1546177898599828 -0.4861491476692807 18 nil_vol 0.6 nil_bias 0.65 Home 0.005 0.01 0.001 -0.15776299047883158 -0.48721037603600786 0.0031452006188487616 0.0010612283667271567
-0.25429027068483645 -0.1850021965933345 18 nil_vol 0.6 nil_bias 0.65 Home 0.005 0.01 0.001 -0.25917548436594734 -0.1866505262117536 0.004885213681110905 0.0016483296184190966
-0.31533876472230754 0.04268725627180919 18 nil_vol 0.6 nil_bias 0.65 Home 0.005 0.01 0.001 -0.3343880935607787 0.03625978452029377 0.019049328838471134 0.006427471751515424
-0.42172675478099186 0.25336645257657475 18 nil_vol 0.6 nil_bias 0.65 Home 0.005 0.01 0.001 -0.4090820445446335 0.2576329292876154 -0.01264471023635838 -0.004266476711040613
-0.4095485563100707 0.26634168400257113 18 nil_vol 0.6 nil_bias 0.65 Home 0.005 0.01 0.001 -0.41176782587610095 0.26559287586525504 0.0022192695660302217 0.0007488081373160846
-0.41681227373405777 0.2805432871264301 18 nil_vol 0.6 nil_bias 0.65 Left 0.005 0.01 0.001 -0.4 0.35 -0.01681227373405777 -0.06945671287356985
-0.427974222074106 0.2679169661462144 19 nil_vol 0.6 nil_bias 0.65 Left 0.005 0.01 0.001 -0.4139669465016483 0.27425682374629284 -0.014007275572457732 -0.0063398576000784496
-0.3617430350259529 0.1449447252194637 19 nil_vol 0.6 nil_bias 0.65 Left 0.005 0.01 0.001 -0.35651066100457196 0.14731295921574 -0.005232374021380943 -0.0023682339962763027
-0.31151932341948224 0.0813457356100747 19 nil_vol 0.6 nil_bias 0.65 Left 0.005 0.01 0.001 -0.32407997716480563 0.07566063605610984 0.012560653745323396 0.0056850995539648634
-0.23634135011727003 -0.1189321091793655 19 nil_vol 0.6 nil_bias 0.65 Left 0.005 0.01 0.001 -0.236062199101216 -0.11880576214767152 -0.00027915101605401266 -0.00012634703169398174
-0.09318032573720951 -0.42106287985253654 19 nil_vol 0.6 nil_bias 0.65 Left 0.005 0.01 0.001 -0.0982238673267381 -0.4233456460701554 0.005043541589528587 0.002282766217618872
-0.03041744713405359 -0.5369955757630662 19 nil_vol 0.6 nil_bias 0.65 Left 0.005 0.01 0.001 -0.0440017317675751 -0.5431439826913058 0.013584284633521512 0.006148406928239587
-0.03600273633826821 -0.5486686592954035 19 nil_vol 0.6 nil_bias 0.65 Left 0.005 0.01 0.001 -0.0405663152631498 -0.550734188768341 0.00456357892488159 0.002065529472937461
0.031139236463059036 -0.7091603690490625 19 nil_vol 0.6 nil_bias 0.65 Home 0.005 0.01 0.001 0.0 -0.75 0.031139236463059036 0.04083963095093747
-0.1573086299253776 -0.24928872389411896 20 nil_vol 0.6 nil_bias 0.65 Home 0.005 0.01 0.001 -0.1538226833179595 -0.24789091320322926 -0.0034859466074181 -0.0013978106908897002
-0.15837037068015047 -0.23765601166158148 20 nil_vol 0.6 nil_bias 0.65 Home 0.005 0.01 0.001 -0.1579881735315415 -0.2375027565144096 -0.00038219714860899336 -0.00015325514717188967
-0.20544433077679708 -0.1946010336190643 20 nil_vol 0.6 nil_bias 0.65 Home 0.005 0.01 0.001 -0.1793816784563046 -0.18415031301163987 -0.02606265232049249 -0.01045072060742444
-0.17854299888057187 -0.17647938682476066 20 nil_vol 0.6 nil_bias 0.65 Home 0.005 0.01 0.001 -0.18191536347066756 -0.17783165288287595 0.003372364590095684 0.0013522660581152806
-0.23252095933159178 -0.07451681648284098 20 nil_vol 0.6 nil_bias 0.65 Home 0.005 0.01 0.001 -0.2246143138936274 -0.07134637391245213 -0.007906645437964384 -0.0031704425703888385
-0.3077175244824214 0.12332296163036012 20 nil_vol 0.6 nil_bias 0.65 Home 0.005 0.01 0.001 -0.3033723603788409 0.1250653052522418 -0.004345164103580504 -0.001742343621881675
-0.32647616897896703 0.2454291109487574 20 nil_vol 0.6 nil_bias 0.65 Home 0.005 0.01 0.001 -0.3481512754155441 0.23673772840183427 0.02167510643657706 0.00869138254692313
-0.40928993573916733 0.3892090944646938 20 nil_vol 0.6 nil_bias 0.65 Left 0.005 0.01 0.001 -0.4 0.35 -0.009289935739167315 0.039209094464693825
-0.3589902358213705 0.21340426957599035 21 nil_vol 0.6 nil_bias 0.65 Left 0.005 0.01 0.001 -0.34716022791500367 0.21768946382482446 -0.011830007906366862 -0.0042851942488341095
-0.34015499151840844 0.16873826464373798 21 nil_vol 0.6 nil_bias 0.65 Left 0.005 0.01 0.001 -0.3306727659835194 0.17217301960331716 -0.009482225534889038 -0.0034347549595791765
-0.24421675954768385 -0.05764609080676963 21 nil_vol 0.6 nil_bias 0.65 Left 0.005 0.01 0.001 -0.2470530348084757 -0.058673477308270994 0.0028362752607918704 0.0010273865015013692
-0.2539230560861813 -0.08727494820597578 21 nil_vol 0.6 nil_bias 0.65 Left 0.005 0.01 0.001 -0.23869127867617337 -0.08175752797485669 -0.015231777410007955 -0.005517420231119098
-0.2539661632648006 -0.09277683805572993 21 nil_vol 0.6 nil_bias 0.65 Left 0.005 0.01 0.001 -0.23693449067321037 -0.08660744019774302 -0.017031672591590233 -0.006169397857986917
-0.14892346508345558 -0.36793891451046934 21 nil_vol 0.6 nil_bias 0.65 Left 0.005 0.01 0.001 -0.13663935446828906 -0.36348923023495644 -0.012284110615166516 -0.0044496842755128736
-0.09625032552019357 -0.43825606069947487 21 nil_vol 0.6 nil_bias 0.65 Left 0.005 0.01 0.001 -0.10801309228465644 -0.44251689812988143 0.011762766764462878 0.004260837430406549
-0.01808672592735575 -0.6907739346194525 21 nil_vol 0.6 nil_bias 0.65 Home 0.005 0.01 0.001 0.0 -0.75 -0.01808672592735575 0.05922606538054755
-0.03704436702514327 -0.6190051665250282 22 nil_vol 0.6 nil_bias 0.65 Home 0.005 0.01 0.001 -0.04686469281488156 -0.623186553741562 0.009820325789738283 0.004181387216533676
-0.06285091202166167 -0.5508194727109149 22 nil_vol 0.6 nil_bias 0.65 Home 0.005 0.01 0.001 -0.07540228584870481 -0.5561637102844967 0.012551373827043149 0.00534423757358179
-0.1798198843636199 -0.3275608438084616 22 nil_vol 0.6 nil_bias 0.65 Home 0.005 0.01 0.001 -0.17382562160500936 -0.3250085523460349 -0.00599426275861054 -0.002552291462426725
-0.22135375243329383 -0.25080821459136693 22 nil_vol 0.6 nil_bias 0.65 Home 0.005 0.01 0.001 -0.2078648089230767 -0.24506477011042066 -0.01348894351021711 -0.005743444480946276
-0.26443203525944226 -0.1335571143570113 22 nil_vol 0.6 nil_bias 0.65 Home 0.005 0.01 0.001 -0.2567383795063141 -0.13028123996105623 -0.007693655753128161 -0.0032758743959550676
-0.3285462035219501 0.04084177647088782 22 nil_vol 0.6 nil_bias 0.65 Home 0.005 0.01 0.001 -0.3294388526002383 0.04046169626533036 0.0008926490782882127 0.0003800802055574549
-0.46085069142401436 0.33665671812655856 22 nil_vol 0.6 nil_bias 0.65 Home 0.005 0.01 0.001 -0.4563681234748536 0.3385653464878956 -0.0044825679491607325 -0.001908628361337062
-0.4738330012975205 0.379583023448879 22 nil_vol 0.6 nil_bias 0.65 Left 0.005 0.01 0.001 -0.4 0.35 -0.07383300129752046 0.02958302344887902
-0.33364653628480073 0.09382992012040378 23 nil_vol 0.6 nil_bias 0.65 Left 0.005 0.01 0.001 -0.33162135203509063 0.0948413801544169 -0.0020251842497100814 -0.0010114600340131162
-0.29127104590922126 0.018399090165790534 23 nil_vol 0.6 nil_bias 0.65 Left 0.005 0.01 0.001 -0.29300933713256583 0.01753091626993858 0.001738291223344587 0.0008681738958519538
-0.276008305134665 -0.023854909123995068 23 nil_vol 0.6 nil_bias 0.65 Left 0.005 0.01 0.001 -0.27307199612830724 -0.022388396036176594 -0.002936309006357792 -0.0014665130878184743
-0.23108786386097885 -0.08854322452894633 23 nil_vol 0.6 nil_bias 0.65 Left 0.005 0.01 0.001 -0.23824602242811196 -0.09211830235646756 0.00715815856713311 0.003575077827521232
-0.18127808714218874 -0.22104503271411335 23 nil_vol 0.6 nil_bias 0.65 Left 0.005 0.01 0.001 -0.17533674440259672 -0.21807768259259647 -0.005941342739592018 -0.0029673501215169013
-0.12266177214155698 -0.28466486155606435 23 nil_vol 0.6 nil_bias 0.65 Left 0.005 0.01 0.001 -0.1382036029896544 -0.2924270889980826 0.015541830848097416 0.007762227442018239
0.01334289522217524 -0.6149700595716312 23 nil_vol 0.6 nil_bias 0.65 Left 0.005 0.01 0.001 0.0209820563908259 -0.6111547493268565 -0.007639161168650658 -0.0038153102447746174
0.073438821256547 -0.7161857049992247 23 nil_vol 0.6 nil_bias 0.65 Home 0.005 0.01 0.001 0.0 -0.75 0.073438821256547 0.03381429500077526
0.02906089032694705 -0.604326145882454 24 nil_vol 0.6 nil_bias 0.65 Home 0.005 0.01 0.001 0.020242541912918827 -0.6086900751533915 0.008818348414028225 0.004363929270937417
-0.09885764074469854 -0.38408042183740754 24 nil_vol 0.6 nil_bias 0.65 Home 0.005 0.01 0.001 -0.09247334856324141 -0.38092103209492956 -0.006384292181457123 -0.003159389742477969
-0.10467125617416423 -0.341206165940847 24 nil_vol 0.6 nil_bias 0.65 Home 0.005 0.01 0.001 -0.11066031888897834 -0.344169968782327 0.005989062714814113 0.002963802841479968
-0.16433675913815463 -0.22228649517886873 24 nil_vol 0.6 nil_bias 0.65 Home 0.005 0.01 0.001 -0.16967049192509023 -0.22492599540492458 0.005333732786935596 0.0026395002260558627
-0.28638614907953164 0.006268617379037631 24 nil_vol 0.6 nil_bias 0.65 Home 0.005 0.01 0.001 -0.2845349434678601 0.007184722070755822 -0.001851205611671515 -0.0009161046917181916
-0.3538346467451042 0.14386900518428694 24 nil_vol 0.6 nil_bias 0.65 Home 0.005 0.01 0.001 -0.3525021191895274 0.14452843206686072 -0.0013325275555767784 -0.0006594268825737936
-0.42468056469826954 0.2409627925300716 24 nil_vol 0.6 nil_bias 0.65 Home 0.005 0.01 0.001 -0.40503550455594006 0.2506845282746084 -0.019645060142329498 -0.009721735744536811
-0.4736605926085523 0.389357705317486 24 nil_vol 0.6 nil_bias 0.65 Left 0.005 0.01 0.001 -0.4 0.35 -0.07366059260855232 0.03935770531748602
-0.4446453724685171 0.35110155018483635 25 nil_vol 0.6 nil_bias 0.65 Left 0.005 0.01 0.001 -0.4549276389054928 0.34659701104226226 0.010282266436975709 0.00450453914257408
-0.33716508162207365 0.0422603280446267 25 nil_vol 0.6 nil_bias 0.65 Left 0.005 0.01 0.001 -0.32410739077626866 0.04798074774850086 -0.013057690845804996 -0.005720419703874166
-0.28035456708773593 -0.04107320099481196 25 nil_vol 0.6 nil_bias 0.65 Left 0.005 0.01 0.001 -0.28433078915076243 -0.042815136786133245 0.003976222063026511 0.0017419357913212859
-0.2832390814413781 -0.09277051031026262 25 nil_vol 0.6 nil_bias 0.65 Left 0.005 0.01 0.001 -0.2657940110849006 -0.08512803160701432 -0.017445070356477507 -0.007642478703248307
-0.23506707157803286 -0.16060624869349308 25 nil_vol 0.6 nil_bias 0.65 Left 0.005 0.01 0.001 -0.23310454807487305 -0.15974649039094463 -0.0019625235031598227 -0.0008597583025484397
-0.17362388538218437 -0.29555905714409425 25 nil_vol 0.6 nil_bias 0.65 Left 0.005 0.01 0.001 -0.1736094429564788 -0.2955527300884491 -1.4442425705591338e-05 -6.327055645106306e-06
-0.0291730806050977 -0.6224732177680853 25 nil_vol 0.6 nil_bias 0.65 Left 0.005 0.01 0.001 -0.030193591626884952 -0.6229202915597678 0.0010205110217872508 0.0004470737916825488
0.03523706752611136 -0.7722752975357173 25 nil_vol 0.6 nil_bias 0.65 Home 0.005 0.01 0.001 0.0 -0.75 0.03523706752611136 -0.022275297535717296
-0.09564517419386494 -0.46319331059006214 26 nil_vol 0.6 nil_bias 0.65 Home 0.005 0.01 0.001 -0.10753557998498683 -0.46878701825751234 0.011890405791121897 0.005593707667450215
-0.14393123966421334 -0.40597807967803673 26 nil_vol 0.6 nil_bias 0.65 Home 0.005 0.01 0.001 -0.13832423875822902 -0.4033403291663912 -0.005607000905984316 -0.002637750511645531
-0.15710321566110583 -0.4071477274757429 26 nil_vol 0.6 nil_bias 0.65 Home 0.005 0.01 0.001 -0.14026057907564135 -0.3992242985311618 -0.01684263658546448 -0.007923428944581116
-0.2797491289917367 -0.11772147496639444 26 nil_vol 0.6 nil_bias 0.65 Home 0.005 0.01 0.001 -0.2739695172447366 -0.11500252162602831 -0.0057796117470000725 -0.0027189533403661277
-0.29802269992256925 -0.05617425798437776 26 nil_vol 0.6 nil_bias 0.65 Home 0.005 0.01 0.001 -0.3009882897513211 -0.057569386363931274 0.0029655898287518525 0.0013951283795535137
-0.35412151255223584 0.05066367929636911 26 nil_vol 0.6 nil_bias 0.65 Home 0.005 0.01 0.001 -0.3523069121189695 0.051517337660535234 -0.0018146004332663614 -0.0008536583641661241
-0.5043944213061364 0.39691781902564166 26 nil_vol 0.6 nil_bias 0.65 Home 0.005 0.01 0.001 -0.5129117019926176 0.39291096012454607 0.0085172806864812 0.004006858901095606
-0.5268269008639457 0.42249015358276837 26 nil_vol 0.6 nil_bias 0.65 Left 0.005 0.01 0.001 -0.4 0.35 -0.1268269008639457 0.07249015358276838
-0.47337319592008387 0.33654415221894246 27 nil_vol 0.6 nil_bias 0.65 Left 0.005 0.01 0.001 -0.48380050116901213 0.3316075694024659 0.01042730524892827 0.004936582816476569
-0.3338935606551152 0.02742810172607256 27 nil_vol 0.6 nil_bias 0.65 Left 0.005 0.01 0.001 -0.3387130726633518 0.02514640769336851 0.00481951200823659 0.0022816940327040477
-0.3217429639599638 0.007385180949576867 27 nil_vol 0.6 nil_bias 0.65 Left 0.005 0.01 0.001 -0.3287368351519065 0.004074083449065569 0.00699387119194268 0.0033110975005112976
-0.3177430393137627 -0.003984585919892637 27 nil_vol 0.6 nil_bias 0.65 Left 0.005 0.01 0.001 -0.32360725823356695 -0.006760873911896892 0.0058642189198042614 0.0027762879920042558
-0.14866961669106732 -0.33457497122561836 27 nil_vol 0.6 nil_bias 0.65 Left 0.005 0.01 0.001 -0.16479621583895238 -0.3422097618394097 0.01612659914788506 0.007634790613791373
-0.12920364075834126 -0.4687886662247948 27 nil_vol 0.6 nil_bias 0.65 Left 0.005 0.01 0.001 -0.10932553261007943 -0.45937780457203387 -0.019878108148261835 -0.00941086165276097
0.009950267996741133 -0.7025399511701533 27 nil_vol 0.6 nil_bias 0.65 Left 0.005 0.01 0.001 0.006555276772925112 -0.7041472365557329 0.003394991223816022 0.0016072853855795108
0.04156624980405596 -0.7780992224596508 27 nil_vol 0.6 nil_bias 0.65 Home 0.005 0.01 0.001 0.0 -0.75 0.04156624980405596 -0.02809922245965082
0.025979550420882985 -0.7261543558887316 28 nil_vol 0.6 nil_bias 0.65 Home 0.005 0.01 0.001 0.019922403360102037 -0.7288144034126338 0.006057147060780949 0.0026600475239022866
-0.07558616466083318 -0.5230243497414594 28 nil_vol 0.6 nil_bias 0.65 Home 0.005 0.01 0.001 -0.07128212297598091 -0.5211341933177045 -0.00430404168485226 -0.0018901564237549424
-0.08445755260710756 -0.49246691474260623 28 nil_vol 0.6 nil_bias 0.65 Home 0.005 0.01 0.001 -0.08396633743499718 -0.49225119343203483 -0.0004912151721103861 -0.0002157213105714162
-0.19095284015505704 -0.21431015887323115 28 nil_vol 0.6 nil_bias 0.65 Home 0.005 0.01 0.001 -0.2035894099159711 -0.21985961569933044 0.012636569760914065 0.00554945682609927
-0.19876818045604117 -0.20976619762791995 28 nil_vol 0.6 nil_bias 0.65 Home 0.005 0.01 0.001 -0.20652587062083347 -0.2131730530842899 0.007757690164792305 0.003406855456369968
-0.2753298349617097 -0.14244597313135934 28 nil_vol 0.6 nil_bias 0.65 Home 0.005 0.01 0.001 -0.24368860164919862 -0.12855045706057933 -0.031641233312511084 -0.013895516070780023
-0.36843020161015094 0.14409162385270438 28 nil_vol 0.6 nil_bias 0.65 Home 0.005 0.01 0.001 -0.36423145561319903 0.1459355387817315 -0.004198745996951925 -0.001843914929027099
-0.46211801252840773 0.3688312822529308 28 nil_vol 0.6 nil_bias 0.65 Left 0.005 0.01 0.001 -0.4 0.35 -0.0621180125284077 0.018831282252930823
-0.3631178687230219 0.11732431950183161 29 nil_vol 0.6 nil_bias 0.65 Left 0.005 0.01 0.001 -0.36201553597095615 0.11776382783527178 -0.0011023327520657334 -0.0004395083334401699
-0.3498088295338273 0.09800691604915389 29 nil_vol 0.6 nil_bias 0.65 Left 0.005 0.01 0.001 -0.35354446227724046 0.09651749126491765 0.0037356327434131574 0.0014894247842362409
-0.3173627736248513 0.022569782158552272 29 nil_vol 0.6 nil_bias 0.65 Left 0.005 0.01 0.001 -0.32314221230828355 0.020265476621757816 0.005779438683432207 0.0023043055367944557
-0.18227815226063646 -0.303554327370283 29 nil_vol 0.6 nil_bias 0.65 Left 0.005 0.01 0.001 -0.19242051993824089 -0.30759816540990204 0.010142367677604418 0.004043838039619047
-0.15747468889726646 -0.3868073563162002 29 nil_vol 0.6 nil_bias 0.65 Left 0.005 0.01 0.001 -0.16037773167712865 -0.3879648212392842 0.0029030427798622067 0.0011574649230840168
-0.1535807345108902 -0.39842354177530237 29 nil_vol 0.6 nil_bias 0.65 Left 0.005 0.01 0.001 -0.1558474300715194 -0.39932729029080416 0.0022666955606292223 0.0009037485155017644
-0.05582146743234436 -0.6689455596935732 29 nil_vol 0.6 nil_bias 0.65 Left 0.005 0.01 0.001 -0.049373605989981584 -0.6663747489910196 -0.006447861442362778 -0.0025708107025536396
-0.014315424550486705 -0.7543043254933026 29 nil_vol 0.6 nil_bias 0.65 Home 0.005 0.01 0.001 0.0 -0.75 -0.014315424550486705 -0.004304325493302587
-0.01478248876976494 -0.7411418732358922 30 nil_vol 0.6 nil_bias 0.65 Home 0.005 0.01 0.001 -0.010001927892643397 -0.7429595288559273 -0.004780560877121541 0.0018176556200350678
0.04049667148863621 -0.5222038861299776 30 nil_vol 0.6 nil_bias 0.65 Home 0.005 0.01 0.001 0.06971009475968509 -0.5333113574819704 -0.02921342327104888 0.01110747135199283
0.18443658783265432 -0.24529553650276867 30 nil_vol 0.6 nil_bias 0.65 Home 0.005 0.01 0.001 0.17987793843100236 -0.24356225563517486 0.004558649401651973 -0.001733280867593801
0.1925370000066175 -0.21705329310316254 30 nil_vol 0.6 nil_bias 0.65 Home 0.005 0.01 0.001 0.19028297921770357 -0.2161962736738624 0.002254020788913927 -0.0008570194293001394
0.2529166085313097 -0.035502346237931776 30 nil_vol 0.6 nil_bias 0.65 Home 0.005 0.01 0.001 0.258219463782277 -0.03751858761564997 -0.005302855250967323 0.002016241377718192
0.2865004876287926 0.0656189969563615 30 nil_vol 0.6 nil_bias 0.65 Home 0.005 0.01 0.001 0.29605323635112335 0.0619868692943073 -0.009552748722330737 0.003632127662054208
0.34652571570754 0.22639313073052705 30 nil_vol 0.6 nil_bias 0.65 Home 0.005 0.01 0.001 0.35704302448268566 0.22239425990884676 -0.010517308775145682 0.003998870821680294
0.39074794462516454 0.31104054737034725 30 nil_vol 0.6 nil_bias 0.65 Right 0.005 0.01 0.001 0.4 0.35 -0.009252055374835474 -0.03895945262965275
0.32098187623352115 0.1174914683854175 31 nil_vol 0.6 nil_bias 0.65 Right 0.005 0.01 0.001 0.327444907181125 0.11540023531701682 -0.006463030947603868 0.0020912330684006854
0.3120561999831106 0.09269400457373933 31 nil_vol 0.6 nil_bias 0.65 Right 0.005 0.01 0.001 0.31933574356605643 0.09033857375700091 -0.007279543582945794 0.0023554308167384186
0.26468236020756786 -0.13308467394606496 31 nil_vol 0.6 nil_bias 0.65 Right 0.005 0.01 0.001 0.24871477519159624 -0.12791806681102114 0.015967585015971626 -0.005166607135043818
0.19303185880042925 -0.27252559423329537 31 nil_vol 0.6 nil_bias 0.65 Right 0.005 0.01 0.001 0.2010815618491193 -0.2751302243739676 -0.008049703048690045 0.0026046301406722296
0.16646775622855509 -0.4088668335112044 31 nil_vol 0.6 nil_bias 0.65 Right 0.005 0.01 0.001 0.1586292733412085 -0.4063305475560537 0.007838482887346586 -0.002536285955150709
0.08533926502627436 -0.6685459055640782 31 nil_vol 0.6 nil_bias 0.65 Right 0.005 0.01 0.001 0.07487972738639975 -0.6651615289194334 0.010459537639874603 -0.003384376644644854
0.0414262027137457 -0.7751599913011106 31 nil_vol 0.6 nil_bias 0.65 Right 0.005 0.01 0.001 0.039490367890517575 -0.7745336161792651 0.001935834823228124 -0.000626375121845444
0.03628234295555802 -0.7844481325230529 31 nil_vol 0.6 nil_bias 0.65 Home 0.005 0.01 0.001 0.0 -0.75 0.03628234295555802 -0.03444813252305291
-0.15149327484326433 -0.29102436479688487 32 nil_vol 0.6 nil_bias 0.65 Home 0.005 0.01 0.001 -0.16574357605047688 -0.2969296386141233 0.014250301207212546 0.005905273817238446
-0.22995227628796874 -0.13116825726116108 32 nil_vol 0.6 nil_bias 0.65 Home 0.005 0.01 0.001 -0.23377759813449542 -0.13275345694321206 0.0038253218465266656 0.0015851996820509884
-0.2584874639119761 -0.09251460044152877 32 nil_vol 0.6 nil_bias 0.65 Home 0.005 0.01 0.001 -0.25163002567405146 -0.08967290257908289 -0.006857438237924594 -0.002841697862445881
-0.2611013278364953 -0.03321959322326003 32 nil_vol 0.6 nil_bias 0.65 Home 0.005 0.01 0.001 -0.2729835991783688 -0.03814356393968066 0.011882271341873476 0.0049239707164206335
-0.2927987329917324 0.051260995014740324 32 nil_vol 0.6 nil_bias 0.65 Home 0.005 0.01 0.001 -0.307506795334741 0.04516602662119373 0.014708062343008567 0.006094968393546588
-0.3128218454571107 0.07305271930057816 32 nil_vol 0.6 nil_bias 0.65 Home 0.005 0.01 0.001 -0.3181482648342865 0.07084547017438092 0.005326419377175741 0.0022072491261972437
-0.42129471708021105 0.31632685686464956 32 nil_vol 0.6 nil_bias 0.65 Home 0.005 0.01 0.001 -0.4200829609643987 0.31682900426206484 -0.0012117561158123931 -0.0005021473974152717
-0.4262075369484073 0.33160851411033065 32 nil_vol 0.6 nil_bias 0.65 Left 0.005 0.01 0.001 -0.4 0.35 -0.02620753694840727 -0.0183914858896693
-0.4292077929744126 0.3212159174666075 33 nil_vol 0.6 nil_bias 0.65 Left 0.005 0.01 0.001 -0.42311880002282487 0.3235496611810246 -0.006088992951587706 -0.002333743714417101
-0.4254948379986726 0.3170850601397695 33 nil_vol 0.6 nil_bias 0.65 Left 0.005 0.01 0.001 -0.42126277667143625 0.31870709297836725 -0.0042320613272363436 -0.001622032838597752
-0.3811282932261079 0.23220773982147333 33 nil_vol 0.6 nil_bias 0.65 Left 0.005 0.01 0.001 -0.3872157210771351 0.2298745959671028 0.006087427851027163 0.0023331438543705155
-0.36710621771804647 0.18592251729371553 33 nil_vol 0.6 nil_bias 0.65 Left 0.005 0.01 0.001 -0.36995205020769567 0.18483178788446714 0.0028458324896492235 0.0010907294092483862
-0.2619614165252951 -0.12181624719743159 33 nil_vol 0.6 nil_bias 0.65 Left 0.005 0.01 0.001 -0.25364408142931616 -0.11862844115868748 -0.00831733509597894 -0.0031878060387441095
-0.17806253008718734 -0.24618264296149114 33 nil_vol 0.6 nil_bias 0.65 Left 0.005 0.01 0.001 -0.20133707941057835 -0.25510313829154263 0.023274549323391007 0.008920495330051488
-0.024908383978618474 -0.7067500736962045 33 nil_vol 0.6 nil_bias 0.65 Left 0.005 0.01 0.001 -0.027807363449185052 -0.7078611728831226 0.002898979470566577 0.0011110991869180708
-0.022321659614145395 -0.7221739750043261 33 nil_vol 0.6 nil_bias 0.65 Home 0.005 0.01 0.001 0.0 -0.75 -0.022321659614145395 0.027826024995673902
-0.028918858399855266 -0.6720530578264255 34 nil_vol 0.6 nil_bias 0.65 Home 0.005 0.01 0.001 -0.032609832857831825 -0.6728225057318574 0.003690974457976561 0.0007694479054318325
-0.02858958171619451 -0.6145213439125908 34 nil_vol 0.6 nil_bias 0.65 Home 0.005 0.01 0.001 -0.04409009383825115 -0.6177526956115066 0.015500512122056644 0.0032313516989157538
-0.15526539726347918 -0.14697700783862627 34 nil_vol 0.6 nil_bias 0.65 Home 0.005 0.01 0.001 -0.14277432978045856 -0.14437302728529378 -0.012491067483020618 -0.002603980553332488
-0.16390527434398647 0.005921897928195864 34 nil_vol 0.6 nil_bias 0.65 Home 0.005 0.01 0.001 -0.17368108089699055 0.0038839608029849204 0.00977580655300408 0.0020379371252109433
-0.17920576294976595 0.07012204579498456 34 nil_vol 0.6 nil_bias 0.65 Home 0.005 0.01 0.001 -0.18714455402584862 0.06846706653823253 0.007938791076082669 0.0016549792567520185
-0.22500886169550377 0.28303698284736206 34 nil_vol 0.6 nil_bias 0.65 Home 0.005 0.01 0.001 -0.2315894081417209 0.2816651533380312 0.006580546446217133 0.0013718295093308438
-0.22165603694461938 0.30463638700344503 34 nil_vol 0.6 nil_bias 0.65 Home 0.005 0.01 0.001 -0.23576500496157038 0.3016951269074868 0.014108968016950987 0.002941260095958267
-0.251546649049318 0.37739829644183254 34 nil_vol 0.6 nil_bias 0.65 Left 0.005 0.01 0.001 -0.4 0.35 0.14845335095068202 0.027398296441832556
-0.2233474290673949 0.26375180385087094 35 nil_vol 0.6 nil_bias 0.65 Left 0.005 0.01 0.001 -0.22692002374521836 0.26298284346826856 0.003572594677823459 0.000768960382602402
-0.16977221709725432 0.005295172630670959 35 nil_vol 0.6 nil_bias 0.65 Left 0.005 0.01 0.001 -0.17138114474181926 0.004948869249315091 0.0016089276445649468 0.00034630338135586833
-0.1382123048958187 -0.09565851918807608 35 nil_vol 0.6 nil_bias 0.65 Left 0.005 0.01 0.001 -0.14921673857938197 -0.09802709841374713 0.011004433683563278 0.002368579225671043
-0.11222052739491974 -0.32690324462788595 35 nil_vol 0.6 nil_bias 0.65 Left 0.005 0.01 0.001 -0.1004968797692588 -0.3243798627789223 -0.01172364762566093 -0.002523381848963682
-0.061831502706331226 -0.399837198347671 35 nil_vol 0.6 nil_bias 0.65 Left 0.005 0.01 0.001 -0.08326268937368544 -0.4044500175968426 0.021431186667354222 0.004612819249171638
-0.0875549187073428 -0.41632637821262936 35 nil_vol 0.6 nil_bias 0.65 Left 0.005 0.01 0.001 -0.08100966416719363 -0.4149175865949669 -0.006545254540149183 -0.001408791617662465
-0.08868351734994462 -0.5069938824208705 35 nil_vol 0.6 nil_bias 0.65 Left 0.005 0.01 0.001 -0.06240854654960343 -0.5013384937127939 -0.026274970800341198 -0.005655388708076588
0.0006029196103344514 -0.7940901539257551 35 nil_vol 0.6 nil_bias 0.65 Home 0.005 0.01 0.001 0.0 -0.75 0.0006029196103344514 -0.044090153925755056
-0.03063606778805579 -0.7176925308641735 36 nil_vol 0.6 nil_bias 0.65 Home 0.005 0.01 0.001 -0.033861210593532975 -0.7191762574734931 0.003225142805477186 0.0014837266093195689
-0.04868757730233055 -0.6865081919890553 36 nil_vol 0.6 nil_bias 0.65 Home 0.005 0.01 0.001 -0.048854765908513884 -0.6865851070897907 0.0001671886061833332 7.691510073537934e-05
-0.0657682384099915 -0.6630353498763198 36 nil_vol 0.6 nil_bias 0.65 Home 0.005 0.01 0.001 -0.06075075835581376 -0.6607270587037644 -0.005017480054177748 -0.0023082911725554526
-0.0679249095806183 -0.6212038289948026 36 nil_vol 0.6 nil_bias 0.65 Home 0.005 0.01 0.001 -0.07701049011388407 -0.6253836493659901 0.009085580533265778 0.0041798203711874895
-0.17517336062678807 -0.4390634906166925 36 nil_vol 0.6 nil_bias 0.65 Home 0.005 0.01 0.001 -0.16490113425668232 -0.43433775395275426 -0.010272226370105756 -0.0047257366639382094
-0.3352491102589364 -0.0484119838934845 36 nil_vol 0.6 nil_bias 0.65 Home 0.005 0.01 0.001 -0.34118907505532475 -0.0511446640749188 0.005939964796388365 0.0027326801814342963
-0.37540064493619224 0.00708425999323135 36 nil_vol 0.6 nil_bias 0.65 Home 0.005 0.01 0.001 -0.36927397093404984 0.009902835725185688 -0.00612667400214242 -0.0028185757319543377
-0.5176092520611824 0.33233586464080284 36 nil_vol 0.6 nil_bias 0.65 Left 0.005 0.01 0.001 -0.4 0.35 -0.11760925206118228 -0.01766413535919716
-0.4857400692806615 0.24884303614771477 37 nil_vol 0.6 nil_bias 0.65 Left 0.005 0.01 0.001 -0.47935095256414845 0.25188122954154857 -0.006389116716513039 -0.0030381933938337827
-0.3814760881748577 0.059210173500072724 37 nil_vol 0.6 nil_bias 0.65 Left 0.005 0.01 0.001 -0.38657727890552784 0.056784422857804495 0.005101190730670153 0.00242575064226823
-0.24633240836278864 -0.24801123745342668 37 nil_vol 0.6 nil_bias 0.65 Left 0.005 0.01 0.001 -0.242504496778509 -0.2461909646045241 -0.0038279115842796358 -0.0018202728489025662
-0.1985760886271359 -0.3100938678276445 37 nil_vol 0.6 nil_bias 0.65 Left 0.005 0.01 0.001 -0.20961973419406515 -0.3153454123672155 0.011043645566929248 0.005251544539571052
-0.1726255621196344 -0.4281719862396042 37 nil_vol 0.6 nil_bias 0.65 Left 0.005 0.01 0.001 -0.15903980762314934 -0.4217116019027853 -0.01358575449648505 -0.006460384336818877
-0.040204054040844726 -0.6523848543048923 37 nil_vol 0.6 nil_bias 0.65 Left 0.005 0.01 0.001 -0.04766213535945513 -0.655931368541252 0.0074580813186103986 0.003546514236359704
-0.015271208996368229 -0.7417888918315042 37 nil_vol 0.6 nil_bias 0.65 Left 0.005 0.01 0.001 -0.008390518448905482 -0.7385169421248592 -0.006880690547462748 -0.003271949706645058
-0.007143154031595802 -0.7411400657437806 37 nil_vol 0.6 nil_bias 0.65 Home 0.005 0.01 0.001 0.0 -0.75 -0.007143154031595802 0.008859934256219436
-0.09447273805759428 -0.5772529214336171 38 nil_vol 0.6 nil_bias 0.65 Home 0.005 0.01 0.001 -0.08859491704521287 -0.5743819435299262 -0.005877821012381408 -0.002870977903690819
-0.11380075514762732 -0.5486908390637936 38 nil_vol 0.6 nil_bias 0.65 Home 0.005 0.01 0.001 -0.10358159368341666 -0.5436993657446509 -0.010219161464210666 -0.004991473319142599
-0.19041346607346757 -0.41052568628472436 38 nil_vol 0.6 nil_bias 0.65 Home 0.005 0.01 0.001 -0.17282538258175756 -0.4019349178746957 -0.017588083491710007 -0.00859076841002863
-0.1767122988950779 -0.36166993131216585 38 nil_vol 0.6 nil_bias 0.65 Home 0.005 0.01 0.001 -0.18945290981062937 -0.3678929878395797 0.012740610915551485 0.006223056527413845
-0.22813611675653916 -0.2878611566491812 38 nil_vol 0.6 nil_bias 0.65 Home 0.005 0.01 0.001 -0.22846532141700346 -0.2880219542141282 0.00032920466046429576 0.00016079756494696444
-0.24950579145640833 -0.2316148539723164 38 nil_vol 0.6 nil_bias 0.65 Home 0.005 0.01 0.001 -0.25476276184791713 -0.23418258201347086 0.005256970391508803 0.002567728041154462
-0.3814310222492014 0.013507610395004305 38 nil_vol 0.6 nil_bias 0.65 Home 0.005 0.01 0.001 -0.37684040384326534 0.01574986377086529 -0.004590618405936078 -0.002242253375860986
-0.48997274197067997 0.24736837722939575 38 nil_vol 0.6 nil_bias 0.65 Left 0.005 0.01 0.001 -0.4 0.35 -0.08997274197067993 -0.10263162277060424
-0.46199907723972927 0.22184286007896797 39 nil_vol 0.6 nil_bias 0.65 Left 0.005 0.01 0.001 -0.47380483735056367 0.21579704587767543 0.011805760110834396 0.0060458142012925625
-0.20257327648946288 -0.303967897222198 39 nil_vol 0.6 nil_bias 0.65 Left 0.005 0.01 0.001 -0.2065789810403446 -0.3060192471761648 0.004005704550881741 0.002051349953966788
-0.12299922801730173 -0.4823175345409377 39 nil_vol 0.6 nil_bias 0.65 Left 0.005 0.01 0.001 -0.11768820311473505 -0.4795977206977029 -0.005311024902566682 -0.002719813843234758
-0.07908249209897114 -0.5273338071436662 39 nil_vol 0.6 nil_bias 0.65 Left 0.005 0.01 0.001 -0.09030029979904014 -0.5330785267096859 0.011217807700069004 0.0057447195660197846
-0.07576722815466987 -0.5286646140068287 39 nil_vol 0.6 nil_bias 0.65 Left 0.005 0.01 0.001 -0.08907158006879834 -0.5354778677902606 0.01330435191412847 0.006813253783431894
-0.08097115035123402 -0.5354951200477389 39 nil_vol 0.6 nil_bias 0.65 Left 0.005 0.01 0.001 -0.08738158470390461 -0.5387779493346276 0.006410434352670594 0.0032828292868887026
-0.007657961583876442 -0.7124595957596614 39 nil_vol 0.6 nil_bias 0.65 Left 0.005 0.01 0.001 -0.00035357410442704573 -0.7087189666819563 -0.007304387479449396 -0.0037406290777051527
0.005238353434011904 -0.7196384148948811 39 nil_vol 0.6 nil_bias 0.65 Home 0.005 0.01 0.001 0.0 -0.75 0.005238353434011904 0.030361585105118837
0.030152518047265937 -0.6777991315946167 40 nil_vol 0.6 nil_bias 0.65 Home 0.005 0.01 0.001 0.02257806367807855 -0.6748656759450572 0.007574454369187385 -0.002933455649559507
0.08870879782976479 -0.5476387524676103 40 nil_vol 0.6 nil_bias 0.65 Home 0.005 0.01 0.001 0.07404956660958542 -0.5419614848328661 0.014659231220179364 -0.00567726763474419
0.08590158201968946 -0.4878751992432893 40 nil_vol 0.6 nil_bias 0.65 Home 0.005 0.01 0.001 0.09381007446497172 -0.4909380220833721 -0.007908492445282264 0.003062822840082781
0.19470168536649662 -0.21108469456886866 40 nil_vol 0.6 nil_bias 0.65 Home 0.005 0.01 0.001 0.20121545822292264 -0.21360736654684775 -0.006513772856426015 0.002522671977979085
0.24849554496273574 -0.08720227246428099 40 nil_vol 0.6 nil_bias 0.65 Home 0.005 0.01 0.001 0.2499515844980215 -0.08776617148493404 -0.0014560395352857518 0.0005638990206530509
0.2693067206115184 -0.08208064054913321 40 nil_vol 0.6 nil_bias 0.65 Home 0.005 0.01 0.001 0.25439071381407286 -0.07630392815822751 0.014916006797445513 -0.005776712390905696
0.2728553730330827 -0.06191120758397053 40 nil_vol 0.6 nil_bias 0.65 Home 0.005 0.01 0.001 0.2616460324001054 -0.057570023123026726 0.011209340632977287 -0.004341184460943803
0.4164631098052323 0.34218201967747464 40 nil_vol 0.6 nil_bias 0.65 Right 0.005 0.01 0.001 0.4 0.35 0.016463109805232284 -0.007817980322525335
0.37890922169448044 0.3407059383325114 41 nil_vol 0.6 nil_bias 0.65 Right 0.005 0.01 0.001 0.41256823506295465 0.32997042920324926 -0.03365901336847422 0.010735509129262152
0.4266472507436935 0.3180226052921686 41 nil_vol 0.6 nil_bias 0.65 Right 0.005 0.01 0.001 0.4104093457003317 0.3232016690967059 0.016237905043361756 -0.005179063804537305
0.35801464929825316 0.1441547179097861 41 nil_vol 0.6 nil_bias 0.65 Right 0.005 0.01 0.001 0.35373759531577775 0.14551888006072478 0.0042770539824754155 -0.0013641621509386888
0.3157368551953398 0.03910734955441527 41 nil_vol 0.6 nil_bias 0.65 Right 0.005 0.01 0.001 0.31942277915439365 0.037931727741648436 -0.003685923959053865 0.0011756218127668373
0.2867795576422798 -0.09203542153366057 41 nil_vol 0.6 nil_bias 0.65 Right 0.005 0.01 0.001 0.27878332914763626 -0.08948503233882116 0.007996228494643556 -0.002550389194839415
0.2454758377493929 -0.20369838917615565 41 nil_vol 0.6 nil_bias 0.65 Right 0.005 0.01 0.001 0.24264324674695423 -0.20279493706859542 0.002832591002438678 -0.0009034521075602382
0.19544555324062765 -0.3317625554913204 41 nil_vol 0.6 nil_bias 0.65 Right 0.005 0.01 0.001 0.20094926754560427 -0.33351795974274945 -0.005503714304976628 0.0017554042514290628
0.07329814119791095 -0.7337421984354799 41 nil_vol 0.6 nil_bias 0.65 Home 0.005 0.01 0.001 0.0 -0.75 0.07329814119791095 0.01625780156452003
0.0806298952638297 -0.7228578183578304 42 nil_vol 0.6 nil_bias 0.65 Home 0.005 0.01 0.001 0.07075444658809293 -0.7261793229290109 0.009875448675736762 0.00332150457118049
0.06710827537864816 -0.6957575796962489 42 nil_vol 0.6 nil_bias 0.65 Home 0.005 0.01 0.001 0.061191716115309436 -0.6977475529404138 0.005916559263338728 0.0019899732441649005
0.02933248450294005 -0.5662643902194143 42 nil_vol 0.6 nil_bias 0.65 Home 0.005 0.01 0.001 0.018225221928695065 -0.5700002025986837 0.011107262574244983 0.0037358123792693683
-0.00126566063605074 -0.560213785847471 42 nil_vol 0.6 nil_bias 0.65 Home 0.005 0.01 0.001 0.013287361391799125 -0.5553190280721856 -0.014553022027849865 -0.004894757775285326
-0.05888935198691812 -0.4006266428236236 42 nil_vol 0.6 nil_bias 0.65 Home 0.005 0.01 0.001 -0.04078936441254283 -0.394538900034346 -0.0180999875743753 -0.006087742789277612
-0.11638118201592527 -0.11866866123412262 42 nil_vol 0.6 nil_bias 0.65 Home 0.005 0.01 0.001 -0.13182803805443633 -0.12386405079331686 0.015446856038511045 0.005195389559194243
-0.20383344527105032 0.12693178534003668 42 nil_vol 0.6 nil_bias 0.65 Home 0.005 0.01 0.001 -0.21492579722045307 0.12320098799453427 0.011092351949402756 0.0037307973455024176
-0.23363843155889874 0.1788371179582126 42 nil_vol 0.6 nil_bias 0.65 Left 0.005 0.01 0.001 -0.4 0.35 0.16636156844110128 -0.17116288204178737
-0.23592970421062168 0.15309475671408437 43 nil_vol 0.6 nil_bias 0.65 Left 0.005 0.01 0.001 -0.2280844530426148 0.15491627968697957 -0.007845251168006885 -0.0018215229728952053
-0.23033671184333993 0.15102438226126969 43 nil_vol 0.6 nil_bias 0.65 Left 0.005 0.01 0.001 -0.22734225228051666 0.15171964067534466 -0.0029944595628232603 -0.0006952584140749736
-0.21408142665991753 0.0834693491100858 43 nil_vol 0.6 nil_bias 0.65 Left 0.005 0.01 0.001 -0.21162804781883804 0.0840389785361602 -0.002453378841079492 -0.0005696294260744039
-0.13681442731916535 -0.22443760904007914 43 nil_vol 0.6 nil_bias 0.65 Left 0.005 0.01 0.001 -0.13984223597918788 -0.22514061050091871 0.0030278086600225374 0.0007030014608395594
-0.09715806099199877 -0.377692400900773 43 nil_vol 0.6 nil_bias 0.65 Left 0.005 0.01 0.001 -0.1040509340775071 -0.37929279920614606 0.006892873085508329 0.0016003983053730904
-0.05761349600756215 -0.5868178514087377 43 nil_vol 0.6 nil_bias 0.65 Left 0.005 0.01 0.001 -0.055956747776562316 -0.5864331849527578 -0.0016567482309998356 -0.0003846664559799399
-0.03854105190867242 -0.6621817239114942 43 nil_vol 0.6 nil_bias 0.65 Left 0.005 0.01 0.001 -0.03837811444296085 -0.6621438928299159 -0.0001629374657115708 -3.783108157827822e-05
-0.011016876654336415 -0.779988018824186 43 nil_vol 0.6 nil_bias 0.65 Home 0.005 0.01 0.001 0.0 -0.75 -0.011016876654336415 -0.02998801882418605
0.08624163572955955 -0.5242962156993677 44 nil_vol 0.6 nil_bias 0.65 Home 0.005 0.01 0.001 0.0892767487803312 -0.5254923164137721 -0.003035113050771657 0.001196100714404472
0.1508288089376167 -0.3838866041185522 44 nil_vol 0.6 nil_bias 0.65 Home 0.005 0.01 0.001 0.14585437322167896 -0.3819262401999563 0.004974435715937713 -0.0019603639185958796
0.1961961193013499 -0.28804302700071555 44 nil_vol 0.6 nil_bias 0.65 Home 0.005 0.01 0.001 0.18464633337660846 -0.28349139845683324 0.01154978592474142 -0.004551628543882289
0.2517160190546043 -0.12286321963617718 44 nil_vol 0.6 nil_bias 0.65 Home 0.005 0.01 0.001 0.24845445943831584 -0.12157787911611861 0.0032615596162884203 -0.0012853405200585572
0.28586796631944406 -0.04554558425209369 44 nil_vol 0.6 nil_bias 0.65 Home 0.005 0.01 0.001 0.27941935394744727 -0.04300426544912461 0.006448612371996775 -0.00254131880296908
0.30582870444847743 0.005080756977371226 44 nil_vol 0.6 nil_bias 0.65 Home 0.005 0.01 0.001 0.29937185194027394 0.007625323116646654 0.0064568525082034905 -0.0025445661392754283
0.403075734066288 0.29423287931278047 44 nil_vol 0.6 nil_bias 0.65 Home 0.005 0.01 0.001 0.41107762874139153 0.29107943106311895 -0.008001894675103535 0.0031534482496615073
0.4251697441746261 0.3268382621960694 44 nil_vol 0.6 nil_bias 0.65 Right 0.005 0.01 0.001 0.4 0.35 0.025169744174626106 -0.023161737803930594
0.2839551283015811 -0.06903305695283234 45 nil_vol 0.6 nil_bias 0.65 Right 0.005 0.01 0.001 0.2818640173848882 -0.06827462010316343 0.0020911109166928898 -0.0007584368496689017
0.17537937806410533 -0.3802268196585582 45 nil_vol 0.6 nil_bias 0.65 Right 0.005 0.01 0.001 0.16949445925865392 -0.37809238516073507 0.0058849188054514254 -0.0021344344978231314
0.14706958748262416 -0.4801646094402467 45 nil_vol 0.6 nil_bias 0.65 Right 0.005 0.01 0.001 0.13417019748506914 -0.4754860566985927 0.012899389997555025 -0.004678552741654023
0.10562467812643941 -0.520494584717872 45 nil_vol 0.6 nil_bias 0.65 Right 0.005 0.01 0.001 0.11642503318233394 -0.5244118266004083 -0.010800355055894524 0.003917241882536288
0.10178654650754335 -0.5607900396724776 45 nil_vol 0.6 nil_bias 0.65 Right 0.005 0.01 0.001 0.1030629100134835 -0.5612529711739824 -0.0012763635059401487 0.0004629315015047439
0.07142502100721711 -0.619165884324384 45 nil_vol 0.6 nil_bias 0.65 Right 0.005 0.01 0.001 0.08082199360789405 -0.6225741254840418 -0.009396972600676944 0.003408241159657775
0.05144079042488765 -0.6899287373301555 45 nil_vol 0.6 nil_bias 0.65 Right 0.005 0.01 0.001 0.05581707610889142 -0.6915159971454675 -0.004376285684003763 0.0015872598153120316
0.04863996317801479 -0.7113042487403705 45 nil_vol 0.6 nil_bias 0.65 Home 0.005 0.01 0.001 0.0 -0.75 0.04863996317801479 0.03869575125962949
0.027417940704492976 -0.6480024710247272 46 nil_vol 0.6 nil_bias 0.65 Home 0.005 0.01 0.001 0.02184995549427367 -0.6504538325075133 0.005567985210219305 0.002451361482786166
-0.017312100702315335 -0.5409871469800295 46 nil_vol 0.6 nil_bias 0.65 Home 0.005 0.01 0.001 -0.0248774669109338 -0.5443178755338592 0.0075653662086184684 0.0033307285538297757
-0.18550451983373722 -0.1891129969740256 46 nil_vol 0.6 nil_bias 0.65 Home 0.005 0.01 0.001 -0.18194912509781852 -0.1875476986870015 -0.0035553947359187044 -0.0015652982870241008
-0.25902487224528337 -0.04359980935415672 46 nil_vol 0.6 nil_bias 0.65 Home 0.005 0.01 0.001 -0.24754815135987224 -0.038547067569651094 -0.011476720885411138 -0.005052741784505624
-0.3782199280814107 0.2503857000306578 46 nil_vol 0.6 nil_bias 0.65 Home 0.005 0.01 0.001 -0.3753164801026996 0.2516639722015721 -0.002903447978711125 -0.00127827217091431
-0.3882881626244527 0.30353176323986253 46 nil_vol 0.6 nil_bias 0.65 Home 0.005 0.01 0.001 -0.39655034654737314 0.29989425367982103 0.008262183922920453 0.003637509560041483
-0.40523608880808254 0.3704522522534637 46 nil_vol 0.6 nil_bias 0.65 Home 0.005 0.01 0.001 -0.4239809238914097 0.3621996501021305 0.018744835083327156 0.008252602151333152
-0.4430572169885739 0.4055292522749179 46 nil_vol 0.6 nil_bias 0.65 Left 0.005 0.01 0.001 -0.4 0.35 -0.043057216988573906 0.055529252274917895
-0.32222352651014985 0.1294113358967638 47 nil_vol 0.6 nil_bias 0.65 Left 0.005 0.01 0.001 -0.334648381963648 0.12461638254919388 0.012424855453498125 0.004794953347569906
-0.35107915563247677 0.11779034610980799 47 nil_vol 0.6 nil_bias 0.65 Left 0.005 0.01 0.001 -0.33448542951189403 0.12419413429940379 -0.016593726120582738 -0.006403788189595811
-0.16109780605544669 -0.34895252804408916 47 nil_vol 0.6 nil_bias 0.65 Left 0.005 0.01 0.001 -0.15308396624480475 -0.34585985721417556 -0.008013839810641937 -0.0030926708299135984
-0.1449683374401582 -0.3782301597499253 47 nil_vol 0.6 nil_bias 0.65 Left 0.005 0.01 0.001 -0.14115906171599674 -0.37676009843180813 -0.0038092757241614456 -0.0014700613181171654
-0.1141408074137226 -0.48784323927764245 47 nil_vol 0.6 nil_bias 0.65 Left 0.005 0.01 0.001 -0.10034491561070613 -0.4825191807538902 -0.013795891803016458 -0.005324058523752224
-0.012632266578827168 -0.7371989546169252 47 nil_vol 0.6 nil_bias 0.65 Left 0.005 0.01 0.001 -0.0034303166682837505 -0.7336477728190469 -0.009201949910543418 -0.003551181797878243
-0.0023776656451601355 -0.7417633057421225 47 nil_vol 0.6 nil_bias 0.65 Left 0.005 0.01 0.001 -0.0005679275293898334 -0.7410648984351791 -0.001809738115770302 -0.0006984073069433213
0.00953980744326662 -0.7672564245865592 47 nil_vol 0.6 nil_bias 0.65 Home 0.005 0.01 0.001 0.0 -0.75 0.00953980744326662 -0.017256424586559207
0.008365363777051528 -0.7435344205423833 48 nil_vol 0.6 nil_bias 0.65 Home 0.005 0.01 0.001 0.0017355077351399618 -0.7459645167015564 0.006629856041911567 0.002430096159173073
-0.039109902231996015 -0.6803630031465574 48 nil_vol 0.6 nil_bias 0.65 Home 0.005 0.01 0.001 -0.02429971319432344 -0.6749345016422172 -0.014810189037672577 -0.005428501504340105
-0.19725494417721467 -0.21511772007913338 48 nil_vol 0.6 nil_bias 0.65 Home 0.005 0.01 0.001 -0.19336305142155577 -0.21369119232684852 -0.0038918927556589153 -0.0014265277522848496
-0.25521625487917293 -0.010797732584262164 48 nil_vol 0.6 nil_bias 0.65 Home 0.005 0.01 0.001 -0.2662490195989697 -0.014841663402842653 0.011032764719796742 0.004043930818580489
-0.3053247807690655 0.06814018234414305 48 nil_vol 0.6 nil_bias 0.65 Home 0.005 0.01 0.001 -0.2976906871786061 0.07093837002660053 -0.007634093590459423 -0.002798187682457475
-0.3033430849449989 0.10861138920170037 48 nil_vol 0.6 nil_bias 0.65 Home 0.005 0.01 0.001 -0.31053328574766725 0.1059759052268161 0.007190200802668378 0.002635483974884267
-0.37308545975114055 0.28193585530048104 48 nil_vol 0.6 nil_bias 0.65 Home 0.005 0.01 0.001 -0.37479911630355733 0.2813077345419239 0.0017136565524167905 0.0006281207585570918
-0.3929673703020389 0.3308748712530102 48 nil_vol 0.6 nil_bias 0.65 Left 0.005 0.01 0.001 -0.4 0.35 0.007032629697961165 -0.01912512874698982
-0.3924448316905575 0.3224569271589941 49 nil_vol 0.6 nil_bias 0.65 Left 0.005 0.01 0.001 -0.3898851257465602 0.3235312850378814 -0.0025597059439973016 -0.001074357878887339
-0.2686076420140821 0.07523533676443397 49 nil_vol 0.6 nil_bias 0.65 Left 0.005 0.01 0.001 -0.2831148781777959 0.06914637036971372 0.01450723616371379 0.006088966394720251
-0.17202748356179945 -0.17885595443860883 49 nil_vol 0.6 nil_bias 0.65 Left 0.005 0.01 0.001 -0.17797566885484478 -0.18135252235479904 0.005948185293045337 0.002496567916190216
-0.07027786702503051 -0.46523123509461417 49 nil_vol 0.6 nil_bias 0.65 Left 0.005 0.01 0.001 -0.060541505184349365 -0.46114469652960277 -0.009736361840681143 -0.004086538565011375
-0.03563963628727269 -0.5080377040520501 49 nil_vol 0.6 nil_bias 0.65 Left 0.005 0.01 0.001 -0.0400777668988469 -0.5099004729381628 0.004438130611574212 0.0018627688861126716
-0.024538853677789494 -0.5644458773160186 49 nil_vol 0.6 nil_bias 0.65 Left 0.005 0.01 0.001 -0.018285608533615494 -0.5618212699055416 -0.006253245144174001 -0.002624607410476996
0.0230566466862245 -0.6717359901995554 49 nil_vol 0.6 nil_bias 0.65 Left 0.005 0.01 0.001 0.02713011650701752 -0.670026276469882 -0.00407346982079302 -0.0017097137296733923
0.061282471210253264 -0.7513957968627639 49 nil_vol 0.6 nil_bias 0.65 Home 0.005 0.01 0.001 0.0 -0.75 0.061282471210253264 -0.0013957968627639462
0.2254569290591031 -0.40722720703371756 50 nil_vol 0.6 nil_bias 0.65 Home 0.005 0.01 0.001 0.21174726837988878 -0.40133446446983145 0.013709660679214346 -0.005892742563886102
0.29280081582529605 -0.20984686509805173 50 nil_vol 0.6 nil_bias 0.65 Home 0.005 0.01 0.001 0.29385794935187903 -0.21030124656478277 -0.001057133526582962 0.0004543814667310516
0.34306702087878654 -0.1097768981272686 50 nil_vol 0.6 nil_bias 0.65 Home 0.005 0.01 0.001 0.33800157228657907 -0.1075996462446065 0.005065448592207481 -0.002177251882662097
0.3428777950322478 -0.08515657259859759 50 nil_vol 0.6 nil_bias 0.65 Home 0.005 0.01 0.001 0.34690426153756265 -0.08688724494075872 -0.004026466505314825 0.0017306723421611412
0.3993105529033605 0.013986867987951238 50 nil_vol 0.6 nil_bias 0.65 Home 0.005 0.01 0.001 0.3916733500778713 0.0172695218195682 0.007637202825489194 -0.0032826538316169623
0.4457424991720944 0.10966028137284871 50 nil_vol 0.6 nil_bias 0.65 Home 0.005 0.01 0.001 0.43362400237834275 0.11486910335158129 0.012118496793751637 -0.005208821978732581
0.44494548056223915 0.13495514158607527 50 nil_vol 0.6 nil_bias 0.65 Home 0.005 0.01 0.001 0.44267663253888095 0.1359303471459402 0.0022688480233581847 -0.0009752055598649432
0.4684438785451397 0.19587869811389466 50 nil_vol 0.6 nil_bias 0.65 Right 0.005 0.01 0.001 0.4 0.35 0.06844387854513966 -0.15412130188610532
0.44687324762002145 0.15335437561106208 51 nil_vol 0.6 nil_bias 0.65 Right 0.005 0.01 0.001 0.4483533122618942 0.15266625581935137 -0.001480064641872729 0.0006881197917107069
0.43394423641274543 0.10106346958316148 51 nil_vol 0.6 nil_bias 0.65 Right 0.005 0.01 0.001 0.4260650025917626 0.10472672629664824 0.0078792338209828 -0.0036632567134867538
0.17275488752781776 -0.4537220280633522 51 nil_vol 0.6 nil_bias 0.65 Right 0.005 0.01 0.001 0.16755246941055613 -0.4513032912258095 0.005202418117261643 -0.002418736837542752
0.16024913450258527 -0.4708978308867973 51 nil_vol 0.6 nil_bias 0.65 Right 0.005 0.01 0.001 0.15876357949780306 -0.470207158485373 0.0014855550047821952 -0.0006906724014243596
0.14471873587635575 -0.4835511977600011 51 nil_vol 0.6 nil_bias 0.65 Right 0.005 0.01 0.001 0.1511659855028496 -0.4865486885077541 -0.006447249626493848 0.0029974907477530116
0.15158770666210528 -0.4949610376807795 51 nil_vol 0.6 nil_bias 0.65 Right 0.005 0.01 0.001 0.1480249747481036 -0.4933046327689765 0.0035627319140016564 -0.001656404911802981
0.05043759471615143 -0.6925647362381401 51 nil_vol 0.6 nil_bias 0.65 Right 0.005 0.01 0.001 0.05450473593799143 -0.6944556538989318 -0.004067141221839999 0.001890917660791757
0.027879676475499948 -0.7517230215475572 51 nil_vol 0.6 nil_bias 0.65 Home 0.005 0.01 0.001 0.0 -0.75 0.027879676475499948 -0.001723021547557163
-0.03480998704048222 -0.6418332964721062 52 nil_vol 0.6 nil_bias 0.65 Home 0.005 0.01 0.001 -0.01655731039151011 -0.6348909077230949 -0.01825267664897211 -0.006942388749011296
-0.013700657014301143 -0.6309137508232652 52 nil_vol 0.6 nil_bias 0.65 Home 0.005 0.01 0.001 -0.017517808521893278 -0.6323656008828055 0.0038171515075921345 0.001451850059540253
-0.12938357816092644 -0.3566978168670412 52 nil_vol 0.6 nil_bias 0.65 Home 0.005 0.01 0.001 -0.123254466718017 -0.35436661497588806 -0.0061291114429094335 -0.0023312018911531567
-0.1996511137128805 -0.17597954071093988 52 nil_vol 0.6 nil_bias 0.65 Home 0.005 0.01 0.001 -0.19218405175171738 -0.1731394505726933 -0.007467061961163109 -0.002840090138246562
-0.25356647611824346 0.0016823028651992825 52 nil_vol 0.6 nil_bias 0.65 Home 0.005 0.01 0.001 -0.2580314214290149 -1.593497063046012e-05 0.0044649453107714525 0.0016982378358297427
-0.28235788364703884 0.09311750046985703 52 nil_vol 0.6 nil_bias 0.65 Home 0.005 0.01 0.001 -0.29205220475272764 0.08943027436774853 0.00969432110568877 0.003687226102108511
-0.3667833292513288 0.25500760089592056 52 nil_vol 0.6 nil_bias 0.65 Home 0.005 0.01 0.001 -0.35651487817319527 0.25891319680415803 -0.010268451078133527 -0.0039055959082374713
-0.38194843629386 0.32578218515855506 52 nil_vol 0.6 nil_bias 0.65 Left 0.005 0.01 0.001 -0.4 0.35 0.018051563706140056 -0.024217814841444908
-0.3567286895827573 0.26144110989511854 53 nil_vol 0.6 nil_bias 0.65 Left 0.005 0.01 0.001 -0.35922880472771884 0.2605700799720089 0.0025001151449615786 0.0008710299231096646
-0.29584418074035046 0.041895949989845714 53 nil_vol 0.6 nil_bias 0.65 Left 0.005 0.01 0.001 -0.284429179104972 0.045872890018707146 -0.011415001635378471 -0.003976940028861433
-0.20727742943379268 -0.17592832125466182 53 nil_vol 0.6 nil_bias 0.65 Left 0.005 0.01 0.001 -0.2071678429903356 -0.17589014178456397 -0.0001095864434570606 -3.817947009785904e-05
-0.17046589523138325 -0.25498448498113624 53 nil_vol 0.6 nil_bias 0.65 Left 0.005 0.01 0.001 -0.17862174192188573 -0.25782594871533226 0.008155846690502474 0.0028414637341960328
-0.167222733584566 -0.3141090285194978 53 nil_vol 0.6 nil_bias 0.65 Left 0.005 0.01 0.001 -0.15990158531397664 -0.31155837031159195 -0.007321148270589352 -0.002550658207905819
-0.12829212012543958 -0.3822045246443578 53 nil_vol 0.6 nil_bias 0.65 Left 0.005 0.01 0.001 -0.1345314277717008 -0.384378273989596 0.006239307646261201 0.002173749345238239
-0.08410018791484042 -0.5229114823620928 53 nil_vol 0.6 nil_bias 0.65 Left 0.005 0.01 0.001 -0.08603248154076487 -0.5235846855830749 0.0019322936259244486 0.0006732032209821013
0.0062450390604538745 -0.7884486364918712 53 nil_vol 0.6 nil_bias 0.65 Home 0.005 0.01 0.001 0.0 -0.75 0.0062450390604538745 -0.03844863649187123
0.20523554500179486 -0.1848097923673588 54 nil_vol 0.6 nil_bias 0.65 Home 0.005 0.01 0.001 0.20179360950660954 -0.1836968307205673 0.003441935495185311 -0.001112961646791508
0.23793086924612025 -0.11955934885953078 54 nil_vol 0.6 nil_bias 0.65 Home 0.005 0.01 0.001 0.22399027688669843 -0.11505161050961266 0.013940592359421836 -0.0045077383499181195
0.22821523656156548 -0.11445278993499952 54 nil_vol 0.6 nil_bias 0.65 Home 0.005 0.01 0.001 0.22456551329611016 -0.1132726394000646 0.0036497232654553275 -0.0011801505349349221
0.27688084056829276 0.018181001172487193 54 nil_vol 0.6 nil_bias 0.65 Home 0.005 0.01 0.001 0.2680000513923787 0.02105263480997388 0.008880789175914082 -0.002871633637486687
0.3429203655478056 0.1842581561523156 54 nil_vol 0.6 nil_bias 0.65 Home 0.005 0.01 0.001 0.3228695757102045 0.19074164781226766 0.020050789837601064 -0.006483491659952056
0.3537417054404943 0.30550689792486324 54 nil_vol 0.6 nil_bias 0.65 Home 0.005 0.01 0.001 0.3593888608195946 0.30368087086561046 -0.005647155379100284 0.0018260270592527742
0.3608365405373143 0.3092580395206795 54 nil_vol 0.6 nil_bias 0.65 Home 0.005 0.01 0.001 0.36115858525972766 0.30915390525520614 -0.0003220447224133934 0.0001041342654733357
0.38368200163789495 0.37880962657169726 54 nil_vol 0.6 nil_bias 0.65 Right 0.005 0.01 0.001 0.4 0.35 -0.016317998362105086 0.02880962657169729
0.3721445966308647 0.3036041018076492 55 nil_vol 0.6 nil_bias 0.65 Right 0.005 0.01 0.001 0.3611290368533644 0.3070669431731403 0.0110155597775003 -0.0034628413654911147
0.35794267443303474 0.28884399160778207 55 nil_vol 0.6 nil_bias 0.65 Right 0.005 0.01 0.001 0.3556291159886202 0.2895712797388096 0.0023135584444145593 -0.0007272881310275103
0.3093663567750107 0.17962059191098334 55 nil_vol 0.6 nil_bias 0.65 Right 0.005 0.01 0.001 0.3200129990086009 0.1762737231294835 -0.01064664223359026 0.0033468687814998386
0.32087829639158477 0.14899623033140896 55 nil_vol 0.6 nil_bias 0.65 Right 0.005 0.01 0.001 0.31228707019951674 0.15169696039316666 0.00859122619206804 -0.002700730061757691
0.2759379528361765 0.012866529798139228 55 nil_vol 0.6 nil_bias 0.65 Right 0.005 0.01 0.001 0.26930039635373865 0.014953106024625407 0.006637556482437856 -0.0020865762264861785
0.24441235223038513 -0.040187685711820846 55 nil_vol 0.6 nil_bias 0.65 Right 0.005 0.01 0.001 0.251287021108845 -0.042348800375735574 -0.00687466887845985 0.0021611146639147296
0.04292925095685653 -0.6631355260780128 55 nil_vol 0.6 nil_bias 0.65 Right 0.005 0.01 0.001 0.05494923536498392 -0.6669141174580023 -0.01201998440812739 0.0037785913799895064
0.016974220643231515 -0.7877155058460583 55 nil_vol 0.6 nil_bias 0.65 Home 0.005 0.01 0.001 0.0 -0.75 0.016974220643231515 -0.03771550584605832
-0.0052259419449784995 -0.6856174406497535 56 nil_vol 0.6 nil_bias 0.65 Home 0.005 0.01 0.001 -0.019093959736313414 -0.6907773725593697 0.013868017791334914 0.005159931909616127
-0.10580155781851783 -0.4533640959582907 56 nil_vol 0.6 nil_bias 0.65 Home 0.005 0.01 0.001 -0.10723137656454557 -0.45389609465367786 0.0014298187460277435 0.0005319986953871436
-0.1287144219230352 -0.3762194116781712 56 nil_vol 0.6 nil_bias 0.65 Home 0.005 0.01 0.001 -0.13523075212689448 -0.3786439701593045 0.00651633020385927 0.002424558481133318
-0.15649984971865974 -0.3323915243547183 56 nil_vol 0.6 nil_bias 0.65 Home 0.005 0.01 0.001 -0.15293377892492233 -0.3310646813438842 -0.0035660707937374063 -0.0013268430108341052
-0.2433187934508427 -0.08883159689675309 56 nil_vol 0.6 nil_bias 0.65 Home 0.005 0.01 0.001 -0.24309363566924996 -0.08874782149067706 -0.00022515778159272763 -8.37754060760302e-05
-0.3493076335089883 0.1919695737018207 56 nil_vol 0.6 nil_bias 0.65 Home 0.005 0.01 0.001 -0.3477561305367325 0.192546847960829 -0.0015515029722557947 -0.0005772742590083112
-0.3789339375467448 0.26953744719758915 56 nil_vol 0.6 nil_bias 0.65 Home 0.005 0.01 0.001 -0.3767102002086555 0.2703648425342595 -0.002223737338089337 -0.0008273953366703529
-0.4031192599964831 0.3413427773995412 56 nil_vol 0.6 nil_bias 0.65 Left 0.005 0.01 0.001 -0.4 0.35 -0.0031192599964830793 -0.008657222600458786
-0.3582022767974938 0.220025381724915 57 nil_vol 0.6 nil_bias 0.65 Left 0.005 0.01 0.001 -0.3624674067751554 0.21861264441577577 0.004265129977661606 0.0014127373091392284
-0.3514495419327388 0.1561235369527901 57 nil_vol 0.6 nil_bias 0.65 Left 0.005 0.01 0.001 -0.3427262261045456 0.15901295739119134 -0.008723315828193174 -0.002889420438401239
-0.23980962592959276 -0.18056046126394995 57 nil_vol 0.6 nil_bias 0.65 Left 0.005 0.01 0.001 -0.23119463445215424 -0.17770692105724173 -0.008614991477438522 -0.00285354020670821
-0.1932367530671275 -0.2553020560053406 57 nil_vol 0.6 nil_bias 0.65 Left 0.005 0.01 0.001 -0.2042811177743757 -0.2589602765424377 0.011044364707248181 0.003658220537097071
-0.15279298610825176 -0.4067864348352689 57 nil_vol 0.6 nil_bias 0.65 Left 0.005 0.01 0.001 -0.15506720640841928 -0.4075397239223719 0.0022742203001675284 0.0007532890871030311
-0.06266487583965402 -0.7058764571095845 57 nil_vol 0.6 nil_bias 0.65 Left 0.005 0.01 0.001 -0.056883537034583764 -0.7039615065525149 -0.005781338805070252 -0.0019149505570695549
-0.0007312880917483278 -0.7843751559249227 57 nil_vol 0.6 nil_bias 0.65 Left 0.005 0.01 0.001 -0.02732993698608316 -0.7931854158378746 0.02659864889433483 0.008810259912951951
-0.026688542515512257 -0.7951218202679414 57 nil_vol 0.6 nil_bias 0.65 Home 0.005 0.01 0.001 0.0 -0.75 -0.026688542515512257 -0.04512182026794142
-0.0033558158892191114 -0.7131780766536092 58 nil_vol 0.6 nil_bias 0.65 Home 0.005 0.01 0.001 0.006176616296046839 -0.7171985021865945 -0.00953243218526595 0.004020425532985311
0.08425964351282325 -0.5354633524734382 58 nil_vol 0.6 nil_bias 0.65 Home 0.005 0.01 0.001 0.08304229349048792 -0.5349499194883138 0.0012173500223353363 -0.0005134329851244231
0.19219635579305397 -0.2805307837469215 58 nil_vol 0.6 nil_bias 0.65 Home 0.005 0.01 0.001 0.19062614266449146 -0.2798685262210763 0.0015702131285624972 -0.000662257525845203
0.21915091573831938 -0.2558145597871974 58 nil_vol 0.6 nil_bias 0.65 Home 0.005 0.01 0.001 0.20354691221931506 -0.24923337117286193 0.015604003519004307 -0.006581188614335502
0.24860515165808084 -0.12721596157108936 58 nil_vol 0.6 nil_bias 0.65 Home 0.005 0.01 0.001 0.25404216298526155 -0.12950909083108186 -0.005437011327180722 0.0022931292599925133
0.37064641222802064 0.15674006899848775 58 nil_vol 0.6 nil_bias 0.65 Home 0.005 0.01 0.001 0.3741484596620881 0.15526303557742516 -0.0035020474340674694 0.001477033421062594
0.3893310690434597 0.15912860392089057 58 nil_vol 0.6 nil_bias 0.65 Home 0.005 0.01 0.001 0.3778254728020432 0.16398123670150555 0.011505596241416524 -0.004852632780614977
0.43192087985058936 0.2922414904965128 58 nil_vol 0.6 nil_bias 0.65 Right 0.005 0.01 0.001 0.4 0.35 0.03192087985058936 -0.057758509503487133
0.39370812023327956 0.20334432987829254 59 nil_vol 0.6 nil_bias 0.65 Right 0.005 0.01 0.001 0.3955485790697276 0.20259757841663795 -0.0018404588364480412 0.0007467514616545998
0.32761006394185405 0.03897112592266565 59 nil_vol 0.6 nil_bias 0.65 Right 0.005 0.01 0.001 0.3289395801715534 0.038431685339611055 -0.001329516229699362 0.000539440583054594
0.2947004388131338 -0.023089861841711797 59 nil_vol 0.6 nil_bias 0.65 Right 0.005 0.01 0.001 0.3026663100520871 -0.02632195042377483 -0.00796587123895332 0.0032320885820630333
0.22948806805361366 -0.24048083282484126 59 nil_vol 0.6 nil_bias 0.65 Right 0.005 0.01 0.001 0.21771175022444417 -0.23570268599662247 0.011776317829169502 -0.004778146828218788
0.1158807353198632 -0.5245356228513433 59 nil_vol 0.6 nil_bias 0.65 Right 0.005 0.01 0.001 0.10269140851900621 -0.5191841589273859 0.013189326800856988 -0.005351463923957312
0.03615263170251467 -0.6360392921850908 59 nil_vol 0.6 nil_bias 0.65 Right 0.005 0.01 0.001 0.05257484028162057 -0.6427024720493639 -0.016422208579105903 0.006663179864273076
0.01248384764102915 -0.7549938236964425 59 nil_vol 0.6 nil_bias 0.65 Right 0.005 0.01 0.001 0.007786783508466288 -0.7530880274694288 0.004697064132562862 -0.0019057962270137058
-0.009117084866508682 -0.794749645180821 59 nil_vol 0.6 nil_bias 0.65 Home 0.005 0.01 0.001 0.0 -0.75 -0.009117084866508682 -0.04474964518082108
0.04531244972742322 -0.6512013086764464 60 nil_vol 0.6 nil_bias 0.65 Home 0.005 0.01 0.001 0.03918351926512682 -0.6491678738493913 0.006128930462296393 -0.002033434827055094
0.0748664660187473 -0.5391712543491651 60 nil_vol 0.6 nil_bias 0.65 Home 0.005 0.01 0.001 0.07559735480656919 -0.5394137460408239 -0.0007308887878218933 0.00024249169165875358
0.21224255812458187 -0.2027870694819148 60 nil_vol 0.6 nil_bias 0.65 Home 0.005 0.01 0.001 0.18975724519351894 -0.19532697204851623 0.02248531293106293 -0.007460097433398568
0.2123486413419622 -0.158740815179052 60 nil_vol 0.6 nil_bias 0.65 Home 0.005 0.01 0.001 0.2029321921096625 -0.15561665902587873 0.009416449232299692 -0.0031241561531732747
0.23703416496170038 -0.04387981921943592 60 nil_vol 0.6 nil_bias 0.65 Home 0.005 0.01 0.001 0.23970936996978792 -0.044767389255745194 -0.00267520500808755 0.0008875700363092746
0.24741876003895238 -0.012836506089257842 60 nil_vol 0.6 nil_bias 0.65 Home 0.005 0.01 0.001 0.25001725435528477 -0.013698625324129243 -0.0025984943163323863 0.0008621192348714014
0.3445701906817361 0.2744030759029938 60 nil_vol 0.6 nil_bias 0.65 Home 0.005 0.01 0.001 0.34550023996966855 0.274094507446459 -0.000930049287932441 0.0003085684565347511
0.35590608961963777 0.30545854629206926 60 nil_vol 0.6 nil_bias 0.65 Right 0.005 0.01 0.001 0.4 0.35 -0.04409391038036224 -0.0445414537079307
0.30510470771331366 0.2029278940615821 61 nil_vol 0.6 nil_bias 0.65 Right 0.005 0.01 0.001 0.3154161586425623 0.19900587019423407 -0.010311450929248622 0.00392202386734802
0.2524915056923042 0.05561380837781139 61 nil_vol 0.6 nil_bias 0.65 Right 0.005 0.01 0.001 0.25981640561690555 0.052827737578722056 -0.0073248999246013375 0.002786070799089333
0.22884300159696672 0.0028963880212641924 61 nil_vol 0.6 nil_bias 0.65 Right 0.005 0.01 0.001 0.23931038454960135 -0.0010849455515365425 -0.010467382952634647 0.003981333572800735
0.23174529238185715 -0.03917478244619325 61 nil_vol 0.6 nil_bias 0.65 Right 0.005 0.01 0.001 0.225697604402014 -0.036874507076415874 0.006047687979843155 -0.0023002753697773707
0.18646166653498505 -0.20632257694118417 61 nil_vol 0.6 nil_bias 0.65 Right 0.005 0.01 0.001 0.164433779617279 -0.19794413448616277 0.022027886917706054 -0.008378442455021383
0.15184292074388595 -0.24492527350535864 61 nil_vol 0.6 nil_bias 0.65 Right 0.005 0.01 0.001 0.1472313707102261 -0.24317124204833251 0.0046115500336598335 -0.0017540314570261327
0.11814937288262393 -0.3049740914465806 61 nil_vol 0.6 nil_bias 0.65 Right 0.005 0.01 0.001 0.12301968440741298 -0.3068265444304241 -0.004870311524789047 0.001852452983843532
-0.03912015638176215 -0.7331107967759511 61 nil_vol 0.6 nil_bias 0.65 Home 0.005 0.01 0.001 0.0 -0.75 -0.03912015638176215 0.01688920322404889
0.09250399585228546 -0.31406269612619264 62 nil_vol 0.6 nil_bias 0.65 Home 0.005 0.01 0.001 0.08915034015054547 -0.31303864566029505 0.003353655701739977 -0.0010240504658975923
0.13847170927722713 -0.21589492659905976 62 nil_vol 0.6 nil_bias 0.65 Home 0.005 0.01 0.001 0.1204901296183286 -0.21040418853142928 0.017981579658898524 -0.0054907380676304796
0.1386362039040739 -0.11057012071130143 62 nil_vol 0.6 nil_bias 0.65 Home 0.005 0.01 0.001 0.14992247045574708 -0.11401642156874747 -0.011286266551673163 0.0034463008574460493
0.1538775853755448 -0.08396869902079108 62 nil_vol 0.6 nil_bias 0.65 Home 0.005 0.01 0.001 0.15865243661727413 -0.08542671650187827 -0.0047748512417293415 0.0014580174810871946
0.15923927650117067 -0.028865691901656824 62 nil_vol 0.6 nil_bias 0.65 Home 0.005 0.01 0.001 0.17450056841688777 -0.03352578061868905 -0.015261291915717099 0.004660088717032224
0.183392191864683 0.016734373961900667 62 nil_vol 0.6 nil_bias 0.65 Home 0.005 0.01 0.001 0.18929710351635132 0.014931288593048486 -0.005904911651668307 0.0018030853688521821
0.2889907062776215 0.32221401162300695 62 nil_vol 0.6 nil_bias 0.65 Home 0.005 0.01 0.001 0.28362706475176586 0.32385181827102105 0.005363641525855671 -0.0016378066480141138
0.29220344544887744 0.35193854737567565 62 nil_vol 0.6 nil_bias 0.65 Right 0.005 0.01 0.001 0.4 0.35 -0.10779655455112261 0.0019385473756756864
0.2684166234094678 0.331609017980963 63 nil_vol 0.6 nil_bias 0.65 Right 0.005 0.01 0.001 0.28478563119152533 0.3267822950717782 -0.016369007782057545 0.004826722909184765
0.2672265007672023 0.2630580709453828 63 nil_vol 0.6 nil_bias 0.65 Right 0.005 0.01 0.001 0.26609378193315897 0.2633920753040303 0.0011327188340433379 -0.0003340043586474981
0.2369863806350373 0.13763278557028624 63 nil_vol 0.6 nil_bias 0.65 Right 0.005 0.01 0.001 0.22964914780741003 0.13979631253848465 0.007337232827627282 -0.0021635269681984084
0.21270271409180685 0.08677551980549357 63 nil_vol 0.6 nil_bias 0.65 Right 0.005 0.01 0.001 0.21390995973681048 0.08641953975530753 -0.001207245645003628 0.00035598005018604156
0.13250797056847197 -0.1775566964003272 63 nil_vol 0.6 nil_bias 0.65 Right 0.005 0.01 0.001 0.13578634229578096 -0.1785233885866655 -0.003278371727308985 0.0009666921863383033
0.10390277062082974 -0.2968619281778002 63 nil_vol 0.6 nil_bias 0.65 Right 0.005 0.01 0.001 0.10113275137772082 -0.29604513368923924 0.0027700192431089213 -0.0008167944885609849
0.05276255785006773 -0.47731110036888547 63 nil_vol 0.6 nil_bias 0.65 Right 0.005 0.01 0.001 0.04808926103849237 -0.475933087169663 0.0046732968115753655 -0.001378013199222489
-0.02965062054282597 -0.7395746407710405 63 nil_vol 0.6 nil_bias 0.65 Home 0.005 0.01 0.001 0.0 -0.75 -0.02965062054282597 0.010425359228959536
