-0.10149787196844931 -0.5245535702579908
-0.11232407024988941 -0.5129338263887591
-0.14965364995156447 -0.3893397879213899
-0.2028950555467736 -0.25404536271780037
-0.23430466318548387 -0.1737528621972394
-0.38728422350541075 0.10117178778346118
-0.42030955120652624 0.2736542900056979
-0.46324280778016563 0.3234305655071252
-0.4484831971791951 0.25794440494869275
-0.4454134808077105 0.24031317255404427
-0.3384692060529701 0.00048193747719053534
-0.3421801040245011 -0.01811752330174932
-0.29036603580091686 -0.16437346440661194
-0.2668582322601366 -0.2532476041455304
-0.1867111710840314 -0.44470664761369066
-0.07788550420817403 -0.7324233500332379
-0.08056512014678097 -0.6897489304991322
-0.12298760912043319 -0.48972236305491335
-0.14418399003863389 -0.47502286606002636
-0.16651358241332548 -0.4115095844977867
-0.1645344807777508 -0.4004273938613105
-0.17746810813053568 -0.31999960814040396
-0.31801341336188316 0.2891559145336815
-0.3191922219289084 0.29691405084695127
-0.3043404190204106 0.2691204617075636
-0.1543901156161447 -0.2676413766765123
-0.15537665030277878 -0.31016028760978137
-0.0950774429359632 -0.42817272789151095
-0.07979986670837119 -0.4903473038398396
-0.07226664603870483 -0.5684698676493569
-0.05766224906157007 -0.6540535576144432
-0.016157993385488977 -0.7570827112359673
-0.026960232626754184 -0.7494287076742654
-0.051450012598431835 -0.6419218747794073
-0.09626199141224977 -0.5367831569642666
-0.08602442051780317 -0.5099100151158391
-0.1802452369790534 -0.23732085379211607
-0.1610075157931028 -0.2264735772011723
-0.21561244486351078 -0.06063747113482956
-0.30077310752693176 0.23405139827277838
-0.2624615943901618 0.09490688223561652
-0.21529349780287804 -0.03984789453313179
-0.2098345859568034 -0.07085313687011077
-0.12255217545041999 -0.3003874199110515
-0.10069801320936363 -0.38558604685037035
-0.07248978312819798 -0.44976868393754366
-0.02600966509028955 -0.601130076777191
-0.00676669749803739 -0.6760831257612542
-0.05132132490801979 -0.5597005700447417
-0.06159838945344631 -0.5398968827457302
-0.09920508718323093 -0.4398536115676973
-0.19840236338844602 -0.04997068846585058
-0.26215283620433155 0.05195437559681963
-0.3025884289708128 0.17862331047290972
-0.3379231670219478 0.2923706949332956
-0.3543649078310897 0.33257892727109006
-0.34097453915999265 0.295426408794639
-0.2768223779905581 0.03651589064560253
-0.22627734356681753 -0.05011733104928894
-0.17773865906090294 -0.2935064656591467
-0.16059849611571217 -0.3184533079661189
-0.07547048514082814 -0.6595598668795839
-0.040686465969760444 -0.7207589621809745
-0.04548671804644755 -0.7601371524334753
-0.0965264717941736 -0.5285543373852781
-0.09690558216894461 -0.4980348308894611
-0.13020935061826924 -0.4736290362467714
-0.3079176299194045 0.28355504059173364
-0.32073613484024216 0.3418686162986353
-0.3330293175558954 0.3741921640788534
-0.33655329226150504 0.3864677296443704
-0.34734240625981394 0.4202416039861814
-0.3116772418099313 0.22219168593316593
-0.270268913416823 0.15586743124097735
-0.20246290290747185 -0.06543309777024928
-0.1629997764783674 -0.1503439321733364
-0.09790711411220904 -0.3893770555489758
-0.08530943782424266 -0.47629401091988033
-0.06549006195990524 -0.5529037548218464
0.0006525432380467667 -0.7498876713401443
-0.02343044429019688 -0.6993713779490128
-0.042554770714119894 -0.6748417017259547
-0.08879398063605867 -0.4589546184548155
-0.113455379138444 -0.40358010071663575
-0.15340999783611162 -0.3226862103807466
-0.1647429234754215 -0.27332326428821596
-0.25251907081630987 -0.053229770516264416
-0.3562099230627264 0.2440609566611067
-0.34899464766537547 0.1999284662371927
-0.30845553225407074 0.1221566250259164
-0.24899352732032734 -0.062038966665729806
-0.21716106327119752 -0.1520290643878286
-0.09079252513456351 -0.4715001772037281
-0.03159796619276475 -0.6004608522988802
-0.04293959859991813 -0.6360449383833846
0.011941890926884254 -0.7532809719710399
-0.0255774441937495 -0.6365456035071319
-0.04957897045851313 -0.6208356387932495
-0.11853112296548726 -0.45327572870763566
-0.2549191555711491 -0.06413074302628516
-0.2656336999430009 -0.059974659928014526
-0.40256824416842085 0.258804618974985
-0.4062463308173776 0.27506219162196494
-0.4121179320092912 0.2899716332624479
-0.3848377160325136 0.24269547317530224
-0.40052978584032495 0.2260932878110112
-0.3700306192462192 0.19365527993328538
-0.3593736053420664 0.1379972730116177
-0.3627738151503083 0.102544679866709
-0.2827372892161421 -0.08547671873146259
-0.2455355647683519 -0.20245855724105316
-0.041448681190785805 -0.7732418650353006
-0.05773165163224041 -0.75271060176234
-0.1146143938049806 -0.5804222914202238
-0.10827620489685434 -0.5033541970322069
-0.21730158292503743 -0.3651525417404195
-0.23418903676228497 -0.25218262228275434
-0.2686188897079366 -0.2345132803567374
-0.4696889910531841 0.3447742831546714
-0.47251828105022625 0.36887447046567384
-0.46334685090081695 0.3411875047596548
-0.421913416042742 0.22139462659950496
-0.324726503790842 0.018220818114733448
-0.23249853252592168 -0.2080629013009107
-0.15592118595258805 -0.38771210566469144
-0.009715012748226013 -0.6966868711513381
-0.007113848403159093 -0.7208898268244914
-0.0024510701682832325 -0.7468739784085405
-0.01888401715504036 -0.6759306312675483
-0.03575583504509242 -0.6316932212964752
-0.02108010305978671 -0.6264729123967662
-0.10313173984719895 -0.3612658492453932
-0.20373683869640608 -0.0578349636902526
-0.2725942693189378 0.2088072159287174
-0.2773335361556314 0.2553569680302832
-0.31623742801260574 0.41277043378043277
-0.29455441123345927 0.2622370506461007
-0.21518303932597188 0.034859555986627246
-0.20429117634007501 -0.06005771999558578
-0.1669061537506273 -0.18675482326552864
-0.0893987166456784 -0.4484243224433894
-0.11076368177996415 -0.4575989501962145
-0.0747127061911478 -0.6049292007073597
-0.010718484496142924 -0.7928839070856523
-0.06721875378111705 -0.6461726095082069
-0.05995147323651878 -0.6161473893517685
-0.07752353454179495 -0.5834324715416215
-0.10512700459075827 -0.5273731368054283
-0.32229327666369484 -0.002138581760720883
-0.3611756821803777 0.08435079741521198
-0.38620417701867166 0.1992518088398065
-0.46892239407220115 0.40630826371125145
-0.43935093468571557 0.30656410119251293
-0.32386481965704245 0.09947549325378922
-0.32280813377997986 0.09159266643892883
-0.21433391238111982 -0.16736175887298863
-0.22791860518252094 -0.1736851662042921
-0.009005911325411885 -0.647858994755372
0.01611476905749238 -0.6918074332350209
0.039306055335564256 -0.7562357146547067
0.03203187785786305 -0.7287038134424211
-0.072123978971293 -0.5015610204588781
-0.14423361723301792 -0.3065567957672949
-0.2192955488104102 -0.10373755193420116
-0.3220241929883816 0.13104204723625595
-0.3411545565256202 0.14401167129747725
-0.32845333484316486 0.17166294988686337
-0.4283888077526625 0.3859835957121772
-0.3867810844481377 0.2843211942021825
-0.37642422871182785 0.24947780622203725
-0.25797432800670406 -0.07711905255963383
-0.08780937319004678 -0.5198366600340143
-0.09341061683440607 -0.5272338675355478
-0.0344362844742382 -0.6382375953529097
-0.022999900788839178 -0.7009408589911852
0.0007663951613273544 -0.7694843973300922
-0.04638403749972552 -0.6373576107591933
-0.1489717550657199 -0.43522165639363514
-0.28103018330018764 -0.11469776408062621
-0.36982556167997815 0.058066160464708604
-0.43904619009126916 0.21157563949641614
-0.45102614596068746 0.25122114022778924
-0.511045823138202 0.3628047884216005
-0.5061119429584935 0.3796316735524314
-0.3260554328418173 -0.04463997677688127
-0.2916191473682133 -0.15112315618959649
-0.22613899277187632 -0.35224209832156345
-0.14982639027145833 -0.4935126414208976
-0.14566780994574421 -0.5041865520832399
-0.14698141067553752 -0.5426471013872884
-0.10235170726011374 -0.5401028970636124
-0.0390368914973385 -0.7796437061498511
-0.059797313678112266 -0.716704383844468
-0.11922476780854366 -0.49569552424583463
-0.18068164430193526 -0.20823891516205514
-0.22729409814483553 -0.15209917297299258
-0.21742542476613475 -0.14508770413411137
-0.2033622908190539 -0.11346129862214466
-0.3143050504705728 0.23927802446356666
-0.3211800779612936 0.27697494111199744
-0.2500396903826817 0.03346850141284624
-0.12046047430928701 -0.3453799327316782
-0.12492912738096316 -0.35556897496985806
-0.08056170756635489 -0.48311945507872234
-0.023322289460586152 -0.6716035908836212
-0.027838585894878243 -0.6983778211730748
0.016417250430396938 -0.7695487780699318
0.013660072319403494 -0.7736974779374843
-0.0222389809245044 -0.6613787792220649
-0.007528057517886259 -0.6440428638218945
-0.041430265314199674 -0.6221148024682942
-0.2050826830117713 -0.1976920577388029
-0.22697544626877264 -0.1051887098791838
-0.33504932663039644 0.15744691536391525
-0.3608646866357207 0.2481538405686726
-0.37567681699318395 0.2876065630546262
-0.33684831593221126 0.16853999439183043
-0.2982538006885885 0.09895755722649024
-0.2556993108766975 0.02839099936865605
-0.13090558892085113 -0.32039084471120466
-0.13337117839797222 -0.3716161816947647
-0.1240611303922019 -0.37555922930474
-0.09065900380006893 -0.5163248834548325
-0.001342635135392492 -0.718567826796872
-0.02621308665672054 -0.6492708284064357
-0.026080452638022583 -0.6356740530023767
-0.12699646446589105 -0.3563308521007879
-0.22295979810867014 -0.14148809714983765
-0.3158567928866835 0.1283582165415453
-0.3136748826662783 0.1373425705647261
-0.3694650298800531 0.2728504507278092
-0.40513422931900367 0.3721742382783789
-0.3212884308108787 0.13338576145489672
-0.3051952634493956 0.11174193941367327
-0.2807113996682304 0.05575040505110163
-0.2515446453532341 -0.01278034232932523
-0.24178788515145366 -0.09737506797691386
-0.06199621514830026 -0.5637485605139434
-0.064655892457858 -0.6100477354069532
0.001156772794793431 -0.7822932457540391
-0.12946061275686768 -0.45796234409590436
-0.15652552843670883 -0.3706618331401931
-0.23762145740236865 -0.0686628253857006
-0.23146948558274028 -0.06090742376679276
-0.2655083775565041 -0.039580515074961506
-0.262165598929975 0.038918800341511905
-0.3157534096569587 0.14773221073319417
-0.37464239656310355 0.3160905325809571
-0.29312988538972623 0.0847370055781703
-0.22040641265343572 -0.13493157010395052
-0.15176183712242852 -0.26130081707705693
-0.15840983696886093 -0.2896519865088131
-0.15203417657747773 -0.35901026087014815
-0.10020025006706074 -0.49767564717769536
-0.00662198170565936 -0.7278549714274768
0.018347074171706692 -0.8022857147782849
-0.0018390186010029935 -0.7350103107445362
-0.14212834706338098 -0.3859332446768634
-0.21517403345890174 -0.21404750429019784
-0.25286693813725214 -0.05158840303995703
-0.34653872119627216 0.10889819166381139
-0.35705550052446233 0.20368557067214363
-0.3798744220349662 0.20186361069244763
-0.45128062917707473 0.4091837589330531
-0.38681794239412454 0.2514482918057631
-0.2515127093513337 -0.06737466963962714
-0.16990959844370557 -0.2462660055864599
-0.08690374867292311 -0.41214452565708243
-0.050278742184032325 -0.5241623629876454
-0.037102793698865884 -0.5438518173117315
-0.005427557110924596 -0.607126987250724
0.04816584892463876 -0.7389712174182665
-0.04454097096905469 -0.5798474929925936
-0.09459228001952973 -0.5018554928078136
-0.32665807298748717 -0.05260383289810607
-0.3860784084218477 0.0858858377698006
-0.4382894672505435 0.10896758278664462
-0.5080623358237912 0.2568103179015133
-0.549102985763399 0.2859169071604869
-0.5456204166080818 0.325369274825242
-0.48661079131373025 0.15913470889088546
-0.34224375722352296 -0.1519399229740835
-0.262539120972919 -0.28816578505965096
-0.1932520980226969 -0.44266552291728967
-0.15616840954720743 -0.4888634492953108
-0.16662044863593375 -0.5181226193670839
-0.14033458043970676 -0.5222572993625615
-0.03471653599238686 -0.781925042571435
-0.026914856213161878 -0.7669797875905311
-0.1197450457041783 -0.4680152810842069
-0.13648282449867402 -0.45001701604386485
-0.15150839681768663 -0.3813149209080923
-0.18985680105273134 -0.2683861558786133
-0.19104598426075886 -0.21849240591167546
-0.290092042027643 0.092114040514675
-0.34884369786098873 0.29940092688806014
-0.349737945724913 0.26724102973313885
-0.29535724239610356 0.13554701618800966
-0.26983587237003287 0.11289584861362266
-0.22949999607809482 -0.08263414043213732
-0.20827407001537956 -0.128002642122578
-0.0639806503333592 -0.45334049394367776
-0.02601767058100451 -0.6247130038987037
0.011787842166436802 -0.7207680264590992
-0.026394405128054677 -0.5765044715828436
-0.09280648121337957 -0.3489313127689189
-0.21117060291737894 -0.024110403574251954
-0.22692451023807256 0.07799785551468158
-0.2462341367957101 0.11971874254890169
-0.2742843733530905 0.23056873781757206
-0.3097376540027997 0.3240993698365783
-0.32198198496199426 0.372863168552901
-0.296285314840813 0.24957537251837214
-0.22335524438833507 0.03463025971908481
-0.22388988660801945 0.025903050007966527
-0.12648718492382494 -0.21531630721194667
-0.13885819029831958 -0.2260473778240502
-0.08699373863901215 -0.34917814566237426
0.0036862644105873695 -0.6943157339156097
0.016059618075264733 -0.7155688463822519
-0.024773475832139506 -0.5919820608875244
-0.04019825018785077 -0.5732432892758137
-0.14720299993665398 -0.3490936350869761
-0.28679640014413627 -0.039834420674112324
-0.2606207994811936 -0.010800953247304124
-0.35102171426549106 0.1368674042259526
-0.37895925384609785 0.24485753052359507
-0.4286659892847746 0.3442199652066066
-0.35686719726572236 0.14190914823131107
-0.2836225984745108 -0.019670064909877633
-0.3006966126054413 -0.04973557725261453
-0.2825726143703309 -0.0798960894696126
-0.12981060186639973 -0.46502197802570594
-0.09532100091373649 -0.4964361366337085
-0.08332295183557685 -0.529031034901157
-0.03059488980729654 -0.6940589168429332
-0.04031208500761284 -0.6717676520018385
-0.07794534965828381 -0.586481662110616
-0.17492820286997057 -0.3170231159938493
-0.2789643284484587 0.06988917903969279
-0.3174374123255023 0.13196350047032884
-0.3769967593101627 0.24743983503629358
-0.369212683266778 0.28638886726720636
-0.41220373540043204 0.3887925297293219
-0.34313689500699496 0.24146283643268127
-0.30269186179017776 0.12282118875571697
-0.22378357668586135 -0.007025879201852155
-0.17763992431578698 -0.16390894326438205
-0.04778539740197247 -0.46245083935761533
-0.008068006093239656 -0.536075517523951
-0.01238528643588249 -0.5599506330671646
0.04416982055141194 -0.6932490710425143
0.033758773237260356 -0.6563579520690156
0.023761422060259305 -0.6562703269424326
-0.12271321906906058 -0.3787533567445151
-0.15214117212369618 -0.3234170781620415
-0.18654928036782645 -0.27443630824467213
-0.29792879364951796 -0.024178288780605565
-0.31473872258052954 0.003916902553200311
-0.47024466353038397 0.2849731013601895
-0.43716310187607127 0.22371076293647074
-0.3661598510808238 0.08677653267722911
-0.36002709900990915 0.07312470127429824
-0.3011790156181163 -0.05320519802323713
-0.21487893808955577 -0.1994211044000207
-0.22126347158171772 -0.20345200893331553
0.01796294033429731 -0.6863883149567203
0.04158223606991589 -0.7101228775656504
0.022471783463702856 -0.6725563184054059
-0.04423828323340186 -0.4825362633122077
-0.1484086925582291 -0.32833685511324556
-0.22729858905051922 -0.15755425562865735
-0.22980906276208152 -0.10220169058996226
-0.25924272442338064 -0.1157311128394217
-0.44291520335991147 0.29110376080274514
-0.46642513004610675 0.33518720543089475
-0.43493581109764157 0.2945855903324834
-0.3144622021494171 -0.06423669023679127
-0.2740745415710128 -0.13656633730877768
-0.17683481196440118 -0.39466688607186157
-0.09415044387825569 -0.6227459137477467
-0.06895450173425059 -0.672709113734373
-0.05074162856863595 -0.717479469910579
-0.0464783337662428 -0.7443160562949488
-0.09876902774464155 -0.5907692005712651
-0.09194542133885455 -0.5588709050470667
-0.15080198308171977 -0.43315877280763787
-0.1575823422878601 -0.36705988806452244
-0.2657097725144861 -0.08945093163728281
-0.27032805165737145 0.021280714207764225
-0.31789597622232874 0.1519922606172073
-0.3551836880525684 0.2417322712818614
-0.33532598837340394 0.15009979207455068
-0.340202230322519 0.14449488977817446
-0.3219342236516552 0.13053427239034804
-0.2108220210105888 -0.3729880550740625
-0.13844259660640518 -0.6336516753528447
-0.12385640784087186 -0.6497126910633357
-0.1315706099091685 -0.7228954865451905
-0.10571246227841831 -0.7586183996186364
-0.17828570457330023 -0.39755513909336543
-0.16965606387342633 -0.23580979691301268
-0.21247633998264595 -0.1416402979456752
-0.2503048824456076 0.08652570735358438
-0.2809654635674958 0.21266506409582883
-0.27971305293477583 0.26836432373306557
-0.278300232878943 0.29653191202977836
-0.3038958445774157 0.40925885291942904
-0.23937755331010743 0.19262811795056048
-0.24719168511325715 0.17998389604861376
-0.1777821933771622 -0.11164594757902181
-0.15596599435422076 -0.190134282823118
-0.10973016683316053 -0.36769891380581715
-0.04702937325420538 -0.553433283735066
-0.01851803651768902 -0.7395136620697682
0.002163309381192222 -0.7487647236326477
-0.01747880185931856 -0.6761083667774382
-0.0895683729656657 -0.3261498343181776
-0.11337009125602505 -0.3072914063528425
-0.1264122435619013 -0.28059142817393445
-0.1694619384522379 -0.071494371669685
-0.21155101767657125 0.02246751987528724
-0.2117569955412692 0.11349166485609012
-0.31040591764298925 0.479459808460889
-0.29895871498129084 0.43756633138435075
-0.24639568089619282 0.20029981555541282
-0.2116911095207157 0.06164622829688693
-0.1428416544256252 -0.27962346599615334
-0.0790774520330584 -0.3980377656903773
-0.07113286747396101 -0.4367450951814194
-0.023719967970351294 -0.7343748619620224
0.0015581220330215324 -0.8132649460742708
-0.07924181519485246 -0.5853769029757333
-0.18077578277118497 -0.29611426221548504
-0.1777154305388907 -0.271752293979844
-0.21547879438923473 -0.17832665906484857
-0.2879388159740104 0.06112948413443034
-0.38583944928683395 0.30574826905670766
-0.4005171137443987 0.33157986991549837
-0.40464419754348047 0.3484186719238107
-0.3584066752151594 0.21852008373545156
-0.2696756514458938 -0.05987311526072084
-0.12208865128279008 -0.4948455378811583
-0.0942458231403417 -0.5851991373897939
-0.11059676346961851 -0.6136727730251216
-0.07261959970611014 -0.6403818639568711
-0.06930529232313674 -0.6579263907818109
-0.02071134755433655 -0.799878163891926
-0.09579685753156096 -0.39107901426679015
-0.096646002731559 -0.3758370457573844
-0.11225372119770934 -0.35744286767592165
-0.10763622285308276 -0.3277999014034342
-0.12049708775227978 -0.27512386937067396
-0.14495757081171534 -0.1590671226825777
-0.1736714973246454 -0.04116575467894309
-0.2719085714364997 0.4029488990700164
-0.2398990721684163 0.30844263235582775
-0.2084191990063848 0.14779017745325707
-0.1995330583582081 -0.017319666754827753
-0.15331108611329167 -0.06296090847285175
-0.1789183487336383 -0.08997614749846562
-0.10830742921297438 -0.32453935795270156
-0.05368153429031461 -0.616316938218488
-0.026793536569205637 -0.698242001896658
-0.09869760079980076 -0.47358900920731806
-0.16014577600395108 -0.27284570709379846
-0.18984534758404994 -0.1248881701844631
-0.22482991872135938 -0.005161289242325756
-0.3026240008788207 0.2331075294105706
-0.3125778772278365 0.24646464146094463
-0.3070901257033484 0.2885959441074733
-0.38322647073947275 0.5001715243067154
-0.3500645589412225 0.4431606744504905
-0.33843891840546586 0.35648310567270164
-0.3347237638905939 0.27383027920084774
-0.3043722651830798 0.1619630039663094
-0.2112238926358085 -0.13512419317793195
-0.14745167263416997 -0.3586612010070958
-0.13581030908865785 -0.37368876361879877
-0.04201582712121617 -0.7096579441271219
-0.04861196374634125 -0.696408662504795
-0.06733250551867956 -0.6302010222996639
-0.08520796497199448 -0.5304369576341819
-0.11533058103610289 -0.4685271096674312
-0.179572245151895 -0.33158472420735796
-0.18149017266350506 -0.3099334403088991
-0.22463172593782138 -0.13953961691402647
-0.39689556186014235 0.337871249949895
-0.39667199622130983 0.32375488552183607
-0.3689232872049168 0.2937343696455867
-0.363518041955165 0.24727657783727927
-0.30047624791776184 0.12420909766693916
-0.18579645369006548 -0.2952563920759933
-0.09746514127090236 -0.5560041440253369
-0.04086953970437082 -0.657964138495111
-0.017566506050123405 -0.7327508362982512
-0.0059896865057186485 -0.7180707415735992
-0.040829393952930115 -0.6923768279188434
-0.10337195313831328 -0.4670298309469265
-0.08956021165124685 -0.43572980957312235
-0.1422539907545071 -0.21335750605445286
-0.21014392987862435 0.038629874888666434
-0.2791535309953962 0.2609077491790769
-0.30149859917233907 0.38158318501487076
-0.26129074841584443 0.2847980107183039
-0.13111916429397155 -0.3976634649424932
-0.09786496565585652 -0.492044042354864
-0.08649770666647401 -0.5172252503888903
-0.09589644194692148 -0.632414451748381
-0.07510004234391897 -0.6487029980457475
-0.0677773738843821 -0.6482161609872561
-0.05045663590685763 -0.712691293654127
