-0.05131957215775109 -0.6101717894968783
-0.0676416628470675 -0.5092416126101722
-0.10968917550910545 -0.4861683860865599
-0.10294330273795255 -0.4534105414476413
-0.15372251098397102 -0.2963757228144603
-0.202977495875112 -0.2173218228513384
-0.2780453128410046 0.05920875299193123
-0.4146711604159352 0.41271618721028563
-0.18747659903013505 -0.21135482689007917
-0.19306981629283343 -0.2570405525059727
-0.10556823308707251 -0.4313243194210558
-0.11056448731262636 -0.45310578834532533
-0.07929499845665197 -0.490185877362033
-0.08237028705147369 -0.5064303939944804
-0.019269581691648677 -0.6945702187973073
0.0053260191847885035 -0.7621066300432229
-0.004738904150427168 -0.7216705999219815
-0.0440488322088166 -0.6099184026336063
-0.207627121244494 -0.307303347213636
-0.2152413578460181 -0.2482032381971301
-0.2650195272166428 -0.13236224947221986
-0.33049892695478666 0.005466261258652023
-0.4251577496338255 0.22469946585481426
-0.46169879921026535 0.3098541929141829
-0.43524495463612456 0.19016816065834768
-0.27905300843902664 -0.14074956646299108
-0.27335557284502926 -0.14944372597427405
-0.19507971105430888 -0.3127389908330924
-0.17855983639901893 -0.3371118462898579
-0.14982407377206092 -0.36624225942424654
-0.06607949451767203 -0.5812756759534503
0.02516143966104203 -0.7780019829434843
0.017812837134938288 -0.7117361833428258
-0.024609898979905936 -0.6691058555734707
-0.025407476272135306 -0.6098552038141122
-0.010700445009502485 -0.5997007597004631
-0.08280996623341408 -0.47666713845360964
-0.16939083116767437 -0.17751253709711967
-0.23689694814753373 -0.0441141883766921
-0.37338263648344056 0.4277870169824783
-0.28427650417197853 0.1906714200117186
-0.12396866844482354 -0.22847719322549076
0.011917397999638125 -0.5417496884826954
0.030053208312443513 -0.605111575969335
0.04848894697217547 -0.6220465049578628
0.049063080743062946 -0.6528773841810039
0.07821689524284582 -0.7247013055081768
0.08945720341172476 -0.7471004275067294
-0.013706592849601426 -0.5085826096359096
-0.10620871298691317 -0.255897148286859
-0.16997729328493225 -0.21766619318806335
-0.3297682876034345 0.20512374899778651
-0.33812673359100653 0.22524540018417627
-0.3592650756475269 0.2657686129531066
-0.3656384122730244 0.2938756031655542
-0.3699926008013961 0.3013904895824583
-0.3527132440135359 0.2894250344138086
-0.33341425985028167 0.2189536728429564
-0.2246954178687963 -0.12322960109062973
-0.15166234203837728 -0.33704685880172414
-0.13829041491354996 -0.387518847002231
-0.14948563234877985 -0.39147230084932083
-0.06585335072195488 -0.5892708092949589
-0.010331202010180713 -0.7438205535105509
-0.023958352953453138 -0.6891720872613252
-0.06684180405918752 -0.6353544562985319
-0.05688625621242315 -0.609240424214697
-0.2080118272789892 -0.18734175518328852
-0.2861106728250288 0.05535695440228143
-0.3152751732198072 0.08784500715315026
-0.36794721894497684 0.25866610456379513
-0.40027568408252684 0.35567868650532314
-0.2903464265221124 0.03971395249136756
-0.26937835967554963 -0.042467638911769925
-0.23322054067169823 -0.10065190395772297
-0.17034522046091796 -0.25470661050827487
-0.11884934530173373 -0.4255469788695636
-0.14008283569317423 -0.47293992625619
-0.05325404545291394 -0.6130843131273184
-0.016343286147099307 -0.766376612370157
-0.05107910625623328 -0.6784633740037642
-0.08255285701066938 -0.4972682021152615
-0.155358724043545 -0.2808477996591935
-0.14687964115133736 -0.26130180743231174
-0.19694906235047963 0.0046536653855691
-0.2081366800859314 0.0389383403729373
-0.26057128946648594 0.19183826977865734
-0.27165977254277884 0.2580578905638107
-0.2632622780523633 0.20743461217048062
-0.21723515789109535 0.07820725225902696
-0.15977921479524385 -0.08644570735669492
-0.09468499081778156 -0.32037721088472293
-0.03615710096178879 -0.47556266679481685
0.030262011952899046 -0.6575083646607168
0.04385282651203566 -0.6793574669436127
0.03977486795767567 -0.7109272503414498
0.01583874259352033 -0.6382495996752819
-0.06841954471493322 -0.5066721471138609
-0.05257376995501577 -0.46737475038167076
-0.1822280064346495 -0.2633026539806905
-0.18343767582972323 -0.2566642250157553
-0.3457585610681871 0.04122896661917129
-0.43934091782135803 0.2188275573153393
-0.49303151510522736 0.32607949060449776
-0.3991427943851143 0.11742633660298611
-0.3704947701872289 0.09186238120583233
-0.3425767530896671 0.003890823639467377
-0.2394496181126523 -0.19370518101835
-0.21971298583769006 -0.211912683839042
-0.18178251235864773 -0.2623605597393115
-0.15487086728947183 -0.38314019069598954
0.04147813485062663 -0.7514148128352974
-0.14112054241478306 -0.40855168901876404
-0.17438976853306268 -0.38223808130109643
-0.3148123159958957 -0.09183513053910167
-0.3455914720987733 -0.03909950522646731
-0.40784062987246533 0.05910261840105809
-0.4147298898245827 0.05688460644907503
-0.5106900691149393 0.2481904096368122
-0.5322677865225054 0.30676832651686275
-0.5342700925676603 0.28507296807044424
-0.5152097297922085 0.23530013849046566
-0.49201339409886596 0.21864713059400762
-0.45241497239942724 0.16936180825558322
-0.30339652394538025 -0.12245060747068584
-0.2233522630418027 -0.2746929742044006
-0.0753542957181614 -0.5839476669794754
0.00961525729955946 -0.7417853629867148
-0.004557578788530419 -0.670117905960142
-0.04183412051598084 -0.5711123553716471
-0.07066938186975245 -0.47829232787764403
-0.09981491118519593 -0.3223377634733467
-0.13424182179446942 -0.15770731134961236
-0.17460329607339792 -0.06831761358432979
-0.22113421223638996 0.13522695191820663
-0.28338137272249153 0.35503808836127615
-0.2716935250340982 0.353463405526081
-0.27594624675109597 0.2572559169387275
-0.1936766646079269 0.012264268101817181
-0.12493107835540385 -0.25692433953138416
-0.05263887943573494 -0.4950221375487893
-0.010212462137425545 -0.7287729406035252
0.02128615929765369 -0.8151240839708994
0.035936890664507073 -0.8263611538688538
-0.09589856708136608 -0.47884463616111544
-0.12356645784174129 -0.4306212285978089
-0.15059335648374012 -0.3269974323271584
-0.2256378603754187 -0.18546268391064258
-0.2943952302355334 -0.03683239515511341
-0.33926255338366146 0.0878173313909283
-0.3504144039678692 0.11758217225412666
-0.4293095808221495 0.30525564363618596
-0.40467433201117514 0.24981246250100111
-0.1677683460378107 -0.32544372921341025
-0.13324812657098647 -0.3900637160265741
-0.12695235594426965 -0.4416408181007132
-0.04990758494254525 -0.5684645069144587
-0.047929033612170296 -0.6176329617509777
-0.02495650544719634 -0.6518885335686865
0.02199040377932086 -0.7660396974077668
-0.0676213968904369 -0.4677566839019016
-0.07547593481392756 -0.409911961818326
-0.09861373587669853 -0.33540225622326186
-0.18210122993339178 -0.0636675125966803
-0.2145796081932592 0.03688823972547633
-0.25621856172970864 0.2009874355851022
-0.28794878074222585 0.25101466636402814
-0.32085518544494046 0.3980548124558646
-0.25937873099663694 0.22812973677425044
-0.26137814621234945 0.20084260636403933
-0.25146939782916616 0.15463644298840587
-0.161374471794897 -0.16537132466030868
-0.1320656507828714 -0.16697209249924946
-0.029833289655567825 -0.5002117483019634
0.0017919984184952605 -0.5747689332437965
0.03538389650193173 -0.7177167028159432
-0.06001582404387701 -0.4846909346249141
-0.12071171910845649 -0.40172454714146494
-0.22460113646230323 -0.1406274419428202
-0.23637450117307307 -0.09906181212537607
-0.3948939603898264 0.2162409335803965
-0.41399893467318266 0.2832115404753263
-0.4584975526054385 0.301495451339124
-0.44232143423520426 0.3294016919728748
-0.34878638974459913 0.13646481333262872
-0.3106169282197482 0.06310502758323219
-0.21583548910205907 -0.19386941131713753
-0.20070538326202822 -0.20634404554717245
-0.19052555749119884 -0.25120708350897425
-0.11213712630919571 -0.40513118639729595
-0.09787140450327701 -0.4504562675683565
0.038523455639506245 -0.7604128354033246
0.018859167750513346 -0.7144913859463145
-0.0027921015506220496 -0.6035535289450537
-0.039240973583952336 -0.5336332415754963
-0.05542645955861511 -0.5100992102630779
-0.186735943277638 -0.11886416651074974
-0.19086085288939775 -0.052663019570806796
-0.31289898516115805 0.2086419831990184
-0.36345297968354917 0.4198849601584532
-0.3199192538782194 0.31043127017756506
-0.2990757693989297 0.30438602953637445
-0.2576515106352038 0.11183622386537845
-0.13935056153701078 -0.2768592280002668
-0.10297834324610547 -0.392074269230422
0.006876972521821437 -0.7167402799272398
0.009293330212941788 -0.7452799406921747
0.01278179915900632 -0.7570038533277847
0.08535399327234848 -0.5793843269948549
0.09421694267174223 -0.5424692190698465
0.16890172551104143 -0.35543123934933896
0.21189825825142403 -0.3147081897883197
0.26511971374826787 -0.19165006066143433
0.39857547499694473 0.1561356060329079
0.4292825404736259 0.23455383730539622
0.48427094974952 0.36397083079499154
0.47085465622872935 0.35449029294212453
0.43521214657889895 0.26977900410521793
0.42417824801813897 0.23329068105577408
0.42379212895722285 0.22266618470618832
0.29454524384201053 -0.13088252961492172
0.2739610203510159 -0.16857475387538665
0.1827803403265005 -0.36527433936082504
0.041813948503476306 -0.786584334613111
-0.017562658501669375 -0.6270216741846443
-0.026065013761623755 -0.5824128436672579
-0.057121302543397395 -0.46989968790872244
-0.10480483692530704 -0.3044527790323766
-0.11660948106760041 -0.25651602989495625
-0.15618409666428623 -0.12772026194528327
-0.19267697185409038 0.027257771783240688
-0.31379169465735424 0.4064783353030732
-0.30463986935945814 0.32693905253677574
-0.24830797382032732 0.18710487978195803
-0.2443815164088847 0.08556155914723464
-0.1947124638775621 -0.09832628226994784
-0.1271831252486735 -0.28983079437413234
-0.10416744149884685 -0.4488123897763908
-0.07718900890964492 -0.510388119965068
-0.03760380467955544 -0.7217296564614065
-0.04911912708763158 -0.6164209717760897
-0.1152214457945206 -0.4447435894156027
-0.12166271226890887 -0.38694170053609916
-0.14291904588752066 -0.3818867543965567
-0.24437686787206722 0.10169636365072955
-0.2766580753646428 0.1997944121496651
-0.2671691205799966 0.2052363076698079
-0.29966924485212165 0.31240542047077896
-0.16391247533101802 -0.09548128175969686
-0.15561346701427967 -0.14387758255149127
-0.10629122638378873 -0.20292903248805996
-0.12448396989888831 -0.2450799702429898
-0.08621668478390859 -0.3740588230244236
-0.07718990745407549 -0.42483776573658916
0.0015206055777545156 -0.6118090497626746
0.05454370278006179 -0.7276658237456284
0.05452948115006573 -0.7034336857434729
-0.004089166874760119 -0.5978548567504697
-0.05730908109072967 -0.5243532428901952
-0.2156553438886658 -0.1943469554421087
-0.24225552334948713 -0.18286263577514955
-0.3025609684020936 -0.04935352655550196
-0.36168365085614607 0.09540746377063865
-0.4101883842320697 0.17482266360629303
-0.3822254344102045 0.13643686925070186
-0.32013617837206443 -0.01909690462689278
-0.28765897176981986 -0.16036525141438304
-0.25586324070090843 -0.21975255269444438
-0.20583989088051613 -0.32842433051685593
-0.11318128160290095 -0.5582028220237834
-0.030976017604485408 -0.7357107757119927
-0.030124875179182664 -0.7445142598995997
-0.06686777339373193 -0.6456118967903308
-0.09966459758296267 -0.6354885498322487
-0.14104282777506028 -0.4681464415072487
-0.16470162370759947 -0.41415664064448243
-0.2946302005591012 -0.16073345001541633
-0.43540869766133805 0.2379153380430797
-0.4517199996904463 0.3259931388868588
-0.47926499269456724 0.35558187908416383
-0.2329282458287467 -0.2615929571225506
-0.21389966082047723 -0.2852895255994275
-0.15664081171008623 -0.3817400916303723
-0.17329436589501848 -0.40591273312112724
-0.0917253916649584 -0.5722643074697115
-0.03471176376701446 -0.6834209778399282
-0.030416607147282577 -0.7528145830470117
-0.0010882233292992714 -0.7831719580223407
-0.1592986213210774 -0.3069818694098243
-0.14423882694364162 -0.2729891650383722
-0.24979303871491693 0.0030135882043318533
-0.29317366924581334 0.1490670556113894
-0.2822198177119406 0.19056743703253456
-0.3318089900793203 0.24122952863347516
-0.325594513968039 0.24564873554968958
-0.3521468167919529 0.339713795911733
-0.33818202402086744 0.24798812720071742
-0.2944372009916716 0.15656664618492763
-0.28432530623128854 0.11447649231230207
-0.1813086625652825 -0.25259342701168136
-0.14728153564606086 -0.3053495210182984
-0.044350789436404185 -0.6448995851480513
-0.03704457572900279 -0.6714115543333461
-0.031170318785962825 -0.7129018045762943
-0.05772093866165124 -0.6168020107831416
-0.09575351632556077 -0.5358422176731202
-0.15224176507061885 -0.2368889473746598
-0.21151396963828703 -0.10046538780263717
-0.25179761390715516 -0.051815630044176525
-0.27994571102481547 0.09560816346541172
-0.35494390705543516 0.295835341150478
-0.3460093199441493 0.3240939945599868
-0.3304272908002195 0.24963416476990422
-0.2577421978093496 0.10295092884841656
-0.24835424480419263 0.02023787564201195
-0.22157773796350053 -0.022513966127704742
-0.21531122188497276 -0.0742346505426523
-0.11124763117894904 -0.3799833605667039
-0.09265184329230042 -0.42711924335853274
0.004107489202630751 -0.7340439783784406
-0.014249623566233598 -0.704099915387412
0.004014905994931754 -0.6807235701208473
-0.020061993945028247 -0.6301282952353393
-0.19919397840620578 -0.08636841418337013
-0.21159764854482233 -0.038047815565460164
-0.28490814853323376 0.19456657254484233
-0.2978294537721717 0.2630356080104396
-0.30798566241951836 0.3105790633717103
-0.28463187578936 0.22353153465156494
-0.2270805104947964 0.03033278908902606
-0.12918125529652918 -0.30508505008341463
-0.09373392522748565 -0.41449945806992505
-0.06383379629896398 -0.5166414961968179
-0.05625155122983165 -0.5605618106561345
-0.03972588955344429 -0.6826439253368779
0.013571964264723345 -0.7934441472519715
-0.03877224602458493 -0.6835825072791378
-0.029340295476772252 -0.6688273974462962
-0.08822778770103838 -0.5632051871011093
-0.11452746729235333 -0.5163204802012603
-0.19550272785891695 -0.3227671537498484
-0.26709329194804565 -0.19910494582779215
-0.433473622570519 0.22784512868473047
-0.49116127136572607 0.3603249167152638
-0.4852300945687063 0.3314183365276133
-0.26430616547276364 -0.12214502442919352
-0.26888068803973575 -0.17820250117824868
-0.18853440442433433 -0.3985031182365688
-0.13048925826340502 -0.46552826996227414
-0.09183526341014057 -0.5674890278083154
-0.05456983416655203 -0.6903754129613262
-0.005066678585439872 -0.7717558956983788
-0.07410560691546413 -0.5255833405038959
-0.09530486150962154 -0.4367225390343572
-0.14547600387462023 -0.21349394895374557
-0.2379091479157397 0.0384656501449464
-0.2836479461168045 0.12281216855482405
-0.32536355016265794 0.27572060243514485
-0.32212343049953945 0.28010593767520686
-0.3272812331158713 0.2976484886075041
-0.30100349141081634 0.23544409957013
-0.25994498706503827 0.09293539989950618
-0.2126215912063857 0.031166673851395866
-0.19497850712905407 -0.06956892586316721
-0.06757891928278267 -0.4433446537826331
-0.048959248831768554 -0.5092711173238373
-0.017603762938197872 -0.5943267164374413
0.039800244802688615 -0.7539463715977561
0.024226823152442484 -0.7328005110603606
0.021232048103225154 -0.6956905523616188
0.0187847695824414 -0.6849135104146201
0.019538317708954242 -0.6704950323360267
-0.19517667900006222 -0.12004324792316964
-0.2651663440957699 0.08068246637873178
-0.34713536292143177 0.30370743859494626
-0.38294413721580045 0.4084746292075442
-0.38374549210139025 0.3883591384716528
-0.342849038027039 0.25394312830176297
-0.27712498396768165 0.0774098806973764
-0.21808731475605506 -0.09859426012776094
-0.19389505585803307 -0.2519368978745804
-0.1537693787733337 -0.3412664761958964
-0.08356523966177208 -0.5442041195085529
-0.011336592316877796 -0.7603556522247785
-0.034262208633285954 -0.7241419622900789
-0.02319867566343509 -0.7152866459255964
-0.03797637007803153 -0.6956239732316956
-0.07832267488173522 -0.5955809257772436
-0.18444466846975932 -0.23477760211518783
-0.21662351073978756 -0.13080333419157905
-0.2779869705436171 -0.004647455382806967
-0.3512279735096708 0.3340987028869445
-0.32126876111918945 0.2578128835799763
-0.2599226497464977 0.11686917993422848
-0.20820585609469458 -0.05856862590588431
-0.13959306658264442 -0.2979508483167686
-0.058983359309849485 -0.5068820137189771
0.009389949943315089 -0.7319148142723827
0.018018482635393424 -0.7388170992897204
0.036760491369140655 -0.7768566894547656
-0.008748163655051246 -0.7219430781312629
-0.07854129750804704 -0.40882062782436074
-0.08420086610825549 -0.40905524842681895
-0.12439288474626274 -0.3080972495984687
-0.16065333335866222 -0.2811686451034308
-0.14449708417418228 -0.24066077426398785
-0.253672207629032 -0.00560387935635297
-0.3524036501147218 0.2521020504221686
-0.30091204197993776 0.11700322730992306
-0.30236017879632626 0.08065558241889535
-0.27743711321522946 0.03714067400664765
-0.20299168455965858 -0.14462025066039644
-0.1626102046750473 -0.25877122523990553
-0.02336738722730771 -0.5705435482038456
-0.009896722089303745 -0.6191370231948816
0.03861537920759025 -0.7590913046115874
-0.1323420603727679 -0.2367959569396853
-0.16443473662139182 -0.09200485505691625
-0.18719683613548724 -0.09883364968714713
-0.20444765374793855 0.008379589508646377
-0.26546574944947515 0.22899784062132175
-0.3070508230186259 0.38450391700724007
-0.3200333911236023 0.3838370047085315
-0.3191664635320939 0.4096990537554199
-0.29929988918589234 0.3826437224348697
-0.27541828744256347 0.23256798824537084
-0.24036673354334365 0.17874991077720262
-0.2035211427280885 -0.008640043932014152
-0.010494966782738166 -0.5775857569054065
-0.00845619591945004 -0.5966745384566917
0.00729736686925277 -0.6387263189746727
0.041599448271212036 -0.7903397830465686
0.14500660951971345 -0.5588458648330259
0.1514134272927789 -0.5049606081393062
0.1902864956113831 -0.4448535898558068
0.22882728967002705 -0.26704743320308266
0.24710888893871066 -0.24763613738259319
0.2919850822697626 -0.16525355275929376
0.3385241944389214 -0.11337204387814936
0.48995287051094794 0.3284357327538142
0.41675875644401655 0.20453881613831545
0.33258337259748927 -0.009954146583230652
0.34091503581560406 -0.037341027267891756
0.09503020594512737 -0.5220388309864129
0.08437463322268596 -0.5328013783768805
0.06028059526763155 -0.5505963632300945
0.04209025316739503 -0.6165687613673697
0.005707878799397333 -0.7299056603587335
-0.05585575862279772 -0.5910482718127079
-0.10466620945035583 -0.3736927724152831
-0.1036915713304179 -0.3449892018530138
-0.16088131753154686 -0.1970812009858556
-0.20639292623433275 -0.0756766305243545
-0.24356345345244848 0.01018752171248237
-0.26567357430983685 0.14312352232421496
-0.34532077369881164 0.4182755178661972
-0.33571745324141006 0.3274932571326681
-0.2886490755536244 0.24241686563693057
-0.29200199489323875 0.17073575053734136
-0.06691343770124228 -0.5313523354916729
-0.06139042656868711 -0.5543416921889711
-0.0530072327355947 -0.5628704004595723
-0.03156449687530338 -0.7150874199934555
-0.002398684494414566 -0.7685902331905954
-0.07527868574419318 -0.5528849343980358
-0.17628768330533368 -0.35315313260736547
-0.18501788351608353 -0.29380935217558457
-0.22972948887022016 -0.09469630778952877
-0.2647936666675374 -0.06886941555652358
-0.3886277547927272 0.2532902106618891
-0.40908943789174784 0.27067346191888986
-0.40427510075141465 0.2856050606506139
-0.33110091301343425 0.09599860825226665
-0.3207654425551832 0.017513596751989498
-0.31385898867953377 -0.012585869271378497
-0.28224079879198116 -0.0975302117492797
-0.2559541862284173 -0.10603871681502657
-0.22676469070982525 -0.21680343861472148
-0.13205024870912452 -0.48552405755961353
-0.025723902295668517 -0.8192701169179124
-0.0749305986445845 -0.7102441402107055
-0.12636830397633267 -0.6015730693558637
-0.16242292307883519 -0.4647406936067294
-0.18729260053039246 -0.41005213813297703
-0.36934306698856206 0.023621594747645788
-0.3973925712301857 0.11264810265535576
-0.39535817052879135 0.12371568232123274
-0.4895025960754332 0.3426058161803709
-0.3372703227457442 -0.014846954177627146
-0.3339462138971609 -0.01714152781884943
-0.11824527949516012 -0.5553881340350614
-0.08508063336214822 -0.6174879016171139
-0.06307039551198351 -0.6148528202762622
-0.06049317289166171 -0.6601747778745587
-0.04499841943297408 -0.7554768330569211
-0.027489059917663247 -0.7598445616728159
-0.2881905225069794 -0.19382460528424
-0.2781408648852809 -0.1422130135169989
-0.37546238376600444 0.06107009332395438
-0.4704378975052369 0.2647837978341595
-0.472890671494798 0.31930579260150177
-0.4940664129572257 0.36470959033622424
-0.5074070825234649 0.41266231900658334
-0.5184558050491229 0.4234033849306758
-0.4755196467532081 0.33112845764772897
-0.4751386294782743 0.30662391855185117
-0.4568233562895044 0.314836020652245
-0.4427411893777332 0.29240915797032524
-0.27380439476821505 -0.11365695714618361
-0.018031138851343734 -0.6502906988147837
-0.01074982984532967 -0.6695514692561662
0.030409135455886072 -0.7437258862859764
