0.005936380915142017 -0.727461310887132
-0.0695230397551299 -0.5866053378269257
-0.06567426458006546 -0.5814701507142339
-0.16311159440328687 -0.3286542588179642
-0.23490372341928653 -0.17409804060741896
-0.37429939767716686 0.19596345867049672
-0.4018716341484357 0.23183843352204278
-0.40521702452514663 0.28346789626183055
-0.378149247607305 0.23360793982952274
-0.38109922271306534 0.16187728749703356
-0.3260992757109442 0.08046641887725324
-0.22852533738689348 -0.17396639266887864
-0.2118055483577137 -0.20541873228922633
-0.03754190917277191 -0.6555871096245347
-0.028597634545352447 -0.6644321031363648
-0.0168250630118686 -0.708546650124023
-0.04915489638161634 -0.6152152412355374
-0.07765404575337186 -0.5103437621396079
-0.13962399181344823 -0.30539661596617546
-0.1715445532646906 -0.18736342078465193
-0.20949613254794716 -0.12918456544543247
-0.24855119690558977 -0.002953652373310419
-0.2897897442963909 0.08967098923528372
-0.36444802592698106 0.3553227422397661
-0.27016935347461574 0.12288021083196402
-0.1427907268954576 -0.2464401942762781
-0.10949171848987732 -0.34221249096000184
-0.10527825421516972 -0.3539546800663613
-0.09272827218439868 -0.41402087248607095
-0.08700809327584576 -0.44242822997618336
-0.034325358222041503 -0.5626226409955449
0.02612750863612042 -0.7463374811206316
-0.03366546853711563 -0.5698591984435682
-0.06361380838727103 -0.5013678935923714
-0.14030049970204533 -0.20316858681153904
-0.1538122050456621 -0.1192240820592967
-0.18949621128202254 -0.1157732700223365
-0.2475289734146116 0.11874202141985753
-0.2663267742392958 0.18855685047152998
-0.33359572669373305 0.41448091583219904
-0.32462174406299704 0.4001536345543664
-0.26272314640178324 0.16105464822643134
-0.2253003125620114 0.04319399299009584
-0.1912738530576316 -0.06648782667960712
-0.16778912789075398 -0.13192079065279735
-0.14403681750629627 -0.2514413032989417
-0.10821574674122533 -0.2599659107666954
0.022178382626888576 -0.7164014007637998
-0.021197896932757164 -0.6604510411167543
-0.11380861499272535 -0.4535915829869804
-0.12042665662033393 -0.41476661837570533
-0.12947381864933522 -0.3701171344132659
-0.17205350536038894 -0.3185651705437522
-0.3472748481917514 0.025342399639862796
-0.4372453982127214 0.2515048378481067
-0.45219327229125666 0.26073945745406873
-0.40574297203310056 0.155762585694501
-0.32413494121439285 -0.05821217661215346
-0.25096045024646957 -0.19694323058037283
-0.23817397986524233 -0.2799301725201336
-0.1583136630666609 -0.3996357423226636
-0.15229026870306872 -0.4516342119438831
-0.06851917949238683 -0.6181400218271312
-0.005255433369157049 -0.789264226859981
-0.04180885202126697 -0.6323262365043658
-0.027070633089579375 -0.6221544273002144
-0.13948654980136804 -0.1688959732621523
-0.1464098894005739 -0.11394579629877792
-0.20702993927141733 0.1202277896807635
-0.21456373772198123 0.1440132588987261
-0.23278471777880227 0.25802818120731996
-0.2793135023366438 0.41798661792587954
-0.10940390513047508 -0.28167324878301864
-0.05968547323441167 -0.3641132838259219
-0.06565724677588251 -0.3878907938481694
-0.05364517413989084 -0.40166786798076376
-0.05535461454688381 -0.45734764333027006
-0.039232605352344484 -0.4597231009618551
0.014762928014869527 -0.6173887749171412
0.02647799223599216 -0.7183191702521969
0.009321414210639303 -0.6735972616910935
-0.03608825063934655 -0.5488724680719482
-0.023548124115073538 -0.5126993676794624
-0.05487887875246562 -0.4920382708472025
-0.09019367258589536 -0.33593760856067373
-0.1371347320595654 -0.26316408627548193
-0.1603217046181928 -0.11982480860838589
-0.32851771439007416 0.4167074847107544
-0.2629527748922105 0.25340257212850015
-0.23105468995741058 0.12975367555196415
-0.1552807673782904 -0.1415916894065551
-0.16838315336494322 -0.14581658282942028
-0.1180174621216536 -0.32166039652932704
-0.10196555398208032 -0.3363160364359148
-0.04175676018343075 -0.5644107191841125
0.013360112014295844 -0.7408637585554352
0.08653243492174889 -0.5296362826673281
0.10532709826913904 -0.48842230719239516
0.10271505254892921 -0.48037381694076764
0.11298934762586543 -0.46848785703810175
0.2984325967059945 0.11933735564525245
0.33824898796169556 0.24209530011003777
0.39682960044262305 0.3861265845102023
0.40341959416895273 0.3947867009236691
0.3522533208822556 0.2565443269324311
0.30495102071481 0.06888252289969851
0.2200284016123567 -0.1645816083990612
0.13033871555960255 -0.3863042884579688
0.12400952706665966 -0.423786812173883
0.1287150286203095 -0.45234465424535325
0.0694073029544564 -0.6108136650350775
0.01006701794318308 -0.7786593550202449
0.040965114263352406 -0.6944679640267137
0.22677188837133316 -0.13640776078553898
0.26389379408431063 -0.06357817110347506
0.3083923150580807 0.08018518751108575
0.3414120741337051 0.19444753719729457
0.3365433465378442 0.21095869392849378
0.3999979356196687 0.3304519526219933
0.4111558183209119 0.37185189847610733
0.22149580750664014 -0.17066492915975973
0.17912364599244707 -0.2817765596868337
0.15773173949075933 -0.3549541226601867
0.14842190292838037 -0.3937055715350226
0.1308887085362113 -0.4279598893874408
0.12658760800965665 -0.4481500005796378
0.12508201158746393 -0.5040515172537123
0.016286690630776167 -0.7726586610393071
-0.011161699841265603 -0.7611184099598679
-0.020373871223651027 -0.6624565112881071
-0.01009276220173469 -0.6443750761189277
-0.22592243119114316 -0.2100893134187142
-0.30508849842300956 0.03519764583778956
-0.4348921331314389 0.27709685506350074
-0.42230881696875827 0.2911892074034518
-0.453122151864925 0.34365121748616956
-0.40305469698103885 0.203900624197879
-0.3308248334077658 0.024619553095271897
-0.3092507567302137 -0.021930451900844212
-0.1596795478691666 -0.4151989781001721
-0.12260417414738603 -0.508575634797377
-0.11835045021232059 -0.5215594169973415
-0.041582976750060244 -0.6810864902357555
-0.017269134503838886 -0.7649115151467544
0.07421772721523738 -0.5550244751778732
0.14701692013267886 -0.401520920126684
0.1743351219384967 -0.3211923584112026
0.23301079889236295 -0.2227896509432248
0.23744049290747715 -0.19017313295974803
0.27612616629775566 -0.07673773772538076
0.3701092015240875 0.15980543650749066
0.4668826281290987 0.35920322786697
0.3921436119098627 0.1652255266526103
0.39179645771192645 0.15602013249194732
0.22728316290654807 -0.23120403044917764
0.14885768238283914 -0.4218670958436224
0.0965144252726641 -0.5336549738871403
0.08406002113507763 -0.5889307544337307
0.0670261435872991 -0.6334767934047616
0.010620949538837592 -0.7788350129149804
-0.02805030863206613 -0.6795376648758866
-0.10069860503853877 -0.46535536072793326
-0.11028938037810364 -0.4589998645403838
-0.20002067957339406 -0.21136070337975613
-0.22618605811197126 -0.11808742205219007
-0.23568500506508033 -0.11595612567066636
-0.2743338766640121 -0.02473247073802272
-0.41207427411835335 0.36769650487566213
-0.4107742917800835 0.33231609259396144
-0.38495395888894884 0.271045266063806
-0.27720882443423356 0.008331161576746172
-0.19213914450514452 -0.2549185337191495
-0.1443657555419879 -0.3732912627456745
-0.11416076874951277 -0.47057283709791137
-0.0435647096616947 -0.642401896001013
-0.011237822847420875 -0.7372835551303727
-0.0719903565593388 -0.5116251554682884
-0.09462533095159464 -0.3810629146274685
-0.1670841339209081 -0.20467223658097072
-0.18088954381880681 -0.03854833079573494
-0.2421302952247833 0.08796520747572031
-0.2587604718084394 0.13101588198615002
-0.2744560728466377 0.24507978314236367
-0.29610388883237687 0.35121261245542235
-0.30592502275405864 0.3445327889057343
-0.1995444359132251 -0.0259221757239117
-0.18956676230378994 -0.07949317779205489
-0.16437551988810836 -0.12978736515269118
-0.13051912016475292 -0.3864381430534872
-0.0727582472582004 -0.5566966083557815
-0.04355495849673908 -0.634706836637952
-0.00202009610749357 -0.7832174669850474
-0.06208821856749383 -0.6834574676242346
-0.14258279875189905 -0.44631906519159514
-0.2393557643764966 -0.23953670007259414
-0.27936524390789713 -0.14042681723559972
-0.3600976674679483 0.062417627503139186
-0.40975684433111054 0.17402640696691182
-0.46954329649088783 0.3126166625436892
-0.48301319460317294 0.3513681064427394
-0.4438173068505518 0.27583861751968997
-0.4374473522663665 0.2316316748980772
-0.4185550392804897 0.2012391898795249
-0.4130709619474756 0.17089200270297242
-0.3080981053522547 -0.018747474293110633
-0.1748425436214965 -0.313772320831693
-0.08674037487486898 -0.5061042034562134
0.04533227132912578 -0.775490940638835
-0.08285664963415519 -0.4263455812703674
-0.11082403935836069 -0.3039025211712284
-0.11623328549095881 -0.26725315097183183
-0.16865740204832333 -0.05298459631883203
-0.2007113033968545 0.001119845286851057
-0.22178523776491038 0.06411345841534372
-0.2556603020579889 0.16258041301950696
-0.2802329047500881 0.2544020833863103
-0.25819115863084247 0.18503806930489472
-0.13558261391563328 -0.12563851562156994
-0.03562821419080199 -0.39292806302645883
-0.032079680549170826 -0.4048953083596371
-0.022066077778868685 -0.5107867952810154
-0.0017298717927673925 -0.5529508517576288
0.028520446088455727 -0.5915005451146551
0.05690733280224243 -0.700898317104631
0.011113474018988222 -0.6132644892320676
-0.020444983362556055 -0.529929395279194
-0.05666624345416835 -0.4272806332692292
-0.24380814082225996 0.035869421377050924
-0.2457159841434508 0.03929133244897592
-0.30087569087613353 0.18810487503761925
-0.33986569022982954 0.2587745216056878
-0.3550940978620525 0.30499629632301656
-0.35087081879141613 0.28371512380549463
-0.3405172816431919 0.2780940613373046
-0.29714372140755185 0.14353158896222523
-0.25235474909566746 -0.014402718901574497
-0.1880727793948217 -0.2043284017149347
-0.1750301707278547 -0.23946829453577623
-0.07914634828422101 -0.4602110697899679
-0.0014280925760623254 -0.7118763412099874
-0.018100525528180002 -0.6577980844684079
-0.04385296000251179 -0.5517498712372383
-0.07609516408636258 -0.503775681893769
-0.1688679027722324 -0.2796605759808193
-0.22980842096776502 -0.11421872852885097
-0.35346232553882784 0.20048512441282276
-0.4269113707281523 0.398125236524183
-0.4362602110582613 0.4260681574369433
-0.4160691130880184 0.3961733045056114
-0.38798881387208084 0.2866874717310212
-0.35078776394189876 0.20069049264496672
-0.3060664282802669 0.040561909916449826
-0.1837080549529001 -0.2898908839221485
-0.10066620109546089 -0.431170061745686
-0.10909028059802367 -0.4577815535867022
0.014434981971909984 -0.7472610096910408
-0.0014502621761803714 -0.7493272125586112
-0.05128850074005374 -0.6285461785122195
-0.08135308414377042 -0.5202440825268388
-0.09587745452639267 -0.4766584092224819
-0.1873209145786409 -0.2861732480883719
-0.2407394698650899 -0.16917997124911843
-0.3485173829192173 0.1084493066361686
-0.38059798910779713 0.1808235861880696
-0.3123449615527491 0.015272551001245284
-0.31476006321337874 0.007767091785429688
-0.28627882082498635 -0.08399456674703978
-0.2235217711332428 -0.18204244288701618
-0.16764183332531118 -0.30555048179400107
-0.11357679677451736 -0.4678673993182421
-0.06048628015281382 -0.5849959520564695
-0.0002073896117242254 -0.7395190591407447
-0.03452624014569877 -0.6264631466151698
-0.10215646409952703 -0.33728739269642244
-0.13660904108458774 -0.25947626518739025
-0.15511268146345986 -0.2111264515553454
-0.20552897543873108 0.031796205963177414
-0.24560143043750338 0.139384944991048
-0.24193376864474195 0.20252434878003903
-0.284158200960513 0.3118887757963892
-0.2687239076033445 0.2506617804368063
-0.26155740410586276 0.23344241869615412
-0.05264061972415872 -0.599567347950419
-0.05336099967946421 -0.624200591675296
-0.03761362659065927 -0.6423611188608617
-0.015040435763261407 -0.6910053980059888
-0.025570719166524095 -0.7342718758497448
-0.021576519904087113 -0.7554278802565693
0.06520590616503161 -0.4987787838606106
0.07540660907716809 -0.4619761576643304
0.15355394070413683 -0.1369688958818186
0.25100220902017756 0.26702683017589735
0.28632582871334294 0.3053202974080472
0.2897599163813897 0.3401256361562089
0.3056996121641912 0.37636967670916344
0.33309471114894423 0.46895375247038007
0.2562451982274974 0.24003561401890045
0.25843433884236466 0.17131793158042746
0.20435133301142333 0.07792272371706913
0.15793851993831287 -0.13355673602429835
0.10125646647722121 -0.377807128291419
0.05113039502511009 -0.510942048011275
-0.012979718651010053 -0.6915377961247543
-0.02584733007260897 -0.767035622675877
-0.074569910721706 -0.690502917367554
-0.11893277385575474 -0.5566626291756293
-0.1353060546471745 -0.44201313990600827
-0.21039801068751443 -0.24302001229961528
-0.2808503772980731 -0.09642195936227166
-0.2901386671505142 -0.079570053501174
-0.3611377676126822 0.12480091122947597
-0.45338716725714556 0.35339490282448643
-0.41381160978561493 0.28798453975769134
-0.3903889360614825 0.26736010716303577
-0.2809708634019031 -0.05128530943076906
-0.10564020524288258 -0.426827532174377
-0.04709623419611238 -0.5688886875324708
-0.020768007107964587 -0.5767316588821527
-0.007440396296230034 -0.6388924066993432
0.024063255022311443 -0.7027717678977841
-0.010203184504760593 -0.6054714231438518
-0.06716325406180287 -0.45778259050247067
-0.06958002735159488 -0.4570968746504684
-0.144628573119184 -0.28313310771876066
-0.24184401470584144 -0.055662234947457964
-0.3486257896799358 0.22494702210612888
-0.38806810695667093 0.24957986493593262
-0.42161215793638723 0.3826173300265604
-0.30582610938902943 0.055946637467422136
-0.24073686432173486 -0.14560236570098492
-0.15452278054030993 -0.3881203500682519
-0.143707273597502 -0.3938628897665924
-0.10386801407737792 -0.5194488996154896
-0.09364140028210052 -0.5199435290619356
-0.06994343305162228 -0.6024623659698564
-0.0007355062725578449 -0.8005855525153555
-0.002883345475358269 -0.7983079288716131
-0.13505577536692673 -0.36947192798360246
-0.145840886164065 -0.3019832980215195
-0.19042117485584042 -0.20334339521617864
-0.3314191616414203 0.2526279689440551
-0.3312170208261823 0.304898904481813
-0.3628605609712013 0.31503940103466505
-0.36042015836733976 0.3400426219429358
-0.23105197139396597 -0.02210418607874595
-0.18461944809345804 -0.20811045968215588
-0.10769171431445912 -0.44968560832890636
-0.09664695234795924 -0.46049045783708453
-0.01794138284070837 -0.735551682621846
-0.025499568704704222 -0.7450616327378533
0.016922276871020388 -0.755464533189196
0.006209941747788026 -0.7606469324652565
-0.06671936331534917 -0.5878936018433017
-0.0675717437521883 -0.5721059333731009
-0.0993788538692046 -0.5715003975952063
-0.18441294796562904 -0.32325001939645626
-0.21141243820536565 -0.2968623029314395
-0.35156348773033896 0.05582328888821811
-0.47296116552297096 0.28493092835405387
-0.5145479283927125 0.407911612580457
-0.4506447924161154 0.27079428509375764
-0.4149084022950158 0.19754712001337513
-0.3754725465109116 0.09406555061048472
-0.33062695182542406 -0.04256702982873941
-0.256483489166089 -0.22407156788534038
-0.08508041207569904 -0.624036586999747
-0.07059532449591116 -0.6699949967606197
-0.04343373726650903 -0.7426121072435623
-0.0721062990935514 -0.6620185976496067
-0.27683903732969345 -0.041046300729982166
-0.3300702195307387 0.11061791113831877
-0.2994005587951457 0.12566426753281434
-0.3288203888062581 0.14333143604482593
-0.39413669832206844 0.2845715323716706
-0.40560061815859616 0.3366779642560995
-0.40875501760611593 0.36976418584663623
-0.3487158259846712 0.19937113731712458
-0.31912736288566423 0.17138977783148618
-0.26414132398347323 0.03745179494132077
-0.15233244740735194 -0.2674752662854631
-0.15788750723672954 -0.29844700540937047
-0.09360186626607389 -0.42097604845300185
0.0041438437299864996 -0.7051777201900502
0.027128401571708448 -0.7374864693635387
-0.046004330876486234 -0.5310266800878184
-0.07678808685542601 -0.39883595236862956
-0.14915240180883688 -0.2589732046398952
-0.2250817097836748 -0.058020582725002295
-0.2224160612115402 -0.021831799459686673
-0.3039726758849534 0.22777812142683757
-0.35506301508750426 0.3633955441876988
-0.36368269903029177 0.3730530947930342
-0.31598154311947524 0.23716430422616386
-0.30344542346105896 0.15933704267327564
-0.3097031394269422 0.1348855141403927
-0.22750038653517035 -0.14805629776590393
-0.19407294730689054 -0.216617914460983
-0.1434695119751368 -0.3875927320400996
-0.05025997978354689 -0.7045625719808645
-0.04826051786794349 -0.7693167999492095
-0.06970502177988153 -0.7649432725992877
-0.09499511628507804 -0.6806110118685958
-0.08078487430892564 -0.6599850012497015
-0.11947865941213606 -0.516167824161023
-0.3107545747369511 0.07330695682266294
-0.3190656302794439 0.08254582253173236
-0.35411352985248956 0.12157647320504879
-0.4089269076323799 0.3250547788653497
-0.395131261679742 0.3011051701495138
-0.3389935412964956 0.18748041573404364
-0.3427458892954735 0.17948615872975102
-0.34107416372787097 0.17636518226671702
-0.19710412176381026 -0.18076352567748613
-0.11705645607362336 -0.3794496641659605
-0.010783019387459219 -0.736317418541904
0.017577781351701946 -0.7589167031023096
-0.10262063754792386 -0.4766410289666329
-0.1425356154054367 -0.3660044025412449
-0.1886661538985843 -0.22989118071375467
-0.2656183681401571 -0.024010843697413176
-0.3340757564995896 0.15140117644623183
-0.3549756804253606 0.17369795296153423
-0.3732381510006534 0.17829406211959323
-0.4101522010570612 0.31421779986423304
-0.3878986332065772 0.28421143761205203
-0.3169949594847073 0.07728300234699384
-0.2704459918272411 -0.064530621769732
-0.16709482458518451 -0.2962147487379762
-0.15135996675793217 -0.4162269253176825
-0.06441256537995356 -0.5268340656277372
-0.06460010367527379 -0.5714946580769278
-0.005732424468543659 -0.7181775283503602
0.00914587962437521 -0.6494327746522663
0.1533877456908713 -0.15526154526052774
0.1862505535491021 -0.06655635970914804
0.19336879032648946 -0.01894442480948393
0.20924769530905066 0.09387749891783506
0.26358780216729444 0.20360190417959692
0.3041018389516793 0.3005831603246972
0.3029753378860407 0.3090465951176109
0.2813912525615824 0.24803017223142104
0.19758185114982066 -0.055150792559384064
0.10178845396226997 -0.2828522800328678
0.0988177564906869 -0.3435984253332352
0.10414949482661079 -0.37422636398565023
0.07276097876280264 -0.45090981731002466
0.05847271500926531 -0.5289348358437794
-0.007452328304649668 -0.7378862537199318
-0.05158382519848568 -0.6082005427936914
-0.11972969053816165 -0.47846972847538843
-0.23592608920755742 -0.16545735434655245
-0.2693518490572893 -0.09464940137949959
-0.2926233034707619 -0.0022525487683056865
-0.335988424102234 0.09530247225399192
-0.35915045451873207 0.13170903126478012
-0.4404609086494924 0.34963649333249397
-0.3877219479933552 0.1987131702809977
-0.3222542794424015 0.06620023773765675
-0.3126786894243037 0.011239420762589332
-0.2874673781408616 -0.06079602180849533
-0.24281545597510015 -0.1335342376066103
-0.21023606362924982 -0.25943638733890784
-0.028655403985167593 -0.7340302147584549
-0.015613986590629958 -0.7649090821582907
-0.12174217127497362 -0.43951384489157186
-0.18285162705203192 -0.259853958213327
-0.19450462963999643 -0.23421700187415184
-0.21920226872110726 -0.2065429607250912
-0.28666435662287515 -0.01161700331231055
-0.29116657133548635 0.001367221921942188
-0.28748732964036466 0.10480728386579723
-0.4031125231510716 0.3520473955730505
-0.28478349062696945 0.05070217752735552
-0.26497372294883426 0.02998734946115269
-0.1883477505965099 -0.17251722779601147
-0.11923132840694868 -0.34679247050872464
-0.09145552983024487 -0.42458200815415337
-0.0839966737533732 -0.4476211481866845
-0.03327809429794229 -0.5588283094538349
0.061739994773831824 -0.7822606986521596
0.03259283474041615 -0.7018086222981753
-0.01623053650244791 -0.5610522131917266
-0.09181370703614387 -0.3012329322857607
-0.21439610928614883 -8.101252007958354e-05
-0.2619593733151232 0.08264494784740813
-0.2451532154895067 0.0987171119882014
-0.33207465002693054 0.27070697332485355
-0.3428637959237404 0.36487096098389515
-0.3194190159107533 0.306001152179949
-0.24584265927552928 0.033890141503609944
-0.15480255751604785 -0.2770635190795932
-0.09302330695614579 -0.48861899004205783
-0.030221968515264937 -0.6878176515579152
-0.03921704266022169 -0.7117252659670453
-0.043636624773988546 -0.717722558986446
-0.022339928423392406 -0.7666321909652368
-0.15071522358484835 -0.5395782448372113
-0.23396143884726225 -0.34873503107264847
-0.23967413334554444 -0.3313583853295691
-0.2582742100254469 -0.30082922110882343
-0.44137066199226876 0.04614091822456229
-0.45752316619732664 0.09640129775498259
-0.5051633949527089 0.18472218542862012
-0.5445863152850046 0.2693912239075316
-0.5186679507298014 0.26100669794264925
-0.32934857484000724 -0.1597338283454542
-0.30698384876978885 -0.20618099090673322
-0.2809199421946908 -0.21598457326878792
-0.20604126963635147 -0.3654084537458749
-0.19835301206170883 -0.38666205929447717
-0.009409577596777848 -0.7284760111597423
0.004387620013898148 -0.7692196774928021
