0.029091422978509644 -0.732161731688489
0.1326415576091126 -0.4336474352014933
0.1905618147469017 -0.32566738191336436
0.2726024338951715 -0.1334432644524375
0.3119958027073828 -0.07566630219981328
0.38660519719638203 0.10612569235415606
0.4127937130123331 0.19337510207594097
0.46503330485120814 0.2860075140419837
0.4585077486464789 0.2870192217474296
0.40560890173637765 0.16352018092120935
0.4095633005488556 0.14346307721052215
0.39063964991649824 0.12411451791069254
0.327363632534755 -0.08793848013563031
0.31814298149895526 -0.11781036766003136
0.17690226694716837 -0.3973232695805257
0.03207873576449952 -0.7447400268977187
0.16965821546922052 -0.35482052947539705
0.2166516297635945 -0.2318384645260527
0.24614533026504665 -0.1407054889926811
0.25355520565032136 -0.12856512212573054
0.2979615896600956 -0.051317204521225505
0.3129806769690642 0.07506574489724585
0.3791652787769475 0.19520044198575576
0.3872605694838511 0.25240970516159117
0.3407434395937651 0.11352767555174176
0.2582574175351094 -0.05877047069750842
0.22297997659000462 -0.1585864852312325
0.2022610174016776 -0.19192517002758794
0.1699413818128808 -0.2641533185464328
0.11099281622800175 -0.4834281764501836
0.0956913765554905 -0.5058566289604127
0.007155696520958855 -0.7247243957463587
0.09602988542810756 -0.4441095321051157
0.10229065978995788 -0.3749366072495631
0.14658289673294092 -0.25469648165682046
0.2297757680199222 0.06177906043092964
0.2464248900082712 0.1022060062554267
0.2957191794663086 0.22590232044193442
0.3195225621317148 0.283008094114098
0.3250948108158354 0.34606720068051944
0.290374123568297 0.2996339403386487
0.2496957079729383 0.12367405016524344
0.24078776233884647 0.0038285557999585057
0.11104238961121991 -0.3493679989614831
0.06204698586968997 -0.5317913323324974
0.003297447509499519 -0.7584974978953686
-0.0037872894162408704 -0.7703755777429225
-0.012904340577262283 -0.8096665302493921
0.00012973138045427194 -0.7848315012554644
0.158164945171566 -0.42812520273096333
0.13082773835624928 -0.3955230156281926
0.20376943616114904 -0.2794441341986356
0.28276456257046007 -0.07357226206582457
0.3566151530377739 0.1110629252947399
0.3654413769053011 0.17720108779683003
0.3999763950651467 0.24787508864011043
0.38550146787477335 0.19559967862856537
0.3715944569845892 0.1735239894176402
0.33788945241286716 0.09993216963434047
0.24733887550800812 -0.11543191145651405
0.21418614251289506 -0.2217498745981842
0.15778404602158225 -0.37967736621798004
0.06850272546219101 -0.5855019527630317
0.017526913632629475 -0.7170727900771486
0.027386923453896667 -0.6837644567488637
0.02495413871326612 -0.6547359588408951
0.061973257818517084 -0.5568860924722769
0.11860709151486296 -0.43874745966360607
0.14101616347031648 -0.3557894324266799
0.13183752117039385 -0.3169713592452253
0.22694850882961454 0.06576213623217965
0.31296914568875256 0.34955900520492045
0.28357112834383696 0.21891645407700805
0.21582750430952508 -0.0283936126177534
0.13818066444403262 -0.2700018062351775
0.1426194973641068 -0.32722162603039984
0.11774378850645272 -0.37683569286111274
0.03160327774687529 -0.6791874512772483
0.03632867777661317 -0.6851550994124014
0.015257777584880219 -0.7688197733179003
0.03336078136498958 -0.7258762212879019
0.1452626385589304 -0.4130045635896098
0.16008666439914307 -0.28325036815829086
0.24307946344263384 -0.04442776815200742
0.2827192790003693 0.04246104830866412
0.3040160462136688 0.08836866306333024
0.335193271398776 0.2602124159788193
0.3531005099804258 0.26977301384720237
0.30901234939437794 0.16236516280767166
0.1970348285922485 -0.12373926968849222
0.1644244897067909 -0.22703206365637843
0.1559200997309247 -0.2300152942484808
0.13200556729874233 -0.313609185442146
0.038091062571229545 -0.6009744883492022
0.018426445646872097 -0.6103739074244298
-0.014191334907811515 -0.6919371636214937
0.1516863759836343 -0.2549991059315765
0.14194236938326305 -0.23968776695040803
0.20868307402681988 -0.10061870096817588
0.28617133055790106 0.08905941953580555
0.3308373081318707 0.26955797912107043
0.36762520684535255 0.32993240147851755
0.36894782482568506 0.34367735546260314
0.3924874937610304 0.3835322220756433
0.35828596567761617 0.28167144969617797
0.3282118988657955 0.2010685185871072
0.31253485614121784 0.11727671401280669
0.20758562226026608 -0.21036693906965626
0.0998172715448597 -0.47977900771784865
0.07079747949755134 -0.5774850797840374
0.07320239845155158 -0.6600614286226444
0.04028512881597638 -0.701091687833671
0.06779914199441923 -0.567669589973667
0.08557305250968462 -0.53222742724533
0.12621491552591865 -0.44375522103987275
0.16427629127636179 -0.30417345289684733
0.15748650415157822 -0.29060119758881914
0.19519689270846433 -0.1644471789791723
0.2545316066326145 0.006799018081844722
0.32430091127890404 0.30763384531357507
0.3253422516306595 0.26308377912979886
0.28705598088366735 0.17639745228372677
0.18648022007711615 -0.13027032253148707
0.18070333081018816 -0.1697785253899169
0.17811079512920425 -0.2026255477864006
0.10564409570344885 -0.45286113973895975
0.055696488288990834 -0.638770503445521
0.02924456746103003 -0.7114067031064488
0.024795315013947144 -0.6947642190505671
-0.0679756917853125 -0.5009910378940718
-0.29521006299773145 0.02843598476011664
-0.3361079744020723 0.13046366718751065
-0.3817983923376525 0.24479803346815565
-0.41858265253763177 0.34630520526815123
-0.4417598944214602 0.37058557977436885
-0.4469770993764152 0.39188398292312543
-0.41453172903659635 0.2449688919930841
-0.363008825707872 0.17904188668124665
-0.3476480619611496 0.020783078220654755
-0.2580527402123698 -0.08097884098172094
-0.243460609342927 -0.1275107065081649
-0.2311822149101382 -0.17394526248098194
-0.15357792495929945 -0.37616896043157316
-0.02284215248109871 -0.7355785862406715
0.15991798344381736 -0.2969997611132935
0.18916910405451595 -0.21089857256036726
0.23599040027651308 -0.07355186350986484
0.254982836368422 -0.053043370151473486
0.25555069006788883 -0.045201407944260426
0.288486938392199 -0.03540424554699584
0.2862521241518458 0.022208831848448077
0.40543141452668485 0.3149838226535713
0.37619205544056267 0.23517120604082187
0.3573284900067648 0.17357802310010115
0.2832140687342845 -0.02268147242406447
0.261344175451717 -0.09174346826006632
0.27213783235014544 -0.1142545643994625
0.05223405154050091 -0.6654741140937492
0.034035448947609556 -0.7380594177854392
0.024135003194284414 -0.7808908548800523
0.0768548836567362 -0.6394500108007757
0.17396603061424684 -0.35610907205975684
0.3386676635087473 0.09811047287232014
0.3466242577450595 0.18794607273514508
0.35068064337827476 0.18800351799715578
0.38065428339353713 0.24271559851891264
0.3809780990005227 0.2910935554622772
0.40057976556102665 0.3465953817757236
0.23576476139530284 -0.10969940473379443
0.15656341880991717 -0.35357398573101395
0.10484721276568815 -0.5503631617343188
0.068920076624947 -0.6291176724728672
0.07225498088084684 -0.6394884230939392
0.05924507483214123 -0.6354287255030652
0.0675133615996907 -0.675953497496753
0.020046530724148526 -0.7745285878491639
0.03723554477813572 -0.6899712574106394
0.12872629853676945 -0.45114310056017426
0.1968723543949268 -0.18589966604329325
0.21941225990161461 -0.1529095940000363
0.24626931963053836 -0.0792241800981846
0.3931151888063442 0.378695201324977
0.3939923560902469 0.4305872360294367
0.4116415374865798 0.45855344894120564
0.39163969346299726 0.41428081742865885
0.3879986128862237 0.400380708984529
0.29460127183243556 0.04680276096574092
0.27981294619582586 -0.08052947682509524
0.16649116088010005 -0.4580379421362386
0.14097939851635563 -0.5526764801488226
0.08896682401922386 -0.7733401152131717
0.08798749487638963 -0.7787688266223604
0.1488094757597301 -0.572723593201876
0.23452328073647852 -0.23933721695158786
0.27661934787824843 -0.09473812648399932
0.2744450450022262 -0.0857535756966624
0.30633529713375196 -0.033043330567342516
0.3696407597277692 0.27438773064486083
0.39418066271550145 0.29787384843252723
0.4379823163021211 0.49042777212301125
0.3665369215887928 0.28301702735632267
0.33450676329771456 0.1830546797379267
0.16395953781397316 -0.23456133562776557
0.14769364587442574 -0.35422760575838547
0.09460002586448923 -0.44568313459480874
0.09486132238938474 -0.4477463645420286
0.08461247016344131 -0.5059894255097661
-0.0007475858698291278 -0.7267011006188628
0.014636388514904232 -0.6739178469141696
0.02345177174742902 -0.6556273120920589
0.035147465736329424 -0.6385801908695595
0.1157422979792421 -0.4059195402873114
0.2322585216904868 0.009991142175857668
0.33355795537260186 0.26222112810608905
0.3246932543365067 0.3108075212281507
0.36590478901525986 0.4064899108390583
0.35751084830560215 0.3481390619025714
0.3468264642867268 0.308042216396329
0.3332580754185352 0.27918841043619747
0.25321960897340273 0.03338343077553069
0.23458748491823206 -0.0018451214026404769
0.16950673194971486 -0.20581823517439146
0.05349527603492194 -0.5344514756180321
0.002915097362607723 -0.7168633075759572
0.15646379556571588 -0.34304129778975123
0.16334196731466583 -0.30650177529497247
0.23108303457163434 -0.08316613348901244
0.27852749810939587 -0.012602225483836382
0.2901995933156269 0.02564800160248297
0.30594941887002697 0.02897437566041565
0.317529608494685 0.039681456891831904
0.38061956738905406 0.26125488291687887
0.34922573679450053 0.16155404764135048
0.34572711657701155 0.16032099542946318
0.30870683346833877 0.03594604096138298
0.30987275521122537 -7.248729584077244e-05
0.2647548401300443 -0.08910495833805793
0.24738552074728654 -0.10576668669370207
0.1072458593049603 -0.4939079221647831
0.035485659690426934 -0.7199541008471165
0.042809375501024594 -0.7067366345695244
0.06000822409868376 -0.6365215874422367
0.11699222403432324 -0.5413027686829149
0.15604546860768537 -0.4223575386325099
0.1784571002186344 -0.38164467948424213
0.24311233858947223 -0.2286396524110556
0.3282949298354476 0.007017809174717543
0.42695245826202544 0.23271022377794198
0.36150905422973567 0.08707318604510324
0.209072521264724 -0.27092023232111545
0.22513676043943714 -0.28593361458778244
0.09020798663768172 -0.5455164672967997
0.043377201882852066 -0.6474075433058564
0.032552218485138805 -0.6679737363687073
-0.017788917901257664 -0.7978020030253796
-0.028395775398553223 -0.8267291783805859
0.0841537991297632 -0.5298641975504426
0.11469795329577497 -0.5105782603859035
0.14352625661636495 -0.43640758555562575
0.32816857323976667 -0.027403300748458367
0.39348123172021765 0.11325224021308718
0.4189707413930159 0.17269859599851128
0.4862930757610416 0.3656942364108057
0.4961907494099196 0.3977656142026876
0.457035853164213 0.2986564313970694
0.33625251109828846 0.052805309458794226
0.32462814763143055 0.029187682143144437
0.21073575514105392 -0.23262630927480177
0.1797701253512998 -0.3541485582028002
0.10917339476796109 -0.424794366643818
0.054115912850173226 -0.6083299606937649
-0.027112670121620074 -0.7735948953201882
-0.03660554099661024 -0.7278217848489626
-0.12839030298228368 -0.5604369435945471
-0.17035020393701447 -0.4225771082199139
-0.22125632355000666 -0.32198390117811027
-0.29308110744398286 -0.17758633010886013
-0.31238927808839 -0.07774630099083743
-0.395121172565544 0.07793836674133266
-0.4611149772336657 0.2468215894621911
-0.44559305417778006 0.20096218580509137
-0.3762557801096984 0.04274817960873727
-0.3970881178585474 0.026828012246661117
-0.2180183978612423 -0.24580768822792184
-0.18811671752409492 -0.4147158151842691
-0.1712685929722296 -0.41714332683876576
-0.11901825678381536 -0.5825958759794657
-0.03034486537088307 -0.7622819562419081
-0.02299722941225845 -0.7229918033008812
0.03661158837696795 -0.6015440229571546
0.12812954094782053 -0.4086628378364143
0.2515042100890519 -0.12060035458830691
0.254409761129526 -0.09893194361900012
0.296044816743117 -0.021613002188042737
0.40406685477123255 0.22162591863814565
0.4173339756992352 0.2634719222307632
0.3955967471922631 0.21214614560185335
0.3985633616781594 0.19918275684547476
0.3613967255609972 0.1421109021585945
0.21937143521335922 -0.19484150747154091
0.17504379053058172 -0.30761746127340456
0.09463087519828188 -0.46933477599674667
0.04337901972939887 -0.6052225590820297
-0.01351994648885367 -0.7168201925895157
-0.028859970751069112 -0.7053657475080867
-0.05737859781275248 -0.5936427048677904
-0.14075572269803469 -0.3495410811655762
-0.17723432202515607 -0.19513231578468704
-0.18403862865607978 -0.17525101884835487
-0.23362138849512148 -0.060847687385592715
-0.40159047648382473 0.3614515948118903
-0.38905922137353705 0.3741799573989871
-0.3322356832153819 0.190981029912946
-0.32832428426481075 0.18658095020145815
-0.29761263084600265 0.15204625347097742
-0.28732824120625056 0.0960256886225378
-0.23826885658356783 -0.048534619377187234
-0.07508638406035245 -0.5399620833783776
-0.020645117327744364 -0.7294514940911021
0.004842349874338373 -0.7806093618268202
0.045994858904295464 -0.6306213873240681
0.0740418854724418 -0.5698827129486126
0.07518286068690891 -0.4980663431629045
0.10526356122251854 -0.4609841606775975
0.1275930323096511 -0.44657000643309763
0.2359548166186985 0.013888981954824343
0.25219376196799403 0.09067320751251325
0.32909402599891047 0.33150278212168016
0.25712203157228647 0.12815809077476725
0.14131697525893225 -0.2233834884782923
0.11605997177063873 -0.27789141717706756
0.1047042871433919 -0.42259354537396393
0.0525403500275924 -0.47282464860074874
-0.026540061278507027 -0.7445476338654142
-0.038069735199112775 -0.7611475437607765
-0.028294391526109245 -0.7671671851789741
-0.0041774137553409404 -0.6841218011046982
0.08112114770007689 -0.45295550976587745
0.1637962877305563 -0.31211216868780683
0.2677783591390047 -0.001239905774007934
0.2920513762215655 0.07677923550410175
0.3739655410577329 0.22524036114322554
0.39463759414346866 0.27976777847069734
0.40555198747785404 0.32656521350995255
0.32489310797249593 0.12349424141722101
0.29393963453985467 -0.017557147659204235
0.18735103213395446 -0.28345989008398953
0.16557022963311235 -0.3982276925480604
0.14824685526160022 -0.4003808893546465
0.115057861472329 -0.4836309424617853
0.04610775537949436 -0.70802485826813
0.02566804932905645 -0.7689899156201309
0.06303849393546479 -0.6938716247564002
0.14202897780242074 -0.37912599994703217
0.16329802523010237 -0.36963522367132523
0.2619155170948183 -0.11006878969824366
0.3019987097284141 0.08542349373847409
0.3203802551601067 0.21206155281192823
0.3618674813318005 0.25891628098060737
0.3833369063382702 0.35167640581273923
0.3733231152298631 0.23217216058114462
0.27198867315481595 0.011526976931757936
0.23746305940242265 -0.09648133604615514
0.1499802594963472 -0.310247101755633
0.1131320809993408 -0.4113619268199688
0.09818131861042881 -0.48278734942782947
0.0897983304159534 -0.49750013552986155
-0.0046213565843279 -0.7745957330474844
0.03136808611747478 -0.6921401228539985
0.07170559340798431 -0.6004644176085555
0.11666848398584073 -0.43277638913870975
0.20756237535449987 -0.2379980631683138
0.24736926575137252 -0.14963248133440332
0.2547932279743625 -0.08921585621777264
0.3340580639723844 0.15215263092420034
0.44057617829114626 0.4017534797301563
0.4439734275793524 0.372422649009321
0.3140523273709218 0.07835417591783254
0.25232921823105553 -0.09124057313212203
0.17332585097052386 -0.2629170684947317
0.03029309905610817 -0.6411743751895835
0.007526367693653502 -0.6364074837723714
0.012198320127680688 -0.6939349191823143
-0.002556725463671255 -0.7209332377641461
0.110186847314458 -0.4232181597813285
0.1314733282740908 -0.39645903964746365
0.16514554845065008 -0.3189111190887602
0.1648441578293611 -0.29442400639314714
0.20660391489031268 -0.2221157037895204
0.34687733220215394 0.13774093065730914
0.37861592002891503 0.24015932391730768
0.4101508883975245 0.2987703315009218
0.3343482374087919 0.12274578955189401
0.23918923830019875 -0.166982537333054
0.13924433253195115 -0.3818474112246659
0.1052454291041953 -0.5152240789772722
0.06751245440599589 -0.5602836682486846
0.040236478387750005 -0.6566198550464317
0.022243175285468444 -0.6977483679632762
0.01857642794705011 -0.7344458578931898
0.12473438378276608 -0.41818819066512186
0.19114847394904114 -0.3234477575979935
0.19024765039803943 -0.30035870341467696
0.19804136357039107 -0.2278365813151604
0.2702516437838871 -0.008106310514312664
0.3093782473401721 0.032822910382849395
0.44571395884243775 0.4373751614809887
0.48451303415476077 0.48863344279908427
0.4825254254302491 0.45935556224643165
0.3933477825750586 0.22314956485188653
0.3954514018982683 0.21696568384652004
0.35701437147783366 0.1289370834026586
0.26427079406494763 -0.09126856894639689
0.23657430462113174 -0.23207015800738193
0.22666827414097682 -0.24434524173322172
0.02118585735579337 -0.8067372313955208
0.19498703546701393 -0.3347508085774938
0.2537977889768126 -0.23378018671638304
0.29051307716475677 -0.07483815526226084
0.4006665495511998 0.16675380951378885
0.43784136648947536 0.24274236125625406
0.4422412545765505 0.2755231048967713
0.4842931805247708 0.35950452545481426
0.492868871565659 0.374128229004488
0.39383939714633465 0.13918795006502246
0.3477577340180883 0.02204802919026285
0.2780548052551229 -0.12036020729278714
0.1072724881224807 -0.527912933898362
0.07079925088048208 -0.6014659378766435
0.046687533151146 -0.6598850024778038
0.03729563013087788 -0.6757300431065904
0.007338745966898114 -0.7398554449349047
0.03172928365023989 -0.6214692636412499
0.04332961366676516 -0.5468754124666988
0.1121359609810787 -0.367298636121978
0.12553135812156938 -0.3309139598827839
0.14259305428083552 -0.2269634149400077
0.1486793438867984 -0.17516420998458054
0.1861852894244078 -0.008315329110922712
0.31923877643651827 0.44330649466326977
0.2913452808069311 0.36498622594150537
0.2035858235937456 -0.04155973602587936
0.16834107015468616 -0.13770943443492606
0.12712493770100772 -0.3885283707703652
0.10698223711935956 -0.4375525271690785
0.11263905606202099 -0.46135813973303286
0.05378493014007318 -0.6395596831948346
0.028538830052618883 -0.7781881526737291
0.045212727082534765 -0.7770819468244248
0.06533077623545791 -0.6612798614529308
0.07247107116095466 -0.6292884789997357
0.14085409558625966 -0.31378994736966603
0.19467302013362847 -0.11918627121131531
0.28656607441375237 0.16851115236991285
0.3083027390545328 0.3120216072952851
0.32231968846211384 0.30953066029119203
0.31408041134345593 0.2781349876434565
0.27477608367939077 0.13936169247747532
0.2505430595663632 0.11122334049445477
0.22609520003840322 -0.0027457053944528837
0.1327900208220828 -0.22094913163937174
0.07182152753859436 -0.40679087954624765
-0.02253125531248687 -0.6884481026220027
-0.04782799229305593 -0.7654436373828472
-0.004559572972106184 -0.6080359480634226
0.02326018707264732 -0.5221620049054847
0.21656879821748443 0.07170694123246753
0.22438887533556934 0.09977027798006995
0.2205331424786501 0.1052708972032438
0.31523869308387975 0.32268266329476475
0.31646124769971684 0.3633193965374342
0.3255946630894745 0.395047335038652
0.32415457059326636 0.3591623735200404
0.3014468279473803 0.3154357561959
0.29793557864945347 0.2666526969802332
0.242271527829356 0.03346233884625183
0.2034337716024973 -0.09782147829595136
0.16733605997678402 -0.2288371602361785
0.1551064705313242 -0.3852184913739344
0.043401441142251376 -0.7872628643093093
-0.07273767174995122 -0.505577915223509
-0.13164661585682116 -0.3239149638538269
-0.13773275727081283 -0.2904484378794421
-0.18613061135262415 -0.16706320576542338
-0.20813376592478192 -0.13481596701233994
-0.23727951840205788 -0.03596581234425696
-0.35654457981395177 0.23166718020672172
-0.3742670153762739 0.3078366683359241
-0.3633215612878267 0.27945400653372515
-0.21531564220331995 -0.08011866050247296
-0.15047588297918668 -0.25471077497366573
0.008944651306697941 -0.6319856856740168
0.02529473794104008 -0.6866120182690131
0.04110227526984364 -0.7154122386633425
0.050989449563318356 -0.7399757874154768
0.051043763111313575 -0.7417178347520601
0.07085128439322215 -0.6937840029441914
0.06379673122835691 -0.6868444070193024
0.09888506648194742 -0.5137583233209705
0.20215482098327664 -0.23347659399272858
0.21754657758854104 -0.23493191451477904
0.30684043106624215 0.02676243455713115
0.3348726527150235 0.13211024634245244
0.4310791457207906 0.4733000766436718
0.29027720629765286 0.0940094517122186
0.27652761450495034 0.07351312935472175
0.2526026374911388 0.04635597323592306
0.10351603899224432 -0.411181688287983
0.07372835437992416 -0.5347687839059536
0.04374453187824603 -0.626979806964789
0.004672150717156119 -0.7137208511103927
-0.038346160639679425 -0.8268714523390022
