-0.020673567908083355 -0.7307471023998005
-0.12787093628909124 -0.4772077195317636
-0.1507162805357217 -0.4069350249461673
-0.16361050787778741 -0.30628326084938134
-0.27388049603484194 -0.1091002458621189
-0.2602634078507174 -0.09146767415109706
-0.3678195385824351 0.16212401384342046
-0.42836786094422685 0.2882388960986464
-0.2888875263784928 -0.0585102408477899
-0.23901918084220417 -0.17208462496925775
-0.2126653558812531 -0.26447743916909444
-0.17341169000331327 -0.31564038001724287
-0.06381044442214558 -0.5842046502088997
-0.016242203752972643 -0.6920693806488459
0.017527048173707382 -0.7592185705830368
0.015640128407033185 -0.7730850489137797
0.07908467011472338 -0.5493372419808656
0.07229317524215756 -0.5452709012093887
0.1459785838657431 -0.2852988306366596
0.19655584409784707 -0.1000305877314614
0.30226094099425216 0.27134377306034196
0.33368918324408886 0.3801767998769271
0.33969222385287035 0.4105425018254015
0.3705914857173364 0.4943015854921328
0.35628610632508334 0.4409043575472662
0.32696354130465666 0.33112833580025053
0.25077261473385304 0.020825981065074526
0.16418296117428394 -0.259108680951488
0.15554801798814727 -0.30340886805700235
0.0815185794562801 -0.5635085565923655
0.04737704329215447 -0.6731642242129551
0.019699327601812405 -0.7693375506464949
-0.008616183764959602 -0.6867188687928952
-0.03804607990407265 -0.634677873665139
-0.0835280900135896 -0.4550222344905375
-0.1020938233098641 -0.4537913194767718
-0.13968476814000275 -0.2196361666559853
-0.3533753269525354 0.31410439949786784
-0.3625249072180173 0.3467862232803192
-0.3648948561720662 0.37571666104945467
-0.3429326983225926 0.2981944509848828
-0.27404945345611986 0.07564801212763617
-0.25760914498550835 0.08008012365692187
-0.1723551388217644 -0.22221111391655557
-0.11882343084921829 -0.3758897968426272
-0.025017056404882405 -0.6375674567190627
-0.010110535328337502 -0.6691471598530543
0.03375205088266188 -0.8150797256637617
-0.029729842778401933 -0.6194482835220307
-0.09235989995797989 -0.37174391635188436
-0.15479064162509984 -0.1604349818375958
-0.1716034151073701 -0.16318792787206615
-0.16369169704666206 -0.1063143428101708
-0.23767206234370514 0.1826283909086588
-0.2918246572630881 0.26997985890483184
-0.3341994327013602 0.46111566626021605
-0.3130209747881912 0.44775379417982064
-0.2633598297490642 0.18043940270174125
-0.22977375179372853 0.03723695833685691
-0.19301678187335616 -0.06456066269948096
-0.1734754209036474 -0.1360996288922242
-0.10591290060693322 -0.37090944691316935
-0.015390736219869564 -0.7050106767617907
0.020143699555663953 -0.7982627464868929
0.10895097777545604 -0.4565853815442899
0.13099030764597022 -0.3863248660401887
0.17010812999787975 -0.22773892140740445
0.20431175576589217 -0.11681836403044382
0.23995661356488998 0.020851088201774733
0.25602659520314075 0.03303676772217529
0.35218853020268875 0.4254727105999501
0.3655498996033491 0.47657794711812385
0.3327439588983815 0.4057914135605826
0.2978981364568862 0.24746745784967575
0.21025967904619997 -0.04421803801156359
0.16340213190076072 -0.23633077827914126
0.11519650506795456 -0.3665192594440673
0.08679881569080503 -0.4774141965090681
0.04968221322391366 -0.5853684530233021
-0.003669549916611228 -0.7989727220972036
-0.06554774343594234 -0.6986589599690041
-0.0832377043962475 -0.6295054596818568
-0.1570959938904238 -0.4560710596486232
-0.3581207362781676 -0.0021406214847716175
-0.40447641733181505 0.08490310544328224
-0.47323575753057007 0.25316714861433404
-0.5123349988167449 0.2958774768033471
-0.5082847309314605 0.29980110763778495
-0.48184560256413317 0.2535358658066341
-0.43503498111283384 0.14647593565381864
-0.3144354498569777 -0.11786160911039896
-0.27059954167099043 -0.22608642728457434
-0.260769449474094 -0.27612219762337964
-0.1532477109357857 -0.4103195946573559
-0.16692404766591118 -0.4825652717878082
-0.04020285403461473 -0.7213670267301476
-0.05807102676319816 -0.6944605348811662
-0.1113904727537078 -0.3980530772432428
-0.10732372837757911 -0.38099862648921956
-0.1459209925648641 -0.28414243217589963
-0.15444222411886283 -0.18352279134198404
-0.21025548233873476 0.03487178607662719
-0.2762188846044648 0.3503439168473237
-0.2789537142976469 0.3589858939036869
-0.246624312590717 0.23125262557701085
-0.24693318909804554 0.2259626092625614
-0.1928148890955016 -0.0681416703450741
-0.16362412593090986 -0.14389184202112013
-0.13516411762283229 -0.2012083607251632
-0.13027557438480403 -0.271648245214532
-0.054164116685733135 -0.5398930261195322
-0.022260735643383673 -0.720390509757683
-0.08000030842003067 -0.5619566205027223
-0.12176081832602474 -0.4395628052968799
-0.27011864518787526 0.060880002560708385
-0.35988840934879934 0.2794022926590749
-0.35776061143092613 0.30723143098861383
-0.37703602657572655 0.3118151542481386
-0.37209453416218147 0.31449754080121933
-0.3841565714912351 0.32976475818899614
-0.18297018683311178 -0.22614309552043568
-0.1494983915774577 -0.2982863235449826
-0.13272055555887075 -0.3768128469964779
-0.07630361537955621 -0.4495049241584481
-0.06699503173735658 -0.4618928854674147
-0.06295181590917484 -0.4941610518160368
-0.0024987520724655543 -0.7045107296094903
0.0225525393245447 -0.7314771869127918
0.09922155979785532 -0.5204716254119403
0.14806276813449487 -0.3963781575605002
0.25543985247048817 -0.19391779205656862
0.322596305986346 0.033127166045899784
0.3159970572078895 0.03827264652784226
0.3607417902059521 0.10861073545231825
0.40387561329049615 0.24137716256654412
0.4567468683997765 0.3643190197492295
0.39097346055146687 0.1659496726513027
0.3685717845403293 0.09934312197331309
0.34711706359852484 0.05724029081933448
0.2625799986839797 -0.1362802149050073
0.16370275869701417 -0.39600651724352737
0.12968112746799199 -0.41767120128241236
0.08680642447788489 -0.5718088485756437
0.02166554493680848 -0.7344493579248795
-0.01941810997605277 -0.6466982028786281
-0.03589566053513307 -0.6292781820048945
-0.041521811292815035 -0.5311145516346478
-0.150772304459143 -0.27628886114955464
-0.19261822180955412 -0.21862914955397408
-0.2080184150315189 -0.18679849410348426
-0.22909026799451837 -0.102433693884367
-0.38057236734135846 0.2553725411851773
-0.3698146765933234 0.20711306014326483
-0.26128633993595773 -0.0533319346063425
-0.19344579837990283 -0.2596504316972963
-0.16009501305080362 -0.36756918368496544
-0.13065219302745745 -0.45305311545660015
-0.07078649593998594 -0.6015837829192919
-0.05129278179434145 -0.6296215970103056
-0.016683938325878993 -0.7374853657086825
-0.0235344733293359 -0.7318714004745774
-0.10463832051549335 -0.27086932394421326
-0.11835885582117352 -0.24287936726616197
-0.15983829855207682 -0.10253906794691456
-0.1359526003942975 -0.09711697232087987
-0.171605299365967 0.016883676050444028
-0.18472354457999307 0.13807782339447702
-0.23824886638710305 0.37096876123599476
-0.22733391122688293 0.32843545182259454
-0.21957005571187035 0.25325514225151585
-0.15851733231591353 -0.08070528642578696
-0.14035281854111836 -0.31021578927609195
-0.11009860799694507 -0.39771601885910046
-0.09801511339027788 -0.4475352505800178
-0.09305408533720756 -0.47299506190036883
-0.04867808319373921 -0.7327315939587479
-0.026793554045445547 -0.6725545336460431
0.07443769878560147 -0.47930983187976667
0.11751113670169383 -0.41692417286493555
0.17944409224486274 -0.30428920209351457
0.2975771797755696 -0.07722587018167867
0.35155785077921164 0.05786314665161118
0.4039642240045254 0.12276639134162251
0.44959823541713934 0.2129847532051162
0.3594567239464882 0.027323506145999096
0.29461573818183834 -0.07155481084822364
0.2621666477165859 -0.19244828526303462
0.26061429094869626 -0.19178694609307562
0.18348709892933132 -0.3262709020351385
0.08738131586409832 -0.5283894855340343
0.005295952464306012 -0.7021593996840388
-0.009414305507371335 -0.7253528500814332
0.0033711061323975743 -0.6781347611663971
-0.05327565052515379 -0.5972901060132585
-0.1451132198695397 -0.40533670009512124
-0.22368184917008396 -0.22785883895548864
-0.3512729204622078 0.11425474162294913
-0.4110592138589927 0.2158461015817254
-0.3972383500009708 0.2270945874688012
-0.4429932495745723 0.3317284883055721
-0.42451637883506427 0.29143417437537955
-0.4032240317941249 0.21568322638501647
-0.3302835517908769 0.004481050555841507
-0.2865887565748349 -0.06561164193900983
-0.16625973408994119 -0.3745818033447825
-0.07174960457630083 -0.6695967678136585
-0.018774501449672173 -0.7461638649671412
-0.020892842177666508 -0.7585306363626113
-0.18390525629419704 -0.31182705692573043
-0.2553416795692571 -0.08692501854867328
-0.30222865790127035 -0.007093855294838771
-0.3370723557602903 0.0829056596866447
-0.3574074327136076 0.12417616907669295
-0.36361201240797614 0.13345215758693058
-0.3952468496699882 0.24376656082408493
-0.42970248590256616 0.3336424328063189
-0.3505064951014274 0.1758217532134258
-0.3608726552095861 0.14586731741000475
-0.3011088367978456 0.014529954406724731
-0.1893703908868745 -0.2727682885532343
-0.16353206026572303 -0.3116838338069417
-0.1267310591147912 -0.39461523355973416
-0.027450468164525073 -0.6807545310908049
0.011830282691115034 -0.7840190808592733
-0.048496685683566174 -0.6344152162168796
-0.1907364368150495 -0.34704384675766076
-0.18672080128630236 -0.2994713310419701
-0.3013118114701088 -0.06830987298924052
-0.3628019482568773 0.09354051137776645
-0.38669119921667144 0.10928525253483794
-0.49737651275866324 0.3596691808251777
-0.5088333595589629 0.4139740665148477
-0.4298702122064068 0.25220759483830735
-0.3880607409285524 0.2053027464632145
-0.33906884287439504 -0.0006404867738566428
-0.24468221778076504 -0.17931609689520397
-0.2327141758019688 -0.21735424004323828
-0.21672301275530212 -0.21495904630609405
0.0036825845309238943 -0.7302200759879196
0.031584048738397846 -0.8095175950240167
5.140130744722736e-05 -0.7160610603439277
-0.08658544874180649 -0.4644888709244246
-0.22149752630704433 -0.1470889349471155
-0.3613185811813458 0.17138500498879938
-0.3520635393710731 0.20478368650041717
-0.34697622588617283 0.226855588448432
-0.4374946000387447 0.41118286102304025
-0.4616887299414477 0.47086788173146676
-0.39230881214011176 0.25900996310710156
-0.3656368245646974 0.20402438202879916
-0.37292206062779243 0.12561429092683093
-0.3223571217077594 0.04839124936838231
-0.24901182858066717 -0.10531800195934723
-0.16775340821962556 -0.4129366059311922
-0.15970125234740443 -0.41557290872284425
-0.05362452335947735 -0.7340196894197891
-0.08471367175671822 -0.6129063240706014
-0.11963227618409839 -0.5899797231842435
-0.15147355838644141 -0.45208380763418593
-0.22435113189983288 -0.24882288028067898
-0.3797802241908961 0.1663916273199135
-0.43844353064277614 0.35760519301252497
-0.45703336989380317 0.386357603416579
-0.4592686883088573 0.4337775806754002
-0.2760742743167602 -0.020665056918403955
-0.24813669787516437 -0.03732084880331888
-0.22797055768438998 -0.1029268546362252
-0.19285908164266038 -0.19528536837952704
-0.14500667444890347 -0.2764390573947263
-0.07396982269202679 -0.44186387251859743
-0.06014522883976217 -0.5077978353227056
0.058975570351902304 -0.7594649853358695
-0.14121702786258128 -0.3005328057391377
-0.18152943274998498 -0.1909615260278441
-0.2981519856932521 0.05632079417451138
-0.3156198089965518 0.12657842433933852
-0.3543966471161362 0.19941491671761657
-0.3636893670903353 0.23581231735199815
-0.45754901248008073 0.45364422625557826
-0.46449301944094323 0.4719194802469269
-0.43332467422697135 0.41168542069123026
-0.2907508758965409 0.002531981250444332
-0.2887837400980001 -0.026535169721186143
-0.07631360183217092 -0.528027371264125
-0.05840402266782023 -0.6227780556885332
-0.0450708967582652 -0.6784149344753578
0.01877781360312391 -0.8280442587576795
0.028905316625468667 -0.8273051164479511
-0.11401151419753365 -0.4351363022315176
-0.13807798820819628 -0.3898375230916597
-0.15579107792940164 -0.35058613971557095
-0.19722566228038296 -0.2990868542231938
-0.38650704020949855 0.24811566242183383
-0.40344457280462914 0.31275302059815663
-0.4165394162888729 0.33460682324441743
-0.4608490984998901 0.44450823215358065
-0.4461716535435302 0.4177961636213212
-0.4193300460612138 0.30850923590618184
-0.41316987106936764 0.25878168011697544
-0.3591202254876465 0.1642079949205199
-0.3645840439757666 0.15055865149556522
-0.17313776746460488 -0.31400422675891854
-0.16344464454688254 -0.33647653524937277
-0.0032685883360991 -0.774450468200945
-0.04027594126964748 -0.7048090488242186
-0.02999482136816707 -0.6630901329698384
-0.12699503198918002 -0.4067021249159549
-0.17536565537299595 -0.3371494842649517
-0.1935263710130458 -0.22865376153260672
-0.2633619535866263 -0.08741115672026725
-0.2877907881790119 -0.01825755187486668
-0.34924141550708854 0.172007317900481
-0.3289531666246985 0.1318441692585436
-0.2243655747969482 -0.10325464465445616
-0.11750093600943075 -0.369523483717847
-0.10345866085785158 -0.3794995780923075
-0.08405844063815071 -0.40786483993070005
-0.08298021644378593 -0.4225950600561102
0.03027350759491595 -0.6878498953682324
0.03811534757558651 -0.7189336231085142
0.024406287741493626 -0.677948129329648
-0.0012369199227187828 -0.5913096461159094
-0.04818786172441241 -0.5412857855641292
-0.16017946395755084 -0.23499508501466454
-0.2320499465676195 -0.07649379202951084
-0.23811154970618179 -0.060683820142038256
-0.26880485505936524 0.015815920965322684
-0.35762272484330737 0.22837641037829398
-0.3031490276666674 0.10583979075962634
-0.2813295548723499 0.01859084115095983
-0.1844060170363647 -0.29556605863181173
-0.1419323491211075 -0.3944827621255179
-0.12639233468790445 -0.4452163294363288
-0.12421806967218323 -0.487963547078401
-0.10673028116640923 -0.5805863310557815
-0.019443635965944367 -0.8301088644226702
-0.029170362354313865 -0.8090945004840847
-0.048282988029004256 -0.7072841300528346
-0.11011223774861578 -0.43216397193984996
-0.19652200649044999 -0.179654375586212
-0.20661917415857772 -0.13094235017737538
-0.2506112957772003 0.0062836108843739025
-0.24812344934786038 0.04938716910778384
-0.352510677503184 0.4051354762988154
-0.34063454019985384 0.3596171660002005
-0.2943131883844976 0.2129196216976037
-0.19900606215861802 -0.14890748393475114
-0.1885919808911296 -0.19410861490299952
-0.15980814178641978 -0.23742405461262092
-0.13419047887828012 -0.31226977094902464
-0.017329277811268806 -0.7090658831308547
-0.01258792786304064 -0.7389462493085746
-0.05560688422644032 -0.5798078080711555
-0.14207547227820022 -0.3983466381048124
-0.18921346184388518 -0.3171428591442962
-0.22529649463390167 -0.2056883456522736
-0.23902798261602407 -0.15933767799147075
-0.3587751339757924 0.1208598122724058
-0.38660329855590847 0.21105794707617098
-0.4180027323180976 0.28873815340959136
-0.3122820901179992 0.06071759414761042
-0.3195114113851664 0.01586958103162106
-0.1809867267834689 -0.2026163678623465
-0.15024363206959107 -0.2717364733019644
-0.07941216653362283 -0.4622753648561813
-0.05851571813557642 -0.48695991931138255
0.03947043143408649 -0.7550701991734822
0.06716801347719484 -0.7949285924670768
-0.08287671735625163 -0.52190838305722
-0.11522235037090624 -0.4106581789265531
-0.3410503818991446 -0.027321709765287017
-0.3711991001477727 0.03577462538687265
-0.40806729313609397 0.10089002336154906
-0.4257437602108808 0.1341711169527758
-0.4157820288313435 0.15665034149540205
-0.4977908475472288 0.27022549504706045
-0.4863142142816784 0.26920985953311655
-0.48731678466171446 0.21712082838037655
-0.48617298415122245 0.2053795770748377
-0.3006793945758385 -0.11759888797217632
-0.2908154284653186 -0.13585377283516337
-0.26623962308795834 -0.15105608855036098
-0.14549633299513984 -0.42850117813349886
0.004167937057026164 -0.712968298570402
0.038796735910821854 -0.6255144844482468
0.1102543796147703 -0.45360589657912703
0.17487152996092165 -0.3317433057790819
0.32894729808255807 0.04550615590140807
0.35934106671085064 0.07930539866771602
0.4223468470467999 0.21013972542207143
0.42874752169406594 0.228727552260559
0.464256149353197 0.32950006410403276
0.43810766012628716 0.3044871757318057
0.4113872477538542 0.17833792101856957
0.3914362675939125 0.15249637610034059
0.30286352491546487 -0.03435531339773352
0.3021849700889975 -0.05736858937839267
0.2547648424548573 -0.14084091260669698
0.13614991279949942 -0.45564958631260094
-0.012009221800505279 -0.8148487485258114
0.012139121036990202 -0.7453861172117671
0.009426071016925887 -0.7166003547052191
0.16048825139287645 -0.3520850204415009
0.17569791697612758 -0.330962695307151
0.21197702538933114 -0.24469748857135393
0.21195589642491175 -0.23568903732627663
0.24484287895154094 -0.1594127299950135
0.36860162895048676 0.16154934070291227
0.3014664342794705 -0.013477971445550345
0.2672560516304625 -0.10212317667203938
0.18430613639332788 -0.2648213847846701
0.16688213790669676 -0.33050778695202726
0.1345865486862147 -0.40108177141044216
0.07753164902339077 -0.5393689264646964
0.058502255098552794 -0.6282860645433943
-0.005094797677132612 -0.7524657149275937
-0.1274409545988657 -0.48171570757582943
-0.14538697696224828 -0.43041833523515804
-0.2675942705336453 -0.19655361416723513
-0.26197286226819144 -0.17970241906423204
-0.3335334741306686 -0.045063828752044684
-0.3321806188456525 -0.04075803040489545
-0.4331026491294723 0.1623163061155224
-0.4611532285138466 0.21839791432827743
-0.4588204036075472 0.1920117083206589
-0.44591775679850953 0.17629216143160178
-0.2642285732887869 -0.14016748223117861
-0.20474606269896187 -0.28450626534857315
-0.18358594253354887 -0.28948047519193876
-0.1692530548311856 -0.3050404775959983
-0.11610419462297335 -0.4461571294336563
0.04781017347259236 -0.7159154642776397
0.048412086561859066 -0.6687874628176517
-0.009534011831116795 -0.5602262448485295
-0.02463952081576759 -0.5224101224835955
-0.07128715564267617 -0.41534627241358957
-0.1316329138187227 -0.2370820419942228
-0.30765915507895425 0.13528340969541264
-0.34583772592616757 0.25873389012367676
-0.3541510378226755 0.27704395861723763
-0.3394569369963022 0.23361075034442727
-0.315037700298468 0.16516343286749496
-0.2953250709775369 0.08118747233562824
-0.08767163641857031 -0.38123506203704555
-0.11347134906609435 -0.3957405374614375
-0.001437647004472826 -0.6767579395164366
0.03838384287980369 -0.7061766528214837
0.027618590400423165 -0.7381023862094921
0.06324912132617261 -0.6118329056348659
0.06568507810746618 -0.5822646950908278
0.06982789049821078 -0.512857107548463
0.11325507064154156 -0.43898812284678695
0.11591254955803361 -0.3928445637882873
0.1398661463967109 -0.30322389495740465
0.3002405272563846 0.2838430757933851
0.32946676614239484 0.422917435284512
0.3072939198555642 0.3513169539043452
0.28505795293085656 0.3571306448987272
0.23339030962958895 0.11023186537144916
0.1873028124410258 -0.06311585487956492
0.09244563210181554 -0.3977687406153986
0.0037640763350732624 -0.6454263084760437
0.03694919563929308 -0.6894671659069967
0.0016562230026921597 -0.7318749376533583
0.050337950816496134 -0.6108959325785845
0.2606496235150384 -0.15255218444360474
0.2588762014780829 -0.1407629152710622
0.2894623435803875 -0.0719432074818728
0.3820885365783421 0.17310502031749347
0.4203679948657844 0.23381190091932116
0.4335106471412085 0.2620260613016002
0.4373284615141688 0.2714617129643654
0.4226607600877704 0.24232305092244857
0.38365682376593174 0.14821021303577014
0.2544744710395928 -0.09503862179455105
0.1395117849417674 -0.4079771939244321
0.07860857265583895 -0.5600754837414788
0.028016178201569212 -0.6404424843217695
0.007021258408267641 -0.7309343565622917
-0.011602569950793182 -0.7561607375518172
-0.12156442462097859 -0.5567359914820574
-0.21904235962012666 -0.22799209439066612
-0.2184002535922156 -0.21372078178978499
-0.3060332811820093 -0.05249313028489135
-0.3605879491150702 0.1093418850438607
-0.3678377958963479 0.13743645675760804
-0.4010472145591424 0.24745342322472122
-0.4373765977805515 0.31297974451595145
-0.4365052499113558 0.31008428285442474
-0.3980031042849821 0.18543362601917834
-0.3690336796353205 0.1638884718673568
-0.34815942062923155 0.07551266297873159
-0.2699530180920264 -0.10470540509587659
-0.18343609029596916 -0.3164388137039468
-0.10117754627811272 -0.5047054981221898
0.002393436013090397 -0.7809566955385338
-0.00890321991820526 -0.7726173206338881
-0.057014648682692716 -0.622461006036972
-0.0847045606810366 -0.49518878412381945
-0.1491638790300937 -0.3969876675773164
-0.19724162427024025 -0.2754015214427161
-0.18491208081780997 -0.2602494577047757
-0.38226902861512474 0.22766004595642278
-0.43630076478900043 0.3659657549119815
-0.30157203734889754 0.0342239157390292
-0.24106085853125095 -0.09788868632678993
-0.15899925628684955 -0.2884612831648578
-0.15040537148367433 -0.3465283408435024
-0.10899192492082008 -0.38139922834406215
-0.009853053735396878 -0.6300137670979148
0.009678099532137203 -0.718226275030741
0.02211188394122551 -0.747339367113792
