-0.015957580246874013 -0.6954608832395336
-0.017235276876370532 -0.6362849357839764
-0.043278246108360834 -0.5236682743685781
-0.08318903864667615 -0.4034741600517807
-0.09986089417935873 -0.3594966454676318
-0.22220074055829964 0.18740814222250615
-0.2141658232288284 0.21952939437817087
-0.2813047805748931 0.5221054600658724
-0.2784844908215097 0.465231135380043
-0.29052306242661297 0.41671738925027585
-0.2551817999993918 0.3499672387252923
-0.19465112731344072 0.09020242975699791
-0.09925738284905206 -0.45312171258638784
-0.09523429925772349 -0.5051863114052371
-0.05123313664760347 -0.6112762473276532
-0.02459858920736221 -0.7680592911174265
-0.024742926681123135 -0.6800502197515249
-0.042916064286520006 -0.6608825209937738
-0.03711360444462511 -0.530040758820623
-0.033361437597216825 -0.501416320728092
-0.03548736080397821 -0.4545177506990967
-0.05825892318700841 0.10548167568407994
-0.050104100300354566 0.11891858641051878
-0.056821769989621906 0.3498099831886253
-0.04608729597807106 0.32680567938493477
-0.0490095489864561 0.16346553445836198
-0.04890790096895535 0.08030875576740984
-0.004810100652958185 -0.16148383587984322
-0.023101545549140585 -0.23279796156851856
-0.011330237394553612 -0.25617634051443344
0.008631228404069826 -0.7305045561839163
0.019931071386143966 -0.8111141984296405
-0.10208544626151222 -0.5143122636979034
-0.1095664714440459 -0.49711126127045235
-0.12171342672933223 -0.49769320670335193
-0.28985421565309966 -0.1342364076388216
-0.30897124787277347 -0.08276779959711443
-0.2979480664155582 -0.07183948431326445
-0.4271520874012494 0.15717158554040003
-0.44662608180715047 0.251429145261303
-0.4361041879606897 0.21375326441857276
-0.35138561579932287 0.01902780401127966
-0.2989920492054171 -0.1184795285664896
-0.2719652850149772 -0.13394614225799611
-0.2758100112690752 -0.14460053009996243
-0.21058292965756792 -0.26344332676474075
-0.21432656086206595 -0.29651859636442957
-0.005172269407437919 -0.7796264841396913
-0.047682857701450525 -0.5485392261212122
-0.06309068204702135 -0.4923732205030655
-0.1348754613255384 -0.1546258788481616
-0.16106539391485605 -0.04679269568366749
-0.14647020194827162 -0.025702056778566844
-0.19579235489234884 0.14470804683784833
-0.18285967532734312 0.18343839445555485
-0.22476065983822552 0.33240515598898807
-0.2275301433624563 0.2937575594569275
-0.21540934772054196 0.29570708732735457
-0.20394299671873073 0.15196647971240923
-0.13814054327588635 -0.16871063759634808
-0.10599672239111987 -0.39056354116472014
-0.09230170900387037 -0.43083859920890516
-0.06824038958427521 -0.6398072685549986
-0.03047316393527906 -0.7750709862907835
-0.11394016541253295 -0.49862673204935165
-0.1369772598375033 -0.3158163751879653
-0.20557463996255393 -0.15614937271821394
-0.22856917415836125 -0.083043671785238
-0.2767191735021391 0.09760089360103519
-0.33422926630743893 0.3033801627083145
-0.3819932978875222 0.4560649280444987
-0.47902936902509546 0.8325775089598991
-0.457943675501777 0.8157456625014478
-0.2317599450367415 -0.021444900424933865
-0.20508331433958468 -0.10917074567456828
-0.16359742929281976 -0.2835536938336815
-0.14652364968317022 -0.2869247496311801
-0.09338156604764071 -0.5427402068559279
-0.037620879077759545 -0.6961182862781041
-0.01780686973937998 -0.7716563446242032
-0.03760049554382156 -0.7041322721221644
-0.08435328950315794 -0.47185920719196695
-0.0957668487880695 -0.28533156245918107
-0.1514261466863166 -0.0023914130361511353
-0.14741334607910384 0.028583098508015974
-0.1438176266399679 0.03468176133920786
-0.16419135567752852 0.15119180734562962
-0.1960450202825663 0.2345933088746791
-0.1607563117460378 0.05147463938303259
-0.15483126694841373 -0.0260588607366449
-0.1253776189566216 -0.15986724977006275
-0.08717810825579393 -0.2694208592300375
-0.09530806214862336 -0.4220099461257474
-0.07255440072371719 -0.5451529660327226
-0.034312530283355666 -0.5924958025649075
-0.019595089108488957 -0.7617831081109949
-0.03312760744433929 -0.7200776111812064
-0.08620775132985499 -0.6399734186589465
-0.22550243864597058 -0.40585444847085334
-0.21582285026477863 -0.36362885481632623
-0.28666916710651597 -0.23675315777998707
-0.5512148887471442 0.20370167868909417
-0.5785309250447943 0.2644757681901194
-0.6436822839654448 0.4027849298211703
-0.5811197738079199 0.26934445160368126
-0.5277266422479804 0.14095923724712497
-0.4142939727213054 -0.047739682815816496
-0.31306230096435667 -0.21159972170567515
-0.1731468940076055 -0.3887412960747953
-0.09143129882269671 -0.627378087427258
-0.023745786600249473 -0.7015365632163129
-0.03580462067504338 -0.7143436791777588
-0.023531201888286828 -0.6122722036915034
-0.01580435014969845 -0.5591234711438399
0.04267064860099768 -0.1912509862548876
0.01582793524719894 -0.14870161753248684
0.02714643295575215 0.08219066720147689
0.05622014833051867 0.27068126897661826
0.07445867811155006 0.5289121220067662
0.09286111599932151 0.6118725642198829
0.046972857979394156 -0.06586535588823378
0.04269943612607349 -0.36812713398841856
0.02510252542014674 -0.44816830753039244
0.03669593313707116 -0.4519118163332769
0.051993821573721115 -0.49024359047697186
0.04625086469600335 -0.5528529854894058
0.025838758693898546 -0.718296632741196
0.024772648713286185 -0.7587414136633963
-0.04552791641043951 -0.585103075633225
-0.0943746197151462 -0.4744078347444819
-0.1617897652594736 -0.2962963208105398
-0.21291087501489137 -0.1408583311995571
-0.46324498130994934 0.40632185052575703
-0.4676739841448537 0.4367968621841911
-0.5280759503895293 0.59499620626793
-0.532065955795017 0.6106658340009996
-0.5067976408963687 0.5448526889448951
-0.4243970263040356 0.2605920222363039
-0.38075225727618944 0.26002700799245904
-0.3278780587928823 -0.0029184042506234685
-0.261997565727972 -0.15113047006872532
-0.19434645999705727 -0.32102661714854186
-0.1702772512997618 -0.4017224062980049
-0.04403774702815044 -0.7492026779471638
-0.06967929663912983 -0.5423099955985782
-0.057732180706384154 -0.4872736760871051
-0.06220184123554113 -0.4705954830903685
-0.06800548461336094 -0.21841862088085093
-0.09555827135529799 0.09603059049723739
-0.10170058270052368 0.24886396708804415
-0.10704907258788435 0.41167516392185133
-0.12335280792871639 0.7192042412911621
-0.11987300995982407 0.6139211361417052
-0.08906744802237913 0.406269709585201
-0.08424005684752621 0.19351357932265412
-0.051144703942305324 -0.19108770734272357
-0.03320541659834996 -0.22251431082571382
-0.022880383703756186 -0.37128096631304874
-0.010461482054489952 -0.5785131650396071
0.004183061580930869 -0.7136871825815104
-0.08355255161595772 -0.46240522870766226
-0.22316858185983948 -0.1457978646544963
-0.23187036722173307 -0.11964860548015233
-0.23443992494018517 -0.08504622908046913
-0.3633354157440448 0.18395844937310823
-0.4147544408002714 0.282932920372494
-0.4231476587906976 0.31428705990776257
-0.4135635850824549 0.31942108969455985
-0.37555910709451934 0.1642238057722012
-0.36202930630684554 0.15097936710920215
-0.3471234778701396 0.11404481296515978
-0.27509012011657613 -0.0982965754884321
-0.2293945464604664 -0.18989943416521934
-0.20911812849787148 -0.2641611370093636
-0.07814723549979666 -0.6378337108559183
-0.044239713543349324 -0.7617322242858011
-0.0406877483732401 -0.7391604419576703
-0.11362509484206203 -0.5942190534619036
-0.10682645408236123 -0.515023072846444
-0.13675184903742993 -0.3844503467173456
-0.18875379654982627 -0.19945876541453497
-0.2254046980042594 -0.12455766335179662
-0.4099853693205519 0.6226935369324927
-0.4130558101521334 0.6230230609074977
-0.31890217985133884 0.2689287545992493
-0.24730187367670198 0.07648958634106949
-0.16697003854018092 -0.17446875532346864
-0.1854885950368875 -0.18536690436702355
-0.18413797619773964 -0.18661536661338457
-0.1352597163641518 -0.3831349805970238
-0.0029125918336083724 -0.7678391871145245
0.00046356278239196707 -0.8033400033923337
-0.02131497324196843 -0.7609587076138894
-0.05384132862652237 -0.7254883194435299
-0.18326501830052747 -0.4637821829434365
-0.3062559470049349 -0.2586308512040401
-0.35310532355678786 -0.14396544494806868
-0.4182965983527056 -0.06685388370752542
-0.5410069683129516 0.1468204697902462
-0.6738018216608879 0.39569002012851184
-0.5704777642827635 0.2301061757934154
-0.44243608740164936 0.01952177514679049
-0.2197075040401948 -0.3650067272534029
-0.15294370906848118 -0.43946393068622236
-0.03757113628002809 -0.6463465525475902
0.018606127442630575 -0.7249856728612484
0.028247952869310842 -0.7284337437430799
0.024474927125043202 -0.7455290435259387
-0.15810730756468097 -0.35906596315407296
-0.215285354460533 -0.23856479209417528
-0.23278347658583137 -0.219458627383023
-0.24914345304953148 -0.187773570461283
-0.24796846938893768 -0.1649022571980752
-0.341640682779081 -0.002573963532507842
-0.5109903061340264 0.37825200823297944
-0.5869846311733975 0.4999298887361563
-0.5515624027248677 0.41576473458244106
-0.5295831028230361 0.3571573547505426
-0.5035665041636856 0.3123921031231808
-0.2524225954812311 -0.27271027775591744
-0.05774739411374239 -0.6797301086310765
-0.0615542616258124 -0.6913427286971487
-0.03393970036388492 -0.7844930425570167
-0.005458465596787616 -0.8077395837048119
-0.014169132169908491 -0.6821496029658355
-0.024544349519575754 -0.604401074615398
-0.04293994180909991 -0.5452681567854789
-0.04142900234041684 -0.49171420996735166
-0.07832108232670305 -0.13872026754892067
-0.06322144079288859 -0.09580353089362599
-0.08443389295116087 0.0789800210740967
-0.10294863866491782 0.2788632216920663
-0.043030093566911495 0.004676082816709826
-0.038198683519494084 -0.1464024515860543
-0.03955378340010416 -0.16687462127747027
-0.02204342453717089 -0.1931190670445669
-0.006075975346013073 -0.20870190439129913
0.04046359801070428 -0.6235989328313211
0.08156244085058939 -0.707670468859812
0.07212816311322315 -0.7589404655266337
0.061365765039943045 -0.7122320242521792
-0.060799915878623566 -0.2854083969425758
-0.0871035194802908 -0.1843608366049631
-0.15019486120844083 -0.05246028952903105
-0.15025330395608735 0.027802795725690586
-0.21240038005693315 0.18389312207474406
-0.22573572619849686 0.21281834162170205
-0.26340676589133916 0.3463318161577294
-0.21407466404945966 0.09990999280947051
-0.1882860023905091 0.0031600723200717767
-0.1273980859238746 -0.23366457708925278
-0.12359564622342847 -0.31450333549781967
-0.11865058687710511 -0.3283260598902535
-0.02883244800781397 -0.7105402717637974
-0.029147359727690145 -0.7380902380310732
-0.024988269213373115 -0.7479827791415704
-0.017059192396754505 -0.5910981367253019
-0.024650784684601065 -0.4009806856502262
-0.013465675610299299 -0.37646874035518196
0.006236254168203149 -0.2928762973780253
-0.02254191071411838 0.25367914514381334
-0.030680891215569377 0.28318401641115026
-0.016770316360010164 0.3314708486097222
-0.012628809055852397 0.5026025289824139
-0.008532975465833975 0.49980308443954863
0.00011570767821515379 0.33478069742544825
-0.0006459987010290892 0.07316869037415207
-0.007902948191829528 0.057277547163708434
-0.005597526382346712 -0.1737363442116538
0.014203910952819953 -0.19456028477537607
0.01135181187130413 -0.6741690217257854
0.017869050994166042 -0.7331259930345241
-0.04470232319587746 -0.3315795967717034
-0.06429331122324189 -0.1256964055863154
-0.07146941557423582 -0.08401927644233047
-0.09160919339972544 0.09496246763076394
-0.10204415370572323 0.15336931537967827
-0.1325257772363088 0.36775010416048454
-0.11410441459984719 0.38079456192253086
-0.15354078163183038 0.5180253600560191
-0.1420070174077236 0.42918594956056827
-0.1507457689137133 0.38141051329671655
-0.12399747625621321 0.2871303091309633
-0.08748241194778963 0.08349010394247823
-0.028720888003762036 -0.5681443713762574
0.005893162082372921 -0.6686134269373991
-0.0011848250736794276 -0.6814026490711106
-0.008044218904442867 -0.7143405368338928
0.0593873969559038 -0.5627101004953826
0.07800316268622795 -0.4755383525749301
0.20251249340592045 -0.1900710240495805
0.20169805674872265 -0.1421562310879908
0.23797307892613853 -0.1278164090129176
0.2527316088821042 -0.04157192741990158
0.40132876051286814 0.32601597125481957
0.43056445735575566 0.3848761069166352
0.40643186800031894 0.3510732895450252
0.3790552968873624 0.2752716851378848
0.39976611330756695 0.2667402041632675
0.3833151879954614 0.24406770574775055
0.2720172268069958 -0.0009789704975880554
0.1279868017867054 -0.3678750936586915
0.018377046021532444 -0.6632449564555096
-0.014746564981967024 -0.7657121819800942
0.012588405989978436 -0.554819233312068
0.02073718571895351 -0.4940568662268444
0.05473260210021406 -0.2812910430376895
0.06701899969395039 -0.10384363248578364
0.06880439493989009 -0.10334464820888849
0.13829269428894583 0.2195074573370874
0.12914476206646205 0.23745497323610926
0.15365534301106562 0.41055691291538104
0.13169066310171668 0.3877453103675018
0.0925630372713912 0.061606903524906984
0.07196977697743034 -0.0650718380518487
0.06266198943766246 -0.11466827112108936
-0.015374304955880984 -0.4233533536722361
-0.03587688061590328 -0.5892276153725432
-0.053461494125650544 -0.6339401648741265
-0.06720784170613196 -0.7342355596530158
-0.061091172091089184 -0.7310697069673945
0.11029859277367683 -0.46929306580987007
0.1747217138629638 -0.409732897963894
0.18175640659418313 -0.39391555802805106
0.17660157127972298 -0.37648504294250934
0.30920668538739865 -0.17727447841476726
0.3064228129119562 -0.1635330337063758
0.5255109041014906 0.12877945434791466
0.4955408576469568 0.09560720153221147
0.4306923706049764 -5.107408745089713e-05
0.3946005903161878 -0.057762392716011794
0.29553363357377727 -0.20501948099250003
0.20575697745256777 -0.3734148921968315
0.16735180065524832 -0.44596717486955434
-0.026915802419318083 -0.72790837848966
-0.03069364633714397 -0.7429624930328638
0.00817566253434973 -0.6949415002529887
0.057848386325209 -0.6274348119013841
0.3375868363759126 -0.22457833969205224
0.36790443288889524 -0.18952955134544788
0.4222413344628116 -0.11494925542627998
0.5787499129596958 0.1062764306262371
0.6028837808050879 0.13184923665041923
0.623355748636208 0.14940527655055785
0.5342836215211575 0.0275230376638701
0.40502052489918816 -0.197426637588407
0.3456287806887632 -0.22874516657311694
0.14784438892008692 -0.5055217840291104
0.14539680027918783 -0.5182018527578239
0.11844456071533216 -0.5628927492680247
0.009562598465220671 -0.7109594079483442
-0.03413857123216188 -0.7727672156026679
-0.022079945099741392 -0.7458635463924025
-0.03619628424690486 -0.7026143218741286
-0.01154565222333617 -0.427948173704529
0.003319937887937236 -0.35757325249779365
-0.009536269853837612 -0.14797649297637067
0.0037151845893180872 -0.03965438965767954
0.005692776065718846 0.1266631205940989
0.011641057889798079 0.22320085011603755
0.017529140949444688 -0.055855148217788295
-0.01055030615964258 -0.18635851828201416
0.010745668556236196 -0.23924682553596835
0.0029190753157240508 -0.26527875443065063
-0.015144274309213517 -0.3864328394668389
0.003925678309835383 -0.51387289042192
-0.020244883446281548 -0.6632135007695366
-0.0028752834396802538 -0.725076451241157
0.06961575643504093 -0.5561841483912463
0.0962503566462518 -0.499195151572606
0.1297545512706537 -0.41185031553019325
0.19988356086604056 -0.1862193509035787
0.24822341353287442 -0.11369297365832486
0.3140639609329416 0.05006695305368618
0.43176097450196144 0.3484657740931381
0.4527751426447427 0.40473529434162603
0.40291625658989266 0.27627181022455666
0.36849061237954744 0.19669741437436417
0.3519722924337264 0.18267027303978497
0.17087209553895152 -0.41063049363336834
0.07819219770457585 -0.6163452665670648
0.07307325993079107 -0.6252676722245064
0.03558002786089334 -0.6537144262209561
0.031247892680610657 -0.721867888485573
0.10621512303624309 -0.4884401675771409
0.15251332015104577 -0.4296344023144408
0.14655532053229034 -0.42713790816987895
0.27624575656452915 -0.09378359448072168
0.29163291417636666 -0.008905182721629195
0.35313271187423334 0.11365891323095617
0.4372132014344808 0.34703058178431007
0.4772458734060555 0.4569768280896259
0.45102764141011314 0.40453149909292246
0.45061262652163675 0.3301605336425393
0.3912196145013061 0.24718730342437428
0.3508415688726439 0.12366962578067782
0.2378316442521997 -0.20552807954914457
0.18692731116580838 -0.2952050892543656
0.06529139454597009 -0.637968822477902
0.03182180097150228 -0.7480123759435638
0.008678666665063742 -0.5751949746954977
-0.04736933349617828 -0.38612861806637644
-0.10629202486580253 -0.23604628267303954
-0.09978440728849484 -0.08819153587291415
-0.13068056858622995 -0.07040009969493612
-0.13545636069617162 -0.03584004261662058
-0.1995709129097628 0.18122850522750591
-0.2932403345456619 0.5986417072531639
-0.20803062864906233 0.15681600350069136
-0.19290360736314438 0.05111373515071724
-0.19050950484813092 0.012109351559721584
-0.09153579095692448 -0.40609878736687394
-0.09773347460937197 -0.4864754877637183
-0.055664355655633865 -0.6590047214226087
-0.051104886373937265 -0.6982915107878186
-0.02879368225031313 -0.7938595516236584
-0.022432288932959715 -0.7787592252074814
0.09706140628258218 -0.5386000694455765
0.10302855242275565 -0.5177469942408265
0.15750418231820731 -0.42459879987129445
0.20800559582890232 -0.3014664925294975
0.21328525679444585 -0.2746004446724206
0.28692916615287745 -0.13214278941311994
0.48471484842505996 0.24555416199119648
0.4823785561317283 0.22784331669222546
0.33006197231212026 -0.11375622281228771
0.2869627568912149 -0.2089452418178458
0.2922741169588086 -0.21565133511440718
0.21402024176029086 -0.42544933079187386
0.12014547294846958 -0.599644481800813
0.06332539472442912 -0.774618662050786
0.05658537749578369 -0.7862048040899549
0.04708932316474527 -0.7234640656534675
0.06521609993730934 -0.7136825666609774
0.04293341218917617 -0.6484539713085348
-0.01715166479006565 -0.06329238156149267
-0.07125141416407774 0.2418799542464718
-0.06485670451822781 0.2640696084510908
-0.06939042953226031 0.27990884355718815
-0.10174814741666904 0.5032213147141469
-0.10257799893185882 0.4751799672689459
-0.07544247084829857 0.3447462418047966
-0.026547471124135007 0.004348902243628515
-0.017685239797703145 -0.19061640019729434
-0.026265665537575034 -0.2763954099023281
-0.007149875544232706 -0.33607744212153035
0.01442367486847684 -0.5743151750179544
0.03790477591853052 -0.7183856343123418
0.007367054865480035 -0.6293346835697728
0.003589522525410259 -0.5873651518956374
-0.016194294806377386 -0.5608673584336281
-0.03371276034377241 -0.4435679986721709
-0.0896175111809174 -0.2056900636263577
-0.09883001230022788 -0.17594062913922506
-0.1752544779266444 0.0210794514375675
-0.22513436459691252 0.2153693994774305
-0.21544662233730968 0.19405953829180314
-0.2333239800268945 0.12189819868439665
-0.18768604373661282 0.05718667831560191
-0.19273815192324725 -0.0232089907825724
-0.11438147709166999 -0.41863244703522207
-0.10280039210761971 -0.47297810130583157
-0.07710985615190702 -0.6818865980848758
-0.048987172691545844 -0.7296396377772955
-0.2344043665638547 -0.126950864465514
-0.2391935603196194 -0.1240655531767824
-0.2379130907910723 -0.10626746365470756
-0.29498052416917486 -0.0009055243854743144
-0.3064589341443663 0.08682144705808909
-0.4175624018964195 0.41833296451520885
-0.4092333559693633 0.440406854632758
-0.48604406915714904 0.6432993439724983
-0.4644195769428539 0.5678949063346977
-0.4229349930429523 0.47500663992853764
-0.3076867523260678 0.12958645295267876
-0.2766364148517653 0.03444075995372704
-0.18066572810294038 -0.16507224398171516
-0.1621608856256148 -0.310413457761969
0.010191664662294016 -0.7124243423566115
0.002486755443144435 -0.7346632208547361
0.024522631512968615 -0.6378185727784612
0.03900988759538325 -0.6183592523823954
0.055942132469727346 -0.5272678303280822
0.2143502487922705 -0.10773046602782738
0.2726983943060563 0.11627346358890814
0.35714659572973534 0.29933928018444433
0.38067829714880236 0.3699150107768637
0.39314285272250266 0.4441622047635705
0.37091287143158697 0.3536783910213776
0.2943364585126266 0.14717884337238807
0.12414324279483664 -0.31023533518721613
0.09802877062297599 -0.3840968200699018
0.07226611115666129 -0.5667666685329696
0.024056078163464632 -0.6234541345902249
-0.008155680816729863 -0.7276033837811096
-0.01662925485992892 -0.7685600472250917
-0.08266678305981541 -0.5789247773970655
-0.12832917030496713 -0.4117525827860544
-0.20741882903262118 -0.24700873563135609
-0.30025599971238126 -0.014298195007661052
-0.2930442414691235 -0.007985857020373664
-0.30778414741819315 0.07136002697130761
-0.34451165714396653 0.16879130970968967
-0.4235628199826724 0.3666245755892152
-0.41036661110215744 0.32217149401572404
-0.38756324300488826 0.27090027393854704
-0.39171263515156884 0.23530107542530324
-0.10256934369907872 -0.35999117821376825
-0.10134060358910937 -0.38558419661304416
-0.06532963798620733 -0.4639802016375791
-0.007458120226788385 -0.578402678932736
0.05226533699446397 -0.7149164647985041
