-0.008196835618321139 -0.6901719600651597
-0.07110578086570195 -0.5482013089934334
-0.16767684233681168 -0.3563894723018533
-0.1966606317515886 -0.22408175411085274
-0.22923859033522778 -0.22861467126009566
-0.21800546828480827 -0.1986945729211103
-0.32365704850021465 0.05688820856179254
-0.449088885563478 0.3205376529741007
-0.3689841775311631 0.15323553156663003
-0.324878983205163 0.015601375736303016
-0.3072826259880613 -0.03392745495987072
-0.23753429420021616 -0.25745276784027427
-0.15644966668485563 -0.4980143242644565
-0.07441823750163522 -0.6289235089597357
-0.04526068670428818 -0.7483685887570763
-0.012090657648642308 -0.819376482777601
0.0018618237605984196 -0.7276786387616788
0.0028436493198791095 -0.43255520028246086
0.024897920223532186 -0.3533208369071847
0.03586981208488388 -0.11072317211754093
0.07302032177603845 -0.001632347891434421
0.05770003587163192 0.048479622105099374
0.05440687722387661 0.14220777846049845
0.08789406334239669 0.43314197137052957
0.07729647140914601 0.3761057048776236
0.07983428504792092 0.26165499386822616
0.058863793760974684 0.2220615714469265
0.047905842170571256 0.02438264778640472
0.03335800469165366 0.01836318369544999
0.014322174251098949 -0.1995852292040601
-0.02402003282950908 -0.46697493816162816
-0.05031414589819875 -0.7331852899540412
-0.1625774245384413 -0.3955458961950978
-0.21314847241655469 -0.08130266380568536
-0.29612190036319336 0.20142465038437693
-0.33329455033890004 0.3167980991190252
-0.36819575609858507 0.5175618049017279
-0.39471348153672214 0.63236709329993
-0.4143546618103392 0.6923720779504644
-0.46353315749752766 0.8707072590808235
-0.43737949086760297 0.7993237037967711
-0.411119333215123 0.6648746585794814
-0.37750828069957826 0.5667752329305018
-0.3499027484861958 0.4838935730946807
-0.3196992273898117 0.3842146622390776
-0.20325417000837523 -0.02365377227205743
-0.17026371889605088 -0.0771276314920389
0.027084152253627737 -0.7392168878233059
0.005903308641985112 -0.5858368832445254
-0.03213223154050341 -0.4783361936523912
-0.03270194155141963 -0.44211856492689994
-0.03756670326278834 -0.3581243989152106
-0.06010304507111706 -0.3292717715104181
-0.0760779975647464 -0.31078370172313485
-0.08490376344201597 -0.24075209514006424
-0.11771961013875976 -0.11933572978400381
-0.08490610036230119 -0.22692292072278822
-0.08577949862102877 -0.23441581404116935
-0.044525068523516315 -0.46252135084984863
-0.047289717896149316 -0.5124457345587757
-0.026094205454856856 -0.5414823339229703
-0.026366995820703537 -0.602411193506008
-0.015098864329899158 -0.6812002717143079
-0.00111942953629765 -0.7564860325460799
0.1217302872773368 -0.30507971877203227
0.14699100201066412 -0.22109202639183312
0.1411767984541436 -0.1700012010114625
0.194830443982313 -0.05658297301528539
0.2192283525294433 0.008828479674187668
0.24293728769963566 0.09587843405783725
0.3513755192077489 0.5373211397556785
0.3728087821426078 0.5936238117071612
0.34521945301740153 0.4880661883609695
0.29925195280313677 0.2722185606222534
0.2193858592302401 0.17050135780745326
0.19091352068515038 -0.07235395042817283
0.13972603611805 -0.21142737262453348
0.12784356741046346 -0.3491032402955352
0.02510802520434386 -0.6474718471732852
0.014203096404375221 -0.6516950318149484
0.06448653191612051 -0.4657128751404727
0.10217617054066934 -0.4272976505212039
0.15142858752898625 -0.2673747810681942
0.19481552068389252 -0.13709742377578715
0.2098605730023632 -0.11457120333314866
0.3075963529464972 0.24631072638588627
0.36151792131616245 0.3446933301677395
0.40688898424908143 0.5032327123246816
0.3909683232774646 0.4407182241127734
0.3343538942213642 0.28449399240706
0.3248860910162076 0.26840837587541744
0.30035138093249875 0.21531491243968287
0.15186393200628667 -0.2479905077643359
0.1114538257958995 -0.36390112558197524
0.028858844638469452 -0.5839229320804576
-0.012340735839766316 -0.7300441244959514
0.15875611157279843 -0.44354169095630075
0.21006821998216316 -0.4414933667357974
0.26240433955670306 -0.30397521701445046
0.29314054387780203 -0.2935167021137258
0.3559843524858275 -0.21232423342436219
0.41831171846098464 -0.11276795735904098
0.6491677953690045 0.17642089831304258
0.6909499528106111 0.2553328569111491
0.5863733799063565 0.10940954034200587
0.5243830545630881 -0.006812426242193427
0.5007355462033104 -0.015710469917157188
0.49947749611166775 -0.04271713507940765
0.16996758250138583 -0.47026134378535656
0.16558758948202132 -0.4750940627378466
0.02288981635358389 -0.6710689705992777
-0.02822513159524661 -0.7503403488871266
-0.0783080589441284 -0.6450767673733596
-0.12219385240481424 -0.556108352779177
-0.3874602577199978 -0.05740960055512545
-0.4184049379999557 0.021421917618041113
-0.45064993608710374 0.06736673253137215
-0.6127223389767567 0.3818056858104721
-0.6079803232927389 0.4132537618584045
-0.6489600795483034 0.4806550101631648
-0.6343476155468117 0.4787202460446161
-0.5806336984439142 0.3505045753445961
-0.5861597678766615 0.34398155940939595
-0.3954237154358184 0.01833935947395736
-0.376992006518721 -0.009814403567411303
-0.3767765025372891 -0.030062593123243303
-0.2642721009890587 -0.22292179280350824
0.009606217787746296 -0.7255791516290845
-0.00898043321183778 -0.6719714838608463
-0.03802513171979097 -0.5646576922172661
-0.05394590179992237 -0.40472595185602717
-0.1321388372126046 -0.13925975889258593
-0.14450672766667008 -0.12785584138554829
-0.161839221746428 0.05864419870351686
-0.2527846441669061 0.27970850440263617
-0.2543488358804562 0.329696266302222
-0.22111354386763782 0.142559626254405
-0.14225713039629215 -0.17526561939562915
-0.10983899286187553 -0.29727925848000053
-0.09110802869224102 -0.35475874464671964
-0.05489719051238513 -0.48166539863334085
-0.05895570861841902 -0.4932848274761761
-0.040593648615879344 -0.6401328715376641
-0.01739684804068262 -0.6921194553208306
0.02088928823078963 -0.6040953002389132
0.34158993091869616 -0.048897907528204027
0.34158002710751184 -0.04554631621790107
0.41579677168401324 0.06286971175279127
0.4249390801227054 0.10891403496414577
0.5319913196336212 0.3095806070966694
0.5997770535737292 0.4212660958077849
0.6605127783312603 0.5206800734395804
0.603410246473163 0.4180620069117761
0.540164857448158 0.3081716278038371
0.537923897501845 0.30254060970066343
0.3877426148922272 0.019292619196864334
0.3127106323054158 -0.15599639504537993
0.23458460690221306 -0.31034961072502737
0.12587718909536041 -0.4841882050209538
0.0058779826486655 -0.726244431194243
0.027830558006189533 -0.6516309788321404
0.05649702866612524 -0.6074817050653342
0.10201749458861654 -0.5382687092497495
0.19043890791988902 -0.3274359283275052
0.21479307016705906 -0.2205344194835262
0.3298465554462238 0.026623823958954858
0.3952681540405131 0.23518666702659438
0.4774040513273452 0.3892379058953902
0.4802408267202602 0.38654948091852714
0.4442894258192629 0.3210664790666417
0.31498787623547403 0.08047706951250229
0.28641342528716673 -0.027544805636782053
0.12495690257586255 -0.3609420419604862
0.09727570867363014 -0.378003201574318
0.004710889211066106 -0.6298418864758408
-0.03840426400622044 -0.7091854559444463
-0.020952203161389963 -0.6701437313392385
-0.001108296170120088 -0.3757406068865575
0.006121215393109246 -0.32649138989829113
0.025578007166584437 -0.2840276023705512
0.05355264007913428 0.016146566753601377
0.07615066363840123 0.07246373428866462
0.04627978227071118 0.07743852461031263
0.0950622735665761 0.3233435447803196
0.08874550565741712 0.26790416951141316
0.08910863043232425 0.158566342481345
0.07661827175270323 0.08885720451144717
0.05007840043197026 -0.20623474812876486
0.05919577410022246 -0.2549346931941887
0.049410898703387135 -0.421194653702457
0.016437851634894463 -0.6271460170078643
-0.004336693190183743 -0.8057141127856444
0.23753111107419075 -0.4290543759735356
0.3279512723213127 -0.2451285785621338
0.40561604841211296 -0.16184316603620774
0.4432726537492023 -0.050147450240078974
0.5413179159251659 0.12023062868516565
0.5488223020784961 0.13153252109601302
0.6322444600943993 0.26377046444628305
0.6552194235759028 0.2921448741573518
0.5273394785288383 0.11862216725915077
0.24544276392434278 -0.3522753541967556
0.21099067067362465 -0.3839294786964565
0.17580476772547157 -0.44236802400969016
0.1615102772060285 -0.4733561453441663
0.11171525468318597 -0.5631642444736884
0.05539784732174709 -0.6643011500530106
0.017693146202969762 -0.7050465492282125
-0.09568170691287352 -0.4619554272741493
-0.14351078416666754 -0.3398176179554229
-0.21688643121824458 -0.20782264170091158
-0.2714214350149276 -0.07295713758293412
-0.29099360311601274 0.0036754292087942675
-0.35766503586507997 0.10056923693912738
-0.37247356467054693 0.16779383939076234
-0.45320417070976615 0.31150032234803104
-0.4203670776713683 0.20726314612510433
-0.3293683031095674 0.024880749599912516
-0.3027725657713882 -0.051151323845162106
-0.30826982359745153 -0.07459848083906877
-0.12761529506286323 -0.4502720717803024
-0.06096043539517375 -0.63030682493262
-0.07569945181344442 -0.6433346259209408
0.004338271657302841 -0.774261060267072
-0.09801504376229546 -0.49053932816307666
-0.15394558216079568 -0.39094350229144137
-0.18827757303473497 -0.3357198944053748
-0.1763222194317036 -0.2922508479114716
-0.19576993057749612 -0.2688793034391877
-0.30137617217217477 0.00813535516422548
-0.38791483902435986 0.22490471383804195
-0.38829935323498715 0.2278768862085483
-0.38264599336160987 0.18220878243880048
-0.23952361868867236 -0.11487886880877979
-0.24268571991324372 -0.1671868352787641
-0.1780931912626289 -0.31620612130481196
-0.16110497849127672 -0.3816510978303175
-0.05574968528864613 -0.6730068656867016
-0.01857618261328399 -0.7159108958093541
-0.02124851861109316 -0.7250756103713032
0.16632205411153853 -0.389613090658941
0.3428931064780346 -0.05744644738451782
0.4507100428158332 0.131136594227804
0.49662443869889933 0.2240675060900849
0.5322965205532066 0.2897885956069954
0.6077006895362578 0.4153827294898166
0.6935291667686814 0.5641993661134295
0.7683118412813296 0.70131590971156
0.7458280335820233 0.6743844710089676
0.7360395850551739 0.6159512443821387
0.6844286870640226 0.5475874588587686
0.6634182490056251 0.5013178385072613
0.6511443136759393 0.49731236086606156
0.4978966036579822 0.2062517643218863
0.49818986317102854 0.1753889004368672
-0.009548169276617939 -0.8050820472762654
-0.0324124427193644 -0.7452363102374102
-0.01695755620660728 -0.6777886114287963
-0.03960232063332807 -0.5808712515406184
-0.09092172613407036 -0.470027339958375
-0.1297004715171987 -0.19855387813511616
-0.15860495012002812 -0.144537603764704
-0.19997588453921147 0.04948009334689883
-0.20007908892408763 0.10289264722347335
-0.19490332689870868 0.059554369979824794
-0.18200411225301008 0.031140167740951213
-0.16280799323692302 -0.05387910614852308
-0.15387179827750397 -0.06517718935066664
-0.1318152429141396 -0.06219757448473593
-0.09491397184607984 -0.22471037089909748
-0.001706479259135087 -0.6262375906921432
0.018330685599277058 -0.677353639472309
0.0062960661199265204 -0.659261792937131
-0.03677059052669661 -0.5116170357373814
-0.058426754504829675 -0.30069612169564613
-0.09022860428044496 -0.20350906478645794
-0.08424700853173528 -0.16852761212570078
-0.1323401097098617 -0.0023612185315565973
-0.14643686154097948 0.0521548483160568
-0.22933467301095295 0.4574393556950307
-0.2214782718731882 0.3476436454224548
-0.18257041256594977 0.34517507714803264
-0.18515293497341803 0.16498914414493154
-0.18762790720341602 0.1428311783090632
-0.16901477802882964 0.10865881459790729
-0.1374042978234337 -0.12015126860314701
-0.13883990117444775 -0.2604362716740694
-0.05835741917638655 -0.7719013837346739
0.0014013954916464039 -0.6557166342463147
0.05396780323782498 -0.6125237967029201
0.05182005503922817 -0.610255961259423
0.21014104200846567 -0.41089797714574705
0.31702976896540724 -0.27649002172828097
0.6329030045467543 0.12021679494784321
0.6720738025223865 0.1414363151887939
0.7008229696228585 0.1968133503012155
0.6233468122533089 0.10257939471382775
0.5478558564925974 0.024618297891724476
0.3953491666396813 -0.1924616061078265
0.3923208604495857 -0.21762491310877338
0.14489677374229987 -0.5582668748206062
0.12360476474315979 -0.5576386779666679
0.06323225870263127 -0.6678073347240494
-0.014187452713396045 -0.7398926565167088
-0.06909577025539988 -0.5790683916854134
-0.15587123992180196 -0.40649816830807406
-0.21525779605793713 -0.24892922687275038
-0.2558151134608881 -0.15676621807088556
-0.35236575152908656 0.11282358285599724
-0.41307943499832844 0.19579929224896014
-0.4015700940151498 0.24304633473451806
-0.4523212985328115 0.33244271586170404
-0.3848169070924596 0.0960412342731343
-0.34754344544841703 0.07848231963032978
-0.28289446044474975 -0.15273850031245048
-0.17684503765458073 -0.363468823296969
-0.15309430300929655 -0.43533636197874587
-0.1436556429334648 -0.43979373500620117
-0.11862229489000461 -0.5299747071411799
-0.031134141479929274 -0.7495648086644308
-0.05372290138639545 -0.7318358795904314
-0.048615600047237445 -0.7255125977428991
-0.03974174015673761 -0.6841736685483772
-0.03403106812768915 -0.4464378520643892
-0.058092608622800496 -0.44368612226339976
-0.08707591344281486 -0.03176049143566126
-0.11394056379634832 0.29911295466536175
-0.09693136594032536 0.33520073636707337
-0.08686217548612316 0.24866167907554698
-0.0711451964671323 -0.04518212676791486
-0.05739117735053329 -0.2619663131003607
-0.06390368012997967 -0.286016557475002
-0.026298769729956414 -0.4598841123505782
-0.016035889353124604 -0.6551151993837815
-0.026695077936332814 -0.709092052302277
-0.02489692537909334 -0.7465527487272299
-0.11994957900824377 -0.6019723650550247
-0.1409242330172293 -0.5744737885427517
-0.20050166888020693 -0.48811990593729415
-0.2209073465547737 -0.42673295750654594
-0.2460625123467299 -0.4223432128861766
-0.40165824520011584 -0.14815489496298942
-0.5897710555894358 0.08781793583903046
-0.7038585349837578 0.2983828366831813
-0.6088767949691355 0.17871771794729682
-0.5660238956944789 0.10887241134224342
-0.5076025835214568 -0.01235022838264753
-0.43315570978062623 -0.11870528507607807
-0.313384561134625 -0.2867251894288137
-0.29249801949760545 -0.3320336722996536
-0.26235060895576234 -0.38339755561945366
-0.031573422103801214 -0.7231291089440524
-0.09070549493723754 -0.5937022464501959
-0.1446144705604167 -0.5110590468383949
-0.23250201953789784 -0.36930038284926076
-0.2581471754383879 -0.33652669017511766
-0.30146610787108585 -0.26756877106793064
-0.2883258310391655 -0.24208649222331066
-0.3790253740622107 -0.13512622430441198
-0.3834705336294337 -0.11542771228293602
-0.37224655148814517 -0.12302048198698873
-0.2113915150582101 -0.3720128593391026
-0.20045358260934096 -0.3820475706619886
-0.17650922198285013 -0.4711977107618582
-0.11400077524892109 -0.5598091162161752
-0.014244542043391512 -0.6541773954264258
0.03866151600704486 -0.7681702376011406
0.06237281260017741 -0.8117321803921271
0.07530550780165708 -0.809704357100478
0.09669788761308418 -0.7189918185095263
0.12041218606292038 -0.6749004187968678
0.16338134476380622 -0.545539641082852
0.17488693053210722 -0.5105251473593015
0.2505173968957542 -0.32941100492751785
0.39522963651274606 0.1473183350059832
0.43084583463481846 0.25526646933477837
0.404736111919785 0.16224317926187468
0.37507620477412845 0.1276054459067422
0.3492759736637404 0.08407138095168283
0.2967042453215196 -0.02387227739005847
0.26766242136122864 -0.15519656005977528
0.21392005291990987 -0.21456010362813685
0.07936961024089573 -0.5683940870793845
-0.04027950371408046 -0.7980450399577095
-0.011308679452196081 -0.6288923632658242
0.07281536600310709 -0.321380851587886
0.08478539245287858 -0.2490894993405506
0.16035755255155912 0.10369861308244886
0.18948451154002383 0.24957408876189835
0.24384220381448898 0.42359499023089964
0.22539796863374875 0.4379020635218253
0.2308947616763556 0.4562925631698934
0.19513319728778378 0.333873398304301
0.21125548530915123 0.3226650992934003
0.19269678090242087 0.2801778093452759
0.2102469005147731 0.26815423486100687
0.1900429500381507 0.16614128639285564
0.1587765489567948 0.07721218887908651
-0.014008366276776001 -0.7249668273223284
-0.00752988520240078 -0.7441573458226024
-0.026549528184868287 -0.7438246629745277
-0.04847785532258053 -0.5406788876039884
-0.18101441688825384 0.0011883576343949325
-0.21862416776049984 0.15133786613770994
-0.2710519163961671 0.2515253682952389
-0.2706541481463961 0.2995198355073354
-0.3143448009526419 0.39016252760274583
-0.32539126655399025 0.500594976407336
-0.19966832469826148 0.1213542672635432
-0.1971084130390657 0.021270248470943505
-0.04685425999834735 -0.47210637165046443
-0.048910116037434344 -0.5147399300877608
-0.014085799305774872 -0.5811080549553075
0.001464954081396355 -0.6494383685530224
0.02828062908100737 -0.7117536905873815
0.02452811054720883 -0.7286176812622055
-0.08105325449877863 -0.3594995412199227
-0.08347086036430275 -0.27642433649668396
-0.07988466353926649 -0.23037744570426433
-0.12285748742400424 -0.14085596633534067
-0.14964930733548978 -0.04286149618897073
-0.20570031129809785 0.20866185984328636
-0.2164017969943386 0.2552629268694481
-0.23320041565554878 0.3415785388110953
-0.2151765180893849 0.28113939214736
-0.1421930575697868 -0.09682675297508633
-0.10459553777527246 -0.14528933440430306
-0.10887136312992335 -0.2071535048417731
-0.10530513562845721 -0.20937253287848487
-0.07967749962784584 -0.315565335905028
-0.03506059623842706 -0.44933566550391146
0.014040264066507484 -0.7028589839351993
0.02577075849129216 -0.6420135375502316
0.049424904206234355 -0.5613902635405714
0.12351061412036728 -0.3854426445591439
0.21198971187019738 -0.11711803230285783
0.2091281935725845 -0.10466413697793775
0.2631571699632146 0.05907487299989101
0.33861159881139796 0.2638494848298978
0.3420064806178019 0.2747487232878143
0.31839451015901904 0.23789096620353067
0.33082559014500573 0.20939141285867433
0.2528997166022968 0.02373611158729354
0.251255547158627 0.001321841148753129
0.2419155062072101 -0.014203495569973464
0.22137734367396858 -0.09665241709931569
0.12573432811648835 -0.3588564846428993
0.008378072057062284 -0.6759355797403915
-0.031589091117354 -0.5698999198245801
-0.052102476993000725 -0.5759655034764093
-0.04146760155247675 -0.5513915914958415
-0.07543298117427108 -0.45845880399770783
-0.13477944068745012 -0.34826720421595025
-0.2736254844888539 -0.08118262241944205
-0.28064732824429656 -0.04286092494884308
-0.44912070243169516 0.37380940320418765
-0.358754274822373 0.1674441266821663
-0.3371634833183471 0.07040367444510619
-0.32925569168236496 0.04995865834971397
-0.29655510874582836 0.039516399124766566
-0.2670876638896214 -0.04021099893457073
-0.22758822002441814 -0.15103434865137194
-0.08324187743204323 -0.4780762860922508
0.008289546288327239 -0.7306818317031514
-0.0014465116818487122 -0.7208771098037497
-0.02261657520859805 -0.5940083086254875
-0.06755362794006232 -0.46195283771118983
-0.15135196928753372 -0.18494139359789527
-0.25564104794505826 0.2295229189188076
-0.297758932632652 0.4065456231055903
-0.311430700182776 0.45074948676500465
-0.3679115847500916 0.6464383992333399
-0.2945439227523372 0.32108044811728115
-0.2502202700919131 0.0860172015505894
-0.18012063203053247 -0.06975765148325126
-0.16866726271045898 -0.14189238068088542
-0.0730141714714205 -0.6167745463383398
-0.0413239061609699 -0.6227435422821812
-0.025715811803491914 -0.6983041916060282
-0.016971253010833586 -0.7848251469984865
-0.2898657362214006 -0.2982518320261966
-0.31534834245272897 -0.22944326721128333
-0.36122450081319596 -0.13872583515038545
-0.4041153892009376 -0.050643562271791696
-0.43315146559218265 -0.018135232348183653
-0.48092446320388194 0.040433887462257935
-0.5372476476965646 0.13003955290997407
-0.5670832821156943 0.21227710994343402
-0.5276872265507191 0.1855547146717186
-0.47932056399875195 0.07453583006835643
-0.46559133012423554 0.0629128130952007
-0.21896481637311546 -0.3411790596858237
-0.18542788430197338 -0.42622405550505066
-0.1599170103028063 -0.49045160993403997
-0.08379919973935318 -0.5995667085816945
-0.006155629351357249 -0.713855073479573
-0.013948556533532785 -0.6392783018667612
-0.02181923316818076 -0.6138671086243281
-0.055835854556497026 -0.3078273457943687
-0.09280122246566726 0.07501335413613405
-0.11553848811600347 0.2677578191001082
-0.11070833716211885 0.2699188712745735
-0.1381769788692478 0.473752474126788
-0.14109071005830182 0.5319422177773174
-0.11311032061526986 0.2846604715965131
-0.06818441006169161 -0.015046709427782645
-0.06512938884943686 -0.07868958683441786
-0.032781961663469854 -0.32263842670366083
-0.00795898813480216 -0.4385052822697159
-0.0017633088395509284 -0.5659713603243467
0.023633211512658233 -0.6410169809148194
0.02869955208755014 -0.7904303842208272
