-0.08769859774795274 -0.6496399306867159
-0.2671717488815703 -0.3519110241299471
-0.2848936107822098 -0.306313886138098
-0.34096287822870047 -0.1966327123829362
-0.36438671494351554 -0.12550400491276922
-0.4080429396929242 -0.10332715678444156
-0.514476184722688 0.07116957436553198
-0.5136898788648241 0.09232066166230757
-0.40234716525297204 -0.10932515696904209
-0.33505078327317006 -0.20789586300583512
-0.2941963609557651 -0.26039288367138136
-0.2739428698009387 -0.2933391703764593
-0.20577032201339304 -0.41127466726286543
-0.1163882474589234 -0.54706817078784
-0.04372581008292949 -0.712313635053007
-0.004620131981939627 -0.7429452399752919
0.0025818412081746213 -0.6766759337640137
-0.02642210148179404 -0.4436005499436123
-0.03281873618021766 -0.3389088746917815
-0.038098207750081894 -0.2726151257000707
-0.05433359517121468 -0.2513747793030105
-0.03982115980735286 -0.2419048727462673
-0.08431590908944596 0.17258508716635543
-0.08496013578048855 0.3160581901874319
-0.06719278593807063 0.243635514740496
-0.05921047519202798 0.1934040709799186
-0.043176605773996984 0.06614418876916327
-0.033477022503417025 0.02072777074789254
-0.040115367529852515 -0.03918894401413614
0.015043838232881255 -0.38780511216930796
0.022264807931526506 -0.5305855585294164
0.06079147318909345 -0.7050283446770542
-0.020979835505482824 -0.6159549692457068
-0.07731646374017014 -0.5151862916343345
-0.264191970099536 -0.253235478549578
-0.359274574678335 -0.15643649869024756
-0.36648083908824464 -0.1519068072123024
-0.5848494498584353 0.11076439707795178
-0.7343670612672988 0.33800329067701707
-0.7427543681473041 0.34288120089120055
-0.6684426292835691 0.2329602983903487
-0.5817469102884849 0.09478535158104184
-0.5458479220380899 0.011888704473262917
-0.47896978990850514 -0.059832469537633264
-0.4002337714668899 -0.15675856053058948
-0.23318849611008097 -0.3996263059408024
-0.19727326270828843 -0.49159520193456235
-0.001080272358921053 -0.7391493449353693
-0.06757410747001019 -0.5819616438515721
-0.09754577388684346 -0.46388770717322125
-0.17231913201880264 -0.34333377695495043
-0.2593338305289154 -0.14221947673303587
-0.36706104732952693 0.08243102846499219
-0.4368267920082778 0.2685547234147118
-0.4341174146199656 0.29826306457379315
-0.565826115129205 0.5455314491034868
-0.41079035481724163 0.18198980297342393
-0.3047332262407797 -0.030211481489559325
-0.2529090584751865 -0.15882601492893153
-0.22474772463087658 -0.17353856720237928
-0.21418005141807764 -0.26138745262376967
-0.13944422777587476 -0.35575562962262397
-0.013135539508230938 -0.6936525255935186
0.03338864439680114 -0.750631007742995
-0.012502060589504713 -0.6849160280352206
-0.11546840602334416 -0.5437436541819882
-0.12358419509533752 -0.5363194462005929
-0.1473853882809457 -0.48583340998362984
-0.36125193119465326 -0.19509085145784485
-0.39419230860936516 -0.18717373905141982
-0.43548871022540614 -0.07596264064392903
-0.6595921694445448 0.19174134646639296
-0.6579227103499369 0.19164371237367012
-0.4822053729746392 -0.048481886625260796
-0.4127835561416119 -0.12000686592385408
-0.4046157275337946 -0.13872311144283664
-0.33831771256958887 -0.23463880729786735
-0.295912022757175 -0.25028600494454767
-0.2061108663130053 -0.41950134461309013
0.03261343791275007 -0.6837103051254376
0.0029682404349329738 -0.627380436057981
-0.00442247272178692 -0.5225481992562593
-0.021031170231303388 -0.524203504661996
-0.0362748652453881 -0.47553657894581325
-0.11177059163139051 -0.18648784517777728
-0.18176425152581474 0.03449857518503456
-0.2029005531716769 0.19690577275747148
-0.2318416925893897 0.20430256524044108
-0.2055182691881859 0.15176360669398545
-0.16065270713280652 -0.042953564764141895
-0.11367838526867922 -0.21466737505424446
-0.10724509058173612 -0.3008765157424776
-0.04778129776558654 -0.5012593243009382
-0.01775631069806107 -0.5143568697362212
-0.005168628910436285 -0.560772888805254
0.03730171402016328 -0.7348853158411824
-0.026265629093926882 -0.28868489669936664
-0.04056843920368377 -0.22318938416905876
-0.04157852513339566 -0.1417967027227742
-0.07207024942500753 -0.0772182663619914
-0.08172716959008411 -0.06199663021071324
-0.11197322319709531 0.1930299754721323
-0.1729927018223186 0.5167948762867173
-0.169571622801452 0.529186021077104
-0.1542898520781743 0.46877332908990854
-0.10300266589338476 0.04675282179821354
-0.09883299102791948 0.011782059175408961
-0.08056166114223995 -0.17168368608558923
-0.06309495714353755 -0.2587639046649861
-0.0561582429576251 -0.4362756662745946
-0.04660667056219952 -0.5781757152988364
-0.0001219427342446051 -0.7661167005940098
-0.020567474990181047 -0.7031737945043817
-0.023881216055922826 -0.6347268199489327
-0.06331796769489459 -0.46903378121436484
-0.048497148091672784 -0.4638758162605232
-0.12500045411211 -0.24683942357336028
-0.13994780482859615 -0.21068347912498933
-0.12563573959092247 -0.17691420331333693
-0.2545908097602927 0.31834969453105205
-0.2354755773393602 0.2535711761679056
-0.19547943157442793 0.12219743179591264
-0.18358693021878722 0.06532917455053368
-0.02352615559923199 -0.4887567169773134
-0.026386627015090456 -0.5222940413830928
-0.001763232309888971 -0.6118339478563568
0.0319016481836509 -0.7163465602342985
0.03117244488587906 -0.7275405163438557
0.020443819810615754 -0.6831186737846121
-0.013106147665226131 -0.6173233656725272
-0.017214646313125845 -0.4749898859744518
-0.04616530425441896 -0.43945797073127046
-0.09476026300717494 -0.31927362700307876
-0.20415440921041028 0.15995146014672887
-0.22852062578571797 0.21682228793645758
-0.25928652516648854 0.3405634794938414
-0.2216473455550431 0.19720015593163054
-0.20023568014885876 0.12136231668623247
-0.2071771978249509 0.07334926520344746
-0.10297660106244731 -0.2900101721460277
-0.10713130522618663 -0.3688546480294618
-0.012906710039706532 -0.6763259299644033
-0.036783680607954145 -0.7011821646609692
0.007363146226151311 -0.7488717149198898
-0.1125707416636999 -0.5250271904188317
-0.1597998491123127 -0.4453836825044695
-0.2977230155977338 -0.15585143165570617
-0.34434548826039046 -0.08817910786817645
-0.4437869561810791 0.09483841157842125
-0.44874810921361813 0.10154701846012601
-0.5403755171704083 0.22891068988785987
-0.6546130942305468 0.4999742946164989
-0.5909092734570056 0.38347202897196697
-0.5158339360878427 0.2865832697058818
-0.5132340028521977 0.2494977668379002
-0.44334998975353246 0.10948966804011477
-0.27017806010030315 -0.22162380114394012
-0.12505409671283324 -0.4676795821065123
-0.03529902949280786 -0.6854192969792506
0.006530425425268794 -0.7342921664456412
-0.0021764990332108396 -0.6928944953107319
-0.054683492090810644 -0.5677292239543681
-0.15677137130681879 -0.3346704018578257
-0.18599748510021036 -0.2794567516925618
-0.18750069221948565 -0.247027548823604
-0.19969688225404325 -0.2127859385061583
-0.2571105282242219 -0.052625621780673114
-0.4440052568222203 0.3522439473875929
-0.3519799814880933 0.12791754123825375
-0.2667355385251888 -0.14661350654781274
-0.21403424087337228 -0.21493210788574305
-0.19991141732446457 -0.2250864135730173
-0.1827971068302331 -0.3256878207186535
-0.08150338722095496 -0.577705860007306
-0.06291743628094025 -0.6315203598740807
-0.035436149865671694 -0.7022764490828333
-0.07169504662000942 -0.6280605563483758
-0.11921475839244136 -0.5166951384839011
-0.14279953600769552 -0.44067773323817583
-0.14973673469597235 -0.40698824374190995
-0.2293574203614579 -0.24199650242649481
-0.22492149944205173 -0.22666857987965885
-0.4823890660276691 0.4508462403876986
-0.5221385968204936 0.5720242517664131
-0.3746940765200635 0.178040913296535
-0.36731852116175123 0.1476844887925281
-0.3104675866886061 0.02247436072623638
-0.18169912556274148 -0.3084098167886307
-0.08744229036324505 -0.591116723216108
-0.07554345767874335 -0.6249434749606807
-0.05708778305453808 -0.6214677840638575
-0.013832569516153378 -0.7974729355834643
-0.1476458032317461 -0.5061548918615234
-0.15609695019559705 -0.48599354030393066
-0.19315600418009943 -0.44671644041207725
-0.2770939350778413 -0.25607902905376523
-0.3667447113656859 -0.0776931141056238
-0.3934885477543674 -0.00801635655351666
-0.42326441817541594 0.05739141439358081
-0.4713853412563055 0.1309444312637753
-0.4136546906445242 0.031938352347769934
-0.40840477735527825 0.028864844009404502
-0.3100367305929887 -0.15113161308341955
-0.18313188575309808 -0.34766364371945746
-0.18108006654894668 -0.3732817510670199
-0.06499125098867024 -0.5824661966041179
-0.06750902115818118 -0.5938140301455543
0.049178790475856826 -0.7657836281379401
0.03038442164515162 -0.763961082356193
-0.016820364854868597 -0.5951660041809564
-0.06830568522108886 -0.47173039115631377
-0.1916000532685962 -0.15564548577970816
-0.2325687028008199 -0.08830960929050957
-0.27027618713769447 -0.007920173214725483
-0.3138498256314355 0.08528161944411265
-0.36336365903763124 0.21639252666335956
-0.3666659305337791 0.20695792939926053
-0.34464858546404703 0.19731293920893211
-0.31755155077545527 0.08130047770176177
-0.26122065718418574 -0.060628510925261295
-0.2207671377796995 -0.1557894600260729
-0.20359455102481602 -0.1794340741111924
-0.12809276759650898 -0.3378169678624762
0.02636694891606619 -0.7360367748230137
0.009435502746885371 -0.6669858575567975
-0.12506336936067974 -0.44043174195097445
-0.13276039637037357 -0.42927539810605336
-0.32011386812319015 -0.07168061600414022
-0.3500386379708922 0.018625300709692455
-0.409128238538633 0.11710512734362223
-0.4420957747697275 0.19219700675208623
-0.5283382685540557 0.37545430277553216
-0.46907470155896824 0.3079098793923438
-0.49716220543307565 0.29256605412602066
-0.2890493955000198 -0.13004099954420872
-0.2100680885551517 -0.24278083922219176
-0.12069113293065314 -0.43750253269025197
-0.08102820688835397 -0.5165672728101253
0.006554393984984417 -0.6906490031424805
0.023302685435393 -0.7280873510721875
-0.12101766532284065 -0.4194454018647615
-0.1370642192810384 -0.42043050971518775
-0.3223117813308819 0.010864719804542494
-0.3426912738332158 0.031272968155252
-0.3808741595747559 0.12694676085119255
-0.40690105699488804 0.18221922403228108
-0.5906798460071898 0.5974499295998128
-0.5935852977999616 0.5999923413198114
-0.32178035673658295 -0.060652123689586515
-0.26372477683129264 -0.19631666828134625
-0.2422715467251261 -0.20247811295419066
-0.2473499695370144 -0.23777117400902628
-0.23814542425701402 -0.2862444746313308
-0.16589327738547746 -0.4257058628271323
-0.12134088360939617 -0.511795248531952
-0.022646732849302745 -0.7594592383077202
0.11859447599771512 -0.39812840029991153
0.31937374969994675 0.14782069120748897
0.38544000380786286 0.42610331417192
0.4449058452859291 0.5438047618592083
0.4685430107917221 0.6676496933360464
0.513984058476823 0.774016670228289
0.5326504909276368 0.8240880453595641
0.5495066703313577 0.8281619754276429
0.44778257273947636 0.5552470243613993
0.4479314353055127 0.5503029041824075
0.40682567747590537 0.44628212592487243
0.3964746123538238 0.4049519918342399
0.28173690445918714 0.032518479613093086
0.1929131779930209 -0.201693590621947
0.16833347306264665 -0.2666302666393074
-0.002384746075545342 -0.7012447664357876
0.1548254030329601 -0.4144564582603708
0.16926516770132133 -0.416089421306505
0.26342917785692693 -0.20816006742260565
0.3222947967401293 -0.13253506709829274
0.4222141937162033 0.05448852660777681
0.494746950845001 0.16322237517484833
0.4936212598744211 0.17978980735409553
0.7189052943751622 0.5941367061580084
0.5639160213685177 0.3465987730480993
0.40607580592131015 0.05585252914516459
0.29747860295232303 -0.10628894969066821
0.17568124491478612 -0.33642750709081165
0.03560821173879844 -0.5588226068548543
-0.007875147622216683 -0.6191044560448558
-0.05463602931991607 -0.6954157655419071
-0.053735855152749555 -0.7104752799259703
-0.007533866906684254 -0.5959280959912209
0.10436052598167549 -0.3818487722428721
0.11164055124451629 -0.3796911242700514
0.13984012415014457 -0.3459145236659967
0.19721996333315514 -0.2381587251307092
0.3907590942948758 0.1429667505416311
0.3738012458652158 0.16218222858848955
0.5062652351132056 0.38053941045446404
0.4604530093441554 0.26783412984050303
0.37948776037982385 0.07433526870455347
0.3252882128583919 0.01862859147861523
0.2810146692781782 -0.12316024102451242
0.2624306126099646 -0.19100736191328307
0.21576070545219614 -0.2963755859704729
0.1605927570271805 -0.4355802024500831
0.013209765105579483 -0.7829147911923187
0.03362128433993761 -0.7647921981959911
0.04832649851089696 -0.6145249792458234
0.16377107803573235 -0.23703544002611576
0.1935622053625108 -0.1716360058468087
0.23209515445604928 -0.011547085979539332
0.2398332729402872 0.06674262376135769
0.2657448665437934 0.11817214102928623
0.28506329486494014 0.18149854590398456
0.26312370512689415 0.13233331442865395
0.14468034321520817 -0.16658778370217678
0.12719061610704208 -0.26728091412862104
0.0896010164077734 -0.369593395553323
0.03664558334552901 -0.5263140762472016
0.016448699807865463 -0.6465155610308898
-0.043666220338713396 -0.781568106280545
-0.050108020028658114 -0.7813742982055246
-0.11802609111722104 -0.6926646378420998
-0.14188494496616083 -0.5492395993894976
-0.23372598235990108 -0.4102317027672638
-0.25854164310987 -0.3277640096602243
-0.34671148391343776 -0.12749069464464488
-0.43750519500235563 0.025896974841075924
-0.4891624288752768 0.12699574353342705
-0.6031434691890933 0.3904082500286468
-0.5255595496396288 0.2593959248439095
-0.37266029625312413 -0.008289788179456616
-0.36161733009394964 -0.05997126891818535
-0.3604354259262102 -0.06895012082855802
-0.18271821987302664 -0.3680909531005807
-0.1070629544215392 -0.5405174852668571
-0.07623887319131095 -0.5701043282968002
0.007889467417525763 -0.7322727139741418
0.028696593557396604 -0.5984831867835779
0.21147086574357113 -0.08870339200392856
0.2704384686772352 0.12415765564090779
0.2916826095786354 0.2053446963935414
0.312828714628158 0.2850226991379652
0.3507304475489814 0.39683309379609966
0.37056743934455255 0.3994597085267769
0.3991944593021829 0.5249476449015644
0.3582478227927544 0.43140872749327747
0.34464511440055756 0.38061847199918314
0.35068301507375677 0.34629228984112526
0.24860659736081792 0.08600051917282663
0.2016300625483341 -0.0020466065096901367
0.08986717576105611 -0.35733755173074194
-0.07004877952336408 -0.7238233897138354
-0.068634732517482 -0.7532989305657869
-0.13127980060585545 -0.5103189780100008
-0.15503406869587186 -0.40889329839345406
-0.1522610538441107 -0.4006429971497337
-0.1695242117021391 -0.26672711613803624
-0.2793663117309521 0.059747145762604544
-0.25899166823071307 0.086757946464855
-0.3173005666299309 0.318356051390935
-0.3509048462057 0.42900518179190517
-0.36262950741673294 0.41495217888706903
-0.3406638052593661 0.42085418743761366
-0.31960263976284836 0.26750590980128874
-0.2231991055696609 -0.027386587488009075
-0.21865658510505215 -0.027042731445835144
-0.18264355037862834 -0.1677475837465814
-0.029243151289824888 -0.6918372320735766
-0.03099026170326382 -0.7404920384536525
-0.020016914034083053 -0.7049783083957547
0.24538762501265582 -0.3940098215190231
0.255107678831462 -0.3764987968988152
0.3581413074482046 -0.2195066509749261
0.5521312629390972 0.015479606509650403
0.6634480758876753 0.17637023908268204
0.8234383265104385 0.33476457153239064
0.8205658719635633 0.37852320840465414
0.5289187150214134 -0.0548851891117608
0.4779217644188242 -0.09337906508548156
0.4054303785685223 -0.1936571572912097
0.37698244653249185 -0.2372566547811887
0.16982794678261665 -0.5488697656542357
0.05301000282042572 -0.6802393932223716
0.03228026506361368 -0.7295814413106787
-0.0001894773338960236 -0.7646052632216949
0.07198768292045941 -0.5825153015845549
0.14496096851802742 -0.45053876105582197
0.14088829661638538 -0.4345042783736677
0.14834966620850576 -0.43318727340054125
0.2799190494590958 -0.1118210269042171
0.39350081865506115 0.11386285407550545
0.4318682933294263 0.24423809566549526
0.4546568722991111 0.2950445155578934
0.4417069093752529 0.26022350302077957
0.33874310101083616 0.0009994128725070047
0.2904290685165358 -0.1394358964649258
0.24362413714607983 -0.30045506480053
0.19887445541329402 -0.355949322576605
0.14146932657879271 -0.5820986252192163
0.11635245976194439 -0.578063995937521
0.06096562817008912 -0.715415442259595
0.08824517398011827 -0.6049584798090223
0.1024793766956644 -0.5057779332962008
0.13205311953820278 -0.30881517794337127
0.1423810977205484 -0.24426789137526714
0.1707120781102737 -0.07928483864389549
0.18718433833080753 -0.06935536858437383
0.1960025207391503 0.08930341472367442
0.2615174226139576 0.3833040996813029
0.23028786408861304 0.2995143932392086
0.22399501188050872 0.20957214780263717
0.17290457227564338 -0.011204229754188083
0.12857226137444797 -0.17624436812790328
0.11342552960279426 -0.22098226306298252
0.06135166949198928 -0.3751317600463587
0.012793581301985525 -0.5824521292227252
-0.020698183052969363 -0.7504350513546482
0.021091408769261466 -0.5630175828228591
0.05221289831667743 -0.37572947254843186
0.04503998505032469 -0.34927999827805295
0.049646072217406335 -0.34995015000057494
0.10613654721789545 -0.16459367301008135
0.11527584479221425 -0.05750621872772671
0.11318217464975057 0.0009024887893807543
0.16733334804383834 0.26620569370642266
0.13461592651188511 0.11961490677446406
0.1230254379590161 0.017422579116705292
0.12414093083077199 -0.004183765764955279
0.0877593547605176 -0.3547374096960074
0.06863053826235818 -0.3718713598713566
0.06464326547415616 -0.447607538474117
0.048769210960032464 -0.48799874812804594
0.02392930360534272 -0.7039653056501184
-0.0006553850408147228 -0.6125507433345494
-0.07051292199773725 -0.4308589510322241
-0.18497474920080878 -0.1733163462783929
-0.23640101244694883 -0.04882338185555003
-0.23511042145215258 -0.03738952986303394
-0.28196243805559895 0.07749067317581723
-0.2993494400123448 0.1133382708189361
-0.4363999281444692 0.49219587771434636
-0.40485633391694925 0.37719619505172014
-0.3691841408922362 0.30740588156870946
-0.3722598244901981 0.27486368702540354
-0.34438292400264636 0.255865873517581
-0.330346643728701 0.1778822329634074
-0.2361056511966614 -0.10006410919358452
-0.200496637585639 -0.18432026008126817
0.0023650162401398426 -0.7349158309984121
0.2039878515994074 -0.5345835101753657
0.1961026858222522 -0.49821147162777274
0.327949893589307 -0.4159627399208944
0.3873124278268546 -0.3331027263470397
0.599252921330259 -0.10505679394918004
0.6555023466165988 -0.05716871576592554
0.7253360968413275 0.034392978265215285
0.7441152141008609 0.04047305386324379
0.651935262661709 -0.04948656220233418
0.391029254548853 -0.33995018546766476
0.37218102350635407 -0.3692886492830507
0.23916791711251764 -0.5177251048882329
0.12461885492410324 -0.5857486581684198
0.11773613782713575 -0.6102616031027961
0.003065434734395159 -0.7377952356012563
-0.056245265117974036 -0.8020697552148169
-0.09848497680252717 -0.7431745560821462
-0.09884160105739602 -0.6945789934813803
-0.1573958983994588 -0.5907069397050314
-0.2556964011241926 -0.41465022447458305
-0.28180739004076893 -0.386684230003665
-0.3528548383482769 -0.188490348229334
-0.3865438895421624 -0.16078773505379604
-0.6100063469892424 0.2882412001455377
-0.5336103543190015 0.1492422188177669
-0.5187987792453173 0.12097284891587497
-0.39918200407061116 -0.04940648690561811
-0.32297823976257045 -0.16813717941615014
-0.2532916543722026 -0.28766454903111915
-0.08220680745055899 -0.5936078991557718
-0.030753852452163055 -0.6838901191970642
0.014708614645890879 -0.7606712375659269
0.025467468178571602 -0.5316205225220321
0.0365108594668974 -0.5090089880601409
0.11215127658125108 0.14452855464206096
0.11521349773101464 0.21078437711973394
0.1244371100122681 0.3039459172388109
0.1370499410231727 0.5332982103937491
0.16542464484897548 0.532430884273761
0.17117375687919567 0.7833485110519802
0.11193936255344678 0.22888363392487732
0.10458757416817852 0.17488235329005053
0.04546308915987994 -0.09152061022299078
0.03756602945766897 -0.17433657618698617
0.031016952361093957 -0.2585173205679125
0.0068036233951178915 -0.5650820904254134
0.01130943689745438 -0.6124553719806022
-0.023583195448145782 -0.7406274956717172
-0.0180535577738436 -0.7370072300830539
-0.027607541235843684 -0.7253307294156209
0.11827269652690516 -0.14434276110454525
0.1418773477626809 -0.10999785725317474
0.15867970597268338 -0.07317721920441063
0.18142389932405503 -0.009113186443625187
0.25614670929757993 0.269440925259991
0.25026736711980335 0.2764271649076673
0.23755119991388252 0.15466264171020358
0.1758477739357082 -0.029626111040028595
0.11206714998704945 -0.2583214554525819
0.08707684167131766 -0.4376572632277279
0.059428335400535645 -0.49316120999331065
0.016275077686244515 -0.5827548343747764
0.03773737091679236 -0.6296224571526517
-0.015980676505318703 -0.7873367330529447
