-0.032479657071477805 -0.6685327804140027
-0.09144585159622434 -0.593231495700749
-0.22654900908478473 -0.27605221681286546
-0.29271714216503075 -0.1789460760568099
-0.33099387142661063 -0.12302376527387132
-0.3968775304130914 0.05859793758112333
-0.44915504777867893 0.13929174587853455
-0.5617207733640827 0.386306603234107
-0.5007349688260561 0.2691605312613766
-0.47276994708405584 0.2282096750492304
-0.35775586975198453 0.0015938870532226854
-0.31858739525751134 -0.0727393622736526
-0.1950264079627291 -0.25851077317454035
-0.09263601528413408 -0.4585340448047392
-0.027195426287183876 -0.5913305098593548
0.07222533534209377 -0.7426082983707055
0.0628071205673792 -0.6717027675600834
0.019487244706336743 -0.65946301254641
0.03547926293193254 -0.5819873689152156
0.033964067369395445 -0.5781889031949224
0.02763004892795015 -0.5409764660153462
-0.09319491415143544 -0.19451306884069428
-0.18555811355624968 0.09047883424334129
-0.19704430639506137 0.14260179001090834
-0.16105471420205345 -0.008007496105366822
-0.14979581035026474 -0.053936219516914984
-0.13855927391493064 -0.07901414907432584
-0.1247287017966648 -0.12252932895363479
-0.12284649031759945 -0.17944388725668522
-0.08424039732174857 -0.26774615604366186
-0.03014554346121935 -0.6369093340520884
0.0021157830686038244 -0.7309373146351791
-0.028510531747648026 -0.5615138162598258
-0.012779669235947201 -0.5115665728618827
-0.035055144650130286 -0.4409026507576915
-0.06882570126149498 -0.09500974242988966
-0.1040771501280981 0.1542454242284242
-0.11184608717093196 0.16270288211507966
-0.10311116030318983 0.1772220610415721
-0.1192313928342929 0.24791112428834794
-0.09745016027509303 0.07019749240285665
-0.07510286579767952 0.059880817566835366
-0.09791665776929495 0.03606610667143443
-0.044029377688699835 -0.3131977127303396
-0.035900494831494774 -0.33618304109782227
0.002417315670855503 -0.5675492848418715
-0.0021553898456790725 -0.7018682944474923
0.02110087499686013 -0.7362543979070381
0.01275302729903815 -0.7088184151702179
-0.06192270999774162 -0.4896534680657451
-0.07683049198763783 -0.4748220500302112
-0.19039533376664552 -0.12872528779302853
-0.30246774997912695 0.24011742619619028
-0.3413039194003252 0.3167862347653774
-0.36767333810516245 0.37263339963368475
-0.38665846498963874 0.42391028309451734
-0.38603230441943653 0.38991776905231174
-0.34452864038714776 0.23435328200761374
-0.3023072038637219 0.16438780720957039
-0.2510899776456278 0.0008865819606863707
-0.20982835689489954 -0.2754518131692309
-0.0739949992359137 -0.6987833245624652
-0.057563058246127785 -0.7114871512738922
-0.059211137181770124 -0.7827609042678727
-0.16500168082830977 -0.5261335261076511
-0.16840815899851588 -0.5013115366929793
-0.17676116519811447 -0.4718369695981273
-0.2020848476877938 -0.4432856464871478
-0.2205884214429891 -0.35647630215012094
-0.25827705923281197 -0.29373576460259077
-0.31512130938250393 -0.17589040606003523
-0.4969578951867972 0.29895448036350025
-0.39377353764627687 0.12618312602674822
-0.3669634865648866 0.00434582823273341
-0.3163828062520722 -0.108483425037736
-0.2547915973030272 -0.14854557312439579
-0.2560480904378206 -0.15600127653375137
-0.2605202021331944 -0.16463456572004162
-0.07862911286291718 -0.4949408189143276
0.04911518771139121 -0.7369254273944966
-0.1714438996448154 -0.48946607306696666
-0.24350545568258114 -0.40038451015286086
-0.36741099574125774 -0.23863091059687888
-0.5026596932079371 -0.07942916400866658
-0.6585901495367027 0.11976136405002742
-0.6721196453946063 0.1189027922485418
-0.692650180799896 0.16264076890890153
-0.7288060179974549 0.1912814089101975
-0.6686140954417175 0.13349050450085284
-0.6731790403015424 0.12942552112199046
-0.5955035004831136 0.018599062371061122
-0.47163485188852344 -0.13811739772813972
-0.28902031481979606 -0.3671045101288603
-0.21029252756063996 -0.5081148475324787
-0.026926781976590958 -0.7418216967935874
0.008948531277756482 -0.771736970836759
-0.12699452294279967 -0.280833257434795
-0.15412155805998787 -0.2358346321151059
-0.18934850364109232 -0.13210117855525805
-0.1712447152992932 -0.12405604085558815
-0.2259674254718099 -0.0641434217959104
-0.22304114844180428 -0.05889198680989006
-0.2417895232534035 0.07391554515981935
-0.28237053631797593 0.16662135056338892
-0.21005561771839423 -0.031134652513371094
-0.13482651876430238 -0.19015009650531942
-0.11417154281970177 -0.338243535593073
-0.0602531392569379 -0.4362016067902477
0.013698057323873185 -0.6390200408510581
0.0353136765575153 -0.6635565647042654
0.02811548217366721 -0.6841637709890146
0.029292012744651128 -0.7048591703827913
0.017883470489454337 -0.6926825059573294
0.011738345623167461 -0.6404186680322576
-0.05880750701143143 -0.5176330623102395
-0.17407274271808876 -0.20999458561821968
-0.20144741010662262 -0.11604537385905514
-0.2517507341902974 -0.008429870672134106
-0.38210736920633276 0.31827640347163466
-0.3780140844288847 0.32521718280780726
-0.34199487191121586 0.24101004673924648
-0.3015919494071703 0.12978821375003755
-0.29821012058826796 0.11224476001446403
-0.29083471758445506 0.09131548116524042
-0.0697834938415453 -0.5983519606920868
-0.05472616365590679 -0.6270281867435727
-0.04415967597694908 -0.6419689595589558
-0.002755406041003071 -0.7464635754051626
-0.08788865300793189 -0.5805631529548343
-0.15249235476797024 -0.4353834894602111
-0.2925477111798863 -0.10781534303186113
-0.32393589939027334 -0.06084778054640897
-0.36641406710529517 0.06748255864892401
-0.42723384512650425 0.18448525849855296
-0.4636631509120556 0.2673512956343942
-0.49470808823767565 0.3392038766070363
-0.423620256439883 0.19054819339480433
-0.4221297506840279 0.17366765817435
-0.3697688800490066 0.06545290109038976
-0.32315836390339525 -0.06893718991774653
-0.09813508622310628 -0.5392275928072217
-0.09362918019208752 -0.6054233900336656
-0.060164842788012 -0.630659641155327
0.006088532946104126 -0.7650391164516142
-0.07571363268045442 -0.5285645810395897
-0.14936570622362333 -0.2895569215133583
-0.18259258087188462 -0.26282187905262744
-0.2013589225695775 -0.1680049297914572
-0.2384522759089352 -0.03656686656817893
-0.24276253615100435 0.0053238570020056825
-0.36969430603406594 0.2813451081231137
-0.46093026211643917 0.556676618770091
-0.41242788479400366 0.4109544591688942
-0.3725489452691568 0.29644484103551894
-0.334995699317252 0.2114244030725999
-0.19157900589563898 -0.21309461793763274
-0.14095874732841537 -0.31876205852285716
-0.03176939947814112 -0.6418373793663428
-0.0005701147771488514 -0.7512624587839025
0.006818628136219798 -0.7673323048553403
-0.09220199834198334 -0.5209820443640848
-0.13640314077644666 -0.3458413616345846
-0.12887801658674175 -0.3366596933773916
-0.151099422651885 -0.2928144594089995
-0.1761287806017344 -0.21038374505086638
-0.2432754856687315 -0.04610161599282605
-0.35671489555822256 0.2933435059760403
-0.4069386100287981 0.47144467382477506
-0.30201674348806606 0.15445062359808373
-0.2595658595571252 -0.032296637455814174
-0.25717034865363225 -0.03181467280977588
-0.24549578263839236 -0.09877110686193882
-0.21881189097613885 -0.13498928735977886
-0.23900438477930536 -0.14664331728433358
-0.15210194241360475 -0.4175731884586529
-0.032877869115932136 -0.8099035107071987
-0.17164843252496703 -0.5832256314528345
-0.22366024889514005 -0.47326854605623336
-0.24478759371551767 -0.4660816097282316
-0.37852672870883974 -0.17284702801240978
-0.4713133696167073 -0.036228157983629675
-0.4743595479728251 -0.0007127142604345625
-0.5809955277537703 0.12471224726107272
-0.5715290653769416 0.13286372067821942
-0.5289777147067275 0.06075964115000268
-0.5194168650328648 0.06075014903067817
-0.31997120098047116 -0.2619745895201513
-0.24998281226741992 -0.403019320440779
-0.23067889119786392 -0.4251082963990551
-0.04753189340661892 -0.7037844774491677
0.02092258385805921 -0.8014808771424187
0.008737484641070947 -0.8108535276252119
-0.033847113350189695 -0.7088714450403624
-0.06105134231527849 -0.6148033595274763
-0.12190637627156675 -0.4410607410147898
-0.2999360981885966 -0.0061419588220994765
-0.305976209233508 -0.006226085802154545
-0.3950631989042466 0.2768505608320198
-0.4551815372152916 0.4266066312570169
-0.48895133504594623 0.47177005117694637
-0.4885239447628295 0.46245305888786054
-0.49080116621550623 0.46068491492618374
-0.47034201220734634 0.42609883280338984
-0.39150388187920326 0.23144910292515486
-0.32209270590120304 0.01042549399985113
-0.1932578594584912 -0.2746546360642094
-0.15620889489088566 -0.3953467088690879
0.01619428314749508 -0.7863546334527185
-0.011684034175531134 -0.7104844090154672
-0.26703244026040646 0.0066536149447802544
-0.26223756641032636 0.021781876419969932
-0.3157997607978363 0.0515027523054771
-0.33533388943867504 0.17953571472342156
-0.3347925529987323 0.21215444454913412
-0.3590550824152313 0.23574462399399956
-0.3878261913713457 0.3330930758178391
-0.3056839096742702 0.11912784733049325
-0.19306557906349658 -0.11081493492562153
-0.15358718880638947 -0.19779057366656455
-0.15336199137319811 -0.210069981069915
-0.13683376696254976 -0.21772355686766817
0.04609974400399384 -0.6199542968290414
0.04551127881589982 -0.6447644175577829
0.08339172768486482 -0.7150568032148519
-0.01939315207797574 -0.5667568133835661
-0.03911614285820985 -0.5072278390170079
-0.18693191463583964 -0.24449201284341746
-0.23773734156058937 -0.18814499561332546
-0.29529546443526816 -0.12463143991668907
-0.3779803380002502 0.03585464475057837
-0.4306848626342485 0.09776868119104433
-0.5229553466017716 0.24921092833758068
-0.4566127242539502 0.07788450905817229
-0.418365556135879 0.04163469996231159
-0.25102528713304495 -0.28060633725826545
-0.19672083234730034 -0.34842972861776367
-0.092531779736221 -0.5600087674408111
-0.06957992566401168 -0.5994004880139061
-0.061106344518701484 -0.6418450256815104
-0.023002501814183694 -0.6994264583642296
-0.02895228457931353 -0.6411796854385523
-0.049848986153928306 -0.5861339791303468
-0.09533858829963004 -0.5067973619920809
-0.09565946319144829 -0.39442065637631024
-0.10441347411037938 -0.3287397418969432
-0.1543632609660559 -0.14878791493096175
-0.23992440222207462 0.2689830277171132
-0.24535848698301155 0.277169694421624
-0.22538190234797198 0.21684045768549315
-0.12531585887481403 -0.24290311155463418
-0.09939880513417015 -0.2690936539459115
-0.08687178602870424 -0.33913855024746753
-0.05340971368539282 -0.4861231996140781
-0.07562269919137642 -0.4988009302865101
-0.033929663478765554 -0.5769557234232705
0.008351365738311276 -0.7818134484423117
0.04785515564658867 -0.6435902395097034
0.07598712366357867 -0.5586500384697617
0.051411515219543534 -0.5363509938491186
0.07530260973169091 -0.4118906662267787
0.10982490990993811 -0.30281368799413566
0.1890927950711475 0.13752678366946433
0.29709297651533306 0.5476193924729879
0.2977314532784718 0.5878745854753317
0.2824172145658183 0.4610492553872304
0.23742571324482076 0.36171586605767214
0.15786068662704847 0.04190705934815504
0.13478301668861997 -0.1460913268306494
0.12837020932253243 -0.21193291024559469
0.0891505236047255 -0.24131375101568683
0.040216464839138696 -0.40385362594427693
-0.02884326126513843 -0.7250338344100404
-0.04329478342566215 -0.7084675247468815
0.06775355738013128 -0.46710042792745393
0.14383510406708383 -0.28039102237181324
0.17605821918712602 -0.19421488991494357
0.25795348665587664 -0.010861850085643332
0.26752685865704484 0.08395827434875933
0.33700233246095385 0.2820507963420867
0.3535915137515953 0.29023781672005755
0.3513992110877181 0.28638186352534684
0.3505269570777896 0.2557488297417877
0.2781909740270904 0.08646016841861152
0.2040837626832474 -0.19775371180251647
0.17938278640052785 -0.2370744505005049
0.09262604600310748 -0.4710753000454736
0.024944710839311386 -0.6963147671459963
0.012606745354759965 -0.756289373242499
0.0694262097251416 -0.6248515841469482
0.07309599980089646 -0.6235001815578912
0.21284014083761407 -0.3528494869595681
0.31753607200336237 -0.15710120607502617
0.41235468927955365 0.07228077959477676
0.41789401017323335 0.09095969343450573
0.5605663439327865 0.3238311980389817
0.60175762924081 0.41792336478163905
0.5150316096327241 0.24865674241383262
0.33035424220041043 -0.14017381824648525
0.312479868129137 -0.16633967742021594
0.3079711167386045 -0.17976955874224515
0.2946799747776353 -0.2453669646682963
0.1630198533124158 -0.49178441244300747
0.1450853269768908 -0.5338644990012901
0.036767211863033826 -0.7596519045725723
0.07838575681386264 -0.17641444640367462
0.11924920747823417 0.026008912252075807
0.13471684163936726 0.09591413457484398
0.12365125521588599 0.10474321052208127
0.12259895869710316 0.17874164551670088
0.1266880020779798 0.18818417840038412
0.16257596412207365 0.4246556544150464
0.1598587502241894 0.46253024245815044
0.14832628962208805 0.3515352790131931
0.1503168270615171 0.3204379868246791
0.11167015690239193 0.13927489658541475
0.06620349094753422 -0.22977525854527034
0.011028035483637842 -0.4985849388491896
-0.0002428331592253417 -0.7013628804871602
-0.0018914339938451473 -0.7328987529655385
-0.010848844782062383 -0.7559428768836485
0.03841907270026282 -0.31526169670249815
0.05505719505841963 -0.2656264003504406
0.08670551102637251 0.015382916601569778
0.1053462121492921 0.1828829138339059
0.1318174564628064 0.34598128117106897
0.16965985352911364 0.6015265789911702
0.16328578480195483 0.6623263056965504
0.17593360812799408 0.6642126847701068
0.15451979973309585 0.6179964082966506
0.1535901318260023 0.5312911763932741
0.14350280487736775 0.4103708900812162
0.13835993012005418 0.3413810592672728
0.058735181443452335 -0.3015587693871255
0.05029958869492314 -0.31219654392173574
0.027302020208233982 -0.4263823296233287
0.0010365863724808191 -0.752733201491563
0.28984080037520515 -0.2048488759563615
0.2988467104691503 -0.17533073170667068
0.39455160607898104 -0.028440685237496537
0.4730475899117081 0.104994360412446
0.5941609580315007 0.3720067577455182
0.668955593404362 0.49625282194095455
0.7150850401954792 0.5881714533289809
0.71432321426594 0.5907842896237046
0.6910034796479515 0.5804462768194136
0.5623671843665183 0.25767855847298216
0.33354576390083684 -0.21086078235993047
0.23868945301647582 -0.3732856988708644
0.15927317350345818 -0.5656304431857927
0.12887923158292477 -0.5903159369347619
0.06154717756233841 -0.7527106827799159
0.044717493777890055 -0.797801602938014
0.07220437219541012 -0.7021811495089445
0.05167009976478801 -0.6910864126032837
0.07389923246444302 -0.6429873128426612
0.09131836856294458 -0.5035689082354353
0.13376521654267776 -0.39565180483170226
0.15525105327454888 -0.17273742399222777
0.2616633434773733 0.36784081461217705
0.25896289816921686 0.36892333316335313
0.24833496236862 0.32605130546749217
0.24008890388107604 0.31573425174917075
0.23070519649755186 0.23617843502776267
0.1708699928987095 -0.014699631245450423
0.1140897015041583 -0.2128725822020478
0.01912616242053336 -0.5464258503089062
0.006174151578531659 -0.6124648975246691
-0.01031501512744844 -0.7433786244204394
0.0005857068400428808 -0.6729282049449994
0.08529237560105228 -0.46754645798867683
0.11542845997610807 -0.37917183290891476
0.14714901694844207 -0.35963679916958946
0.16280298581050914 -0.23084300992020806
0.27817007569035973 0.014717633385996725
0.35034895165681323 0.12127504927860774
0.43506772550938844 0.39434168116116153
0.4110921147304783 0.3248417402741306
0.372680756513927 0.21487885499409107
0.2889897788407471 -0.02080635141638915
0.26463547932189296 -0.05199512398937655
0.2326068393483427 -0.1185868489662442
0.21429799850852096 -0.2150996872881841
0.04494031681264603 -0.6871436909764835
0.02785722442492096 -0.7268225485319726
0.07641917980068968 -0.6280636676913658
0.2071193450647529 -0.26068637047434284
0.20767855762016588 -0.2607515103839549
0.2303176466548897 -0.24834915219526035
0.2928469382812037 -0.0662442275286577
0.3589730498154331 0.09866343826417492
0.5015145414937046 0.4124734019584407
0.4963083346716372 0.4350385569391889
0.39305900999178783 0.1845090463239653
0.38454943141996867 0.1517526471857925
0.37320314567129564 0.13231566291359378
0.3321430733341879 0.05717381754392789
0.32367874673420777 0.015338078686835867
0.29114233937274814 -0.04288168949825825
0.29659414239023457 -0.07543570303252979
-0.010693371152770534 -0.7778970663081576
0.03916256035290681 -0.6535256014483893
0.2548032025588472 -0.259541144085599
0.3309924654790331 -0.11017313954615542
0.4125990184502285 0.05887532456745318
0.4963042848348411 0.2564776707252928
0.5264339767537 0.2562267654614592
0.5627207196448255 0.3277024313310723
0.6749071468700428 0.5641479510473743
0.6526517151113943 0.5252086165336483
0.6505953406869361 0.48430457945512034
0.5510189436345283 0.3559375997341029
0.41431600436434246 0.07286096417586789
0.11608647094123913 -0.4867128004057227
0.10333305546743893 -0.5092056452874215
0.0788137389588507 -0.5388004773424383
-0.015358777454467114 -0.7088090122615321
-0.0232360307967402 -0.7042420113077595
0.015423236407652913 -0.5894444229338792
0.023734088039232902 -0.5652773265568604
0.013085815256874226 -0.5456611762138205
0.024424963551059005 -0.46709970840838905
0.11580060611320776 -0.10769167146308527
0.1610612599105886 0.15417781243831363
0.17985087329960928 0.2536268089915472
0.1683790417838547 0.22274271416256977
0.16622809517139356 0.16861201050813313
0.1431677864250763 0.08632014361749009
0.12224276488262625 -0.10708643082649798
0.09668756458918468 -0.15404458375234634
0.047176991972165294 -0.5517163523594614
0.010305585555648865 -0.6483013432358011
-0.003775803864657141 -0.7769401523875712
0.020700304307601013 -0.6821844695959032
0.054044208870911666 -0.5607600587630595
0.07254534317672899 -0.5454274581853634
0.10000677038627452 -0.455540272820019
0.2819253662694205 0.0262288857265202
0.26502175965471986 0.09646222979244722
0.3270097057141571 0.25429237254512926
0.38903996746952485 0.44773828972516083
0.3372277498164281 0.2880016919476946
0.34578121122557903 0.26923813741237573
0.3244559750835294 0.25440254449046573
0.1605435114860282 -0.2090737186741988
0.10536343391353512 -0.3354692241513229
0.0658787605663329 -0.4894109325967336
0.0421486746465094 -0.5439606823740722
-0.027135105680332287 -0.7332655852614154
0.04490134057832318 -0.5233072531487053
0.048298624946458354 -0.5069897382465236
0.06272155728159043 -0.42125171288936103
0.09382824655963339 -0.3350140591003664
0.16361857151631526 -0.20932033861138835
0.4389942250187049 0.7288796626883887
0.47846426842598816 0.7595562424695286
0.5339551321955338 0.965722429666266
0.4726382533443508 0.7449006182846929
0.3750163351324687 0.480081368595741
0.37157573733768456 0.4186164067603076
0.357808835330284 0.3520626410811007
0.3400624735840686 0.34246093818015483
0.3273050800972857 0.20082408601146085
0.046963601951856226 -0.6936237370682685
0.011567513828910869 -0.7625038367157075
0.06498054399490254 -0.6275611422783799
0.05945504539725999 -0.5738062915590678
0.07125461453569933 -0.547123738418428
0.2027081414101345 -0.13239070634868083
0.19957836877953766 -0.10595507744821632
0.21705832304686076 -0.09734409538618805
0.32669160912104306 0.33694990340874514
0.3401556223283979 0.38349545995548173
0.30944551359045275 0.2893205550579253
0.25186940571340893 0.05081867259974762
0.18017703190643342 -0.16493681446650207
0.15194927276117173 -0.27328007711720126
0.1317996667720504 -0.33456627594744986
0.0923310363582895 -0.4999716386756771
0.033614751596570173 -0.6640892870180757
0.025502582124167037 -0.6993999127096858
0.027162556107513877 -0.6728895920590775
0.06440300954657664 -0.5680258622884634
0.0943223706750695 -0.4875446127952531
0.09943281124441253 -0.4881078421473094
0.18151411236683251 -0.27647110196492997
0.19657264206896274 -0.19523350318407903
0.275786419921122 0.0471968536404985
0.2941474117606733 0.06367034101403246
0.2410060044238232 -0.07775910049080716
0.16841933137608925 -0.2983048295578309
0.12843587002752013 -0.41046100566904686
0.10671177666252116 -0.461648123565817
0.12263514408580753 -0.46922158633581856
0.06921324583304965 -0.5702072082844334
0.07783749146035406 -0.5972009287555788
0.028749510675291044 -0.7213358145125205
0.0588838894010337 -0.6405524370818778
0.060990747077025675 -0.6139699567884427
0.08251481342601011 -0.5806774584578933
0.19647503711931988 -0.3157125077609094
0.22092158013677235 -0.3152558726063598
0.34903748144759533 0.012700837644586143
0.489519871807909 0.31487837759431225
0.5439243642302549 0.4376335251815549
0.5434933207114712 0.4178194083675443
0.26101633204939145 -0.16210244368872426
0.232720388584539 -0.2604950953046602
0.18687252350551134 -0.34239667325795275
0.09595283762102469 -0.5185405581487056
0.09835667393704989 -0.547765805623732
-0.00454587935239793 -0.7387410923869241
-0.004895623503052708 -0.7546320994431437
