0.002583537292565002 -0.6662338978730479
0.02607585308802883 -0.6660636147586979
0.01235054830335849 -0.659186492482688
0.03367948457849675 -0.4479966705847424
0.06000682386146587 -0.1927111975212282
0.06727358296221989 -0.05262480108945363
0.09105602458743686 0.2110640507004602
0.09725614097175045 0.24421265502085632
0.09296168422248799 0.13128716261683987
0.07463273342230307 -0.14983063811460914
0.01767431306187042 -0.2705133928855454
0.04110118565210972 -0.3324997449344451
-0.03282290284616794 -0.572540770318364
-0.002726917200956594 -0.6339841329776001
-0.01652124610977375 -0.7291967918970347
-0.024151014518283498 -0.7726712063747673
-0.03813257800804693 -0.6743345495831544
-0.10638242646296142 -0.3657189618107303
-0.15554074770735238 -0.28591742059750785
-0.14133593243636725 -0.2525637803504361
-0.24368948539614055 0.09386184846828398
-0.25347831555434347 0.19205270806616748
-0.27766580497268956 0.31084910658274073
-0.31515019774681885 0.4261097978395939
-0.3235697909011163 0.4009430711547445
-0.31485178505836947 0.37325867504430366
-0.3040770239920707 0.3125419284539761
-0.23441861869313638 0.08855723297388426
-0.15967719305492173 -0.06672092639772152
-0.11232930727371755 -0.38894311589881697
-0.01950138758064087 -0.6643138218161875
0.00788830126203379 -0.7533807940851516
0.047440574244719265 -0.5864601020103951
0.0814577882002378 -0.4085594197299
0.1246107524779458 -0.060711940845968676
0.17061955876210755 0.06415752883750205
0.16570657944334247 0.10693363754817621
0.19364709931200424 0.2003384763690581
0.20700803368792783 0.38815957297494086
0.23346172471358756 0.5298687003717728
0.1617804776437962 0.05303000808255526
0.12484031391910562 -0.12033200339408742
0.11197974989749307 -0.15968332181617345
0.10089009871371238 -0.26454725661240613
0.06577506447630777 -0.4756187073972507
0.07356069726588803 -0.508612878306803
0.04335868398824409 -0.5655716690924317
0.02565697138034055 -0.7913745580950222
-0.023990155207987113 -0.4458573940640073
-0.027458056258550037 -0.388204161564234
-0.024770145214305345 -0.32106563958367773
-0.038734241426223684 -0.26851705060450076
-0.050409764571722075 -0.20435207999255947
-0.04562781251698255 -0.16240913629623407
-0.059536767441542314 -0.07598460554441544
-0.12222993572660174 0.4179921942728893
-0.11552358334594683 0.3394181644860548
-0.11487538545160969 0.262069917815536
-0.037469066092586996 -0.3167075692001177
-0.05522685344231949 -0.3274108918859394
-0.05010926922479765 -0.36489287928466785
-0.014335700357312044 -0.5486769463041703
-0.004570449088866325 -0.667990727505195
-0.005091893952624954 -0.6909180634728492
-0.000809616411938623 -0.6747521814567083
0.07671182185317674 -0.48477052937912296
0.1481707086775985 -0.25558403365081
0.1927692019669822 -0.12401096580004635
0.20976255650021328 -0.04285978593434039
0.23892463121996255 -0.049073567517639645
0.2568390722125421 0.043404874037974696
0.39772064473936636 0.4164393242341758
0.3954136076795418 0.405263220839655
0.2752968380586367 0.006405996377257083
0.23630888133238964 -0.06497480003005071
0.20814844201963076 -0.17177051804425109
0.2166254639220024 -0.18070845705075136
0.1967682266227241 -0.18531621758278935
0.06549696276840888 -0.6090296008647872
0.012077509333989406 -0.767104951007567
0.06409734653505303 -0.6974156590137107
0.08326779514918542 -0.6373157068407103
0.07435354102902068 -0.6178109246247981
0.12961741869015328 -0.4696244426989086
0.14566737906809638 -0.4420654621721865
0.3010710787096999 -0.12416458252310647
0.35759557359765504 0.03811911148736341
0.3767782275388999 0.07327228262125102
0.30651384533233106 -0.04658038399964713
0.1825527174933923 -0.2905502890818475
0.08073786598522255 -0.479294940389543
0.06747041186074462 -0.5287558624464759
0.005911728666628283 -0.6316241669433685
-0.027696768197396082 -0.6731096251216344
-0.04867275467538509 -0.7231237587741196
-0.05115069049475 -0.7408333988870582
0.02942023865101482 -0.5734938275503854
0.12568201789314726 -0.41065899704898345
0.14858043246724537 -0.3794570615891383
0.1681128385414166 -0.35446647670655307
0.3374188243170802 -0.025760301901996522
0.44498164733836254 0.15438672041092358
0.463975966864581 0.18320095826767363
0.5611835456780059 0.3740042455774015
0.435123294939048 0.15560797370696172
0.36866397951998725 -0.004943636388217841
0.27596443215722616 -0.23189699004848735
0.17027670179910434 -0.42889457722465363
0.03220353655339245 -0.7166029469009801
-0.007246610090776651 -0.7375041770222066
-0.011002248597285774 -0.7585913862048727
-0.01527469920386212 -0.7766549666160824
-0.05181461135107975 -0.6268335733849718
-0.052827921640953235 -0.5612427205029549
-0.11392429974450792 -0.3245214782422709
-0.19931765031429705 0.06077743564860279
-0.24545110694698036 0.24830473929476332
-0.27671665894689207 0.3530012059856824
-0.3158882783376813 0.5254122592385416
-0.3086355343636511 0.5437558042916963
-0.2072370171685898 0.1647091422386724
-0.17086627779295716 0.029493667294875514
-0.16652770978696974 -0.04408842571535227
-0.10403265051493137 -0.17068509488640876
-0.11769737038082675 -0.20478984528951083
-0.031321908571511355 -0.5500937515341286
-0.0028227073228179137 -0.6715001693978592
0.034514459576193375 -0.7704194632677265
-0.020907235546899678 -0.6597153029088324
-0.03086811272572921 -0.6590273635800912
-0.047573471620563204 -0.5756531528982166
-0.09041712717469025 -0.5224937755474743
-0.12165700460084314 -0.48537749094767557
-0.31978024940169675 -0.1350849263703673
-0.31252642969240435 -0.12393406927916142
-0.38344647566612866 -0.008708247767745703
-0.17852100585121272 -0.34264642458338646
-0.1447914849851948 -0.39288492023220895
-0.1554382470827277 -0.40888449289083845
-0.11928855430779874 -0.45977104681396286
-0.08132431601831504 -0.5153879661857178
0.036417134852774216 -0.7067409846988831
0.05784890228091083 -0.7338493518763158
0.05698118676220806 -0.7526488802667473
0.09083556050238484 -0.41717911543715247
0.0924124376959651 -0.3017484404594728
0.07743514971852627 -0.2802536231302955
0.10740743201040749 -0.19260903590618267
0.14789577559597625 0.20979769554820327
0.13717470207941332 0.36889325317749017
0.1754445140267652 0.7468479663778633
0.18694995769972378 0.8305489301398921
0.1604089150627998 0.6659995025382159
0.11407034762260926 0.1369740370634587
0.09131118870548507 -0.05839317106861673
0.07296719140304433 -0.18512626499567286
0.05193993771767109 -0.40658110869169956
0.04415792235262502 -0.5867842992571779
0.043746238401827245 -0.6995978187087122
0.014382666874567284 -0.7594860110474286
0.19910905708040078 -0.4959911744091224
0.23211156033310734 -0.4464281522463239
0.22693429633267662 -0.41402082765404863
0.3123593429458803 -0.3266840483803418
0.3240760817355482 -0.2940176883636466
0.48369039526044116 -0.040414932728112724
0.6599128863533862 0.23911533746443114
0.8300188003731275 0.4580010809677254
0.6385256538711781 0.18307779952757766
0.4421753712791969 -0.11943566912369055
0.3803917245944047 -0.19980606584610697
0.3138086357266875 -0.28988674244880513
0.2672108040504346 -0.39765309435416074
0.2015109706045 -0.4245037601057022
0.08023427094809892 -0.6336523406566102
-0.012173384125205295 -0.7425872885421533
-0.009568057019984273 -0.7269305840250954
-0.03318572290383711 -0.30254607247383014
-0.018833593479872915 -0.21818913688463984
-0.03591626244528477 -0.20998024724610984
-0.042902942297358145 0.06412617176468549
-0.05248885901948431 0.26842022338357
-0.04500098197619049 0.39260926462944234
-0.061040450809976665 0.5850878963625522
-0.05773196651186192 0.5061617346103555
-0.025929887121008625 -0.15574231703861136
-0.022260335121525535 -0.32718846845928695
-0.020628964645400198 -0.4475739216853384
-0.012286401304304787 -0.48227849010723134
-0.021841977439100442 -0.5670023927681753
-0.013931002778833818 -0.5884974734327402
0.0038804882163340987 -0.8134223606907567
0.010587938565225889 -0.7917591642545057
0.10230871426170159 -0.6984616447747998
0.23363230404595733 -0.5249721599920278
0.5785340158601481 -0.13538781530849037
0.593988828919014 -0.0877573291439772
0.6096511977462811 -0.09745361816022534
0.61949686534495 -0.07849585708954968
0.654773558558664 -0.030058464184945066
0.6398535373706269 -0.06218707791393383
0.49293393366547383 -0.2053081418590856
0.3710667564193449 -0.35259768346659454
0.3211944294852124 -0.41334779251931675
0.242863702683493 -0.5020750853035596
0.15991539246423211 -0.5819945131553733
0.004794940051870146 -0.7634942666743124
-0.0035083124696183624 -0.7630774497033257
0.05674035541408609 -0.6687061148527211
0.2411617913136938 -0.3732648262545729
0.24861716582166146 -0.30674397025532324
0.2846028050715534 -0.25824248096507596
0.3726087957738098 -0.1342160594547483
0.4137717900198694 -0.08682257773115462
0.4609278939828225 -0.00015790575002669859
0.45311171268475575 0.01052912337232148
0.3595545209328268 -0.14310936655995685
0.2983342915013299 -0.26584980295383237
0.29817774638080496 -0.30374642682344116
0.20433446844614514 -0.4618743325593863
0.15117758622478256 -0.5192915665617464
0.1425031853063422 -0.5580992369551315
0.07220312307855675 -0.7017595842587658
0.03392449563624927 -0.7522946322018478
0.046122021423296314 -0.7383181907774802
0.061695529754457135 -0.7176496344721328
0.08524638408316884 -0.6857997329907854
0.1169693221472314 -0.5899042486392196
0.20988165698256922 -0.4267854566865859
0.2169948867306188 -0.4076460052327859
0.30512313526206125 -0.2779613693505415
0.3305364007089004 -0.2144777764277871
0.32314242164887874 -0.23951748176625895
0.2580002585340134 -0.28471323701625717
0.19391503789286949 -0.41871923415823115
0.11783623756658546 -0.5296002242643051
0.09520938726673964 -0.5891429868268439
0.051790759985700555 -0.636650283596811
0.016877799834227117 -0.6977808564769361
-0.02700787927759014 -0.7514519061198689
-0.0704884932764422 -0.6651293651659946
-0.05399451181325895 -0.6573464702107007
-0.06056877329249401 -0.6433490609904462
-0.11988051177937202 -0.5326885394074854
-0.19700474404210705 -0.3083779607698326
-0.1815575322311571 -0.2944061900609332
-0.2915866355063015 0.05724596865827744
-0.35038053238155475 0.16524748598372585
-0.31221373337401226 0.04120984900567028
-0.30650220917569354 0.0273435422322963
-0.2772263983447891 -0.03804929950816373
-0.1779694174823745 -0.29935461783605716
-0.10907348717689169 -0.5027750338907268
-0.07276619401501966 -0.5708418358587595
-0.07388062594404735 -0.579066331665127
-0.026174410505212582 -0.7353998526508374
-0.07834551781913533 -0.5136346273866317
-0.16993919352715653 -0.20046552383288152
-0.22225954075936216 -0.10931811747047264
-0.27447511072689773 0.05360643812598477
-0.2723158103274796 0.06658208553881177
-0.28239947913363345 0.10021343429254888
-0.2797227163172634 0.14252212143581386
-0.3495148320288646 0.33062442701068995
-0.2328627658329141 0.034808639831945
-0.1980091355411545 -0.0646965247857337
-0.2034606749902891 -0.1024892717503754
-0.1525481854547472 -0.2139243622070168
-0.11119099189227757 -0.3146883822825949
0.03210458739257471 -0.6926660099066048
0.010990965576744937 -0.7263156853929686
0.02293751583728453 -0.7329552752116448
-0.038455135287685974 -0.6373490557108726
-0.09335960659606651 -0.5628178221210047
-0.1463967740568575 -0.43355050204283563
-0.4594512575252166 0.08745829384817641
-0.47892262279337416 0.14491116956583047
-0.5779609632727283 0.28601550731136705
-0.6113363203307134 0.33580026394510265
-0.6324531013528978 0.38291676376526346
-0.5490584365508571 0.23141147642587742
-0.22912702896317408 -0.36694076053832736
-0.18579783165981414 -0.44526415797894553
-0.1840289737197514 -0.450122856878539
-0.15932908017351527 -0.49284027087118293
-0.1298324520158815 -0.5673274157930551
-0.11380713791794417 -0.5953630074133842
-0.009442829033420702 -0.7780473630465852
-0.07175203808159195 -0.6727398968682907
-0.07792427386634093 -0.6637290027956705
-0.2830822921471815 -0.2195512305628251
-0.3139589728311989 -0.14333444165462933
-0.34611353015245483 -0.022710289124675154
-0.44973998425260686 0.15657409919909415
-0.47800636030312116 0.17062107348289088
-0.47793516227878263 0.20361427263586024
-0.4705820521343414 0.1628334673837632
-0.43827397940991414 0.09749333181627176
-0.32304006061019425 -0.15242333847580516
-0.2911579681884411 -0.23368565777307646
-0.234817279888831 -0.30484525175650656
-0.08731734386575096 -0.6626518346636632
-0.031737944840699264 -0.7845813856954246
-0.02796839928513656 -0.7991100416958751
-0.03456663859463473 -0.7891081051673076
-0.06467569260509073 -0.6822586015402291
-0.07839359525590024 -0.5648583782162322
-0.1354106202663988 -0.33255908823621283
-0.2102715453905862 -0.011594462842088898
-0.22159276189335955 0.13545188345183487
-0.22741953285101552 0.18015138849773832
-0.2853669880897821 0.38270282941804623
-0.2243622439428217 0.1937549422574094
-0.17656536919957141 0.016346999062069625
-0.15649962026459927 -0.021949993764241178
-0.11198951804250136 -0.15526290124353367
-0.0852608920481902 -0.2765065726648673
-0.06990051369343397 -0.36447843833493543
-0.008437408180899492 -0.4932643453384185
0.06612163547719803 -0.7591317318013207
0.10659845683552613 -0.6244895121826631
0.17589780850478448 -0.5165904959931865
0.19029249302602075 -0.39041125720310094
0.21211661252524297 -0.3681425777696828
0.260202602074141 -0.23771247664249562
0.3745426544657814 0.03718724692065837
0.38329625845985815 0.09654913306226681
0.438219081457595 0.23529683317136818
0.18385996614889605 -0.3499744776363036
0.1614322100744805 -0.38734319737459216
0.13706994370912826 -0.39684769852623003
0.11897239189232403 -0.4957549824946629
0.10171675474325724 -0.5005910078704949
0.10575743485843758 -0.5130854593891946
0.0829461551982686 -0.5838046946083765
0.022576790273914456 -0.7002700559204409
0.011364424981258248 -0.635194900470743
0.020782820601324272 -0.5739124059557922
0.0014846720565777202 -0.5376229560877385
-0.017669319747691443 -0.3718449914916639
-0.010709433110413322 -0.3490999235086858
-0.06426347084275369 0.11382768823362205
-0.05983508976516668 0.2817217056641325
-0.06996456233478437 0.33168883803501775
-0.047263797666719023 0.27061580121291323
-0.04394777032286119 0.13445540356882094
-0.03852094955051018 0.09359233302718988
-0.035782164703119346 0.023799395578163827
-0.017940972702761605 -0.23698354035125344
-0.03021429504523398 -0.25573475683908353
0.0014191053571921248 -0.5943064547225083
0.011246154248660491 -0.6695160476635529
0.02929281114983809 -0.6241498337839161
0.029011077556464926 -0.6211200326289285
0.03597781860011403 -0.6204192526614354
0.09230729951441172 -0.4038517005948286
0.12133319086189784 -0.35590340977219814
0.20004628211960326 -0.0665081035863218
0.22868230042278354 -0.05932370505384962
0.2697864912541196 0.10847349388649252
0.2549343731278787 0.09335260096727438
0.21503351440629548 -0.10028087017312937
0.21274985686550213 -0.1513653890161751
0.15247538754082965 -0.3372138757801193
0.14777450675603487 -0.3993212330821235
0.14021179959318034 -0.3981474127634886
0.08806704862972885 -0.6054374268750847
0.04383247663154103 -0.7570048727453245
-0.29179236007739595 -0.2899347215355721
-0.41876158140328196 -0.15996752838592662
-0.5020560508457196 -0.025973133723078124
-0.5091970062719466 -0.003194666354639165
-0.5378535770435324 0.022778558801884872
-0.7620938775142395 0.3186273364135695
-0.7789971393092762 0.3249490181817801
-0.7846110738135949 0.3496724880788352
-0.785166198101937 0.3482483590717383
-0.7480853551679015 0.29662871085091175
-0.6417501619861146 0.15057704295613217
-0.532909055327901 0.00699072556541258
-0.47447244126842103 -0.07558493901034209
-0.3651724858002568 -0.21322893331182916
-0.10564597865289026 -0.5672486828772966
-0.0006194530691176424 -0.7183984006034981
0.021977125619054346 -0.6571832572808711
0.10626978165515298 -0.4262252293777438
0.10491004090863748 -0.37414174175800274
0.18254423091967792 -0.2440069689979361
0.20461223337773057 -0.1463403887974086
0.24271156194713178 -0.04014575224976465
0.2612689160548119 0.015457986887271537
0.36170933247877707 0.25589616431861695
0.3535772055674165 0.2285856962542262
0.2918622239394379 0.05956825649314137
0.13526920987134317 -0.32864045423377614
0.11680264916347387 -0.4313063081181003
0.04804345750750356 -0.5639758042350154
0.05346880590726322 -0.5675493405847924
0.07039566171350498 -0.5783222097167738
-0.006193588216764788 -0.728200398783176
-0.09025127172774695 -0.39516907094202486
-0.08087737068005074 -0.3825667975219172
-0.1611815396472942 -0.26204160256496517
-0.14680662779376247 -0.218113903656142
-0.20669638552568034 0.0066335661209572655
-0.24600779941825818 0.12307769355758608
-0.24997172488665914 0.12971986356032839
-0.2733301147788587 0.2354328790941661
-0.15696281629279618 -0.20596861849508616
-0.15577123240061408 -0.20855168922829845
-0.11866656688958543 -0.23420221212449202
-0.10230515959006861 -0.34301772976683537
-0.10087186125641613 -0.4078517323541551
-0.05676451304912458 -0.5273513195363004
-0.024523572653006764 -0.6941673875327311
-0.014185028735299162 -0.7050352904766155
-0.021095396492350024 -0.6727203859930035
0.021079642650453537 -0.6315180918473828
0.010936332546800695 -0.6283679505888826
0.018157989626654044 -0.5920808004739657
0.10018421342221026 -0.2924815280506872
0.15530354925801562 -0.08155569012669765
0.19177604059069445 0.06771347304930517
0.20999645029906636 0.13568267220070573
0.12549358925282125 -0.2455606828601746
0.09172113415896478 -0.4070472069886515
0.08015301222140621 -0.40575432027042213
0.07879806823541863 -0.4391053889508097
0.06713994100086669 -0.4903058321468742
0.043189333383544005 -0.5719166812015872
0.011452601298316689 -0.6932859498553048
0.002988742765475769 -0.7830949297815116
-0.02502288475792596 -0.7446064895176083
-0.07235525491500386 -0.5483781623744663
-0.23031830087999908 -0.1832852792542341
-0.24817988766339408 -0.07584873568973705
-0.2884189807557107 0.015376747236497033
-0.37358950089042803 0.295874990377462
-0.38774491124318844 0.3265966377340793
-0.48657440469398316 0.5772946312925258
-0.4878184827034447 0.5626014003576324
-0.4541019870752744 0.5083829704106904
-0.4734863452762171 0.4991778808445099
-0.4126678353451541 0.3786253857801399
-0.3115413843983614 0.09213935790178843
-0.25122968357073955 -0.041693017285786386
-0.10768459890361216 -0.5067957565499603
-0.03251994259738826 -0.725176913352061
0.05308171385402244 -0.5858380898024586
0.09202687826945447 -0.41575109014137657
0.09256830320289154 -0.3920927418700407
0.15124119203685527 -0.2770275767704471
0.2421867052859102 -0.011902473628638815
0.27290715287539496 0.038313074416168325
0.27499401907080356 0.08041668315440698
0.34663554954518294 0.22920052945775693
0.27408194621734916 -0.013701522357930524
0.2686764561384302 -0.03839456351937734
0.23295578421075086 -0.17381102957363992
0.22616664356666175 -0.18967079156709563
0.06223407729219984 -0.6274641306911931
0.06975878036405611 -0.6333161349868327
0.06101530391681204 -0.656199953761628
0.02333360500435843 -0.7677131960454857
0.0661567677407322 -0.7038053495428059
0.23547264185974776 -0.30805256307875684
0.2761683377731817 -0.2045017188546614
0.2981465392841999 -0.16350326383453176
0.3800440285780782 -0.07343876538952386
0.35070668152613427 -0.04995553739502038
0.4122214804739206 0.09049455455126747
0.48279114075244234 0.20618441402775903
0.29582536027146816 -0.12455952093722425
0.2654438396108348 -0.25614618479109263
0.23415977270554575 -0.25683836106726443
0.16254668390412716 -0.4302494044756672
0.13254584196357316 -0.5029944435048739
0.10644041197011678 -0.5139014984689391
0.07420457766929107 -0.5654437306946946
-0.006398629127561374 -0.7360468607317956
-0.045013564704658046 -0.6639489545723852
-0.18147962984996693 -0.38780897898987476
-0.30450960111418457 -0.0983622119286485
-0.3041725375259329 -0.07523018460876521
-0.3049061601248765 -0.07526998368918851
-0.30493415422131537 -0.061510534558340664
-0.4146516223983127 0.16415268967333618
-0.42361312276724844 0.1857216657335558
-0.42910343394218864 0.18015699668043397
-0.37017313909285704 0.0398399424892082
-0.26848711423250315 -0.16114556370031874
-0.24907269430912324 -0.21421195149653458
-0.18813424984662408 -0.3675963161970526
-0.09604901575456944 -0.5886369263952497
-0.09618815673784308 -0.6054470289029793
-0.007225538577212578 -0.7896817874954847
-0.008263391025456836 -0.7641550312439047
-0.030494457946181223 -0.5867744032782369
-0.08541322461797635 -0.24117844262783472
-0.10673721740684447 -0.12583495046806611
-0.11573542185830116 -0.059073246082138264
-0.09349254578216212 -0.041537407128125176
-0.14822764541840336 0.3123584079676101
-0.15328163815668983 0.3372357611359663
-0.13103926050305614 0.3086393982201471
-0.13647886941995283 0.24210781110971752
-0.12786385845278336 0.18397523639689384
-0.10005533699418735 -0.11801512642902078
-0.06939175253162323 -0.36780491072421795
-0.038672774802626035 -0.44396593799215156
0.007256850849338695 -0.7410101973581749
-0.005771005112450455 -0.7726271776111115
