0.006303863555955326 -0.7306102587470541
0.05446692687760154 -0.48333704924588844
0.04117692011775516 -0.4396910511910842
0.09143442293291153 -0.30383021754052786
0.09007709587514669 -0.11457503136200528
0.11754310445621123 0.0041345800748613225
0.13915977079803596 0.07087949099644474
0.22525050879650543 0.5270689449937728
0.19813679545253896 0.4074061918718682
0.16658117049625792 0.2597124399868846
0.16444683001580543 0.2197409611997523
0.11123391366181185 -0.043953222399161405
0.07962883584244478 -0.10618725430626008
0.0867581199959083 -0.19313895336795817
-0.006090708964915056 -0.5845994033272349
-0.024414918341257866 -0.7325709477216185
-0.017405432022480603 -0.6992455936202795
-0.09088793371101789 -0.5462611540381695
-0.14990291445845827 -0.3152690765922383
-0.16537371310020943 -0.25686213413452585
-0.2141381793505779 -0.08017638621014839
-0.2330600895104544 0.031106386143772362
-0.237443624518419 0.07216767519727503
-0.27169530872752556 0.1380768675589258
-0.2006112253865048 -0.08764482274763827
-0.17520141291067715 -0.20941838304397495
-0.12125863294174441 -0.3955240734323466
-0.0974100590331192 -0.4058601073435127
-0.1137711131688191 -0.4123783353135707
-0.08579834324459878 -0.40973143421525315
-0.02378043238315484 -0.6441649646557045
0.017878096828824297 -0.7926406728493699
-0.0028126590408015543 -0.7439077877480225
-0.10026300880454352 -0.614188332003083
-0.14806136404097858 -0.5452475189224563
-0.19007738663822932 -0.477318858277267
-0.40492254687133433 -0.10414309918538832
-0.4356080946033934 -0.028565820015634208
-0.564556864170381 0.1981574238462628
-0.6154304124775243 0.2604772585618227
-0.5708933728306755 0.20329367491113987
-0.5353647176252013 0.11615269083573022
-0.5140979832391531 0.09071295025140509
-0.4557579959879849 -0.013860725521881587
-0.4128122859562373 -0.08252486113828232
-0.24421552777475947 -0.40683542658904875
-0.042591047534003855 -0.7365592084017556
-0.014271180697059417 -0.788070521068813
-0.0840297736908501 -0.43801623094738534
-0.18215436238842084 -0.11911455360354568
-0.24102208562905544 0.11918067869187365
-0.2545793874880673 0.2051500901520543
-0.25662491014581845 0.23294073521526104
-0.2610984880909249 0.2568709573274
-0.2771932620322991 0.3125765241794185
-0.31848981995981085 0.48679885714212745
-0.2940021344332359 0.36104708827248944
-0.27758040904557585 0.3562382643836874
-0.28082580084730024 0.28527996788303833
-0.274602767423628 0.2520739230519522
-0.19972500304935534 -0.009771761207373062
-0.0622742494545213 -0.7014936000877945
-0.06859676274601226 -0.7218909851072345
-0.04940694769323592 -0.7858164244260408
-0.03834669703330383 -0.6913591467058421
-0.02944965508166779 -0.6103480585377936
-0.013722681446188562 -0.5595584996882241
0.01743368216304244 -0.36041606510962404
0.020661588716646938 -0.3379261041963082
0.10091223892445211 -0.004728777459658238
0.0922048135456905 0.08631420802896383
0.11715049012902645 0.1886037866044118
0.1292483505121561 0.15868641881080453
0.07117278757746841 -0.09941145038593463
0.08431324378949398 -0.15160520647001077
0.05087812981820075 -0.30780681424369005
0.04388613187286006 -0.3082002904685635
0.02058560875138288 -0.4186827649649361
-0.012690496372852418 -0.6649992734694452
-0.014230016631334361 -0.7215826023054104
-0.03707892965343019 -0.6033504802090782
-0.044718862032797665 -0.5492697249650063
-0.06628932193668198 -0.4385020933384051
-0.1589604640850571 0.058266276925621335
-0.1414894075027992 0.09196468027675016
-0.15541301713376954 0.12108111427284687
-0.17603193897046157 0.25158666474900976
-0.21369209188634142 0.473449716914214
-0.17795543631625538 0.21474807862918086
-0.16705693290385773 0.02940547512904087
-0.1293285183281992 -0.02453221770948635
-0.05886181928355077 -0.42254072110166285
-0.07058985936911863 -0.4273499144908892
-0.06615079349715917 -0.4636271178697408
-0.058408358054792046 -0.48510624582031064
-0.025556498084423014 -0.734901282023058
-0.13668540364888773 -0.5223571204951606
-0.15470486465511252 -0.5077304027533952
-0.1795774333808067 -0.4618812699243809
-0.2248312230251062 -0.3520604771544432
-0.301613129091901 -0.2740653472254313
-0.3898353835384043 -0.058007446637454656
-0.44366229601602575 -0.01815154697446742
-0.4672007813290996 0.06164707270276237
-0.43473418208399006 0.011863767598313578
-0.4144759870532475 -0.012915925318231372
-0.41854063760672056 -0.02433491738977326
-0.3346825487998302 -0.1779707403196644
-0.2189835076434341 -0.36549694085068135
0.005302477442587137 -0.7360287627273399
0.006672864258445535 -0.7492040279994975
0.01077379886240411 -0.751066075624689
-6.341928634960104e-05 -0.7173248903595275
-0.03134183770943653 -0.5741435144566368
-0.08265736006024524 -0.29379979648217314
-0.10159888007651297 -0.2586035144360484
-0.114898380858082 -0.17492946187487898
-0.16039502065661082 -0.01785954056444076
-0.16554391789324488 0.0420955647752611
-0.22236284378449345 0.29723783862335607
-0.21417833373806472 0.2699238997869202
-0.21326977860483481 0.21758683287036767
-0.2118981322653256 0.20653800623358567
-0.1801749350445715 0.04720946047657199
-0.1169113944109973 -0.29254600231983613
-0.08931949853868196 -0.3713092473302554
-0.06416147450819021 -0.4939913767005934
-0.025505478895052544 -0.7366133378854332
-0.1480510372124873 -0.5151530514307717
-0.13437616863708166 -0.4548273454473931
-0.19060685768717361 -0.41527698360626486
-0.29850832894374074 -0.1430735378932357
-0.3646587432739173 0.0007079524210176569
-0.45842403075598837 0.20808008076757317
-0.4929312512315148 0.24495394384746175
-0.49160973830154314 0.2673266209168732
-0.350431935001771 -0.055037584225970625
-0.2090381843158635 -0.31519569094850497
-0.21107083330074022 -0.33111269696200146
-0.203438015782688 -0.3285287903391197
-0.14458745195807018 -0.44311212019549345
-0.09725609410995066 -0.5766344417893509
-0.08193896258256371 -0.5761939049857343
0.0032657561323183944 -0.7719362395719648
-0.07165346674269525 -0.5714484203572625
-0.08251343476227462 -0.5635542333790053
-0.18652753785133971 -0.3778069442224013
-0.31927526690902364 -0.009293930209150054
-0.591985787546548 0.5482504086834832
-0.6609019048060267 0.776247662276185
-0.6707877024251059 0.791130198100914
-0.6881063800837346 0.8228863171246112
-0.6424909661797056 0.6891735044059659
-0.5371735397430161 0.4050707996585895
-0.5210042699254842 0.30484851385551737
-0.4881623932810694 0.2846928826171355
-0.4758200839597914 0.2605457373222149
-0.29842385393761034 -0.21913848542367198
-0.22229031562408746 -0.4038478527963401
-0.08553543170354 -0.7494596026967195
-0.09719396863352714 -0.6360699171795562
-0.13120948323213155 -0.4856352750209225
-0.1503788573152179 -0.32534196815274347
-0.16827122001454925 -0.25082038134406826
-0.17273188198084732 -0.23810230617488948
-0.21050762748619303 -0.11770233644663033
-0.21209289794250918 -0.01692343824253055
-0.25167467276034383 0.09592559617648216
-0.1767988515605859 -0.10304502449659748
-0.15303220918848537 -0.1645556407855052
-0.1305400955179774 -0.23390748871615485
-0.13456917343541122 -0.2611649738234025
-0.021606039529376255 -0.5683882952654891
-0.026331570868759015 -0.639724826276762
0.024756256231615575 -0.6968357331457835
0.03728667507588791 -0.7567610316865166
0.06832080728346093 -0.6638359089351683
0.10298155659292417 -0.5222710699464329
0.12345638684332108 -0.44366060576309485
0.304337721141938 0.28602727072654544
0.3350458451615998 0.3394109108768836
0.33614267809661436 0.3917515318126071
0.37163351615950496 0.4321598439431541
0.3814700513495647 0.5447816985638732
0.37489500721494917 0.4816056758251252
0.3009229503508284 0.19212296458197362
0.24953370127085686 0.0942728874872116
0.2253067835655541 -0.04661030806975465
0.13548758157386764 -0.4624687091948086
0.11065627935235309 -0.47672965131600115
0.04694833687358558 -0.6154385209930716
0.04024575528962368 -0.6952122976311278
-0.07021487074892882 -0.36658166226183764
-0.10641692530012287 -0.29884905053901895
-0.24028275880162459 0.09944881117213122
-0.27264728054292753 0.10468439431664422
-0.2713724332572035 0.1383672129925022
-0.28312860432245185 0.15562695803014936
-0.3806773744110824 0.39815058519334595
-0.42487452848486507 0.5584998353917181
-0.40630526079709045 0.47330504811523205
-0.3735281594623096 0.4367930234276331
-0.327211554533294 0.23233551440219785
-0.14172416415132658 -0.3592538408495899
-0.12348043910211222 -0.37683633508303055
-0.11885535000635915 -0.4205553851007265
-0.0649047718629516 -0.5960561429005272
-0.018870555728247234 -0.7148305776131422
-0.028523826313835977 -0.7022000388964056
-0.08076744619874895 -0.4634955587382306
-0.2266098057634416 -0.1500950868912089
-0.26127997306531603 -0.06742316754567611
-0.2750040672059981 0.005382110696234715
-0.32352368942032417 0.10657576724431476
-0.3511695431032456 0.21894885853267246
-0.42416890421169856 0.42259462544473303
-0.3589756021343881 0.2547676786114605
-0.2914381456720534 0.1374368806617582
-0.26198121746619846 0.026732254886523768
-0.2319644678074807 -0.06121965348922316
-0.16764828727932235 -0.19156722301646803
-0.03616724069941815 -0.5055877864973369
0.01603109776125795 -0.6269383041259756
0.06760667439421411 -0.7572483197869198
-0.08650414546545751 -0.3488527215035428
-0.09677495441749928 -0.2881186833201792
-0.1467005187114325 -0.18764962556964163
-0.19967285559737472 -0.041198591715099285
-0.25211403617527045 0.1251148277115943
-0.34932757989224583 0.4300664631310546
-0.3743576115308988 0.4904107611617672
-0.38137537470056493 0.490457502939064
-0.36871603115381524 0.45667656191467704
-0.35708499267565724 0.3626015555372892
-0.29238710190300077 0.25520238643949966
-0.3142454047032403 0.2482080523584193
-0.06118105006901234 -0.47149002453869543
-0.04655906934001343 -0.5904514951639811
0.004117954853627584 -0.705804181576369
-0.004807482890372637 -0.716953005312833
-0.06001185584135052 -0.6011530844102109
-0.13400495220583356 -0.5038287702318761
-0.2513098940799287 -0.3123735323326423
-0.25478668642870167 -0.2677216999930028
-0.32944130213655237 -0.1413014373264505
-0.33025083011489736 -0.11913270445752053
-0.3558945446629364 -0.12152394114631777
-0.4930667380400519 0.1418638136976813
-0.25204027352421965 -0.302099987992132
-0.16335376054857703 -0.4249149940191092
-0.15009577345003663 -0.5045779324513182
-0.060285167348997366 -0.6074297510982573
-0.0024827777534677316 -0.7441956205336057
0.0033253568964759423 -0.7720192049854379
0.024881937283843324 -0.7780618797284733
0.016614966422110078 -0.7872785849953079
-0.03210499576725111 -0.4227552865778622
-0.028513866607286546 -0.42107288338941856
-0.05779097988567548 -0.1829020085541424
-0.09040699010694424 0.14092766796779554
-0.10489375281869229 0.17511349077749971
-0.09684350895201677 0.3409156445099518
-0.13066886958936846 0.48773194709667367
-0.13996262540639065 0.5971516782862991
-0.1382546707008104 0.5865625767480386
-0.15230347918784387 0.4938319998872654
-0.10922560858991116 0.2412998944091907
-0.09200681582974242 0.1536931771506263
-0.07631630885453297 0.02683417942895717
-0.04033120507796183 -0.16802555907538416
-0.0010283055743544236 -0.672777697119057
0.015449701832701158 -0.7392081095677282
-0.0766613939722489 -0.5604604755020078
-0.12589420126801212 -0.4175337080921223
-0.2070819001936265 -0.23537476121241963
-0.33473849909922576 -0.012853810987061818
-0.33438014275297817 -0.009497367757950645
-0.4363656982091591 0.20085782226554888
-0.46647797009965836 0.2527765334548792
-0.4678196524004184 0.2693012095176282
-0.448655105988573 0.22203493725182977
-0.3091288444943668 -0.1174206430251069
-0.2922493694134445 -0.1501482251742342
-0.15719319776198298 -0.4216069040315961
-0.1263164098832509 -0.4615617584655425
-0.07392555339374003 -0.6324196678019348
-0.022787539319417884 -0.7075333607277873
-0.008235325466173676 -0.7539444219484756
-0.02714237756841792 -0.5761366864944983
-0.051976174887318975 -0.35896428264361285
-0.07919458071517459 -0.024570935617977258
-0.09076989347673385 -0.01658902700478898
-0.13784740995978267 0.46684793335293606
-0.12926199237775254 0.49081832292479877
-0.1359106004944579 0.5002305815442947
-0.1360144925325512 0.5235066732840818
-0.10320094627534687 0.19391983285977976
-0.09257602563452134 0.16827272964862142
-0.08481758222947314 0.11939888186921778
-0.04444194818348153 -0.14631024572968238
-0.04273950803362248 -0.19413424173398924
0.01405307571603978 -0.7153252443170448
-0.009764171920374029 -0.7720469378720114
0.011883229389113235 -0.7940669035145289
0.019069467499736863 -0.762686461350369
0.005183433544432155 -0.6670147440352515
-0.008803080250012271 -0.6446841863541373
-0.0389381060327813 -0.3702515474106379
-0.0511896705616905 -0.19522601130377837
-0.06771521359974406 -0.18908692440165492
-0.06828419268484942 -0.023546038138732857
-0.08040677540638008 0.010213948742520462
-0.05429697759063951 -0.02094742388587611
-0.033631083280149264 -0.4677395209195831
-0.039239440847001913 -0.5915533720570574
-0.026555512405624815 -0.5960009517613757
-0.012554364379680334 -0.6164802371305339
-0.0200947841824873 -0.6967221124075929
0.007711007925735265 -0.7787183571706188
-0.000609422808182073 -0.7988603664246503
-0.0344064668006295 -0.6572185630534694
-0.023981777414669902 -0.5466903260238866
-0.04267967689468904 -0.5436341116339923
-0.04815323292633511 -0.4941947318665477
-0.09367436008507084 -0.12094047656932899
-0.11454578636746003 -0.04586374260702281
-0.19477782863318688 0.29202327277127343
-0.1788960519544491 0.357495077462103
-0.15585512864528486 0.20386879400241278
-0.1216496702139696 0.07400186937147621
-0.12627638853839485 -0.04077314217679154
-0.09960884323247031 -0.08277009285065359
-0.04038106343604947 -0.29933347973943913
-0.05918096512821985 -0.30763033614746865
0.020351802754935533 -0.6901188004252873
0.017243114359840158 -0.7480880152549758
0.0776744888201168 -0.5674187915560989
0.2618013991622176 -0.20002867134044572
0.25364755220182245 -0.17890811704144718
0.33007649835687813 -0.040042910900561696
0.36378015637185884 0.038578129327486506
0.4326552601505716 0.2608626343134316
0.5350615234481474 0.4930741463001913
0.5697995486003337 0.5506168038339703
0.5516024597685113 0.5229329457045437
0.36604091656661053 0.13057558033460892
0.3659481188692425 0.10637209681414021
0.2626524707772232 -0.07133823507399557
0.26017964522376447 -0.07998954068704264
0.2423895873704165 -0.14622878558799013
0.21554210265374152 -0.18140744666006797
-0.03148724730236466 -0.715895790229117
-0.03365237165490181 -0.7119906221197914
0.09101922443915944 -0.4729920275917525
0.2056922230269092 -0.22793306551703665
0.2459077478186539 -0.11353585220287986
0.267590274803615 -0.06709750937248629
0.2835808288810278 -0.045317480866826375
0.3993601413572782 0.18729773370668273
0.49631131534965045 0.38575192844132333
0.4697206433615429 0.36818344580490175
0.4236965835636905 0.22065774140114103
0.40689320413525853 0.1708116447572345
0.3750348860865331 0.07265260414163516
0.29674439472367603 -0.12694508215101066
0.21860613700210427 -0.28371403528873357
0.13357546761467168 -0.4462325098699973
0.016134446354931206 -0.7446918375097825
-0.07417489612807147 -0.6562289817776079
-0.1107258207072249 -0.6044666509191405
-0.3546071204658547 -0.26187998837274273
-0.39614485807453703 -0.2379512467767337
-0.4059102807100689 -0.22834071240149234
-0.7134584177650029 0.12074261950496933
-0.7086137841876026 0.1411021818096217
-0.7848630747643003 0.22226838700410448
-0.4941075255380348 -0.14898347141624
-0.41813932841072066 -0.23941382619830312
-0.3597160881525639 -0.27348459502792466
-0.3199140651694678 -0.35036318245125003
-0.28362471579399334 -0.40268970768698975
-0.15443573683332185 -0.5574107620177318
-0.05666498887556888 -0.6809606222315355
0.050100964768776 -0.8127444361146101
-0.054949917248030826 -0.60770415159353
-0.14668842250405179 -0.44926307083536116
-0.307812266597053 -0.10729335980200286
-0.40744928534483776 0.05143416944698963
-0.4836299719900102 0.21858522157839697
-0.5974350228878823 0.41136114049169575
-0.6307731664962325 0.5036264815657103
-0.6635950463203022 0.585547378696149
-0.5337828593547707 0.30280459897699685
-0.43827874562307145 0.13422995780799013
-0.4220133950424192 0.043187690579446346
-0.40117312462391924 -0.0215443625226906
-0.37611881415795567 -0.04202501964467624
-0.20127416282626814 -0.4114489535190061
-0.17992236773821643 -0.4486861692208739
-0.03914643198559357 -0.7764665393356511
-0.12604539229838016 -0.5159642739409075
-0.16023957554575935 -0.4231951481843591
-0.27435702710753457 -0.07120983765819439
-0.29345299088335886 -0.0002926153603343281
-0.31487378420409906 0.06952083746464137
-0.36660680892118636 0.15431554556335483
-0.3627579236378092 0.21744948400580097
-0.3963770305886226 0.29400931937944874
-0.32823788890873973 0.11791695264098424
-0.2958452366010131 -0.012767488761920364
-0.27753233710623293 -0.02637957644596957
-0.2464741745130476 -0.12322828580864942
-0.2432021826663482 -0.16076234746873344
-0.19995737731055224 -0.22992384041291697
-0.150321640064206 -0.40823420360450724
-0.028616504713463258 -0.7378341241418057
-0.020399299016452523 -0.7181813511654497
0.1253714240132551 -0.4487442956251099
0.1439854603539672 -0.417111162297807
0.2260638758863149 -0.30953353847529075
0.27550346585074226 -0.20121924965629961
0.2687796181437681 -0.19334684649443706
0.3393174469104214 -0.08626553719436347
0.3867774319347245 -0.023503019108496004
0.343940417300288 -0.106639574175166
0.19459362337644565 -0.31794894637009957
0.20658883802451983 -0.34554460201826853
0.18074818174831114 -0.3637239468473659
0.17573035857732427 -0.386633274122528
0.07326808839017952 -0.5260212249409999
0.01034482210668164 -0.6527457655777104
-0.06789225595551693 -0.7640551768006334
-0.09174944026345673 -0.7442612527855454
-0.09508537034380585 -0.7080891058324245
-0.09482890321814516 -0.6988978072796072
-0.22325610197533494 -0.38272867025386587
-0.2707812593653661 -0.28953387080934084
-0.27029131024220576 -0.2700696367040844
-0.3429855606072719 -0.025994636265799072
-0.4657942956286857 0.24731262458838782
-0.3077414687930541 -0.1472232206368877
-0.30097520110138876 -0.15433233162209223
-0.30759688916531275 -0.17099360858680882
-0.19551210661766605 -0.4141848819440441
-0.19510654144441575 -0.47257834892988404
-0.181431945268546 -0.5188119101035008
-0.10325783872914818 -0.7137847317911997
-0.08546998220248109 -0.7606261558577716
-0.1307570380764271 -0.5190849536657416
-0.15349063545449734 -0.4581062470121502
-0.18037029613140101 -0.23206655183980013
-0.18369633497807256 -0.20760230995300613
-0.24201917420024313 0.1396583966592528
-0.2819615120973974 0.26799545120398716
-0.26892266206010773 0.29168007777087607
-0.33051851564350343 0.6144793438275267
-0.29745545407354423 0.46656339297135546
-0.28515305389595025 0.40692270316957246
-0.2619736453811264 0.31788346163815256
-0.21517074149420867 0.15487695161735693
-0.21897100631286223 0.09523110803046365
-0.06348248277139623 -0.5018532908170714
-0.03130020527217524 -0.6264838267439089
-0.02374885839337416 -0.6921751295660358
-0.03127593141421512 -0.6677499836640254
-0.10136202217314294 -0.5084956280410748
-0.09559231543144497 -0.4628412331409752
-0.15108174653504047 -0.3505699903795555
-0.235625013632447 -0.20787402659273946
-0.29366737401372445 -0.05318041699039815
-0.329812483558699 -0.007453367591809778
-0.4713469384038758 0.3423453819690604
-0.4432645839528872 0.27758147907094405
-0.42862738848938486 0.2066399385792661
-0.31481319660924784 -0.04257028376128537
-0.2920178603431092 -0.10422233863108735
-0.2745113166244864 -0.21597572391495096
-0.24171333269285053 -0.34918179441747976
-0.11689056910804564 -0.5975039211636314
-0.08960353462295209 -0.7154558316973813
-0.0740933667710895 -0.6692994528312631
-0.046767211665218224 -0.6686404622311225
-0.0322692044270892 -0.6251827191605784
0.06324962061512603 -0.47551822172406427
0.1506728123635502 -0.3453604792287114
0.22598313285728594 -0.21216756484391971
0.3722852052301474 0.01747991232584863
0.48558905764969196 0.16958017592405594
0.4253985672522976 0.06020848512659188
0.4195871007360344 0.05952659773385316
0.3073622819068291 -0.1542817680110688
0.13713393957652148 -0.4704281595915787
0.15553713078706488 -0.4962605387446182
0.10960065277202183 -0.5828520971457792
0.016747780762850075 -0.7512808184990342
0.009624825069567033 -0.765182206962258
0.08700286377866996 -0.6435600978817211
0.10476961818339083 -0.6294363931892166
0.21257748317205225 -0.47215705370990874
0.4205255474412856 -0.13163694594284805
0.6144496897165849 0.14153091872550203
0.7337622667719275 0.34867050140458833
0.7509760073427388 0.4071932196455499
0.768713005246743 0.3973657966702577
0.627258699782505 0.19587439078136257
0.36161625131952335 -0.27910306037127286
0.3247217620851979 -0.2881751228664374
0.2501899933709164 -0.44770647975739625
0.20885878280972967 -0.49901711831529805
0.16457206201716468 -0.5660615520873188
0.13368154849326197 -0.6118941984370481
0.052203853942418235 -0.7511612709820845
