0.01457369923762083 -0.7465833642794553
-0.05643262837851759 -0.43146432040294724
-0.049751222461125004 -0.40941671655250716
-0.059013090559123245 -0.26191466981077055
-0.11930284034809283 -0.11923808012341879
-0.11897342550022447 -0.030098979357195087
-0.1431553927509114 -0.026390720509728023
-0.14883402556356312 0.12094321417227438
-0.1442052570659731 0.09447761503103093
-0.07368856782813824 -0.1447814584855157
-0.08479794670807701 -0.18413917728639032
-0.08113882395197296 -0.22573097289922767
-0.0191678854932804 -0.5430386856719187
-0.012099597541299962 -0.5659962971513277
0.024010219082451732 -0.7568545599644881
0.03385866552974705 -0.794209047197409
0.07493108886574931 -0.7806221117717783
0.07754378850643216 -0.7306473660983944
0.08270147720681952 -0.703677393729532
0.11718472425107092 -0.5977341883070846
0.319504564506915 -0.18160792258013278
0.39405594205417527 -0.007245381533236888
0.4809146272731188 0.2357430368407752
0.593232019140308 0.448138059131031
0.5839221059027564 0.4261388952335638
0.5737561848833592 0.40667824359092525
0.4448267185276928 0.1351592356718836
0.3587260147333588 -0.07599976191083876
0.2810657549910941 -0.21580089478099718
0.20181436791067828 -0.3449013540225218
0.06796193380917832 -0.6573866983991644
0.025471835478456852 -0.7509469345224229
-0.015732050690721623 -0.6723853133995045
-0.06870544152208492 -0.4320872360610906
-0.11482048017139904 -0.34413329308571544
-0.20861590919243225 -0.0899137068964001
-0.277213380972167 0.09505633146493
-0.3477223312786035 0.35686827474674876
-0.4144660579862051 0.5158138778139858
-0.4700152461125793 0.6718031206182379
-0.3694180950717304 0.38461921919969266
-0.3075165594234214 0.17719708146826335
-0.28722403193630613 0.06304142774002304
-0.167366633249489 -0.28936624215143264
-0.08048543961993805 -0.6272854046806349
-0.06258395699204933 -0.6547336586451934
-0.026300064725888486 -0.7200956327678222
-0.02411291987863902 -0.7645892525562722
-0.019812459520851766 -0.7517668530296077
-0.046063329358882674 -0.6818830667543723
-0.0794737333100986 -0.5930814563297252
-0.1649100987939827 -0.2477911634351613
-0.31413248761042123 0.2515622944941528
-0.3953410139227048 0.4811728844870736
-0.41692871415274574 0.5417785699001003
-0.42851542924707775 0.6075617243857524
-0.3466313531727401 0.4222592092033665
-0.22736212479015735 -0.0673982665419425
-0.21036859094081592 -0.10089835348764807
-0.15113773120984147 -0.3062994536423432
-0.12781438754549174 -0.35926630975200863
-0.11163498727128278 -0.39579286226801863
-0.039272183134165556 -0.6444518475892642
-0.016513412619690058 -0.708811320930005
0.0865564595980328 -0.21496266544523052
0.1070732865806539 -0.1845087514312761
0.1269850749692074 -0.1318720165792388
0.13583495217119568 -0.06748327299903209
0.23489180420377068 0.27844532211377043
0.28834056715873857 0.5030680788581452
0.37326843574651386 0.7215604715077343
0.3835449082172301 0.8278145653549993
0.1551633576833201 0.020391995115255124
0.11830044739516854 -0.09916262012701658
0.12352378942064265 -0.11382949800726647
0.11417883620984301 -0.17979176386742646
0.060133877635165554 -0.38711568307479055
0.0404250647840517 -0.42332953151312397
0.0045740212879485515 -0.5191899502225749
-0.0614380328369284 -0.8001667026651673
-0.08176811108594376 -0.7549912943710689
-0.18545309580612418 -0.5000726650373303
-0.200628961384746 -0.466110381413556
-0.2288489431954577 -0.37217028333875324
-0.3118077301131234 -0.2165887398724128
-0.3210326848695861 -0.18404292778921505
-0.3261813820335747 -0.15767004099029022
-0.40018799038437164 0.028570181656665583
-0.37500344877743647 -0.04265891392306717
-0.2239176600838605 -0.33543490577210466
-0.19347567968117763 -0.3982427635259776
-0.13077942849961666 -0.5304073667372301
-0.13270136007125394 -0.5419592068869049
-0.06855546786770901 -0.6803847997272316
-0.05899978762290274 -0.6826672031958745
-0.020498040083256418 -0.7531740248767085
-0.04470924597997614 -0.6650099615064671
-0.08380420146053719 -0.5382924625090176
-0.14828137108851144 -0.33316066173639935
-0.19692123684167556 -0.1968127182440285
-0.29927060427273383 0.16786339604229636
-0.39148070743527025 0.3528914256910937
-0.3730222726807829 0.418915879641977
-0.3909046646347891 0.4175256698187844
-0.37902549956215814 0.4117388381038226
-0.31231157226826767 0.1824975009486824
-0.28825994889381107 0.16559193423358645
-0.23293765599810157 -0.028027450498669056
-0.24107817978933782 -0.047109963508433335
-0.12482008791707452 -0.38127661936265417
-0.007810329960139278 -0.7333519384307526
0.012833310819698362 -0.7638531217325938
0.03382235927468435 -0.7199022553096796
0.04766335175682728 -0.595782542983826
0.13252437725546615 -0.3449208550752983
0.13959660391275183 -0.32963283631113666
0.15176113997187435 -0.22044193750498786
0.2099229257935307 -0.07524253140811804
0.41243204219385515 0.6352605873408467
0.4292167036658441 0.6714867680488972
0.38965783677655264 0.5551465016999696
0.35876468460602673 0.4827383236191262
0.3210647531293547 0.34651104342885586
0.21398211074918963 0.006387695485430866
0.14881994943341545 -0.15622610822415148
0.05142405144450043 -0.49252032716907257
-0.04452358449821623 -0.7054894476206802
-0.04377744610567752 -0.7789648208436993
-0.10151635838069249 -0.7052089829874096
-0.142449240912916 -0.5973119456658821
-0.1785239684754667 -0.5358182988572249
-0.35461225036323135 -0.1476610003091211
-0.406581597524153 -0.09712089377870407
-0.4864007124968018 0.08522440765653203
-0.5501889687713122 0.24310673513535247
-0.678292714318608 0.4750958637697878
-0.44002681293443063 0.039704031330692176
-0.40724028584526134 0.0033526376343716484
-0.34646118111483676 -0.0892282804384263
-0.2412484508678892 -0.2853632265264361
-0.17204810463302503 -0.4473104269173899
-0.15243848721151745 -0.4385309325343678
-0.05606699451339349 -0.6097650410165787
0.006580633094814734 -0.7252067925160179
-0.06843172310727794 -0.5171656973403171
-0.20019926159096013 -0.16035011260533164
-0.22081952473874997 -0.05459856699692309
-0.2369749090830528 0.0006260625155757995
-0.3535183298560138 0.3835937859280639
-0.3669101496145708 0.41733496705713385
-0.3936609884651805 0.4950470493903147
-0.4023707833902612 0.4946903166091159
-0.1794019386299547 -0.16898855754921255
-0.14474499654443992 -0.21432230027575236
-0.10987864532066323 -0.34602741941079
-0.09296008161456713 -0.3748990381854711
-0.10220185330396701 -0.39748010163698005
-0.08653473108538128 -0.4560910913360195
-0.022482816656771914 -0.579168270412478
0.017064078332366815 -0.7208260239462453
0.016828121485699565 -0.6939581470554368
-0.008644134333446716 -0.668442791734979
-0.0017317140014094182 -0.6383605281509325
-0.1386856571432974 -0.37911481188758633
-0.24789807443954068 -0.08256719609230398
-0.2953100357251654 0.019633816164229878
-0.394263779248003 0.23262536054712787
-0.4835766424508927 0.4303938648390256
-0.4329606273784198 0.3652731238237439
-0.4302524655605902 0.3115551162366903
-0.2554358452064844 -0.0753387172402551
-0.23894678597087698 -0.1133830650689169
-0.24351679297633513 -0.1387229203631786
-0.23435121160418124 -0.17116058683071195
-0.033506002136033934 -0.6170989834010957
0.011718616220455124 -0.7413278912890972
-0.019716890224959857 -0.41936150633446356
-0.040034239106789084 -0.41687983047328486
-0.08696713120406327 0.02702272112487481
-0.09625743772201663 0.07357196078496328
-0.09098779093259142 0.0987473064030945
-0.09782298169106725 0.17955054613679072
-0.11275196292209515 0.26658917993805564
-0.12283596571367811 0.2857338974641988
-0.11864025137498016 0.21241101774070278
-0.10841141795637839 0.06591502036565952
-0.04014029237245756 -0.21542966169583155
-0.024411736482886442 -0.37020387873808813
-0.02380095855305971 -0.40344937698598293
0.006127484500070028 -0.6076445213900731
0.007563847004784653 -0.6183914415945494
0.02013401762792015 -0.7092610696539209
0.02252557104389893 -0.5622079502039254
0.0008143146538488553 -0.5124436044840015
0.006427009099302406 -0.3313731309304792
0.019677110976961305 -0.19641443034401382
-0.0032733696270926304 0.03622763622810152
-0.00942453634740404 0.0497135471459319
-0.0076725218671147375 0.13839467004024855
-0.013075018635865021 0.2663406718055271
-0.01850975869533697 0.2559139666666541
-0.009465915043255207 0.0017231310559874856
-0.009354086639223734 -0.0673743373747873
-0.012302255866970676 -0.2134701545992562
-0.03239242226558817 -0.22198698795047783
-0.02754179300911213 -0.441278227867514
-0.024958096727416397 -0.5737095363935564
-0.02001215470872755 -0.7459276901944553
-0.03800511610498842 -0.7053271846174727
-0.2080530364272927 -0.4962557285715145
-0.2505906348963451 -0.4598856648361039
-0.3480433244018845 -0.30320429246600067
-0.4252858614787603 -0.2158697640474058
-0.4561282974853348 -0.15893441476996237
-0.6468470679514 0.06385666614104388
-0.8186882562061472 0.29246853582062693
-0.7217818628815799 0.1668785940056332
-0.4055264151678754 -0.22658935052056223
-0.19152482199272283 -0.49048372300436355
-0.15469268484204846 -0.5212839691300004
-0.12213324645768008 -0.5747536233273671
-0.016517979128001493 -0.7167185831264331
-0.003948067474674761 -0.7219037245123523
0.02487593731823974 -0.7501603309539416
-0.035285196947759015 -0.5708491473585612
-0.07011780259832813 -0.5275063762861232
-0.07359899891025341 -0.46809455289945656
-0.07791636098769535 -0.46774423668912113
-0.11252546389367078 -0.3471415894521154
-0.17379297897929893 -0.19809185365657725
-0.18267801268985057 -0.17136541893313956
-0.30325574514217285 0.1332418663685803
-0.25011425041570984 0.0006731630838450302
-0.22751270477448718 -0.07909293986006102
-0.21038192512161494 -0.09091578125570032
-0.17431200937480754 -0.2730355379365629
-0.13547108401265687 -0.3499363921363792
-0.06509331694429496 -0.6185683992634297
-0.009146611373782695 -0.6842360944131974
0.01735322104798198 -0.7506151138684477
0.0047888092828558115 -0.6980436795766195
-0.03321986547237552 -0.4430405559779942
-0.0642732798757437 -0.28355013362350395
-0.0927253463965116 -0.16984424736523154
-0.17307951141531414 0.23991459591450193
-0.16395129119141466 0.2626275159509171
-0.18135351453541676 0.2648602681811336
-0.23326564186407805 0.634441952152982
-0.13893794713841082 0.10215292829396697
-0.1327897246147549 0.07573758479704433
-0.11139290303816578 0.015786060772709658
-0.13062000719854944 -0.0017802323286064724
-0.09803247269430318 -0.07898869024653596
-0.030590535597280696 -0.4176711340608193
-0.024267698162299966 -0.662918096176372
-0.003102020948366721 -0.7438353798072738
0.03339774212464743 -0.5833642829803407
0.026126249603550394 -0.5366015947415088
0.044103088180053714 -0.40227641403241576
0.07317037358416412 -0.251096695601024
0.08864418866569956 -0.20988735240178374
0.14397044287693728 0.31563671228035683
0.1444954745531818 0.3718058541398289
0.16626507324085976 0.4466213473318352
0.1642052260813982 0.27470867849807945
0.1548068527657391 0.2747756402563219
0.1437696245686649 0.2705593505111277
0.1392940525958937 0.17785088625567244
0.1527880873371543 0.15020044279080422
0.09842460444302448 -0.3381520787429617
0.08032852967022955 -0.6148716497925348
0.07163310799386716 -0.7206488557250426
0.018058956278713328 -0.5040631566713568
-0.011065872813438217 -0.3465745891684754
-0.07235880251780122 -0.1463156940647843
-0.05564180545907466 -0.11231096814674517
-0.10327866013008155 0.0033675801478911627
-0.14231852189803737 0.2625220478021109
-0.13605770678777548 0.26540096184385387
-0.1678269849364729 0.35235084053986815
-0.1293369640524064 0.13828522722703845
-0.13261684511011612 0.1199226339184149
-0.05667767173316128 -0.2712175017014524
-0.07044146314778463 -0.30691182079261603
-0.062496748600519084 -0.39087023290525
-0.06195198810196046 -0.4546988060440313
-0.01331494122621094 -0.6888877603254865
-0.009196146926797068 -0.7305668733810488
-0.009483492778279751 -0.6665240670200864
-0.009190217927940503 -0.46158826834676947
0.004008287315263281 -0.4534114653280191
0.017495883435764782 -0.3010800011475693
-0.010144106737966108 -0.27833173703530184
0.020279462603208637 0.006865144746675853
0.03820217502667084 0.4944331341834545
0.022185843496553004 0.4989951385242396
0.009177698644000363 0.4227240956078414
0.010179295395018644 0.3916578463311287
0.019229061745396216 0.24161304239479917
-0.0017238823678225306 -0.026108401656590237
-0.019518897788512398 -0.39574399442356245
-0.022599274197651256 -0.4704524077921379
-0.023606301690833355 -0.6477609181279239
-0.028403067658109852 -0.7214862466164507
0.2024510084957969 -0.3915574909949455
0.2264944465716666 -0.37112511304498513
0.30077268579568883 -0.22773873466668085
0.3341851856000781 -0.1295548879760973
0.3680170126786198 -0.12530355693279027
0.6188697685522356 0.2563415590336006
0.7246936554748421 0.404491892491867
0.7201068386307952 0.4159363809057398
0.6038530282588718 0.21478960719740045
0.5065470055562528 0.0455475932511304
0.493300488211825 0.008509097523459963
0.39719371136310017 -0.1384095963117976
0.2531017289289181 -0.3818706828957031
0.24464098486413646 -0.4118509277728093
0.23909732525708657 -0.41981870852676517
0.028160679603813542 -0.7651925749667107
0.10740270421377637 -0.24186086033991683
0.13480021312170323 -0.23963827382818778
0.1754013030546958 0.21380301484744463
0.1759616073260502 0.22054115321471954
0.17456596190825685 0.24960323343033017
0.19842429062612396 0.32309855535395166
0.24319428728221387 0.5483558730586247
0.2576609800461952 0.668395536910491
0.271345032423342 0.6445058292036326
0.21931953769062335 0.4526682674777892
0.16498021818878558 0.07522777389156686
0.12590029147053564 0.06373621804414936
0.11503509713317249 -0.002813840797676122
0.0898906000818332 -0.0528074133887992
-0.03546907822342475 -0.7492656297165169
-0.0522756680543325 -0.7496657305711188
0.010689342185448161 -0.5694779226516329
0.08051926609180499 -0.38715330993929176
0.1719361014948115 -0.19246439630328194
0.2845248422697792 0.1752854917759859
0.31408483729102993 0.17399927786652186
0.48261423801035763 0.6341019550532926
0.4842842627974631 0.6432359299397292
0.5004118025773052 0.7072095571178825
0.4478719286491235 0.6149783021353997
0.38864155335504813 0.4237892363978933
0.16221356307092305 -0.1630986102780578
0.13189902622884905 -0.2363516655265981
0.12852350831074882 -0.31077542684110826
0.11712275885645682 -0.3177445918051409
0.09266786352703202 -0.3127276181250017
-0.04207057475039383 -0.7201431696135617
-0.01732416226481281 -0.6366068451992091
0.0709391339254002 -0.44080243234917926
0.0639693046086047 -0.4291905641716703
0.12452142870730179 -0.23836936174572593
0.14980137720163125 -0.1585860514287953
0.18139489931532177 -0.13292791429995982
0.18734582601899333 -0.04419116471097412
0.2606772473084115 0.13918609944496607
0.24936359892732446 0.09843216098502294
0.24660445545798312 0.06119607708003312
0.2397816828116774 0.035588119246120146
0.19252123180390487 -0.08549037294981077
0.12112871170552503 -0.3468067222343126
0.12099765641477896 -0.36828370080776623
0.02927217362062774 -0.6668252234785423
-0.002302038791614003 -0.7613068029703577
0.004449169765306995 -0.7603844439215413
0.02134981408075339 -0.7227425825801561
0.007145358493827296 -0.703839220426397
0.02741478025801696 -0.6963212016358719
0.08843077687901169 -0.6039393004953774
0.20704203342111704 -0.36087018540938537
0.7004121664429621 0.5181840373388025
0.7497514389156009 0.5764787605215146
0.5467504368038071 0.1838941678462725
0.5091834707267444 0.14666362222573048
0.4901169644066978 0.12587779637389618
0.3970087526025303 -0.029589669584051723
0.24611252680873336 -0.2875982688926426
0.1927625166615519 -0.39894597825063627
0.08135999921020859 -0.6099005391758723
0.006478226359220974 -0.7350420351691322
-0.029516720083557112 -0.6485655354407839
-0.10229263310003958 -0.5167927549047346
-0.18392690879432833 -0.3531363570789813
-0.20319910656985 -0.2689762247269227
-0.22476435232778358 -0.2659718449405796
-0.24730504053724325 -0.18849785265506508
-0.3271777937097352 -0.024379958637630882
-0.4065270309893473 0.1089549592331027
-0.3991105558668523 0.08761780049059531
-0.3631343352318954 0.011711468153593377
-0.36731831835906187 -0.007751624473197803
-0.35656703684370666 -0.008996439322512583
-0.33351014290664793 -0.04564485099305082
-0.14302022875458434 -0.5005115696366432
-0.12131010603050063 -0.5485171114196755
-0.02779214112831532 -0.7733293697381534
-0.1601830664585767 -0.22063530070344983
-0.1551609187101357 -0.21152054268177994
-0.17079245727721276 -0.21497393310208388
-0.20644756465569142 -0.05053164672459467
-0.2434462721306123 0.12776247987808345
-0.25218105999700813 0.19137765790272782
-0.2688804245416285 0.23568948018704847
-0.27365883264241114 0.24343375662288474
-0.2964039775402066 0.21750599008778376
-0.28342459909344153 0.21679355913059908
-0.21389968500006312 0.02130075154022779
-0.2071607663402841 -0.052254826095587834
-0.18485660220710282 -0.07909753886544811
-0.16246874815588705 -0.19416345086948789
-0.04571836102335741 -0.6474502096945258
-0.024330979076343566 -0.7397396933276233
-0.012874928552523097 -0.709289361672978
0.15629387634225103 -0.3119943584922227
0.27996178993598864 0.011452685163912377
0.2832085785405877 0.011164694402453167
0.3811469456322485 0.2667689094426552
0.4069710649971918 0.3157235376332774
0.406056829608567 0.3461790411516177
0.47578547164134366 0.5088205178831149
0.479381426007718 0.5069084820521897
0.43908674171813256 0.4211631370963081
0.43352572024949537 0.4060805948113654
0.3654225137503271 0.13573610038673514
0.34961516276374094 0.09793219556240342
0.30721470319380434 0.03195997994899608
0.26136024737382035 -0.1175981274346912
0.043291413237290466 -0.7331077743594773
0.0012262059775680607 -0.6183404654359735
-0.06214625293385428 -0.484025828647352
-0.10070063123646841 -0.3602889827843946
-0.10222515337996613 -0.3149745395057677
-0.17487498928371986 -0.16913782724110782
-0.18253761204764934 -0.12373429423535189
-0.2232994547070694 -0.03057541295917835
-0.31333417848043515 0.2214000381472416
-0.3100436287531344 0.15039930091626433
-0.24858800937540712 0.039773157304840774
-0.25331994944795355 0.004829652863590972
-0.25257129414934454 -0.0305172136548034
-0.215511819763385 -0.13586480782347293
-0.16418277823034735 -0.27339890237917636
-0.054609999635747516 -0.6643210868867618
-0.038143264880721756 -0.7276086000557053
-0.10158692711497369 -0.6018183745654617
-0.21532057199500043 -0.2936354476027979
-0.22449503414506428 -0.2707832222334385
-0.36622742819980114 0.03865919162684201
-0.37769697591314144 0.062191912851811304
-0.3553577179080684 0.07642182728473668
-0.4276293184093901 0.18459933549874058
-0.5353285908896759 0.47505417535234784
-0.4562190114773296 0.2918737270679228
-0.29737192351238134 -0.05467304239034619
-0.27471342683861705 -0.12915639870949278
-0.21411696217180567 -0.24055576380128568
-0.17157965225781246 -0.38601583214344026
-0.05364397174681084 -0.6206874730369242
-0.015064155880265023 -0.6707471874466351
0.010440655265342493 -0.7586388545099804
0.12702770973794394 -0.39241328618707155
0.1634255884489027 -0.27036167493369245
0.15268964933174922 -0.247662556462576
0.31892128014300525 0.2681072783994491
0.3363681057862076 0.3645875499419646
0.35211680472825335 0.4294795160551101
0.3604063721526328 0.430241076636169
0.3681998947405237 0.4626231234855744
0.2556069117300556 0.0752014890201725
0.23786815250448415 -0.0558559371114865
0.1705802164686602 -0.26229356696825684
0.1971687192419589 -0.273534047441075
0.16103530411988115 -0.3032196401094857
0.09624513537174818 -0.5374388415010136
0.0711154730516174 -0.6594290104300253
0.057054427285210714 -0.6979982532507584
0.06612268191593484 -0.6476296331831279
0.15991227210279035 -0.4935009515392281
0.1610917353255079 -0.4765242557527656
0.21008218582311328 -0.3540102728292798
0.25914969195645715 -0.23069829058886973
0.3745656659243012 -0.05493570719538318
0.37904296363181406 -0.023331185241521755
0.4735945264536714 0.18630063205571776
0.4733548792205113 0.1813398673563226
0.43513650913756924 0.0774286741923792
0.39838283758231546 0.022846616553855545
0.3668744214760355 -0.019558251473485676
0.28712100290127857 -0.15725906411432
0.16987608629114032 -0.37773444093691283
0.11374268799858436 -0.537245286351597
-0.011950956505820651 -0.7327812650729991
-0.0876995500166342 -0.5516915936697196
-0.12327029757446803 -0.4606174917766904
-0.16478331129870433 -0.40337561801524235
-0.22807426917473805 -0.24853260241349198
-0.23514231763096238 -0.1802767121016134
-0.3711292915831431 0.07112736888378007
-0.38640842253650354 0.10830554763010775
-0.49576242124248443 0.34873468907012084
-0.4645746640917803 0.28311003946982743
-0.451928655433431 0.22937819430240025
-0.2938768027406619 -0.08997664990563631
-0.2538203605802974 -0.17992931848326973
-0.22534527450119202 -0.22493464118409634
-0.19700060303148256 -0.24017410249341803
-0.09545316264808892 -0.5035141513094187
-0.006335183127028916 -0.6730130867390655
