-0.11328143006647214 -0.448271032495533
-0.17830158974914598 -0.2517809851169841
-0.20130128337414446 -0.18652844033408017
-0.2140624876908474 -0.142978452028956
-0.2810357107192297 0.045325631022584724
-0.32711818862784114 0.2509871479565767
-0.3605907409990007 0.3050588292928589
-0.3712301077359494 0.3262222190182102
-0.3728374729711604 0.28407007461756145
-0.358932251123317 0.2662344737521404
-0.34069805869675046 0.24925459285735654
-0.19761682287841303 -0.23856112190803203
-0.12134195336909154 -0.41778874659570436
-0.08315114953216572 -0.5723148243317102
-0.030797870787838192 -0.7213337015770817
-0.010255414857169458 -0.7470038650838035
-0.047885413258306586 -0.6281161757355406
-0.05084443332952639 -0.4828693176755896
-0.0766223418376312 -0.1713960879183753
-0.1127260285849237 -0.1713499313788395
-0.146500217590331 0.10523278098090777
-0.13410491222697785 0.13096503726820286
-0.20809384402118689 0.4669467153639073
-0.19023875719776676 0.4722111501447687
-0.16613820713060323 0.32102475025594335
-0.1701376253583019 0.31105299258810465
-0.14842988546198602 0.20905873857482116
-0.13466836183673042 0.06479271634333227
-0.12657112594466186 -0.07748456623907199
-0.030462855536035775 -0.6642470263322288
-0.025279457955593748 -0.7444809770434446
-0.023595294722309222 -0.7560920718181833
0.057844607879505065 -0.6505894709553385
0.05720050090040756 -0.6391698119065071
0.18186215416067486 -0.525633887612035
0.16403939956077818 -0.4942377874503375
0.2991177536959846 -0.3538817678515146
0.4880778422486749 -0.07650825822240685
0.6392680097647929 0.1144210863409016
0.7589834542919718 0.23503320807617373
0.7038902363185957 0.1918959187988236
0.6521259631989091 0.09183995275147944
0.6026093206199975 0.013158526039425203
0.5968818197257236 -0.0035480501146375673
0.5594529490833781 -0.05097280382160942
0.5507342628822087 -0.07144932440370914
0.3078430422342331 -0.36432858042637123
0.03532242355898126 -0.7156660026776855
0.05952976609915167 -0.6243151166692297
0.07546684130069108 -0.5712141367935398
0.10399191897895889 -0.47646072881693574
0.22526031842648042 -0.1802139211123185
0.4042797247992273 0.41622996743369955
0.48557781254581794 0.6309522079498815
0.4794542129690026 0.6357141704891772
0.5101097671160559 0.7091086943482462
0.47939511190855466 0.6586619547924956
0.36285168395028233 0.31188228091314313
0.25466351619559524 0.035202868265664246
0.2175071945138806 -0.081866977570972
0.1395738125846999 -0.26682125500263243
0.11195863014985757 -0.35852308707969144
0.10099640388598834 -0.4100963125124067
-0.03914234418882056 -0.7738579597638713
-0.016465175682426645 -0.43646815247990156
-0.023097541115141937 -0.1471981212078482
-0.011473294955116287 0.27441330576802786
0.009128818825420262 0.33413134787149706
-0.010170755721528122 0.3962912098816039
-0.0006366580431451524 0.5379800987842317
0.019703730572047922 0.5680054608140142
0.017243241325201386 0.6579726572501012
0.02554317958626986 0.12789473127048656
0.00809494205809344 -0.000193802756265375
0.04378777377560576 -0.0021263924763470186
0.017414432903177478 -0.11492434162448444
0.044076792416841024 -0.19677611806615897
0.02421993944294562 -0.22488032654257542
0.013968891002016315 -0.27982161177412257
0.03433703792833872 -0.744081310336339
0.04810466489961371 -0.5983763103712785
0.037305656020526407 -0.45126888030697854
0.04424636998625227 -0.2562175684885603
0.05216673985627385 -0.1287681933276558
0.06011615748013328 -0.013662649438659486
0.03907952647034685 0.0892101742243694
0.07276031313278694 0.42978872294497583
0.06770932171235222 0.4457569179610484
0.04962394017016971 0.38007908317160993
0.08541330189490993 0.3427817041539195
0.053506418175880824 0.0759382273065825
0.056742879616290126 -0.14080456283559858
0.04952571148622639 -0.1779719114649356
0.04878891252128769 -0.4942484560426781
0.017975372538179383 -0.7073322219413983
0.021608226910550733 -0.7313343357363783
0.08109031061923919 -0.6093267468726611
0.24216281011122645 -0.26521467510196106
0.23340704514740648 -0.22865296743983365
0.26856110362542485 -0.21751910319596324
0.41865666972567855 0.1336224125518668
0.42805991314901687 0.2526700415715081
0.4653980336874155 0.2836115225114474
0.4735764783746752 0.3082416149093198
0.47071696178216665 0.27149445866427485
0.42976813556115523 0.2171424978166735
0.43392743043641835 0.213034802336325
0.30036191719479477 -0.024108263458117403
0.30416089709032607 -0.0599623837891645
0.2146256678224225 -0.24365127560909036
0.02295407146442694 -0.6511356723358038
-0.0021768606816967326 -0.7416764696206428
0.028610469967156892 -0.6609990939231815
0.06195572182124961 -0.6792175293176935
0.18284394602869378 -0.4735381999202121
0.2829427619454006 -0.25913131565258923
0.4608769439928839 -0.017182523568729513
0.46548983057955673 0.003026573685810531
0.4679845490401426 0.011498914634587411
0.5584035052479532 0.12973557185987616
0.5053768150239981 0.0008470588764116407
0.49004546681387584 -0.012049953450472658
0.3951182654857021 -0.16261131679369428
0.329170750194184 -0.2551345672513563
0.2326037861857151 -0.4768755747159474
0.22277856829859832 -0.47248252286710096
0.15003893211203875 -0.6024685314651581
0.04628777907299594 -0.7932731427425431
0.15291375492339018 -0.6913264272120929
0.3457266884352321 -0.4168238408927797
0.3633641472451255 -0.3696689261718544
0.4209794022604134 -0.309914205757793
0.5215225288029282 -0.16616610631601259
0.6124541311379408 -0.07629235947773316
0.6419063924987239 -0.03339471140004993
0.6462724793486582 -0.03376650768525258
0.41749840197615107 -0.27867517824328275
0.3992122558687472 -0.2906575279225068
0.3989691097543009 -0.3437564433209381
0.2747596115320858 -0.4312775892221205
0.24911473940742512 -0.4725768911574705
0.09146314522270647 -0.6464271755415236
0.04655223449149173 -0.6938620672870911
0.01215746913837304 -0.7235522592544193
-0.005117096385302165 -0.7269596758087253
-0.04091912136995321 -0.5625098816669373
-0.030548704356022662 -0.51491133778335
-0.04884248110722337 -0.46860435466481304
-0.14121195234511752 -0.12299539279213932
-0.13805582413932083 -0.10613328369562819
-0.17028257290239085 0.08459979994977064
-0.20095643697642795 0.0909923387113537
-0.1827076401818909 0.0644643876790707
-0.16198635388008542 -0.03157864538418316
-0.026937319297132396 -0.5295692436798195
5.640786783845612e-05 -0.6317496731762097
-0.004618827804653371 -0.6456664919585908
0.007140153340374034 -0.6811848982614344
0.001278760904628879 -0.6986844983182413
0.02182780090458126 -0.7403090054856596
0.049404692402531085 -0.6122560181686647
0.05393844270728586 -0.5361163382160683
0.1318614358273246 -0.2583713573489043
0.14691965268471074 -0.20308638555204495
0.2213662103860359 0.1736626169542519
0.23329663074882612 0.21431395986942006
0.24482187141199171 0.30587492487398604
0.2974116593096786 0.5418718336580635
0.26689432317329076 0.42661540934399295
0.24948143333267706 0.3500082814388794
0.22842860813249005 0.22869993030283142
0.2089187671564099 0.07220554559014034
0.1181782722470238 -0.24164112747905958
0.07635923195131478 -0.46797683927394923
0.052328659235219545 -0.6115797438473517
0.03187843900907768 -0.723914508350999
0.013897111143079847 -0.4858676852437813
-0.030253745111098046 -0.09215936068411587
-0.03303145062673832 0.08464280230784718
-0.05310814879502912 0.5116191988803137
-0.03675002570491019 0.5562266303676351
-0.045896581165332774 0.6623051515136592
-0.0592800688471751 0.9796733658525357
-0.07086347132474707 1.0176789005596167
-0.07657297866077102 0.8461632329573612
-0.058384265655374634 0.6530389133051532
-0.047995530316796715 0.38294117319275656
-0.049253911990630825 0.26053831166815977
-0.03588572546376438 0.19229415563557478
-0.03513581329696738 0.13087704610253473
-0.049402421455873174 -0.04034780932911532
-0.01119520124484086 -0.786028798421116
-0.001547928620197125 -0.7144738631487397
0.026107133451572624 -0.615529325110996
0.13254383105225573 -0.2519895421622941
0.14980388769114755 -0.23649319006905314
0.27066390778962385 0.11043175285313721
0.3799352018932009 0.4893868356680133
0.3722320866845949 0.5210070020584989
0.42097775547737326 0.6458861162863434
0.3723523028731607 0.4599519747178446
0.3520366818726133 0.4199756104862796
0.3475546840186107 0.38739922844663743
0.3341456802621174 0.32601989251339153
0.21917417282398066 0.01995700275346711
0.1637252435626397 -0.235364065701624
0.11263915716131499 -0.4622239262706739
0.014747002506503562 -0.7611315940539052
0.03715062147810419 -0.7432935175251649
0.06802633068145718 -0.6770155763950663
0.1767505614961799 -0.4914547668965007
0.1905094924259183 -0.45023670937732113
0.26640571875668817 -0.29797407797277714
0.3714808783007313 -0.1311944696475651
0.4334795074410408 0.006265928121781337
0.4729452174386151 0.03375928465079747
0.4397169856685643 -0.006842850761250595
0.4472469429603374 -0.01801017519862275
0.40152981945828564 -0.05666342220053652
0.40584198691500084 -0.09392527065203952
0.29978194650291656 -0.2879811363857215
0.14687148292930693 -0.5440815120545527
0.05757587182392028 -0.6798331475731328
0.025341685591930962 -0.7428779663222864
0.0857861491342551 -0.6153449058686118
0.326181248597588 -0.02279367293324672
0.3360413612730041 0.03286859981806622
0.4100326040105179 0.19951991899541568
0.46952887645247443 0.28441406885497744
0.483050413270622 0.3234449607395897
0.5058657640349189 0.369167762131885
0.5076768861788938 0.4083922020513757
0.47584527281737077 0.3507850199921338
0.4660687820864604 0.3007881803619447
0.4485526449491076 0.22904538647924555
0.3878554958470912 0.11087416499698798
0.21294459010625963 -0.2929848506088328
0.22036413435288807 -0.31422428630535193
0.13457954562213353 -0.524349412617242
0.013326682720104444 -0.7811399036473149
0.11358670326071905 -0.5934981479302973
0.2348942510210893 -0.2980587053384171
0.272532634255528 -0.2172263768919164
0.2826418042105492 -0.19703627514377875
0.3672120150486147 -0.08529869318154645
0.3601095803134676 -0.06198433238063384
0.3979141001481676 0.04011673798481236
0.42325825718594057 0.07414066041315986
0.3543372745898665 -0.06022837934114274
0.3537692535965187 -0.09721803853854848
0.33749766221326255 -0.0971121145530682
0.30964272117681607 -0.20110402001456887
0.22608305551075886 -0.37897309837026566
0.14854697370665412 -0.5120513806389931
0.036406826319611854 -0.7125370714308645
0.020588555603491775 -0.7661366404992699
0.008509786387896675 -0.7244336057871861
-0.0025989733737094797 -0.5422914646614474
-0.03542003806655779 -0.2764173536135228
-0.04241801007619607 0.005638590862057371
-0.07053992242509727 0.049745876417234935
-0.05941256247420529 0.12562751920797915
-0.07550947866638066 0.19165958523564092
-0.1227434382922285 0.5464578384611865
-0.11416696513169494 0.5411874275829575
-0.11844244289640946 0.3646545573068616
-0.09629379854223853 0.22384671665082811
-0.0290656102896312 -0.45573178957018035
-0.04240070584962536 -0.4664541589258225
-0.028717384686316447 -0.5538105033950012
-0.015702277103924668 -0.6781167758153873
-0.013143197129197563 -0.7512646513511959
-0.03330245726671278 -0.6879589109816783
-0.05247377996350604 -0.40207560565541817
-0.06825471124576724 -0.3508201139026617
-0.06855835689558186 -0.22334824463564223
-0.058144122128309175 -0.20940179294593955
-0.08233657204940299 0.07368069826376274
-0.09188309510041905 0.22260884769130626
-0.10437464454400058 0.25116302849646804
-0.07420644912396847 -0.014496403055908796
-0.057998628874093544 -0.08709406524988039
-0.0530414341896542 -0.17515719708037436
-0.047180825934035865 -0.1915268793076233
-0.015809144455343455 -0.4245995300686096
-0.0031264803777078807 -0.5313298031502613
-0.0040746053130171715 -0.5833129886324265
0.026080287774341737 -0.7432415146010863
0.0047343704891467005 -0.6833148506704045
-0.12298803081816441 -0.36249553331330836
-0.2580167778837545 -0.10816154557870715
-0.24837520746749508 -0.0696847543083009
-0.24109340255968714 -0.052475931649656644
-0.24222944411489064 -0.04414365146170183
-0.2838599795102601 0.013294248143909303
-0.37976041418434264 0.27714653582806903
-0.35095889746472364 0.21156100918560194
-0.3211189068471993 0.10438365284771577
-0.3342009391642998 0.09676225590282644
-0.23300550683131416 -0.16685394811536766
-0.16561371873212966 -0.3254170682642956
-0.07356108020184364 -0.635948497125867
-0.046711236535175574 -0.742996107497725
-0.03386731208838881 -0.7392340616237035
-0.03397558020859296 -0.7035821411227816
-0.08585974307241186 -0.6128748764534302
-0.11151932225746435 -0.3299975941872715
-0.12301697314266019 -0.22103742152273403
-0.1476062469061424 -0.09260980580290443
-0.18753643748600465 0.06110801072187028
-0.22594600836080994 0.2743756601585216
-0.23260431221960864 0.33179450081750606
-0.19455333899040747 0.20599949481173735
-0.14359685778620365 -0.0789069242454404
-0.11082142047017257 -0.24445154417865617
-0.09753578331682476 -0.354359172607037
-0.043001800346155056 -0.5653641815117383
0.002043889823258045 -0.6357688914100051
-0.017377303288439443 -0.7254778376547365
-0.005434007516290251 -0.7265411563525941
-0.11749682545423355 -0.4774328340547156
-0.13214811477002195 -0.42967124514647964
-0.24167499845927412 -0.15656799345525274
-0.23324360055744636 -0.14834330950849312
-0.24234159421318768 -0.09210122594257143
-0.44387371233182815 0.3797052494855694
-0.46746068110878136 0.4243213256570212
-0.4934747668599238 0.4655181713121253
-0.4755773953420327 0.41337365722010044
-0.451842403775087 0.3529940563080019
-0.42478075748494143 0.2843797835826151
-0.3986301318370516 0.28804081457358716
-0.1060059177698754 -0.35575095042118815
-0.08926706727318698 -0.3692100376888256
-0.06915775124175128 -0.495411114561455
0.05748120493701426 -0.7229165832295285
0.034076629998722976 -0.6653235542406429
0.03997317337285828 -0.6511192653039072
0.03704593630475114 -0.6175143936558518
0.017964030268127644 -0.5623916786926271
-0.10393318070032025 -0.04105723674399343
-0.1311921974033032 0.06890342444073946
-0.17094678396183935 0.19887377409131496
-0.18541166832324976 0.2614291679224082
-0.16932220453844007 0.2508471247770026
-0.1707611632343786 0.206222885913419
-0.13055919540999456 -0.060069718409960615
-0.10807151047901366 -0.17572922409390196
-0.08185316411219884 -0.18391157539036468
-0.008920214079710949 -0.5820162724019412
-0.016771200474561505 -0.7070630929920401
-0.0005029518055466144 -0.7633367108996102
-0.013519496848439925 -0.751443264252764
-0.03919719999651417 -0.6765812730139132
-0.08047379822075255 -0.5979726234412567
-0.09702944514598252 -0.49552459540404137
-0.12921140220902852 -0.4077918756347051
-0.20893458417886202 -0.2305588396356329
-0.2544047193577934 -0.10961087846335872
-0.3548709872194964 0.1516838204591051
-0.2998634689553642 -0.007570559914977319
-0.2603802697648628 -0.10077203759717226
-0.25825286508401973 -0.11529408651302037
-0.272220533201066 -0.1320517875661625
-0.24990024390548177 -0.13069941385496858
-0.15898681952940835 -0.45255508793170734
-0.06389439657345886 -0.6513499500106732
-0.06510684541948913 -0.6887988419204145
-0.066727318391166 -0.6113049385163095
-0.08050985919657215 -0.5981694460766309
-0.09857424669247501 -0.16252127587646714
-0.09302031601472766 -0.1619330979430077
-0.09369495607191124 -0.08315261943731325
-0.1236032414393434 0.15037443810712806
-0.12501137140351706 0.2597008708717008
-0.1448106863642455 0.3960368645920348
-0.11862555638190943 0.08328250996434339
-0.10685189630497495 -0.12473638909877746
-0.08263942341280892 -0.19871031516294896
-0.08375618247039453 -0.3292767395159311
-0.08694110370758805 -0.45404470744415093
-0.05354519985825415 -0.5225580893681849
-0.07405791176095725 -0.5294443758533824
-0.04541373880957674 -0.7961520568343128
-0.049036438006644464 -0.7270646410617212
-0.07897615966922802 -0.5584211336966625
-0.07724886606255618 -0.50315110757109
-0.09452236061245797 -0.481143546002444
-0.10359581040653916 -0.409513847565133
-0.0820566117730462 -0.38725126602422205
-0.13726892951907033 0.023176930681858682
-0.18297627364989186 0.25465716836256164
-0.19184310624517303 0.230324878414881
-0.1698868252769095 0.21131504337424747
-0.10110952200703775 -0.21116409234442568
-0.085630145266561 -0.2323673797660598
-0.09546456386715724 -0.27913957180215454
-0.04943980588832857 -0.48986573066499167
-0.018113675031025147 -0.6578590734785519
-0.011723527137559584 -0.7419456092626553
-0.029913905937058748 -0.7206715169302296
-0.08126819402030723 -0.5813800689662347
-0.23379752659375763 -0.3382832950006529
-0.2831383246836275 -0.28229540714085744
-0.30848461194294635 -0.1962678444252681
-0.3538737987797285 -0.11368672552910408
-0.6284742006647577 0.33096102806529715
-0.700836175633359 0.5035360732366969
-0.5708927198475017 0.29270784419137263
-0.42332262484097677 0.014210467554123045
-0.4091652116543722 -0.008115452407473078
-0.1486999006902973 -0.495473103962731
-0.12952210093971736 -0.4975051547110044
-0.12698196245016252 -0.5546400341183111
-0.03441186104949417 -0.7022756901965923
-0.006332866412420331 -0.7605416439649084
-0.1010218221120386 -0.4232351993143169
-0.15901164892500758 -0.2901521166208001
-0.18468008521748544 -0.20550143135410043
-0.20793136958604314 -0.1572547709581266
-0.29830396509173146 0.18212099756460257
-0.3639511100810193 0.43439304093291814
-0.3775042520934673 0.44445682870612024
-0.40867007205149414 0.569379109602425
-0.3812581079933146 0.5652062835000736
-0.2618545255035464 0.07712067884100805
-0.08703214879670118 -0.42432988873811295
-0.09103602066365594 -0.4947269204640757
-0.061869036698717746 -0.5360317150586824
-0.0017400631433234712 -0.6720318300154883
-4.091633809065031e-06 -0.7215002181397744
-0.0009259187953928191 -0.73091141032066
-0.0177436577328934 -0.7291584113720333
-0.0828483975553572 -0.502514663068634
-0.06898705534307001 -0.48439413418089905
-0.07841458645852857 -0.40372360845580374
-0.09578741456626697 -0.3704496395335981
-0.26734686976692545 0.2019328362455018
-0.2924546787781019 0.3684485265257662
-0.3169802115423128 0.4065657576019699
-0.2517368874865776 0.21291458347629486
-0.23038990730993864 0.2148425069703133
-0.15288330815894616 -0.1471810314986367
-0.07184967293715258 -0.3825557357659795
0.025307805183911552 -0.6497671915383442
0.03254578195781282 -0.680416590930755
0.06920569693480945 -0.782841021178537
0.06870154812769019 -0.7903165690960188
0.0077455961988690996 -0.6753945280943195
-0.04536762181075993 -0.5839268766215627
-0.1253836562751808 -0.43081024570812043
-0.16476954664585464 -0.3783042849430553
-0.18444726604288122 -0.3418152057197343
-0.3562326841902486 -0.07885599816103728
-0.38527927130319867 -0.016655481470087764
-0.38305695202757467 -0.01302810459628534
-0.31018739413566887 -0.1715162202641029
-0.2719384864808473 -0.19895376524178493
-0.2478829708698075 -0.2640739701673079
-0.24834184888074412 -0.2741835798848129
-0.25759498569916933 -0.2923948323668358
-0.1681737834023666 -0.44919937666173315
-0.0857686866915402 -0.6697068044286683
-0.012739025606426414 -0.7915757765730724
-0.10430412324326142 -0.22485275760805726
-0.11426939423030182 -0.14857519204157463
-0.12582661735642325 -0.08643186065768017
-0.1410358267187028 -0.0080572067052574
-0.1739294888950637 0.19317080279513466
-0.19794229578403705 0.3276253733756776
-0.26947511236581395 0.7724476012108149
-0.2752154798192083 0.8351923097493196
-0.2064455212107696 0.528780066835418
-0.15482336032672467 0.2582089528441586
-0.1163773661232244 0.030937918541355094
-0.08418585439822454 -0.10662446870250299
-0.0011161035425514762 -0.605039115358315
-0.002698284812059243 -0.6189077911254147
0.00586573621645938 -0.6359416943055378
0.04672406472079281 -0.8026462120773873
0.02921011044767165 -0.7397058364136012
0.016232991974966204 -0.7325231794513324
0.005789346261081303 -0.7169278883262254
-0.17251718614646017 -0.42585866793777394
-0.34745322960385383 -0.11466548079294998
-0.38854403697613676 -0.034517171261028115
-0.4304758585428429 0.03761775652854202
-0.47186790712607085 0.10597512144291926
-0.40440368245324354 0.007870496001618463
-0.3007212184494259 -0.17039727003417338
-0.2104288848751538 -0.4174445029052869
-0.18874294056251978 -0.41611552356028986
-0.14874318030941636 -0.5129420956483857
-0.11085231850542554 -0.5557035620890766
-0.03948892025802986 -0.7396294793776239
-0.013180061854819108 -0.7695995695575634
-0.04613195910086469 -0.5238149518946671
-0.07945393388716945 -0.3767310457391548
-0.10605458823507061 -0.255288067968508
-0.15495872632668428 0.08572008098407134
-0.15393405714977745 0.1401981793628124
-0.17540962115683037 0.1795658696736739
-0.21297738466952115 0.41603386477798693
-0.22205218433451548 0.47901963914244683
-0.22822139659318602 0.4633248361466686
-0.20490995052153005 0.44901052181891316
-0.15329628228973677 0.11782804188475854
-0.14842806554497173 0.09822717278712224
-0.10961539387834923 -0.080587660871924
-0.07249518437915065 -0.3157973577189287
-0.05393220624850377 -0.35258592272718486
0.0176174427314059 -0.7301948046638713
