x y trial vol omega bias theta state target_sigma moving_sigma staying_sigma x_mean y_mean x_noise y_noise
-0.14961369239809455 -0.36711004421949744 0 nil_vol 0.6 nil_bias 0.1 Home 0.005 0.01 0.001 -0.1486453380050917 -0.3667344785659056 -0.0009683543930028537 -0.0003755656535918701
-0.2706401459578989 -0.07050835035500823 0 nil_vol 0.6 nil_bias 0.1 Home 0.005 0.01 0.001 -0.2644626182736685 -0.06811246384994951 -0.006177527684230406 -0.0023958865050587187
-0.32955369860309686 0.09500765073661978 0 nil_vol 0.6 nil_bias 0.1 Home 0.005 0.01 0.001 -0.3279658172549679 0.09562349313961349 -0.0015878813481289837 -0.000615842402993719
-0.3224961769511384 0.13732891035145306 0 nil_vol 0.6 nil_bias 0.1 Home 0.005 0.01 0.001 -0.3413107370674774 0.1300318891181167 0.018814560116338974 0.0072970212333363735
-0.35694666845980594 0.2303621570526203 0 nil_vol 0.6 nil_bias 0.1 Home 0.005 0.01 0.001 -0.37717935090666194 0.22251513259341715 0.020232682446855995 0.007847024459203168
-0.3994819436228188 0.27088237915646546 0 nil_vol 0.6 nil_bias 0.1 Home 0.005 0.01 0.001 -0.39640142681950186 0.27207712388525307 -0.003080516803316964 -0.0011947447287875984
-0.40292088151410754 0.2795122335810329 0 nil_vol 0.6 nil_bias 0.1 Home 0.005 0.01 0.001 -0.3997604431450293 0.2807379750144341 -0.003160438369078256 -0.0012257414334012333
-0.4455106615176457 0.39869984005256864 0 nil_vol 0.6 nil_bias 0.1 Left 0.005 0.01 0.001 -0.4 0.35 -0.04551066151764564 0.04869984005256868
-0.42349403394319013 0.33814285703631886 1 nil_vol 0.6 nil_bias 0.1 Left 0.005 0.01 0.001 -0.42136140540374206 0.33900561032129795 -0.002132628539448045 -0.0008627532849791036
-0.3904618461181682 0.31048074289760497 1 nil_vol 0.6 nil_bias 0.1 Left 0.005 0.01 0.001 -0.4070988739421312 0.30375024570041015 0.016637027823962963 0.0067304971971948405
-0.19657458367941838 -0.23055601413480986 1 nil_vol 0.6 nil_bias 0.1 Left 0.005 0.01 0.001 -0.19173733899119755 -0.22859911040412528 -0.004837244688220844 -0.001956903730684565
-0.17294733981880273 -0.30716552332546987 1 nil_vol 0.6 nil_bias 0.1 Left 0.005 0.01 0.001 -0.1617808620940146 -0.30264813309060024 -0.011166477724788132 -0.0045173902348696615
-0.11004034568282074 -0.4545366975289385 1 nil_vol 0.6 nil_bias 0.1 Left 0.005 0.01 0.001 -0.10169951741860012 -0.45116242167578624 -0.00834082826422063 -0.003374275853152257
-0.04885724791127178 -0.6182067417609086 1 nil_vol 0.6 nil_bias 0.1 Left 0.005 0.01 0.001 -0.03619428421347726 -0.6130839492418368 -0.012662963697794525 -0.005122792519071754
0.009871592427214733 -0.726487297268125 1 nil_vol 0.6 nil_bias 0.1 Left 0.005 0.01 0.001 0.009709486000698875 -0.7265528773020623 0.00016210642651585846 6.558003393735779e-05
0.022026945582823327 -0.7570002442326589 1 nil_vol 0.6 nil_bias 0.1 Home 0.005 0.01 0.001 0.0 -0.75 0.022026945582823327 -0.00700024423265887
0.07890902377622441 -0.6197240896779409 2 nil_vol 0.6 nil_bias 0.1 Home 0.005 0.01 0.001 0.08033804850379814 -0.6203338078367195 -0.0014290247275737275 0.0006097181587786355
0.09536168585149998 -0.5217238259835622 2 nil_vol 0.6 nil_bias 0.1 Home 0.005 0.01 0.001 0.11824577210508255 -0.5314877178649544 -0.022884086253582566 0.009763891881392218
0.198254951596153 -0.3575344899091543 2 nil_vol 0.6 nil_bias 0.1 Home 0.005 0.01 0.001 0.19335748923164442 -0.35544490273969664 0.0048974623645085934 -0.0020895871694576974
0.23831929614639244 -0.28979105927560617 2 nil_vol 0.6 nil_bias 0.1 Home 0.005 0.01 0.001 0.2239801999111798 -0.28367303543292044 0.014339096235212642 -0.0061180238426857105
0.2967747282393689 -0.1373298116062534 2 nil_vol 0.6 nil_bias 0.1 Home 0.005 0.01 0.001 0.2880147771933691 -0.13359222672077253 0.008759951045999791 -0.003737584885480865
0.3336442512948721 -0.024007795007045585 2 nil_vol 0.6 nil_bias 0.1 Home 0.005 0.01 0.001 0.3345973641649069 -0.024414457126330613 -0.0009531128700348066 0.000406662119285029
0.3513591926766034 0.02436040895155634 2 nil_vol 0.6 nil_bias 0.1 Home 0.005 0.01 0.001 0.35478445409452014 0.02289896182277673 -0.0034252614179167322 0.0014614471287796099
0.43023115977263715 0.1997269051531472 2 nil_vol 0.6 nil_bias 0.1 Right 0.005 0.01 0.001 0.4 0.35 0.030231159772637156 -0.15027309484685278
0.4180879280030483 0.17668433373786993 3 nil_vol 0.6 nil_bias 0.1 Right 0.005 0.01 0.001 0.4196808951479586 0.1759767090576506 -0.0015929671449102863 0.0007076246802193315
0.16753121048793904 -0.38443515189352634 3 nil_vol 0.6 nil_bias 0.1 Right 0.005 0.01 0.001 0.17020770671725743 -0.38562409969727174 -0.0026764962293183963 0.0011889478037454073
0.08739663182864417 -0.5538967685485207 3 nil_vol 0.6 nil_bias 0.1 Right 0.005 0.01 0.001 0.09412938624369271 -0.5568875792536669 -0.006732754415048546 0.002990810705146299
0.09226124729001847 -0.5668549573048027 3 nil_vol 0.6 nil_bias 0.1 Right 0.005 0.01 0.001 0.09012353205493928 -0.5659053457171086 0.0021377152350791884 -0.0009496115876941688
0.057006824320969665 -0.6434769470130849 3 nil_vol 0.6 nil_bias 0.1 Right 0.005 0.01 0.001 0.055886001896414794 -0.6429790575165611 0.0011208224245548737 -0.0004978894965237754
0.039388885264627076 -0.6791110500816226 3 nil_vol 0.6 nil_bias 0.1 Right 0.005 0.01 0.001 0.03976191130768164 -0.6792767549646601 -0.00037302604305456863 0.00016570488303752035
0.009670247796593631 -0.7267949604454366 3 nil_vol 0.6 nil_bias 0.1 Right 0.005 0.01 0.001 0.01717296136592683 -0.7301278008666844 -0.007502713569333201 0.0033328404212477638
0.002666048042774286 -0.7627849946359585 3 nil_vol 0.6 nil_bias 0.1 Home 0.005 0.01 0.001 0.0 -0.75 0.002666048042774286 -0.012784994635958464
0.08145873045075412 -0.5514690200187283 4 nil_vol 0.6 nil_bias 0.1 Home 0.005 0.01 0.001 0.07887794268259479 -0.5505423132686647 0.002580787768159331 -0.0009267067500637287
0.14281963907411596 -0.39756727948013254 4 nil_vol 0.6 nil_bias 0.1 Home 0.005 0.01 0.001 0.1348372939222574 -0.39470098678267385 0.007982345151858564 -0.0028662926974586935
0.1285881970850047 -0.34432765040915836 4 nil_vol 0.6 nil_bias 0.1 Home 0.005 0.01 0.001 0.15014572349111238 -0.35206850592687705 -0.02155752640610767 0.007740855517718686
0.15750344069745043 -0.3059252319177597 4 nil_vol 0.6 nil_bias 0.1 Home 0.005 0.01 0.001 0.16566276089114837 -0.3088550726403171 -0.008159320193697953 0.00292984072255738
0.30888872065668155 0.07716448279957858 4 nil_vol 0.6 nil_bias 0.1 Home 0.005 0.01 0.001 0.304801307506127 0.07863218711980624 0.004087413150554544 -0.0014677043202276589
0.3122759572937872 0.09289960119996395 4 nil_vol 0.6 nil_bias 0.1 Home 0.005 0.01 0.001 0.3101930074661692 0.09364754478878312 0.0020829498276180433 -0.0007479435888191758
0.36630048084611955 0.23475909103133827 4 nil_vol 0.6 nil_bias 0.1 Home 0.005 0.01 0.001 0.36148420354203353 0.23648851517963176 0.004816277304085991 -0.0017294241482934969
0.36180283962382775 0.2373758855395997 4 nil_vol 0.6 nil_bias 0.1 Right 0.005 0.01 0.001 0.4 0.35 -0.038197160376172296 -0.11262411446040027
0.30996367088911264 0.0888579648168867 5 nil_vol 0.6 nil_bias 0.1 Right 0.005 0.01 0.001 0.3114588296939036 0.0883528597212021 -0.0014951588047909326 0.000505105095684586
0.27152247115580247 -0.04549581241397085 5 nil_vol 0.6 nil_bias 0.1 Right 0.005 0.01 0.001 0.2667821286166356 -0.04389439645457488 0.004740342539166883 -0.0016014159593959686
0.22342344598756275 -0.14043269433305913 5 nil_vol 0.6 nil_bias 0.1 Right 0.005 0.01 0.001 0.23306815670730022 -0.1436909385512205 -0.00964471071973746 0.003258244218161384
0.23639647657794535 -0.1553957864206131 5 nil_vol 0.6 nil_bias 0.1 Right 0.005 0.01 0.001 0.2298599386637896 -0.15318756706759445 0.006536537914155773 -0.002208219353018653
0.19561571675994976 -0.23773274710642436 5 nil_vol 0.6 nil_bias 0.1 Right 0.005 0.01 0.001 0.20071618745590097 -0.23945582410042643 -0.005100470695951211 0.0017230769940020532
0.08093620018785722 -0.5322271093554076 5 nil_vol 0.6 nil_bias 0.1 Right 0.005 0.01 0.001 0.09967187751191076 -0.5385565280480293 -0.018735677324053547 0.006329418692621663
0.09575574526164293 -0.589905198109467 5 nil_vol 0.6 nil_bias 0.1 Right 0.005 0.01 0.001 0.08370071356743886 -0.5858326822550504 0.012055031694204079 -0.0040725158544166135
0.042132393464762254 -0.7088788370709094 5 nil_vol 0.6 nil_bias 0.1 Home 0.005 0.01 0.001 0.0 -0.75 0.042132393464762254 0.04112116292909061
0.02059119097650991 -0.6740852147934654 6 nil_vol 0.6 nil_bias 0.1 Home 0.005 0.01 0.001 0.04961027739193757 -0.6822274228661924 -0.029019086415427657 0.00814220807272701
0.10963845885828485 -0.4622272705742085 6 nil_vol 0.6 nil_bias 0.1 Home 0.005 0.01 0.001 0.11121412342615719 -0.46266937231996225 -0.0015756645678723414 0.00044210174575377045
0.12165365383462191 -0.44202778421629924 6 nil_vol 0.6 nil_bias 0.1 Home 0.005 0.01 0.001 0.11734496815314227 -0.44081884831678947 0.004308685681479648 -0.0012089358995097728
0.11725582987496795 -0.4350339891823964 6 nil_vol 0.6 nil_bias 0.1 Home 0.005 0.01 0.001 0.11884312911290368 -0.43547935539702964 -0.0015872992379357292 0.00044536621463323414
0.11520214654022215 -0.38687996595737106 6 nil_vol 0.6 nil_bias 0.1 Home 0.005 0.01 0.001 0.1312183154974733 -0.391373800749791 -0.016016168957251144 0.004493834792419952
0.25535879295584046 0.05242641265628732 6 nil_vol 0.6 nil_bias 0.1 Home 0.005 0.01 0.001 0.2557124399612031 0.05232718597972219 -0.00035364700536261276 9.922667656512999e-05
0.2713952070179907 0.11478508329415989 6 nil_vol 0.6 nil_bias 0.1 Home 0.005 0.01 0.001 0.2731025365642572 0.11430603883992008 -0.0017073295462665065 0.0004790444542398122
0.3351108619354493 0.33530566650233495 6 nil_vol 0.6 nil_bias 0.1 Right 0.005 0.01 0.001 0.4 0.35 -0.06488913806455072 -0.014694333497665035
0.30192675156284166 0.18333044384068023 7 nil_vol 0.6 nil_bias 0.1 Right 0.005 0.01 0.001 0.2854553076310421 0.18891764042033293 0.01647144393179955 -0.005587196579652692
0.2707866367609678 0.17331459654055076 7 nil_vol 0.6 nil_bias 0.1 Right 0.005 0.01 0.001 0.27919518834686674 0.17046237357484778 -0.00840855158589892 0.00285222296570298
0.26324518037526057 0.1291051436215089 7 nil_vol 0.6 nil_bias 0.1 Right 0.005 0.01 0.001 0.2649683410949718 0.12852063884346843 -0.0017231607197112577 0.0005845047780404741
0.19572893070678143 -0.048995414250384305 7 nil_vol 0.6 nil_bias 0.1 Right 0.005 0.01 0.001 0.2038227305400837 -0.05174087183942516 -0.008093799833302287 0.002745457589040858
0.16622660285160537 -0.13998438564249427 7 nil_vol 0.6 nil_bias 0.1 Right 0.005 0.01 0.001 0.17309931273510615 -0.14231564338243702 -0.006872709883500766 0.002331257739942749
0.14163115739551674 -0.27276804634578167 7 nil_vol 0.6 nil_bias 0.1 Right 0.005 0.01 0.001 0.13016813753719178 -0.26887973238799456 0.011463019858324956 -0.0038883139577871157
0.08100265477168771 -0.37925034881771413 7 nil_vol 0.6 nil_bias 0.1 Right 0.005 0.01 0.001 0.09151976984914376 -0.3828178071189947 -0.010517115077456044 0.003567458301280594
-0.034874974928947484 -0.7554383015308554 7 nil_vol 0.6 nil_bias 0.1 Home 0.005 0.01 0.001 0.0 -0.75 -0.034874974928947484 -0.005438301530855453
0.07685958900695634 -0.42791407780726454 8 nil_vol 0.6 nil_bias 0.1 Home 0.005 0.01 0.001 0.07416136734167031 -0.42701826091233924 0.002698221665286036 -0.0008958168949253136
0.12306792729639097 -0.2693075524954736 8 nil_vol 0.6 nil_bias 0.1 Home 0.005 0.01 0.001 0.12617884586183492 -0.2703403858781105 -0.003110918565443943 0.0010328333826368843
0.1395326233544482 -0.2581470477220248 8 nil_vol 0.6 nil_bias 0.1 Home 0.005 0.01 0.001 0.13115094437333158 -0.2553643076174127 0.0083816789811166 -0.0027827401046120774
0.16828836039617068 -0.11225575509939072 8 nil_vol 0.6 nil_bias 0.1 Home 0.005 0.01 0.001 0.17763331592547618 -0.11535830562486438 -0.009344955529305516 0.003102550525473661
0.2277546479459955 -0.007758347660786855 8 nil_vol 0.6 nil_bias 0.1 Home 0.005 0.01 0.001 0.21478624564077417 -0.003452802999772464 0.012968402305221331 -0.004305544661014391
0.2660607127688516 0.1027397267283221 8 nil_vol 0.6 nil_bias 0.1 Home 0.005 0.01 0.001 0.251632782955626 0.10752983847183373 0.014427929813225621 -0.004790111743511625
0.25824140154523006 0.1516328579438981 8 nil_vol 0.6 nil_bias 0.1 Home 0.005 0.01 0.001 0.26547750004947995 0.14923045365782783 -0.007236098504249871 0.0024024042860702668
0.2976405179948562 0.24610622406672714 8 nil_vol 0.6 nil_bias 0.1 Right 0.005 0.01 0.001 0.4 0.35 -0.10235948200514385 -0.10389377593327284
0.23191005376298351 0.06942292418159636 9 nil_vol 0.6 nil_bias 0.1 Right 0.005 0.01 0.001 0.2515033222417823 0.064446700285204 -0.019593268478798775 0.004976223896392363
0.19828479080263559 -0.0635010941121115 9 nil_vol 0.6 nil_bias 0.1 Right 0.005 0.01 0.001 0.2177519214191283 -0.06844528199341396 -0.019467130616492728 0.004944187881302465
0.2006325368938877 -0.12833668156380404 9 nil_vol 0.6 nil_bias 0.1 Right 0.005 0.01 0.001 0.20242529158592254 -0.12879199859008408 -0.0017927546920348634 0.00045531702628005615
0.17183713449866161 -0.28619978223442366 9 nil_vol 0.6 nil_bias 0.1 Right 0.005 0.01 0.001 0.16301643056360315 -0.2839595333575129 0.008820703935058467 -0.0022402488769107673
0.1431954985174677 -0.3727543059115471 9 nil_vol 0.6 nil_bias 0.1 Right 0.005 0.01 0.001 0.14063014676845698 -0.3721027676197153 0.0025653517490107484 -0.0006515382918318421
0.11585629643107714 -0.47531217258412495 9 nil_vol 0.6 nil_bias 0.1 Right 0.005 0.01 0.001 0.11450460364339962 -0.47496887478478633 0.0013516927876775216 -0.0003432977993386057
0.09737058707866843 -0.5486314698563124 9 nil_vol 0.6 nil_bias 0.1 Right 0.005 0.01 0.001 0.09589146663334683 -0.5482558084645637 0.0014791204453215947 -0.0003756613917487179
0.04221420737230182 -0.7596034033085595 9 nil_vol 0.6 nil_bias 0.1 Home 0.005 0.01 0.001 0.0 -0.75 0.04221420737230182 -0.009603403308559464
0.09548952194007487 -0.5722862862136936 10 nil_vol 0.6 nil_bias 0.1 Home 0.005 0.01 0.001 0.0919730864517997 -0.5713567933093979 0.003516435488275168 -0.0009294929042956928
0.10106821785898963 -0.549132164899902 10 nil_vol 0.6 nil_bias 0.1 Home 0.005 0.01 0.001 0.09805800327840253 -0.5483364804340864 0.0030102145805871085 -0.0007956844658155735
0.16648053868433307 -0.30427309177972633 10 nil_vol 0.6 nil_bias 0.1 Home 0.005 0.01 0.001 0.1628261577745105 -0.3033071360166818 0.00365438090982257 -0.0009659557630445336
0.17687979718692748 -0.2701394645451156 10 nil_vol 0.6 nil_bias 0.1 Home 0.005 0.01 0.001 0.17193854908453216 -0.26883335355151006 0.00494124810239533 -0.0013061109936055837
0.21437793873630082 -0.17173361117323171 10 nil_vol 0.6 nil_bias 0.1 Home 0.005 0.01 0.001 0.19870014261662028 -0.1675895282526645 0.015677796119680534 -0.004144082920567227
0.34870437238061136 0.3850100851589206 10 nil_vol 0.6 nil_bias 0.1 Home 0.005 0.01 0.001 0.34502486376682984 0.38598268288158843 0.003679508613781533 -0.0009725977226678437
0.340548540652196 0.39626362880207183 10 nil_vol 0.6 nil_bias 0.1 Home 0.005 0.01 0.001 0.3472726013258772 0.3944862702510392 -0.006724060673681181 0.001777358551032602
0.36607292326000423 0.4656112018504432 10 nil_vol 0.6 nil_bias 0.1 Right 0.005 0.01 0.001 0.4 0.35 -0.03392707673999577 0.11561120185044323
0.3476791424968572 0.38588747800841744 11 nil_vol 0.6 nil_bias 0.1 Right 0.005 0.01 0.001 0.33981010249398735 0.38856997941026716 0.00786904000286989 -0.002682501401849725
0.3123498987002913 0.29670348282172493 11 nil_vol 0.6 nil_bias 0.1 Right 0.005 0.01 0.001 0.308894942089374 0.2978812536741714 0.003454956610917271 -0.001177770852446484
0.2955908752039741 0.2552150669746574 11 nil_vol 0.6 nil_bias 0.1 Right 0.005 0.01 0.001 0.2944794860722025 0.25559393185562007 0.0011113891317716179 -0.00037886488096268575
0.2507367852928559 0.16800779619548403 11 nil_vol 0.6 nil_bias 0.1 Right 0.005 0.01 0.001 0.2631763938929358 0.16376721951827738 -0.012439608600079853 0.004240576677206636
0.1194381198098976 -0.3221661252469828 11 nil_vol 0.6 nil_bias 0.1 Right 0.005 0.01 0.001 0.09980643305746895 -0.3154738187883985 0.01963168675242866 -0.00669230645858432
0.023575700741877575 -0.47027064885179126 11 nil_vol 0.6 nil_bias 0.1 Right 0.005 0.01 0.001 0.044594686144081186 -0.47743587584089114 -0.02101898540220361 0.0071652269890998994
0.023552193871904395 -0.5496724393706187 11 nil_vol 0.6 nil_bias 0.1 Right 0.005 0.01 0.001 0.0203427086157138 -0.5485783480080373 0.003209485256190596 -0.001094091362581379
-0.03837651109587241 -0.7208294747098393 11 nil_vol 0.6 nil_bias 0.1 Home 0.005 0.01 0.001 0.0 -0.75 -0.03837651109587241 0.02917052529016073
0.08510815382800963 -0.47365261375166856 12 nil_vol 0.6 nil_bias 0.1 Home 0.005 0.01 0.001 0.08657110158441877 -0.47439435799687785 -0.0014629477564091558 0.0007417442452092629
0.19289212513864046 -0.24722128745715782 12 nil_vol 0.6 nil_bias 0.1 Home 0.005 0.01 0.001 0.19994053373564447 -0.25079497386653704 -0.007048408597004006 0.0035736864093792163
0.21985022263027781 -0.19738085231936875 12 nil_vol 0.6 nil_bias 0.1 Home 0.005 0.01 0.001 0.22555583850031513 -0.20027371552547713 -0.005705615870037326 0.0028928632061083637
0.26117081939969927 -0.12906518961735863 12 nil_vol 0.6 nil_bias 0.1 Home 0.005 0.01 0.001 0.26155996966074635 -0.12926249670873546 -0.00038915026104709686 0.00019730709137684145
0.28907587105932786 -0.05451889479065131 12 nil_vol 0.6 nil_bias 0.1 Home 0.005 0.01 0.001 0.29733366663249866 -0.05870576497632929 -0.008257795573170823 0.004186870185677979
0.319860479430583 -0.024265476669001234 12 nil_vol 0.6 nil_bias 0.1 Home 0.005 0.01 0.001 0.3158313575489283 -0.02222262998779123 0.0040291218816546626 -0.002042846681210002
0.3246915029109448 -0.008166787185965635 12 nil_vol 0.6 nil_bias 0.1 Home 0.005 0.01 0.001 0.3233124644068397 -0.007467586637032397 0.0013790385041050756 -0.0006992005489332377
0.4517124384130896 0.2457766482979385 12 nil_vol 0.6 nil_bias 0.1 Right 0.005 0.01 0.001 0.4 0.35 0.05171243841308961 -0.10422335170206148
0.44057785892669793 0.2085434267801432 13 nil_vol 0.6 nil_bias 0.1 Right 0.005 0.01 0.001 0.4356082307962698 0.21083379262609464 0.00496962813042809 -0.002290365845951445
0.4288601410037507 0.1789549638054561 13 nil_vol 0.6 nil_bias 0.1 Right 0.005 0.01 0.001 0.42230787461338365 0.18197472439120027 0.006552266390367046 -0.0030197605857441717
0.36661323602021106 0.045752822259568685 13 nil_vol 0.6 nil_bias 0.1 Right 0.005 0.01 0.001 0.3607683881127176 0.04844655299168096 0.005844847907493473 -0.0026937307321122767
0.30327380891125255 -0.07240312968237615 13 nil_vol 0.6 nil_bias 0.1 Right 0.005 0.01 0.001 0.304757029319466 -0.0730867054501867 -0.0014832204082134471 0.0006835757678105399
0.2535510310516298 -0.1845867908659574 13 nil_vol 0.6 nil_bias 0.1 Right 0.005 0.01 0.001 0.2534014561430369 -0.18451785587664604 0.00014957490859289813 -6.893498931135777e-05
0.05839555171099541 -0.6357048066969128 13 nil_vol 0.6 nil_bias 0.1 Right 0.005 0.01 0.001 0.04772762277238207 -0.6307882496735742 0.01066792893861334 -0.004916557023338548
0.04103752173607491 -0.6377637970975547 13 nil_vol 0.6 nil_bias 0.1 Right 0.005 0.01 0.001 0.0439039448493162 -0.6390848532060422 -0.0028664231132412934 0.001321056108487566
-0.008849250167772483 -0.7535485588146007 13 nil_vol 0.6 nil_bias 0.1 Home 0.005 0.01 0.001 0.0 -0.75 -0.008849250167772483 -0.003548558814600724
0.16030504582959748 -0.3039919835853298 14 nil_vol 0.6 nil_bias 0.1 Home 0.005 0.01 0.001 0.1575447496741466 -0.302972628827372 0.0027602961554508785 -0.0010193547579578027
0.18947503057541293 -0.2274535610759653 14 nil_vol 0.6 nil_bias 0.1 Home 0.005 0.01 0.001 0.1859183677568006 -0.22614011463311 0.0035566628186123202 -0.001313446442855286
0.1935085382595506 -0.18679252086819123 14 nil_vol 0.6 nil_bias 0.1 Home 0.005 0.01 0.001 0.1996161741620336 -0.18904802077343708 -0.00610763590248298 0.002255499905245844
0.20235716621966301 -0.17647286477808252 14 nil_vol 0.6 nil_bias 0.1 Home 0.005 0.01 0.001 0.20403170818489608 -0.17709125940805348 -0.001674541965233053 0.0006183946299709646
0.30218124569515775 0.08042422624967344 14 nil_vol 0.6 nil_bias 0.1 Home 0.005 0.01 0.001 0.2994962391174369 0.08141577718334514 0.002685006577720841 -0.000991550933671705
0.3195021906054079 0.13603203237453673 14 nil_vol 0.6 nil_bias 0.1 Home 0.005 0.01 0.001 0.3196459670284263 0.1359789369193275 -0.00014377642301839562 5.309545520923124e-05
0.30134847749715055 0.1511463191341247 14 nil_vol 0.6 nil_bias 0.1 Home 0.005 0.01 0.001 0.32237907853938536 0.1433798904511805 -0.021030601042234823 0.007766428682944231
0.37098256259855805 0.2749925691017726 14 nil_vol 0.6 nil_bias 0.1 Right 0.005 0.01 0.001 0.4 0.35 -0.02901743740144198 -0.07500743089822737
0.3393241608941587 0.18841930371942125 15 nil_vol 0.6 nil_bias 0.1 Right 0.005 0.01 0.001 0.34123387673822997 0.18776797894249736 -0.001909715844071267 0.0006513247769238868
0.29040392531026776 0.04644901509744025 15 nil_vol 0.6 nil_bias 0.1 Right 0.005 0.01 0.001 0.2927615994436849 0.04564491034867646 -0.002357674133417168 0.0008041047487637898
0.1927260329999048 -0.2561102926782578 15 nil_vol 0.6 nil_bias 0.1 Right 0.005 0.01 0.001 0.19014558905175769 -0.2552302103958024 0.0025804439481471038 -0.0008800822824554128
0.1770693168946217 -0.2710258000848761 15 nil_vol 0.6 nil_bias 0.1 Right 0.005 0.01 0.001 0.18395716832108572 -0.2733749602008976 -0.006887851426464023 0.0023491601160215004
0.06287943306862438 -0.6028583165397879 15 nil_vol 0.6 nil_bias 0.1 Right 0.005 0.01 0.001 0.07067705087229159 -0.6055177601906737 -0.0077976178036672054 0.0026594436508857594
0.0484963504467697 -0.6254144592436036 15 nil_vol 0.6 nil_bias 0.1 Right 0.005 0.01 0.001 0.06228697531568217 -0.6301178687556892 -0.013790624868912473 0.004703409512085623
0.03802129315913479 -0.7148464506487404 15 nil_vol 0.6 nil_bias 0.1 Right 0.005 0.01 0.001 0.033872200375632544 -0.7134313673838448 0.0041490927835022475 -0.0014150832648955395
0.011120134231334473 -0.7801415291042871 15 nil_vol 0.6 nil_bias 0.1 Home 0.005 0.01 0.001 0.0 -0.75 0.011120134231334473 -0.0301415291042871
0.10064378650100289 -0.5402720506503128 16 nil_vol 0.6 nil_bias 0.1 Home 0.005 0.01 0.001 0.09050400080406022 -0.5369620047207363 0.010139785696942674 -0.003310045929576535
0.09816095189794273 -0.5245476668525405 16 nil_vol 0.6 nil_bias 0.1 Home 0.005 0.01 0.001 0.09490366432131388 -0.5234843533066013 0.003257287576628855 -0.0010633135459392849
0.16752952106598434 -0.26215586513690725 16 nil_vol 0.6 nil_bias 0.1 Home 0.005 0.01 0.001 0.17899074988995808 -0.2658972848227472 -0.011461228823973754 0.00374141968583994
0.20018013198177978 -0.21442215566964756 16 nil_vol 0.6 nil_bias 0.1 Home 0.005 0.01 0.001 0.19621672052984038 -0.21312833405094367 0.003963411451939393 -0.0012938216187038988
0.2632153657535124 -0.07135761864411627 16 nil_vol 0.6 nil_bias 0.1 Home 0.005 0.01 0.001 0.24449180954052002 -0.06524547457299457 0.018723556212992362 -0.006112144071121702
0.3188362131020509 0.11937225341320327 16 nil_vol 0.6 nil_bias 0.1 Home 0.005 0.01 0.001 0.3061143710762399 0.12352518944881874 0.012721842025811026 -0.004152936035615463
0.3317764707221014 0.16298150010666698 16 nil_vol 0.6 nil_bias 0.1 Home 0.005 0.01 0.001 0.32022546592067114 0.1667522263890796 0.011551004801430285 -0.0037707262824126222
0.36110045359813137 0.29196608270183566 16 nil_vol 0.6 nil_bias 0.1 Right 0.005 0.01 0.001 0.4 0.35 -0.03889954640186863 -0.058033917298164296
0.3341572610018453 0.24865173633996354 17 nil_vol 0.6 nil_bias 0.1 Right 0.005 0.01 0.001 0.34538171665292683 0.24490285874708745 -0.011224455651081532 0.0037488775928760988
0.2810844293298804 0.08431007370437008 17 nil_vol 0.6 nil_bias 0.1 Right 0.005 0.01 0.001 0.2906751696975432 0.08110684383014818 -0.00959074036766275 0.003203229874221897
0.2622404576024135 -0.0017699995134460471 17 nil_vol 0.6 nil_bias 0.1 Right 0.005 0.01 0.001 0.2629192529054645 -0.0019967116659870277 -0.0006787953030510085 0.00022671215254098048
0.1973554877456907 -0.15443602644704152 17 nil_vol 0.6 nil_bias 0.1 Right 0.005 0.01 0.001 0.21053551236675205 -0.15883804829214465 -0.013180024621061352 0.0044020218451031315
0.06851306322812996 -0.6094953899215548 17 nil_vol 0.6 nil_bias 0.1 Right 0.005 0.01 0.001 0.06087196657929739 -0.6069433253134997 0.007641096648832568 -0.002552064608055084
0.05223729270500325 -0.6417044413196028 17 nil_vol 0.6 nil_bias 0.1 Right 0.005 0.01 0.001 0.049560618979333504 -0.6408104538991405 0.0026766737256697427 -0.0008939874204622661
0.020959962022883506 -0.7154289010667781 17 nil_vol 0.6 nil_bias 0.1 Right 0.005 0.01 0.001 0.02426948102550508 -0.7165342537019351 -0.003309519002621573 0.0011053526351569836
-0.007370006685908462 -0.8112655480270837 17 nil_vol 0.6 nil_bias 0.1 Home 0.005 0.01 0.001 0.0 -0.75 -0.007370006685908462 -0.06126554802708368
0.07691556884355548 -0.5202947992017711 18 nil_vol 0.6 nil_bias 0.1 Home 0.005 0.01 0.001 0.07650589216831319 -0.5201767527501966 0.00040967667524229165 -0.00011804645157458129
0.09631390642715448 -0.4681056995278221 18 nil_vol 0.6 nil_bias 0.1 Home 0.005 0.01 0.001 0.09187821267699271 -0.46682757475499126 0.004435693750161768 -0.0012781247728308309
0.10738567152799061 -0.3822083173369677 18 nil_vol 0.6 nil_bias 0.1 Home 0.005 0.01 0.001 0.11558046723992817 -0.3845696100676332 -0.008194795711937562 0.0023612927306654753
0.17939570117222736 -0.16253988574822675 18 nil_vol 0.6 nil_bias 0.1 Home 0.005 0.01 0.001 0.17954492259047955 -0.1625828832142484 -0.00014922141825220026 4.299746602166397e-05
0.2129496627118046 -0.0685897860879294 18 nil_vol 0.6 nil_bias 0.1 Home 0.005 0.01 0.001 0.20711319090949434 -0.06690803355571517 0.005836471802310254 -0.00168175253221422
0.2183691956497229 -0.004620295903905012 18 nil_vol 0.6 nil_bias 0.1 Home 0.005 0.01 0.001 0.22454809596950293 -0.00640071764002581 -0.006178900319780021 0.001780421736120798
0.23844969408776975 0.025490891215333572 18 nil_vol 0.6 nil_bias 0.1 Home 0.005 0.01 0.001 0.23409876452333286 0.02674459157752518 0.0043509295644369025 -0.001253700362191608
0.34916708871741325 0.4260857649269809 18 nil_vol 0.6 nil_bias 0.1 Right 0.005 0.01 0.001 0.4 0.35 -0.050832911282586775 0.07608576492698096
0.31535244319115574 0.3202145588898197 19 nil_vol 0.6 nil_bias 0.1 Right 0.005 0.01 0.001 0.31729645584186295 0.3196325481682785 -0.0019440126507071893 0.0005820107215412007
0.2628159937808168 0.16892007349706717 19 nil_vol 0.6 nil_bias 0.1 Right 0.005 0.01 0.001 0.27140532780765825 0.16634854470958638 -0.00858933402684143 0.0025715287874807863
0.247179775760765 0.10109893780741126 19 nil_vol 0.6 nil_bias 0.1 Right 0.005 0.01 0.001 0.25148463661365644 0.09981012151796254 -0.004304860852891451 0.001288816289448726
0.1888296348416244 -0.13132479540891376 19 nil_vol 0.6 nil_bias 0.1 Right 0.005 0.01 0.001 0.18282428533661857 -0.12952687614267644 0.006005349505005826 -0.001797919266237318
0.1463403132868041 -0.282905926634438 19 nil_vol 0.6 nil_bias 0.1 Right 0.005 0.01 0.001 0.1376808663411178 -0.2803134070007961 0.00865944694568629 -0.0025925196336419013
0.07085820833958488 -0.42597706032563293 19 nil_vol 0.6 nil_bias 0.1 Right 0.005 0.01 0.001 0.09216168983549677 -0.4323550304650067 -0.02130348149591189 0.006377970139373766
0.04777757280431089 -0.5612481010266407 19 nil_vol 0.6 nil_bias 0.1 Right 0.005 0.01 0.001 0.0530961564696138 -0.5628404120208588 -0.005318583665302904 0.0015923109942181301
-0.014010136119880223 -0.7869865950852878 19 nil_vol 0.6 nil_bias 0.1 Home 0.005 0.01 0.001 0.0 -0.75 -0.014010136119880223 -0.036986595085287816
0.009927054533576826 -0.7118403499728271 20 nil_vol 0.6 nil_bias 0.1 Home 0.005 0.01 0.001 0.012415387572541448 -0.7127258174534096 -0.002488333038964622 0.0008854674805824829
0.025871525038350572 -0.6601988172022073 20 nil_vol 0.6 nil_bias 0.1 Home 0.005 0.01 0.001 0.03051855542252798 -0.6618524520742419 -0.004647030384177408 0.001653634872034635
0.04445440258140607 -0.6341135103442903 20 nil_vol 0.6 nil_bias 0.1 Home 0.005 0.01 0.001 0.04084628050695724 -0.6328295685596225 0.003608122074448832 -0.0012839417846678652
0.1670568865270548 -0.24274111508518953 20 nil_vol 0.6 nil_bias 0.1 Home 0.005 0.01 0.001 0.1782419990659833 -0.2467213111701949 -0.011185112538928482 0.003980196085005386
0.18139273036289358 -0.2247780017761184 20 nil_vol 0.6 nil_bias 0.1 Home 0.005 0.01 0.001 0.18552696612539868 -0.2262491598837496 -0.004134235762505107 0.0014711581076312043
0.3312281339248498 0.1744273087789639 20 nil_vol 0.6 nil_bias 0.1 Home 0.005 0.01 0.001 0.3284575773322275 0.1754132048497331 0.0027705565926222394 -0.0009858960707691997
0.34857076654933394 0.22163506092680432 20 nil_vol 0.6 nil_bias 0.1 Home 0.005 0.01 0.001 0.3453174730927292 0.2227927377793425 0.003253293456604768 -0.0011576768525381692
0.3861603914284988 0.3375691528722763 20 nil_vol 0.6 nil_bias 0.1 Right 0.005 0.01 0.001 0.4 0.35 -0.013839608571501214 -0.012430847127723693
0.3261506040532669 0.16579391156649748 21 nil_vol 0.6 nil_bias 0.1 Right 0.005 0.01 0.001 0.3256701277695893 0.16596327719554074 0.00048047628367756134 -0.00016936562904325343
0.2926559225249064 0.08395772604568744 21 nil_vol 0.6 nil_bias 0.1 Right 0.005 0.01 0.001 0.2963095793087771 0.08266982922220201 -0.003653656783870715 0.0012878968234854263
0.2832523293051372 0.032674895629304514 21 nil_vol 0.6 nil_bias 0.1 Right 0.005 0.01 0.001 0.27919120685033516 0.03410642218440252 0.0040611224548020575 -0.0014315265550980069
0.15213237498705165 -0.332971826353616 21 nil_vol 0.6 nil_bias 0.1 Right 0.005 0.01 0.001 0.1500558641440332 -0.33223986605278466 0.002076510843018443 -0.0007319603008313463
0.13654544060099189 -0.3522203421066199 21 nil_vol 0.6 nil_bias 0.1 Right 0.005 0.01 0.001 0.14229806046792823 -0.35424811353990093 -0.005752619866936331 0.0020277714332810246
0.09262469346153344 -0.5034705953174239 21 nil_vol 0.6 nil_bias 0.1 Right 0.005 0.01 0.001 0.09002131521208284 -0.5025529167350786 0.002603378249450602 -0.0009176785823452219
0.037593294730295934 -0.686767399172822 21 nil_vol 0.6 nil_bias 0.1 Right 0.005 0.01 0.001 0.02646882498980352 -0.6828460759371563 0.011124469740492419 -0.003921323235665724
0.003119238825427116 -0.7490869209601062 21 nil_vol 0.6 nil_bias 0.1 Home 0.005 0.01 0.001 0.0 -0.75 0.003119238825427116 0.0009130790398937753
0.050929920583930414 -0.6263036203677793 22 nil_vol 0.6 nil_bias 0.1 Home 0.005 0.01 0.001 0.05496674576606593 -0.6280325904992241 -0.004036825182135515 0.0017289701314448253
0.15937138293117703 -0.39541832281637435 22 nil_vol 0.6 nil_bias 0.1 Home 0.005 0.01 0.001 0.1553356352934293 -0.39368981419663185 0.004035747637747708 -0.0017285086197424933
0.21317786880356437 -0.2184094367355351 22 nil_vol 0.6 nil_bias 0.1 Home 0.005 0.01 0.001 0.22773733505709098 -0.22464524857933899 -0.014559466253526623 0.006235811843803886
0.2719159940566461 -0.16687619830115116 22 nil_vol 0.6 nil_bias 0.1 Home 0.005 0.01 0.001 0.25549251892190133 -0.15984203242045802 0.01642347513474478 -0.007034165880693138
0.2632940752326203 -0.16108176607720978 22 nil_vol 0.6 nil_bias 0.1 Home 0.005 0.01 0.001 0.25625313487651474 -0.15806613497510913 0.007040940356105546 -0.00301563110210065
0.2615715230568462 -0.14485132265575676 22 nil_vol 0.6 nil_bias 0.1 Home 0.005 0.01 0.001 0.2618600961593186 -0.1449749183658512 -0.00028857310247237697 0.00012359571009442773
0.3250719056694763 -0.04373418877071299 22 nil_vol 0.6 nil_bias 0.1 Home 0.005 0.01 0.001 0.3082983894226609 -0.03655010046330043 0.016773516246815397 -0.007184088307412559
0.4457061231750523 0.28427152030599206 22 nil_vol 0.6 nil_bias 0.1 Right 0.005 0.01 0.001 0.4 0.35 0.045706123175052314 -0.06572847969400791
0.40902665144470235 0.20854125985922217 23 nil_vol 0.6 nil_bias 0.1 Right 0.005 0.01 0.001 0.41266146657875846 0.20698711428091593 -0.0036348151340560913 0.0015541455783062296
0.26727332276008703 -0.12544912996086474 23 nil_vol 0.6 nil_bias 0.1 Right 0.005 0.01 0.001 0.27001903469103017 -0.1266231198061244 -0.002745711930943153 0.0011739898452596544
0.21914338733375702 -0.26574623671927705 23 nil_vol 0.6 nil_bias 0.1 Right 0.005 0.01 0.001 0.21186456842507229 -0.26263401675622194 0.007278818908684727 -0.003112219963055093
0.15349278896011379 -0.3530317687084429 23 nil_vol 0.6 nil_bias 0.1 Right 0.005 0.01 0.001 0.1701650271062609 -0.3601603527600859 -0.01667223814614712 0.0071285840516430365
0.16821006916614373 -0.3948636390663112 23 nil_vol 0.6 nil_bias 0.1 Right 0.005 0.01 0.001 0.15731811418064973 -0.39020654288521156 0.010891954985493987 -0.004657096181099687
0.07771967520401708 -0.5396087537382848 23 nil_vol 0.6 nil_bias 0.1 Right 0.005 0.01 0.001 0.09100846651594846 -0.5452906702861082 -0.01328879131193138 0.005681916547823443
0.012172596235366798 -0.7128352313944373 23 nil_vol 0.6 nil_bias 0.1 Right 0.005 0.01 0.001 0.018258476926022837 -0.715437384245861 -0.006085880690656039 0.002602152851423774
0.01574497894822062 -0.7213159200900332 23 nil_vol 0.6 nil_bias 0.1 Home 0.005 0.01 0.001 0.0 -0.75 0.01574497894822062 0.028684079909966825
0.04135128048545688 -0.6048684383043628 24 nil_vol 0.6 nil_bias 0.1 Home 0.005 0.01 0.001 0.054986803694458464 -0.6096607166356592 -0.013635523209001585 0.004792278331296503
0.10221307687322906 -0.4428612689685479 24 nil_vol 0.6 nil_bias 0.1 Home 0.005 0.01 0.001 0.1123564522493314 -0.4464262130690435 -0.010143375376102336 0.0035649441004956517
0.10433901369519802 -0.4158036699164689 24 nil_vol 0.6 nil_bias 0.1 Home 0.005 0.01 0.001 0.12105423174834465 -0.4216783236463756 -0.016715218053146637 0.0058746537299067154
0.12654843650654626 -0.4128561430373203 24 nil_vol 0.6 nil_bias 0.1 Home 0.005 0.01 0.001 0.1244179895375408 -0.4121073859350772 0.0021304469690054807 -0.0007487571022431523
0.2055817022847061 -0.23859384235730796 24 nil_vol 0.6 nil_bias 0.1 Home 0.005 0.01 0.001 0.18761902798784635 -0.23228076338809395 0.017962674296859747 -0.006313078969214022
0.21881660915581114 -0.16658224524565862 24 nil_vol 0.6 nil_bias 0.1 Home 0.005 0.01 0.001 0.21160047115902947 -0.16404609454373376 0.00721613799678166 -0.0025361507019248607
0.29051620972926473 0.12001945912075027 24 nil_vol 0.6 nil_bias 0.1 Home 0.005 0.01 0.001 0.30913681180049 0.11347514787916047 -0.018620602071225283 0.0065443112415898
0.37649890007843273 0.305141252103997 24 nil_vol 0.6 nil_bias 0.1 Right 0.005 0.01 0.001 0.4 0.35 -0.023501099921567317 -0.04485874789600299
0.3155799874838341 0.22033255690323525 25 nil_vol 0.6 nil_bias 0.1 Right 0.005 0.01 0.001 0.3432712203687671 0.2106001217827746 -0.027691232884933015 0.009732435120460665
0.2074356802703036 -0.19688868387441105 25 nil_vol 0.6 nil_bias 0.1 Right 0.005 0.01 0.001 0.20086567620255227 -0.1945795725901192 0.006570004067751333 -0.0023091112842918544
0.1966582173772006 -0.24204205199243092 25 nil_vol 0.6 nil_bias 0.1 Right 0.005 0.01 0.001 0.18555582055027453 -0.23813997376974338 0.011102396826926078 -0.0039020782226875483
0.13750487974593703 -0.392948646890115 25 nil_vol 0.6 nil_bias 0.1 Right 0.005 0.01 0.001 0.13184543676898894 -0.3909595638536185 0.005659442976948104 -0.001989083036496496
0.11148153473436793 -0.4573564746427136 25 nil_vol 0.6 nil_bias 0.1 Right 0.005 0.01 0.001 0.10883617130158718 -0.4564267281021186 0.0026453634327807582 -0.0009297465405950313
0.07999490824012968 -0.5505792995499491 25 nil_vol 0.6 nil_bias 0.1 Right 0.005 0.01 0.001 0.07621230541203505 -0.549249855795535 0.0037826028280946366 -0.0013294437544141555
0.05537890626224294 -0.597047781138513 25 nil_vol 0.6 nil_bias 0.1 Right 0.005 0.01 0.001 0.05896957687839549 -0.5983097678819658 -0.003590670616152547 0.0012619867434527814
0.021442468025040785 -0.7050838586305193 25 nil_vol 0.6 nil_bias 0.1 Home 0.005 0.01 0.001 0.0 -0.75 0.021442468025040785 0.04491614136948069
0.08485541932751649 -0.5809548927998254 26 nil_vol 0.6 nil_bias 0.1 Home 0.005 0.01 0.001 0.06141148773994956 -0.5738165506039976 0.02344393158756693 -0.007138342195827726
0.09597619883083194 -0.4950451710315849 26 nil_vol 0.6 nil_bias 0.1 Home 0.005 0.01 0.001 0.08629390753574004 -0.49209705167515816 0.009682291295091901 -0.0029481193564267257
0.2941330587919899 0.2280588860535301 26 nil_vol 0.6 nil_bias 0.1 Home 0.005 0.01 0.001 0.304600635558461 0.22487165849141788 -0.010467576766471105 0.0031872275621122213
0.32567157606206304 0.2692063579425966 26 nil_vol 0.6 nil_bias 0.1 Home 0.005 0.01 0.001 0.3187423384284687 0.27131621179539644 0.006929237633594294 -0.002109853852799825
0.32459163041713246 0.28611980077365223 26 nil_vol 0.6 nil_bias 0.1 Home 0.005 0.01 0.001 0.3233636662177072 0.2864936983269266 0.0012279641994252847 -0.00037389755327438414
0.3593373052170956 0.3704464908824685 26 nil_vol 0.6 nil_bias 0.1 Home 0.005 0.01 0.001 0.3498094355639973 0.3733475910553221 0.009527869653098342 -0.0029011001728535997
0.3555376233474939 0.42078950137924753 26 nil_vol 0.6 nil_bias 0.1 Home 0.005 0.01 0.001 0.3635152054086165 0.41836044162726505 -0.007977582061122611 0.0024290597519824927
0.3790735927253045 0.4694577073311278 26 nil_vol 0.6 nil_bias 0.1 Right 0.005 0.01 0.001 0.4 0.35 -0.02092640727469553 0.11945770733112779
0.3503503418255597 0.3580981189316824 27 nil_vol 0.6 nil_bias 0.1 Right 0.005 0.01 0.001 0.3463812611600451 0.3592757940808837 0.003969080665514593 -0.0011776751492012794
0.3297161488262238 0.29676435677468266 27 nil_vol 0.6 nil_bias 0.1 Right 0.005 0.01 0.001 0.32798569348687534 0.29727780420034466 0.0017304553393484815 -0.0005134474256620222
0.28724736115891153 0.1406863106832121 27 nil_vol 0.6 nil_bias 0.1 Right 0.005 0.01 0.001 0.28198624657130744 0.14224734822038154 0.005261114587604104 -0.0015610375371694274
0.20668743318117253 -0.14879205439278395 27 nil_vol 0.6 nil_bias 0.1 Right 0.005 0.01 0.001 0.19652587436910438 -0.14577699466016236 0.01016155881206815 -0.003015059732621586
0.16321137531929447 -0.26279910618331803 27 nil_vol 0.6 nil_bias 0.1 Right 0.005 0.01 0.001 0.1619178512144584 -0.2624153016397637 0.0012935241048360631 -0.0003838045435543596
0.14641347284729292 -0.3148497172406885 27 nil_vol 0.6 nil_bias 0.1 Right 0.005 0.01 0.001 0.146364247596122 -0.3148351115020043 4.922525117092256e-05 -1.4605738684242809e-05
0.07863763036881459 -0.5329391979911837 27 nil_vol 0.6 nil_bias 0.1 Right 0.005 0.01 0.001 0.08140632617233123 -0.5337607041580473 -0.002768695803516642 0.0008215061668636246
0.0222309423050085 -0.733197596531542 27 nil_vol 0.6 nil_bias 0.1 Home 0.005 0.01 0.001 0.0 -0.75 0.0222309423050085 0.016802403468457988
0.026868756031070862 -0.7194104372085253 28 nil_vol 0.6 nil_bias 0.1 Home 0.005 0.01 0.001 0.02616141060255684 -0.7192116520083143 0.0007073454285140223 -0.00019878520021102413
0.11570403497832749 -0.40724573961783417 28 nil_vol 0.6 nil_bias 0.1 Home 0.005 0.01 0.001 0.1139700959055995 -0.4067584509299719 0.0017339390727279871 -0.0004872886878622381
0.19595398469163275 -0.19909384064580712 28 nil_vol 0.6 nil_bias 0.1 Home 0.005 0.01 0.001 0.17405925374043027 -0.192940767055094 0.021894730951202476 -0.006153073590713127
0.23608847593244947 0.06978901642710444 28 nil_vol 0.6 nil_bias 0.1 Home 0.005 0.01 0.001 0.24703003298428283 0.06671411197237676 -0.010941557051833353 0.003074904454727693
0.2868981605334254 0.16273857098073666 28 nil_vol 0.6 nil_bias 0.1 Home 0.005 0.01 0.001 0.27495872532511895 0.1660939090130693 0.011939435208306407 -0.0033553380323326568
0.3070729792409654 0.23661208372084144 28 nil_vol 0.6 nil_bias 0.1 Home 0.005 0.01 0.001 0.29567650760941416 0.23981483276487836 0.011396471631551204 -0.003202749044036909
0.3369479635560415 0.3615917299223206 28 nil_vol 0.6 nil_bias 0.1 Home 0.005 0.01 0.001 0.3304153830751752 0.3634275802246427 0.006532580480866326 -0.001835850302322125
0.3374310415653501 0.3883916819574313 28 nil_vol 0.6 nil_bias 0.1 Right 0.005 0.01 0.001 0.4 0.35 -0.06256895843464992 0.03839168195743129
0.31519498805738444 0.34463292318975236 29 nil_vol 0.6 nil_bias 0.1 Right 0.005 0.01 0.001 0.3215282554239998 0.34244107828546605 -0.006333267366615363 0.0021918449042863056
0.2746360779027486 0.16907139594416348 29 nil_vol 0.6 nil_bias 0.1 Right 0.005 0.01 0.001 0.26292982584221286 0.17312274692019036 0.011706252060535728 -0.004051350976026874
0.26620000822148887 0.15172579558197463 29 nil_vol 0.6 nil_bias 0.1 Right 0.005 0.01 0.001 0.25666654056753563 0.1550251798157186 0.009533467653953256 -0.0032993842337439455
0.22614190927608718 0.02818005131775834 29 nil_vol 0.6 nil_bias 0.1 Right 0.005 0.01 0.001 0.21419799782598403 0.03231365249606233 0.01194391145010315 -0.004133601178303987
0.10925183324059744 -0.2845863521660288 29 nil_vol 0.6 nil_bias 0.1 Right 0.005 0.01 0.001 0.10502957492012815 -0.28312509451676476 0.004222258320469285 -0.0014612576492640458
0.02684661213903787 -0.5163868064616587 29 nil_vol 0.6 nil_bias 0.1 Right 0.005 0.01 0.001 0.024573590026465197 -0.5156001490151352 0.0022730221125726747 -0.0007866574465235408
-0.022533045191252002 -0.6421153102777652 29 nil_vol 0.6 nil_bias 0.1 Right 0.005 0.01 0.001 -0.019566631427732184 -0.643141939743284 -0.0029664137635198196 0.0010266294655187512
-0.05723149377093297 -0.7519733826431755 29 nil_vol 0.6 nil_bias 0.1 Home 0.005 0.01 0.001 0.0 -0.75 -0.05723149377093297 -0.0019733826431754917
-0.03182751602136759 -0.7347902203516886 30 nil_vol 0.6 nil_bias 0.1 Home 0.005 0.01 0.001 -0.047299522918655953 -0.7282992689476913 0.015472006897288365 -0.006490951403997382
0.088022723327073 -0.43495483031055426 30 nil_vol 0.6 nil_bias 0.1 Home 0.005 0.01 0.001 0.0776011407879234 -0.43058267702343134 0.010421582539149595 -0.004372153287122911
0.1195018977233466 -0.32309737334292304 30 nil_vol 0.6 nil_bias 0.1 Home 0.005 0.01 0.001 0.12221652713417455 -0.32423623837203797 -0.0027146294108279516 0.0011388650291149019
0.15206811102594064 -0.27000230859313956 30 nil_vol 0.6 nil_bias 0.1 Home 0.005 0.01 0.001 0.14603166041467025 -0.26746984413455316 0.006036450611270392 -0.0025324644585863984
0.2567591895977536 -0.006876569527670517 30 nil_vol 0.6 nil_bias 0.1 Home 0.005 0.01 0.001 0.2555677283269373 -0.0063767172938941075 0.0011914612708163045 -0.000499852233776409
0.31233101019099146 0.12485857899036243 30 nil_vol 0.6 nil_bias 0.1 Home 0.005 0.01 0.001 0.3108800762071621 0.12546728748189595 0.0014509339838293665 -0.000608708491533528
0.37848861509183207 0.30250563922975243 30 nil_vol 0.6 nil_bias 0.1 Home 0.005 0.01 0.001 0.3841553764039519 0.3001282700533291 -0.0056667613121198545 0.002377369176423323
0.45460255210640543 0.4680480587751501 30 nil_vol 0.6 nil_bias 0.1 Right 0.005 0.01 0.001 0.4 0.35 0.05460255210640539 0.11804805877515012
0.4599460671713515 0.4543438430478751 31 nil_vol 0.6 nil_bias 0.1 Right 0.005 0.01 0.001 0.45069288588765455 0.4579134927024756 0.009253181283696942 -0.0035696496546004726
0.3654545849472042 0.26166771308551035 31 nil_vol 0.6 nil_bias 0.1 Right 0.005 0.01 0.001 0.3737513468265595 0.25846702650335895 -0.008296761879355324 0.0032006865821513813
0.33522161771289716 0.21420048203411468 31 nil_vol 0.6 nil_bias 0.1 Right 0.005 0.01 0.001 0.35389533153578345 0.20699662272840552 -0.018673713822886268 0.007203859305709158
0.36856657365637996 0.16213586467612978 31 nil_vol 0.6 nil_bias 0.1 Right 0.005 0.01 0.001 0.3407316257619698 0.1728739026644448 0.027834947894410156 -0.010738037988315024
0.29947258873033633 0.03544918517192985 31 nil_vol 0.6 nil_bias 0.1 Right 0.005 0.01 0.001 0.28923947098587766 0.03939687020068339 0.010233117744458654 -0.003947685028753531
0.28153548887458174 -0.0009122178401137363 31 nil_vol 0.6 nil_bias 0.1 Right 0.005 0.01 0.001 0.27470565123637103 0.0017225654650800393 0.006829837638210723 -0.0026347833051937756
0.2374487399805176 -0.132726685983479 31 nil_vol 0.6 nil_bias 0.1 Right 0.005 0.01 0.001 0.2247311097838264 -0.12782053718480146 0.012717630196691187 -0.004906148798677538
0.006465002543679747 -0.6936059934065442 31 nil_vol 0.6 nil_bias 0.1 Home 0.005 0.01 0.001 0.0 -0.75 0.006465002543679747 0.05639400659345578
-0.005688231916116233 -0.6616588003597567 32 nil_vol 0.6 nil_bias 0.87 Home 0.005 0.01 0.001 -0.006498774461902273 -0.6619911663345308 0.0008105425457860394 0.00033236597477418324
-0.046314979388141976 -0.5504273113315357 32 nil_vol 0.6 nil_bias 0.87 Home 0.005 0.01 0.001 -0.05139223618324274 -0.5525092592967051 0.0050772567951007635 0.0020819479651694502
-0.21043880490850472 -0.10436982396777486 32 nil_vol 0.6 nil_bias 0.87 Home 0.005 0.01 0.001 -0.23159601382602338 -0.11304541589312256 0.021157208917518665 0.008675591925347701
-0.26224205758245994 -0.07701499936835567 32 nil_vol 0.6 nil_bias 0.87 Home 0.005 0.01 0.001 -0.24865500207945265 -0.07144357690565373 -0.013587055503007315 -0.005571422462701942
-0.3161530725985938 0.0762960366410568 32 nil_vol 0.6 nil_bias 0.87 Home 0.005 0.01 0.001 -0.31023180414793383 0.07872407471349963 -0.005921268450660003 -0.002428038072442818
-0.3290343364303097 0.07563307552290414 32 nil_vol 0.6 nil_bias 0.87 Home 0.005 0.01 0.001 -0.31185322927449305 0.08267825218541347 -0.017181107155816673 -0.007045176662509329
-0.39299488303589675 0.2486550720534209 32 nil_vol 0.6 nil_bias 0.87 Home 0.005 0.01 0.001 -0.381795713074482 0.25324733320027737 -0.011199169961414733 -0.00459226114685647
-0.416100261628163 0.3369060053481495 32 nil_vol 0.6 nil_bias 0.87 Left 0.005 0.01 0.001 -0.4 0.35 -0.016100261628162974 -0.013093994651850455
-0.3882441917885015 0.21826119215286252 33 nil_vol 0.6 nil_bias 0.87 Left 0.005 0.01 0.001 -0.3755921601646524 0.22275077879933342 -0.012652031623849107 -0.004489586646470893
-0.3646326645492838 0.19407632943037717 33 nil_vol 0.6 nil_bias 0.87 Left 0.005 0.01 0.001 -0.3653292840220972 0.19382913328229615 0.0006966194728134006 0.0002471961480810109
-0.32393073878586753 0.13667294717293926 33 nil_vol 0.6 nil_bias 0.87 Left 0.005 0.01 0.001 -0.342685736165264 0.13001771674888518 0.018754997379396468 0.006655230424054085
-0.2915004416163209 -0.02343034703288221 33 nil_vol 0.6 nil_bias 0.87 Left 0.005 0.01 0.001 -0.28859977956918104 -0.02240104407348903 -0.0029006620471398524 -0.0010293029593931816
-0.13626568988179166 -0.40789218987971704 33 nil_vol 0.6 nil_bias 0.87 Left 0.005 0.01 0.001 -0.15006965802533495 -0.41279054240428237 0.013803968143543288 0.004898352524565322
-0.1391046947708008 -0.4362120823983433 33 nil_vol 0.6 nil_bias 0.87 Left 0.005 0.01 0.001 -0.1414617068497006 -0.43704847059824725 0.002357012078899802 0.0008363881999039616
-0.09674173634004166 -0.5407612847159815 33 nil_vol 0.6 nil_bias 0.87 Left 0.005 0.01 0.001 -0.1037736526268257 -0.5432565675605752 0.0070319162867840375 0.002495282844593633
-0.017275450578661065 -0.7870157538499678 33 nil_vol 0.6 nil_bias 0.87 Home 0.005 0.01 0.001 0.0 -0.75 -0.017275450578661065 -0.03701575384996776
-0.034848499680255794 -0.6502921077027854 34 nil_vol 0.6 nil_bias 0.87 Home 0.005 0.01 0.001 -0.05356414099865302 -0.655454462897841 0.018715641318397223 0.005162355195055554
-0.10615473082746484 -0.46613042330514526 34 nil_vol 0.6 nil_bias 0.87 Home 0.005 0.01 0.001 -0.10581169105782451 -0.4660358022816502 -0.0003430397696403323 -9.462102349507339e-05
-0.13643127116796072 -0.4090484372303272 34 nil_vol 0.6 nil_bias 0.87 Home 0.005 0.01 0.001 -0.12258410705938587 -0.40522895926766606 -0.01384716410857485 -0.003819477962661124
-0.16487207663822664 -0.20402216935553313 34 nil_vol 0.6 nil_bias 0.87 Home 0.005 0.01 0.001 -0.17714911796434982 -0.20740855868580543 0.01227704132612316 0.0033863893302722922
-0.22877852500138326 -0.09900138190087138 34 nil_vol 0.6 nil_bias 0.87 Home 0.005 0.01 0.001 -0.20858738263722612 -0.09343203768741648 -0.020191142364157144 -0.005569344213454894
-0.21995340811509845 -0.04454709239219953 34 nil_vol 0.6 nil_bias 0.87 Home 0.005 0.01 0.001 -0.221921621790174 -0.04508998685772436 0.001968213675075545 0.0005428944655248266
-0.30735487063239475 0.22784937488927662 34 nil_vol 0.6 nil_bias 0.87 Home 0.005 0.01 0.001 -0.2979242808566886 0.23045062446939113 -0.009430589775706133 -0.0026012495801144985
-0.336460075007217 0.3701585821728165 34 nil_vol 0.6 nil_bias 0.87 Left 0.005 0.01 0.001 -0.4 0.35 0.06353992499278302 0.020158582172816526
-0.3319006038537155 0.3530567640184543 35 nil_vol 0.6 nil_bias 0.87 Left 0.005 0.01 0.001 -0.33237488780519986 0.35294421046369984 0.00047428395148433293 0.00011255355475447182
-0.2584274800799259 -0.04033759214301305 35 nil_vol 0.6 nil_bias 0.87 Left 0.005 0.01 0.001 -0.24007757937081609 -0.03598292960860061 -0.018349900709109808 -0.00435466253441244
-0.2192488416165966 -0.10312036771074 35 nil_vol 0.6 nil_bias 0.87 Left 0.005 0.01 0.001 -0.2238839813846093 -0.10422034475200592 0.004635139768012691 0.001099977041265921
-0.1557974062645392 -0.35338346767733486 35 nil_vol 0.6 nil_bias 0.87 Left 0.005 0.01 0.001 -0.1642768928749175 -0.35539575663947265 0.008479486610378305 0.0020122889621378044
-0.11474100737091321 -0.573075814835287 35 nil_vol 0.6 nil_bias 0.87 Left 0.005 0.01 0.001 -0.11273182527700787 -0.5725990106210387 -0.0020091820939053344 -0.0004768042142483257
-0.08429333489421215 -0.7174778403124162 35 nil_vol 0.6 nil_bias 0.87 Left 0.005 0.01 0.001 -0.07866710812348054 -0.7161426658437909 -0.005626226770731607 -0.001335174468625328
-0.0796571758379503 -0.7610442895047037 35 nil_vol 0.6 nil_bias 0.87 Left 0.005 0.01 0.001 -0.068632279383388 -0.7584279427299975 -0.0110248964545623 -0.0026163467747062287
-0.059136154224445674 -0.7984432027899558 35 nil_vol 0.6 nil_bias 0.87 Home 0.005 0.01 0.001 0.0 -0.75 -0.059136154224445674 -0.048443202789955876
-0.06267628481225364 -0.7874932057205454 36 nil_vol 0.6 nil_bias 0.87 Home 0.005 0.01 0.001 -0.0625374679854699 -0.7874502545872828 -0.0001388168267837432 -4.2951133262544936e-05
-0.06920965343806132 -0.7554239352090237 36 nil_vol 0.6 nil_bias 0.87 Home 0.005 0.01 0.001 -0.07216387134844379 -0.7563379959183433 0.002954217910382479 0.0009140607093195319
-0.14606891180598786 -0.576784034341717 36 nil_vol 0.6 nil_bias 0.87 Home 0.005 0.01 0.001 -0.12932261406428638 -0.5716025842061466 -0.016746297741701482 -0.005181450135570377
-0.1603869891535417 -0.4468020709810569 36 nil_vol 0.6 nil_bias 0.87 Home 0.005 0.01 0.001 -0.16727733906369047 -0.44893400515700094 0.00689034991014878 0.002131934175944031
-0.25239455592351306 -0.19109374929388231 36 nil_vol 0.6 nil_bias 0.87 Home 0.005 0.01 0.001 -0.24752183959129803 -0.18958608849090497 -0.004872716332215016 -0.0015076608029773529
-0.3247736060376714 0.025918644633200424 36 nil_vol 0.6 nil_bias 0.87 Home 0.005 0.01 0.001 -0.31512461217741267 0.028904127234579025 -0.009648993860258767 -0.002985482601378601
-0.36073546713446164 0.18347888507036333 36 nil_vol 0.6 nil_bias 0.87 Home 0.005 0.01 0.001 -0.3627577825115918 0.18285316310801558 0.0020223153771301815 0.0006257219623477555
-0.424429205279817 0.38217342689693995 36 nil_vol 0.6 nil_bias 0.87 Left 0.005 0.01 0.001 -0.4 0.35 -0.02442920527981693 0.03217342689693995
-0.39709057338830744 0.3284793979997472 37 nil_vol 0.6 nil_bias 0.87 Left 0.005 0.01 0.001 -0.40460198371537975 0.32583586173087803 0.007511410327072334 0.0026435362688691714
-0.3784271828990624 0.2954288157230266 37 nil_vol 0.6 nil_bias 0.87 Left 0.005 0.01 0.001 -0.3921953374240722 0.2905833054583191 0.013768154525009799 0.004845510264707459
-0.3770573974470313 0.24887698004404993 37 nil_vol 0.6 nil_bias 0.87 Left 0.005 0.01 0.001 -0.3774666832240747 0.24873293761408882 0.00040928577704337844 0.00014404242996110962
-0.39321061505211713 0.2296191919211612 37 nil_vol 0.6 nil_bias 0.87 Left 0.005 0.01 0.001 -0.37321633779094004 0.23665589938463816 -0.0199942772611771 -0.007036707463476962
-0.1632151344791129 -0.33085358848343377 37 nil_vol 0.6 nil_bias 0.87 Left 0.005 0.01 0.001 -0.1723569766220332 -0.33407093252626757 0.009141842142920312 0.0032173440428338073
-0.1778183686698776 -0.33848033028102364 37 nil_vol 0.6 nil_bias 0.87 Left 0.005 0.01 0.001 -0.17157806790150976 -0.33628414332124906 -0.006240300768367849 -0.0021961869597746063
-0.07953069801290068 -0.6381549565642081 37 nil_vol 0.6 nil_bias 0.87 Left 0.005 0.01 0.001 -0.06690290458406695 -0.6337107805078694 -0.012627793428833736 -0.004444176056338655
-0.033595567909192096 -0.728351083201334 37 nil_vol 0.6 nil_bias 0.87 Home 0.005 0.01 0.001 0.0 -0.75 -0.033595567909192096 0.021648916798665933
-0.04529365687202601 -0.6975874122424209 38 nil_vol 0.6 nil_bias 0.87 Home 0.005 0.01 0.001 -0.04472579753387215 -0.6973833160030087 -0.0005678593381538544 -0.00020409623941221875
-0.15280583893633776 -0.36593006040620013 38 nil_vol 0.6 nil_bias 0.87 Home 0.005 0.01 0.001 -0.16259055936914785 -0.3694468197687016 0.009784720432810099 0.0035167593625014394
-0.19340118488440639 -0.28601460323984307 38 nil_vol 0.6 nil_bias 0.87 Home 0.005 0.01 0.001 -0.19267147594600162 -0.28575233608988637 -0.0007297089384047627 -0.0002622671499566737
-0.25853844394713477 -0.1058119382891908 38 nil_vol 0.6 nil_bias 0.87 Home 0.005 0.01 0.001 -0.257481052693259 -0.10543189773336403 -0.001057391253875751 -0.0003800405558267679
-0.27915563481735123 -0.02725842754006407 38 nil_vol 0.6 nil_bias 0.87 Home 0.005 0.01 0.001 -0.2848429653717612 -0.02930253019094764 0.005687330554409965 0.002044102650883569
-0.29852351884646167 0.015097232707144212 38 nil_vol 0.6 nil_bias 0.87 Home 0.005 0.01 0.001 -0.30054030899893724 0.014372371358307268 0.002016790152475561 0.0007248613488369439
-0.3114457869774381 0.04555588015491446 38 nil_vol 0.6 nil_bias 0.87 Home 0.005 0.01 0.001 -0.3117134968238893 0.04545966165634763 0.0002677098464512463 9.621849856683741e-05
-0.3874798180942312 0.25626517759743583 38 nil_vol 0.6 nil_bias 0.87 Left 0.005 0.01 0.001 -0.4 0.35 0.01252018190576882 -0.09373482240256414
-0.39024577431921553 0.24696226030164983 39 nil_vol 0.6 nil_bias 0.87 Left 0.005 0.01 0.001 -0.38458422790142943 0.2493240575619955 -0.005661546417786119 -0.0023617972603456674
-0.39066208839429856 0.22342772992106005 39 nil_vol 0.6 nil_bias 0.87 Left 0.005 0.01 0.001 -0.37628345576454675 0.2294259877549584 -0.014378632629751831 -0.0059982578338983435
-0.3694770227040367 0.20620569145061723 39 nil_vol 0.6 nil_bias 0.87 Left 0.005 0.01 0.001 -0.3670237092890355 0.20722912718261374 -0.0024533134150011996 -0.0010234357319965014
-0.314570343071518 0.10124447050828926 39 nil_vol 0.6 nil_bias 0.87 Left 0.005 0.01 0.001 -0.32158918850936224 0.09831645602203296 0.007018845437844266 0.0029280144862563096
-0.24572418189714576 -0.059047801601954164 39 nil_vol 0.6 nil_bias 0.87 Left 0.005 0.01 0.001 -0.25442772973225913 -0.06267861444271444 0.008703547835113366 0.0036308128407602815
-0.06727659593424921 -0.5638282338465397 39 nil_vol 0.6 nil_bias 0.87 Left 0.005 0.01 0.001 -0.04861364885638658 -0.5560427113009684 -0.01866294707786263 -0.007785522545571278
-0.0037916696907538856 -0.7069852043736193 39 nil_vol 0.6 nil_bias 0.87 Left 0.005 0.01 0.001 0.01166445599313981 -0.700537454483042 -0.015456125683893696 -0.006447749890577244
0.026777586946315227 -0.7367656667204293 39 nil_vol 0.6 nil_bias 0.87 Home 0.005 0.01 0.001 0.0 -0.75 0.026777586946315227 0.013234333279570694
0.03789610484278115 -0.7260803011531833 40 nil_vol 0.6 nil_bias 0.87 Home 0.005 0.01 0.001 0.03214206344115562 -0.7237150867413463 0.005754041401625529 -0.002365214411837009
0.07446665318637928 -0.6040938041807982 40 nil_vol 0.6 nil_bias 0.87 Home 0.005 0.01 0.001 0.08032317459348477 -0.6065011432783939 -0.005856521407105498 0.0024073390975957666
0.18933366262072365 -0.36906374495450495 40 nil_vol 0.6 nil_bias 0.87 Home 0.005 0.01 0.001 0.1795718611545249 -0.36505112983727234 0.009761801466198752 -0.004012615117232613
0.22352320025848477 -0.28243136048359974 40 nil_vol 0.6 nil_bias 0.87 Home 0.005 0.01 0.001 0.21497695364516806 -0.27891840250397526 0.008546246613316698 -0.003512957979624454
0.22100097973530486 -0.2769667516569772 40 nil_vol 0.6 nil_bias 0.87 Home 0.005 0.01 0.001 0.216533953251491 -0.27513056823733945 0.004467026483813858 -0.001836183419637781
0.3491773658733329 0.02345059784872123 40 nil_vol 0.6 nil_bias 0.87 Home 0.005 0.01 0.001 0.34069908337472954 0.026935618993625954 0.008478282498603374 -0.003485021144904724
0.4387961226162487 0.248648533519766 40 nil_vol 0.6 nil_bias 0.87 Home 0.005 0.01 0.001 0.4328409871561159 0.25109640819282075 0.005955135460132743 -0.0024478746730547487
0.4594525867884294 0.3158365202441786 40 nil_vol 0.6 nil_bias 0.87 Right 0.005 0.01 0.001 0.4 0.35 0.059452586788429344 -0.034163479755821395
0.4433173159653607 0.319074312918923 41 nil_vol 0.6 nil_bias 0.87 Right 0.005 0.01 0.001 0.45799124340343855 0.3125498613484882 -0.014673927438077836 0.006524451570434793
0.4325078619657566 0.22941413933512922 41 nil_vol 0.6 nil_bias 0.87 Right 0.005 0.01 0.001 0.422921814377331 0.23367637270833436 0.009586047588425548 -0.004262233373205125
0.399799180673754 0.12908888986242636 41 nil_vol 0.6 nil_bias 0.87 Right 0.005 0.01 0.001 0.3802783655483942 0.13776840756062103 0.019520815125359768 -0.00867951769819466
0.22745871900567424 -0.19484187635265376 41 nil_vol 0.6 nil_bias 0.87 Right 0.005 0.01 0.001 0.23157622575094303 -0.19667263866654755 -0.004117506745268778 0.0018307623138937748
0.05903249406463079 -0.5706094037621585 41 nil_vol 0.6 nil_bias 0.87 Right 0.005 0.01 0.001 0.06427644727117271 -0.5729410166775206 -0.005243953206541916 0.0023316129153621275
0.028475801928654895 -0.6548359509689341 41 nil_vol 0.6 nil_bias 0.87 Right 0.005 0.01 0.001 0.027964648672357317 -0.6546086774813245 0.0005111532562975769 -0.00022727348760969755
-0.004192810305709326 -0.7259062073652888 41 nil_vol 0.6 nil_bias 0.87 Right 0.005 0.01 0.001 -0.0038116449039191647 -0.7260756845018494 -0.00038116540179016113 0.0001694771365607208
-0.01938364756693387 -0.7610981587551768 41 nil_vol 0.6 nil_bias 0.87 Home 0.005 0.01 0.001 0.0 -0.75 -0.01938364756693387 -0.01109815875517687
-0.021512945633589943 -0.7436061676597113 42 nil_vol 0.6 nil_bias 0.87 Home 0.005 0.01 0.001 -0.013192057375026336 -0.747354873142691 -0.008320888258563607 0.0037487054829796625
0.053014106207352335 -0.6055723247480967 42 nil_vol 0.6 nil_bias 0.87 Home 0.005 0.01 0.001 0.051076687064713994 -0.6046994835877358 0.0019374191426383427 -0.0008728411603609079
0.2003326301747739 -0.26532669569928413 42 nil_vol 0.6 nil_bias 0.87 Home 0.005 0.01 0.001 0.20335634401826075 -0.2666889315942771 -0.003023713843486857 0.0013622358949929461
0.22569481225271865 -0.2561427711790536 42 nil_vol 0.6 nil_bias 0.87 Home 0.005 0.01 0.001 0.21107491527756106 -0.24955625225843636 0.01461989697515759 -0.006586518920617242
0.26957873892499945 -0.12551061312515796 42 nil_vol 0.6 nil_bias 0.87 Home 0.005 0.01 0.001 0.2674015395542668 -0.12452974678433126 0.0021771993707326034 -0.0009808663408267053
0.37477838321091667 0.08907848280331176 42 nil_vol 0.6 nil_bias 0.87 Home 0.005 0.01 0.001 0.3655157725175795 0.09325145069013363 0.009262610693337153 -0.004172967886821865
0.3656006895562799 0.1037972078449753 42 nil_vol 0.6 nil_bias 0.87 Home 0.005 0.01 0.001 0.3694795446468824 0.10204971588330158 -0.0038788550906024904 0.0017474919616737188
0.49008704787118434 0.36975854551269266 42 nil_vol 0.6 nil_bias 0.87 Right 0.005 0.01 0.001 0.4 0.35 0.09008704787118431 0.019758545512692703
0.4519112595869796 0.24982471072767656 43 nil_vol 0.6 nil_bias 0.87 Right 0.005 0.01 0.001 0.4393859278586218 0.25537671440709253 0.012525331728357809 -0.005552003679415957
0.39786371103561385 0.18652326931609528 43 nil_vol 0.6 nil_bias 0.87 Right 0.005 0.01 0.001 0.40705909204558455 0.18244730627510022 -0.009195381009970709 0.0040759630409950435
0.34243619487486077 0.0722530030363957 43 nil_vol 0.6 nil_bias 0.87 Right 0.005 0.01 0.001 0.3556231543314613 0.06640772492231622 -0.013186959456600521 0.005845278114079475
0.3536062513329457 0.04977745931873359 43 nil_vol 0.6 nil_bias 0.87 Right 0.005 0.01 0.001 0.3491309099081318 0.05176120814040791 0.004475341424813954 -0.001983748821674316
0.3442764528575093 0.03526866194534939 43 nil_vol 0.6 nil_bias 0.87 Right 0.005 0.01 0.001 0.3422237151619244 0.03617856257600177 0.0020527376955848725 -0.0009099006306523807
0.2213672318387355 -0.2263108591483232 43 nil_vol 0.6 nil_bias 0.87 Right 0.005 0.01 0.001 0.22513235194706893 -0.2279797938438876 -0.0037651201083334276 0.001668934695564419
0.1696301211567683 -0.31754863400310446 43 nil_vol 0.6 nil_bias 0.87 Right 0.005 0.01 0.001 0.18283531556598936 -0.32340199497887884 -0.013205194409221082 0.005853360975774397
-0.01069826957335431 -0.760014161400148 43 nil_vol 0.6 nil_bias 0.87 Home 0.005 0.01 0.001 0.0 -0.75 -0.01069826957335431 -0.010014161400148007
0.046870619187986996 -0.6206229349000865 44 nil_vol 0.6 nil_bias 0.87 Home 0.005 0.01 0.001 0.04285788811628838 -0.6190978702234091 0.004012731071698618 -0.0015250646766773186
0.1388257634508692 -0.3667378507342531 44 nil_vol 0.6 nil_bias 0.87 Home 0.005 0.01 0.001 0.13877613219130475 -0.3667189880495956 4.9631259564446264e-05 -1.8862684657484366e-05
0.18924557979651974 -0.25883058072988063 44 nil_vol 0.6 nil_bias 0.87 Home 0.005 0.01 0.001 0.18097452276092688 -0.2556871114321919 0.008271057035592848 -0.0031434692976886973
0.21552794885216353 -0.14138767040477643 44 nil_vol 0.6 nil_bias 0.87 Home 0.005 0.01 0.001 0.22329314459727767 -0.14433888381199478 -0.007765195745114151 0.0029512134072183457
0.3199889964434129 0.13166611568511 44 nil_vol 0.6 nil_bias 0.87 Home 0.005 0.01 0.001 0.3271554982041703 0.12894243984055598 -0.007166501760757388 0.0027236758445540223
0.38538584707962814 0.2586273285357119 44 nil_vol 0.6 nil_bias 0.87 Home 0.005 0.01 0.001 0.3775717756536706 0.2615971174649553 0.007814071425957548 -0.002969788929243365
0.38522578406735863 0.3058798887868821 44 nil_vol 0.6 nil_bias 0.87 Home 0.005 0.01 0.001 0.39324361330780044 0.3028326603681951 -0.008017829240441782 0.0030472284186869817
0.42736154893386125 0.39260334516773215 44 nil_vol 0.6 nil_bias 0.87 Right 0.005 0.01 0.001 0.4 0.35 0.027361548933861224 0.04260334516773216
0.39915552223554435 0.349530413648124 45 nil_vol 0.6 nil_bias 0.87 Right 0.005 0.01 0.001 0.4083288495660944 0.34580005256505575 -0.009173327330550063 0.0037303610830682152
0.30939085958888696 0.08808723840956516 45 nil_vol 0.6 nil_bias 0.87 Right 0.005 0.01 0.001 0.30436094124601726 0.09013266979570617 0.005029918342869719 -0.002045431386141003
0.15566368968655012 -0.24192821198091358 45 nil_vol 0.6 nil_bias 0.87 Right 0.005 0.01 0.001 0.16738849535480788 -0.24669613938559104 -0.011724805668257747 0.004767927404677454
0.12931658415413308 -0.3510332229098182 45 nil_vol 0.6 nil_bias 0.87 Right 0.005 0.01 0.001 0.1255777807270903 -0.34951282727812255 0.0037388034270427737 -0.0015203956316956284
0.11658113059976517 -0.3516360629803438 45 nil_vol 0.6 nil_bias 0.87 Right 0.005 0.01 0.001 0.12356024731741339 -0.3544741417340586 -0.006979116717648213 0.0028380787537148257
0.10901195901540522 -0.4402940739003588 45 nil_vol 0.6 nil_bias 0.87 Right 0.005 0.01 0.001 0.09154909066520178 -0.4331927460893042 0.017462868350203442 -0.007101327811054616
0.11037627151991741 -0.44095671320587676 45 nil_vol 0.6 nil_bias 0.87 Right 0.005 0.01 0.001 0.09151146091539603 -0.43328528137064765 0.01886481060452138 -0.0076714318352291205
0.009107910446040637 -0.6359237726110616 45 nil_vol 0.6 nil_bias 0.87 Home 0.005 0.01 0.001 0.0 -0.75 0.009107910446040637 0.11407622738893837
0.006478546678379744 -0.6077451055884717 46 nil_vol 0.6 nil_bias 0.87 Home 0.005 0.01 0.001 0.0017697387552809904 -0.6090299368527446 0.0047088079230987534 0.001284831264272974
-0.06259980467767014 -0.41771107901005783 46 nil_vol 0.6 nil_bias 0.87 Home 0.005 0.01 0.001 -0.051276019842280265 -0.4146213049050154 -0.011323784835389872 -0.003089774105042418
-0.0263759878034874 -0.3937831317185675 46 nil_vol 0.6 nil_bias 0.87 Home 0.005 0.01 0.001 -0.054842502485575075 -0.4015504198827369 0.028466514682087673 0.0077672881641693645
-0.05155788483144855 -0.39986540279134697 46 nil_vol 0.6 nil_bias 0.87 Home 0.005 0.01 0.001 -0.055042814865851546 -0.4008162903907414 0.003484930034402998 0.0009508875993944335
-0.186136448028637 0.07325066682633409 46 nil_vol 0.6 nil_bias 0.87 Home 0.005 0.01 0.001 -0.18451595590930628 0.07369282946546207 -0.001620492119330713 -0.0004421626391279765
-0.21469424756454006 0.15337706787694272 46 nil_vol 0.6 nil_bias 0.87 Home 0.005 0.01 0.001 -0.20684289949688336 0.15551936325801574 -0.007851348067656685 -0.002142295381073022
-0.25468319776095955 0.320041601382275 46 nil_vol 0.6 nil_bias 0.87 Home 0.005 0.01 0.001 -0.25193830576446274 0.3207905644132051 -0.002744891996496796 -0.0007489630309301072
-0.2696739513476003 0.3857903435790757 46 nil_vol 0.6 nil_bias 0.87 Left 0.005 0.01 0.001 -0.4 0.35 0.13032604865239975 0.035790343579075755
-0.21052744491446634 0.1609975886384978 47 nil_vol 0.6 nil_bias 0.87 Left 0.005 0.01 0.001 -0.21953391476561385 0.1590063339265671 0.009006469851147501 0.0019912547119306937
-0.19015853722376366 0.10155827624053766 47 nil_vol 0.6 nil_bias 0.87 Left 0.005 0.01 0.001 -0.20605556225915928 0.0980435777481668 0.015897025035395616 0.00351469849237086
-0.17089298372870945 0.08074270023611417 47 nil_vol 0.6 nil_bias 0.87 Left 0.005 0.01 0.001 -0.20077004836448276 0.07413713260330168 0.029877064635773293 0.006605567632812491
-0.16041294476421752 -0.07344178326496185 47 nil_vol 0.6 nil_bias 0.87 Left 0.005 0.01 0.001 -0.1677814100963233 -0.0750708889583967 0.007368465332105778 0.0016291056934348363
-0.1295371522634774 -0.26505119389652965 47 nil_vol 0.6 nil_bias 0.87 Left 0.005 0.01 0.001 -0.1259535355194878 -0.26425888638369055 -0.0035836167439895965 -0.0007923075128391
-0.10214907250010788 -0.33085084544015186 47 nil_vol 0.6 nil_bias 0.87 Left 0.005 0.01 0.001 -0.11080738252252986 -0.3327651249430481 0.008658310022421985 0.001914279502896231
-0.0687933785627386 -0.5310917023707629 47 nil_vol 0.6 nil_bias 0.87 Left 0.005 0.01 0.001 -0.0670445310620485 -0.5307050469015555 -0.0017488475006901033 -0.00038665546920736075
-0.020663664586928077 -0.7404862833628851 47 nil_vol 0.6 nil_bias 0.87 Home 0.005 0.01 0.001 0.0 -0.75 -0.020663664586928077 0.00951371663711484
-0.03797958262784192 -0.6873566117738695 48 nil_vol 0.6 nil_bias 0.87 Home 0.005 0.01 0.001 -0.04118181382548229 -0.6886234902757494 0.00320223119764037 0.0012668785018799306
-0.11024234676689115 -0.48725548382593276 48 nil_vol 0.6 nil_bias 0.87 Home 0.005 0.01 0.001 -0.11941247520851687 -0.4908834038183224 0.009170128441625718 0.0036279199923896443
-0.13284610868777164 -0.47592531461519555 48 nil_vol 0.6 nil_bias 0.87 Home 0.005 0.01 0.001 -0.12634741304511632 -0.4733542767069997 -0.006498695642655313 -0.0025710379081958523
-0.14475742397768476 -0.4582688371536227 48 nil_vol 0.6 nil_bias 0.87 Home 0.005 0.01 0.001 -0.1339993962561921 -0.4540127065990799 -0.010758027721492673 -0.004256130554542812
-0.23112251083193858 -0.22740585976066433 48 nil_vol 0.6 nil_bias 0.87 Home 0.005 0.01 0.001 -0.2246616702049367 -0.22484979819320083 -0.006460840627001884 -0.0025560615674634917
-0.26472410663166906 -0.13811756325463911 48 nil_vol 0.6 nil_bias 0.87 Home 0.005 0.01 0.001 -0.2597530558837811 -0.13615089784681533 -0.0049710507478879515 -0.00196666540782377
-0.2969054435312998 -0.043781357642471444 48 nil_vol 0.6 nil_bias 0.87 Home 0.005 0.01 0.001 -0.29637902729297483 -0.04357309491120276 -0.0005264162383249462 -0.0002082627312686852
-0.43607902393738257 0.3095402359260866 48 nil_vol 0.6 nil_bias 0.87 Left 0.005 0.01 0.001 -0.4 0.35 -0.03607902393738257 -0.040459764073913385
-0.43711830705533367 0.30742992432939326 49 nil_vol 0.6 nil_bias 0.87 Left 0.005 0.01 0.001 -0.4354869993601261 0.30810091934088873 -0.0016313076952075853 -0.0006709950114955048
-0.37512634252762356 0.16510218381170022 49 nil_vol 0.6 nil_bias 0.87 Left 0.005 0.01 0.001 -0.37644514973701415 0.1645597275594401 0.0013188072093905903 0.0005424562522601157
-0.3016752458266429 -0.029611688370305148 49 nil_vol 0.6 nil_bias 0.87 Left 0.005 0.01 0.001 -0.2973155142773792 -0.02781842880951868 -0.004359731549263745 -0.001793259560786469
-0.23962987213529208 -0.22947983531438337 49 nil_vol 0.6 nil_bias 0.87 Left 0.005 0.01 0.001 -0.21802305242195838 -0.22059244498052932 -0.021606819713333694 -0.008887390333854063
-0.18681104971025705 -0.291334638802389 49 nil_vol 0.6 nil_bias 0.87 Left 0.005 0.01 0.001 -0.1886192154269629 -0.2920783796548543 0.0018081657167058382 0.0007437408524652499
-0.16825752110113065 -0.3613886791342333 49 nil_vol 0.6 nil_bias 0.87 Left 0.005 0.01 0.001 -0.16128921448786604 -0.35852245163478125 -0.0069683066132646175 -0.0028662274994520317
-0.10228686376827878 -0.5216906755294152 49 nil_vol 0.6 nil_bias 0.87 Left 0.005 0.01 0.001 -0.09534823310692686 -0.5188366544431084 -0.006938630661351922 -0.002854021086306739
-0.001756331016997908 -0.7463751420216242 49 nil_vol 0.6 nil_bias 0.87 Home 0.005 0.01 0.001 0.0 -0.75 -0.001756331016997908 0.0036248579783756986
-0.03423548778456076 -0.6728660641003823 50 nil_vol 0.6 nil_bias 0.87 Home 0.005 0.01 0.001 -0.026455491716424584 -0.6703388578434648 -0.007779996068136175 -0.002527206256917519
-0.06491815091946149 -0.5348081478693796 50 nil_vol 0.6 nil_bias 0.87 Home 0.005 0.01 0.001 -0.06994955797940813 -0.5364425193127115 0.005031407059946651 0.0016343714433318909
-0.17715231406293092 -0.16239149890231386 50 nil_vol 0.6 nil_bias 0.87 Home 0.005 0.01 0.001 -0.19008896279440765 -0.16659376061702502 0.012936648731476747 0.004202261714711175
-0.19700494237724153 -0.12466461988989484 50 nil_vol 0.6 nil_bias 0.87 Home 0.005 0.01 0.001 -0.2030690963690734 -0.12663446251922927 0.0060641539918318684 0.0019698426293344247
-0.2457511291765909 0.020124744159534497 50 nil_vol 0.6 nil_bias 0.87 Home 0.005 0.01 0.001 -0.25026515160528867 0.01865843676994683 0.004514022428697788 0.0014663073895876668
-0.30588891306610083 0.1771818809880314 50 nil_vol 0.6 nil_bias 0.87 Home 0.005 0.01 0.001 -0.30215312528467275 0.17839539140282556 -0.00373578778142806 -0.001213510414794179
-0.30770975739056083 0.2014439244118475 50 nil_vol 0.6 nil_bias 0.87 Home 0.005 0.01 0.001 -0.30945582919758335 0.20087674114374698 0.0017460718070225075 0.0005671832681005056
-0.3622381414655676 0.36336691415120276 50 nil_vol 0.6 nil_bias 0.87 Left 0.005 0.01 0.001 -0.4 0.35 0.03776185853443243 0.013366914151202792
-0.34108183464978475 0.3344111697544561 51 nil_vol 0.6 nil_bias 0.87 Left 0.005 0.01 0.001 -0.3502661966886085 0.33101270400198424 0.009184362038823711 0.003398465752471881
-0.33033573350471274 0.2711943535934283 51 nil_vol 0.6 nil_bias 0.87 Left 0.005 0.01 0.001 -0.32839719263515865 0.27191166686212326 -0.0019385408695540985 -0.0007173132686949732
-0.2622891418708396 0.0769161375733801 51 nil_vol 0.6 nil_bias 0.87 Left 0.005 0.01 0.001 -0.256971582563411 0.07888378030312476 -0.005317559307428621 -0.0019676427297446544
-0.13973135542369308 -0.3066226815410942 51 nil_vol 0.6 nil_bias 0.87 Left 0.005 0.01 0.001 -0.11738349776982879 -0.29835336152118114 -0.022347857653864305 -0.008269320019913061
-0.07238282898704852 -0.42962561931604076 51 nil_vol 0.6 nil_bias 0.87 Left 0.005 0.01 0.001 -0.06923954304844127 -0.42846251734255286 -0.0031432859386072605 -0.0011631019734878996
-0.0468887937192858 -0.4752825544793978 51 nil_vol 0.6 nil_bias 0.87 Left 0.005 0.01 0.001 -0.051309553928067075 -0.4769183569560343 0.00442076020878127 0.0016358024766364467
0.05005867051999795 -0.7607190949406226 51 nil_vol 0.6 nil_bias 0.87 Left 0.005 0.01 0.001 0.05326542943945778 -0.7595325062240466 -0.0032067589194598334 -0.0011865887165760892
0.05608266644858206 -0.7671460961571365 51 nil_vol 0.6 nil_bias 0.87 Home 0.005 0.01 0.001 0.0 -0.75 0.05608266644858206 -0.017146096157136456
-0.0022451879116091866 -0.6022430916721083 52 nil_vol 0.6 nil_bias 0.87 Home 0.005 0.01 0.001 -0.001407657388184276 -0.6019516176383113 -0.0008375305234249108 -0.00029147403379700427
-0.03404905879212125 -0.5274858879663276 52 nil_vol 0.6 nil_bias 0.87 Home 0.005 0.01 0.001 -0.028049554583045942 -0.5253979644295825 -0.005999504209075309 -0.002087923536745066
-0.04671313792596643 -0.4734273517111083 52 nil_vol 0.6 nil_bias 0.87 Home 0.005 0.01 0.001 -0.046198491507096824 -0.47324824651614333 -0.0005146464188696045 -0.00017910519496493928
-0.05354501601493877 -0.39756410837671885 52 nil_vol 0.6 nil_bias 0.87 Home 0.005 0.01 0.001 -0.07048597662441791 -0.40345983394985824 0.01694096060947914 0.00589572557313936
-0.09890591906903759 -0.35854795746387186 52 nil_vol 0.6 nil_bias 0.87 Home 0.005 0.01 0.001 -0.08749773295165283 -0.35457772601207543 -0.011408186117384762 -0.003970231451796446
-0.16570510098857957 -0.17908909387877658 52 nil_vol 0.6 nil_bias 0.87 Home 0.005 0.01 0.001 -0.1504216450767699 -0.173770206482581 -0.015283455911809686 -0.005318887396195576
-0.2738159195089895 0.1330945373042512 52 nil_vol 0.6 nil_bias 0.87 Home 0.005 0.01 0.001 -0.25900885019325554 0.13824763453648092 -0.014807069315733966 -0.0051530972322297326
-0.3458975061062107 0.38791619169223085 52 nil_vol 0.6 nil_bias 0.87 Left 0.005 0.01 0.001 -0.4 0.35 0.054102493893789336 0.03791619169223086
-0.3387982613177394 0.31840648778238717 53 nil_vol 0.6 nil_bias 0.87 Left 0.005 0.01 0.001 -0.3275186430626478 0.321529185600821 -0.011279618255091588 -0.0031226978184338457
-0.2323044528511203 -0.03466396975032205 53 nil_vol 0.6 nil_bias 0.87 Left 0.005 0.01 0.001 -0.22915034425050568 -0.03379077281905207 -0.00315410860061464 -0.0008731969312699751
-0.23635845663718702 -0.03638190802317103 53 nil_vol 0.6 nil_bias 0.87 Left 0.005 0.01 0.001 -0.2289971909768943 -0.03434398371594266 -0.007361265660292712 -0.002037924307228373
-0.21957391590512795 -0.0542229321641302 53 nil_vol 0.6 nil_bias 0.87 Left 0.005 0.01 0.001 -0.22321477248032628 -0.05523088248899782 0.0036408565751983313 0.0010079503248676244
-0.1619455626952846 -0.30344442931318943 53 nil_vol 0.6 nil_bias 0.87 Left 0.005 0.01 0.001 -0.1550284201677025 -0.3015294579558098 -0.006917142527582114 -0.0019149713573796167
-0.14324005618467742 -0.3122088443903541 53 nil_vol 0.6 nil_bias 0.87 Left 0.005 0.01 0.001 -0.15144318285634412 -0.3144798331049223 0.00820312667166669 0.002270988714568166
-0.07036496034116645 -0.6445610033710167 53 nil_vol 0.6 nil_bias 0.87 Left 0.005 0.01 0.001 -0.06079552605453531 -0.6419117602056268 -0.009569434286631139 -0.00264924316538995
-0.03554306779647405 -0.7331271469369703 53 nil_vol 0.6 nil_bias 0.87 Home 0.005 0.01 0.001 0.0 -0.75 -0.03554306779647405 0.016872853063029627
-0.05984329350562569 -0.601619451385241 54 nil_vol 0.6 nil_bias 0.87 Home 0.005 0.01 0.001 -0.06789317648962315 -0.6036304257725288 0.008049882983997454 0.002010974387287855
-0.08289546880281004 -0.5335216800481717 54 nil_vol 0.6 nil_bias 0.87 Home 0.005 0.01 0.001 -0.08525978086293533 -0.5341123185712309 0.0023643120601252827 0.0005906385230592104
-0.14929196579038428 -0.30095488727543435 54 nil_vol 0.6 nil_bias 0.87 Home 0.005 0.01 0.001 -0.14384568460687996 -0.2995943293657396 -0.005446281183504324 -0.0013605579096947582
-0.168436599237713 -0.263276445438874 54 nil_vol 0.6 nil_bias 0.87 Home 0.005 0.01 0.001 -0.15382996233862856 -0.2596275013800765 -0.01460663689908446 -0.003648944058797493
-0.19334729053546978 -0.061563217405754295 54 nil_vol 0.6 nil_bias 0.87 Home 0.005 0.01 0.001 -0.20272404031676766 -0.06390566184670854 0.00937674978129787 0.0023424444409542453
-0.25654632504119035 0.14766417968893922 54 nil_vol 0.6 nil_bias 0.87 Home 0.005 0.01 0.001 -0.25563410206056586 0.1478920658648225 -0.0009122229806244634 -0.00022788617588329418
-0.27156546991548564 0.22568586629092918 54 nil_vol 0.6 nil_bias 0.87 Home 0.005 0.01 0.001 -0.27486234313710006 0.22486226082734895 0.003296873221614425 0.0008236054635802269
-0.28362091521944277 0.25992261804296457 54 nil_vol 0.6 nil_bias 0.87 Left 0.005 0.01 0.001 -0.4 0.35 0.11637908478055724 -0.0900773819570354
-0.2703017219154767 0.19485018159506254 55 nil_vol 0.6 nil_bias 0.87 Left 0.005 0.01 0.001 -0.26327457329329873 0.19712704213111976 -0.007027148622177932 -0.00227686053605721
-0.24549104636139746 0.14212544355050968 55 nil_vol 0.6 nil_bias 0.87 Left 0.005 0.01 0.001 -0.2454571137426472 0.14213643802987413 -3.3932618750249096e-05 -1.0994479364458333e-05
-0.12080299026185573 -0.2450182126087557 55 nil_vol 0.6 nil_bias 0.87 Left 0.005 0.01 0.001 -0.12009028139659114 -0.24478728840659814 -0.0007127088652645882 -0.00023092420215756285
-0.11735683664753484 -0.24789065338370742 55 nil_vol 0.6 nil_bias 0.87 Left 0.005 0.01 0.001 -0.11892059620381795 -0.24839732580704943 0.0015637595562831132 0.0005066724233420091
-0.0440141731340742 -0.45822384042813347 55 nil_vol 0.6 nil_bias 0.87 Left 0.005 0.01 0.001 -0.0502773614070324 -0.4602531708116675 0.006263188272958197 0.00202933038353401
-0.010827201607446569 -0.5745517383030727 55 nil_vol 0.6 nil_bias 0.87 Left 0.005 0.01 0.001 -0.013014003628549042 -0.5752602821933078 0.0021868020211024738 0.0007085438902351275
0.006837121550141417 -0.6247737584249272 55 nil_vol 0.6 nil_bias 0.87 Left 0.005 0.01 0.001 0.0033906351313187644 -0.6258904516012048 0.0034464864188226527 0.001116693176277572
0.022428034391650198 -0.6846461952506383 55 nil_vol 0.6 nil_bias 0.87 Home 0.005 0.01 0.001 0.0 -0.75 0.022428034391650198 0.06535380474936167
-0.0656797395236378 -0.5093199946020547 56 nil_vol 0.6 nil_bias 0.87 Home 0.005 0.01 0.001 -0.0744037063750124 -0.5142784260021703 0.008723966851374597 0.00495843140011566
-0.09742581999173101 -0.48995026275529374 56 nil_vol 0.6 nil_bias 0.87 Home 0.005 0.01 0.001 -0.0904761282913889 -0.4860002741623557 -0.006949691700342115 -0.0039499885929380725
-0.23361850514338378 -0.23012704206926632 56 nil_vol 0.6 nil_bias 0.87 Home 0.005 0.01 0.001 -0.23534785861743474 -0.23110995279253232 0.0017293534740509455 0.000982910723266011
-0.2479045708126261 -0.21641790941161243 56 nil_vol 0.6 nil_bias 0.87 Home 0.005 0.01 0.001 -0.24472537626381036 -0.21461095411862657 -0.00317919454881574 -0.0018069552929858585
-0.41055337552156373 0.07455535799854766 56 nil_vol 0.6 nil_bias 0.87 Home 0.005 0.01 0.001 -0.40943862587354113 0.07518894702429602 -0.001114749648022633 -0.0006335890257483466
-0.4666201575559697 0.16789752981496248 56 nil_vol 0.6 nil_bias 0.87 Home 0.005 0.01 0.001 -0.4632273303880545 0.169825907243621 -0.0033928271679151798 -0.0019283774286585433
-0.49921858668327146 0.2048275593134598 56 nil_vol 0.6 nil_bias 0.87 Home 0.005 0.01 0.001 -0.48705163251960726 0.21174287760806965 -0.012166954163664203 -0.006915318294609839
-0.5421994577400787 0.30877110293303245 56 nil_vol 0.6 nil_bias 0.87 Left 0.005 0.01 0.001 -0.4 0.35 -0.1421994577400787 -0.04122889706696754
-0.4242717388465576 0.028299183462647405 57 nil_vol 0.6 nil_bias 0.87 Left 0.005 0.01 0.001 -0.4182153028257737 0.03100252051863306 -0.006056436020783923 -0.0027033370559856537
-0.39443891289894645 -0.06900097020821125 57 nil_vol 0.6 nil_bias 0.87 Left 0.005 0.01 0.001 -0.37704370878169224 -0.061236486322765904 -0.017395204117254218 -0.007764483885445351
-0.30398972649725337 -0.18318020327696685 57 nil_vol 0.6 nil_bias 0.87 Left 0.005 0.01 0.001 -0.31951917455519013 -0.19011189251630783 0.015529448057936787 0.006931689239340969
-0.3076600378355484 -0.2267400538724882 57 nil_vol 0.6 nil_bias 0.87 Left 0.005 0.01 0.001 -0.3039158796663227 -0.2250688199177986 -0.0037441581692256786 -0.0016712339546895868
-0.2790328729273563 -0.29516935836608676 57 nil_vol 0.6 nil_bias 0.87 Left 0.005 0.01 0.001 -0.27369037582019967 -0.29278469346552316 -0.005342497107156636 -0.002384664900563632
-0.21484242257797556 -0.42521127490089095 57 nil_vol 0.6 nil_bias 0.87 Left 0.005 0.01 0.001 -0.2146242205846402 -0.4251138787536768 -0.00021820199333536482 -9.73961472141623e-05
-0.05160381284913135 -0.8143347923273621 57 nil_vol 0.6 nil_bias 0.87 Left 0.005 0.01 0.001 -0.04267198956281598 -0.8103480039282853 -0.008931823286315364 -0.003986788399076747
-0.029955454966878355 -0.8388375620526981 57 nil_vol 0.6 nil_bias 0.87 Home 0.005 0.01 0.001 0.0 -0.75 -0.029955454966878355 -0.0888375620526981
-0.06757436638774086 -0.6520155170664631 58 nil_vol 0.6 nil_bias 0.87 Home 0.005 0.01 0.001 -0.07106504826254952 -0.6527868147596237 0.0034906818748086563 0.0007712976931606042
-0.12744257657581595 -0.37260506919253317 58 nil_vol 0.6 nil_bias 0.87 Home 0.005 0.01 0.001 -0.13271625949070903 -0.3737703370721621 0.00527368291489309 0.0011652678796289617
-0.17142268024872984 -0.27600812428816146 58 nil_vol 0.6 nil_bias 0.87 Home 0.005 0.01 0.001 -0.1551139432798968 -0.27240456153063763 -0.016308736968833032 -0.0036035627575238443
-0.1752881642095852 -0.20880127504083398 58 nil_vol 0.6 nil_bias 0.87 Home 0.005 0.01 0.001 -0.16945257437400668 -0.20751184875111806 -0.00583558983557852 -0.0012894262897159329
-0.2021771089844194 -0.09421530277540265 58 nil_vol 0.6 nil_bias 0.87 Home 0.005 0.01 0.001 -0.19484447031083713 -0.09259509002140476 -0.007332638673582278 -0.001620212753997888
-0.20522762654131885 -0.03823808640700414 58 nil_vol 0.6 nil_bias 0.87 Home 0.005 0.01 0.001 -0.20677938018658729 -0.03858096039262471 0.0015517536452684369 0.0003428739856205633
-0.20958558621026205 0.04734966949499802 58 nil_vol 0.6 nil_bias 0.87 Home 0.005 0.01 0.001 -0.22501330330716277 0.043940776036832 0.015427717096900708 0.0034088934581660213
-0.2879109469227429 0.32859826494671085 58 nil_vol 0.6 nil_bias 0.87 Left 0.005 0.01 0.001 -0.4 0.35 0.11208905307725711 -0.0214017350532891
-0.23177055258556284 0.1497460963318725 59 nil_vol 0.6 nil_bias 0.87 Left 0.005 0.01 0.001 -0.246290140575697 0.14642876300475596 0.014519587990134177 0.0033173333271165357
-0.2575552024405029 0.06735944236336436 59 nil_vol 0.6 nil_bias 0.87 Left 0.005 0.01 0.001 -0.22968002002538854 0.0737281679558498 -0.02787518241511438 -0.006368725592485438
-0.2267963531853445 0.006415337997485751 59 nil_vol 0.6 nil_bias 0.87 Left 0.005 0.01 0.001 -0.21492076272989658 0.009128589366864337 -0.011875590455447919 -0.0027132513693785857
-0.18498128694530896 -0.1381141393067041 59 nil_vol 0.6 nil_bias 0.87 Left 0.005 0.01 0.001 -0.18146341252835574 -0.13731040010612217 -0.00351787441695324 -0.0008037392005819439
-0.08902611562642793 -0.4922229998044908 59 nil_vol 0.6 nil_bias 0.87 Left 0.005 0.01 0.001 -0.09981243367302828 -0.4946873818762947 0.010786318046600348 0.002464382071803899
-0.07159156860544524 -0.5628643657814048 59 nil_vol 0.6 nil_bias 0.87 Left 0.005 0.01 0.001 -0.08360855075730111 -0.5656099213309702 0.012016982151855874 0.002745555549565404
-0.03664002643643169 -0.7506751445269372 59 nil_vol 0.6 nil_bias 0.87 Left 0.005 0.01 0.001 -0.04109367062441646 -0.7516926818222075 0.004453644187984777 0.0010175372952703347
-0.03423231349453125 -0.7817240560482331 59 nil_vol 0.6 nil_bias 0.87 Home 0.005 0.01 0.001 0.0 -0.75 -0.03423231349453125 -0.0317240560482331
-0.05430789561357125 -0.7144024715583714 60 nil_vol 0.6 nil_bias 0.87 Home 0.005 0.01 0.001 -0.056464909859438146 -0.7151225153680484 0.002157014245866897 0.0007200438096769222
-0.1410083012701038 -0.49454240331786387 60 nil_vol 0.6 nil_bias 0.87 Home 0.005 0.01 0.001 -0.13119175252696208 -0.49126549164774636 -0.009816548743141718 -0.0032769116701175157
-0.13694161820402045 -0.4681177230788024 60 nil_vol 0.6 nil_bias 0.87 Home 0.005 0.01 0.001 -0.13872059063741266 -0.4687115708434634 0.001778972433392209 0.0005938477646609822
-0.16487538899871124 -0.3396777561181895 60 nil_vol 0.6 nil_bias 0.87 Home 0.005 0.01 0.001 -0.18009775352776936 -0.34475921043347557 0.015222364529058105 0.005081454315286059
-0.27199985187223846 -0.08082855849658867 60 nil_vol 0.6 nil_bias 0.87 Home 0.005 0.01 0.001 -0.2685825722061302 -0.07968781912769907 -0.0034172796661082697 -0.0011407393688895996
-0.3402698290605128 0.0865629514578858 60 nil_vol 0.6 nil_bias 0.87 Home 0.005 0.01 0.001 -0.3257028189670628 0.09142563860211206 -0.014567010093449935 -0.004862687144226265
-0.35604093924310126 0.14068317574755818 60 nil_vol 0.6 nil_bias 0.87 Home 0.005 0.01 0.001 -0.34353886337514555 0.14485655677834264 -0.012502075867955719 -0.004173381030784458
-0.42971560638177386 0.4030137130923627 60 nil_vol 0.6 nil_bias 0.87 Left 0.005 0.01 0.001 -0.4 0.35 -0.02971560638177386 0.053013713092362726
-0.24070396935065064 -0.08072845461771629 61 nil_vol 0.6 nil_bias 0.87 Left 0.005 0.01 0.001 -0.24402304459352267 -0.0819991993110128 0.0033190752428720444 0.0012707446932965047
-0.11747701202477857 -0.42133643270703347 61 nil_vol 0.6 nil_bias 0.87 Left 0.005 0.01 0.001 -0.11453524129274922 -0.4202101432218374 -0.0029417707320293536 -0.0011262894851960395
-0.11678359577762253 -0.4329616612674168 61 nil_vol 0.6 nil_bias 0.87 Left 0.005 0.01 0.001 -0.11056475526743625 -0.43058070934602005 -0.006218840510186271 -0.0023809519213967355
-0.07440529155558681 -0.515656800702601 61 nil_vol 0.6 nil_bias 0.87 Left 0.005 0.01 0.001 -0.07753384112071082 -0.5168546005313739 0.003128549565124017 0.0011977998287728776
-0.0639355688452703 -0.5677958338021116 61 nil_vol 0.6 nil_bias 0.87 Left 0.005 0.01 0.001 -0.05878535748851943 -0.5658240183800294 -0.005150211356750871 -0.0019718154220822724
-0.033032104594384326 -0.6306312568601496 61 nil_vol 0.6 nil_bias 0.87 Left 0.005 0.01 0.001 -0.03385287785326718 -0.6309454989868881 0.0008207732588828537 0.0003142421267384548
-0.008150392014000366 -0.7045638770800209 61 nil_vol 0.6 nil_bias 0.87 Left 0.005 0.01 0.001 -0.00598471720779109 -0.7037347245100976 -0.0021656748062092767 -0.0008291525699233657
0.017928914051659355 -0.7661950612709871 61 nil_vol 0.6 nil_bias 0.87 Home 0.005 0.01 0.001 0.0 -0.75 0.017928914051659355 -0.01619506127098709
-0.00946955212204387 -0.6745602974193151 62 nil_vol 0.6 nil_bias 0.87 Home 0.005 0.01 0.001 -0.014700476938584596 -0.6764624132585333 0.005230924816540726 0.0019021158392181722
-0.01477063311292556 -0.6579496609141928 62 nil_vol 0.6 nil_bias 0.87 Home 0.005 0.01 0.001 -0.020654278981189392 -0.6600891250416425 0.005883645868263833 0.002139464127449682
-0.010095151294156376 -0.6391377951661237 62 nil_vol 0.6 nil_bias 0.87 Home 0.005 0.01 0.001 -0.026149929939932974 -0.6449757778992551 0.016054778645776598 0.005837982733131409
-0.09542028567424567 -0.43890455314728394 62 nil_vol 0.6 nil_bias 0.87 Home 0.005 0.01 0.001 -0.10042203684771989 -0.4407233348091441 0.005001751173474223 0.0018187816618601418
-0.14640870773703588 -0.3061656005717296 62 nil_vol 0.6 nil_bias 0.87 Home 0.005 0.01 0.001 -0.14900750007930086 -0.30711059677229247 0.0025987923422649806 0.0009449962005628888
-0.2173406598380515 -0.12008327252834411 62 nil_vol 0.6 nil_bias 0.87 Home 0.005 0.01 0.001 -0.2170539633796062 -0.11997902138848215 -0.0002866964584452987 -0.00010425113986195476
-0.30469727475993214 0.13204638959099424 62 nil_vol 0.6 nil_bias 0.87 Home 0.005 0.01 0.001 -0.30823051887195646 0.13076159964944234 0.003533244112024298 0.0012847899415519039
-0.37873029755645604 0.3246399293903677 62 nil_vol 0.6 nil_bias 0.87 Left 0.005 0.01 0.001 -0.4 0.35 0.021269702443543988 -0.02536007060963231
-0.31224900643768 0.1516763640052346 63 nil_vol 0.6 nil_bias 0.87 Left 0.005 0.01 0.001 -0.31139296311858405 0.1520102792696806 -0.0008560433190959707 -0.00033391526444600964
-0.26194256513732894 0.05512830693992756 63 nil_vol 0.6 nil_bias 0.87 Left 0.005 0.01 0.001 -0.2720625933622012 0.05118080589000645 0.010120028224872235 0.003947501049921107
-0.2125759939658378 -0.13454099113137546 63 nil_vol 0.6 nil_bias 0.87 Left 0.005 0.01 0.001 -0.2013296031659402 -0.13015413187526115 -0.011246390799897595 -0.00438685925611431
-0.11391839885874935 -0.3681012960126776 63 nil_vol 0.6 nil_bias 0.87 Left 0.005 0.01 0.001 -0.10922769073671845 -0.3662716000053995 -0.004690708122030903 -0.0018296960072781048
-0.09168903107872031 -0.38435559707528955 63 nil_vol 0.6 nil_bias 0.87 Left 0.005 0.01 0.001 -0.10078909504922023 -0.3879052425189268 0.009100063970499925 0.00354964544363721
0.02685612016831114 -0.6557841105723433 63 nil_vol 0.6 nil_bias 0.87 Left 0.005 0.01 0.001 0.006759668280397257 -0.6636230971012796 0.020096451887913883 0.007838986528936347
0.015696124468238988 -0.6793123195901287 63 nil_vol 0.6 nil_bias 0.87 Left 0.005 0.01 0.001 0.013251493267724568 -0.6802658924474636 0.0024446312005144215 0.0009535728573348331
0.03294919356634448 -0.730763987436214 63 nil_vol 0.6 nil_bias 0.87 Home 0.005 0.01 0.001 0.0 -0.75 0.03294919356634448 0.019236012563786015
