x y trial vol omega bias theta state target_sigma moving_sigma staying_sigma x_mean y_mean x_noise y_noise
-0.029401459666337636 -0.6501265518096343 0 nil_vol 0.6 nil_bias 0.87 Home 0.005 0.01 0.001 -0.032689353381642264 -0.6512145574588073 0.0032878937153046264 0.0010880056491730113
-0.10940870126578793 -0.44319087048165723 0 nil_vol 0.6 nil_bias 0.87 Home 0.005 0.01 0.001 -0.10230491215529884 -0.4408401367438941 -0.007103789110489085 -0.0023507337377630987
-0.13447189719117789 -0.3439017616375277 0 nil_vol 0.6 nil_bias 0.87 Home 0.005 0.01 0.001 -0.13439181662001612 -0.34387526196285534 -8.008057116176893e-05 -2.6499674672401457e-05
-0.13984399544824244 -0.33103056201787145 0 nil_vol 0.6 nil_bias 0.87 Home 0.005 0.01 0.001 -0.13876089353425178 -0.33067214988442367 -0.001083101913990651 -0.00035841213344779525
-0.20412219648644936 -0.15946940605663373 0 nil_vol 0.6 nil_bias 0.87 Home 0.005 0.01 0.001 -0.19627350528641152 -0.15687217478832782 -0.007848691200037833 -0.0025972312683059094
-0.2084080039576401 -0.11220579624772868 0 nil_vol 0.6 nil_bias 0.87 Home 0.005 0.01 0.001 -0.21079300961915645 -0.1129950248109759 0.0023850056615163672 0.0007892285632472164
-0.23621363013174287 -0.04963471243513732 0 nil_vol 0.6 nil_bias 0.87 Home 0.005 0.01 0.001 -0.2321993188873755 -0.04830632603046736 -0.004014311244367393 -0.0013283864046699583
-0.39507389849165264 0.44389176785886875 0 nil_vol 0.6 nil_bias 0.87 Left 0.005 0.01 0.001 -0.4 0.35 0.0049261015083473655 0.09389176785886874
-0.34345647839125276 0.25486767006696703 1 nil_vol 0.6 nil_bias 0.87 Left 0.005 0.01 0.001 -0.3401848249784971 0.25582252061972094 -0.003271653412755667 -0.0009548505527539098
-0.3149507833799585 0.2042389627752352 1 nil_vol 0.6 nil_bias 0.87 Left 0.005 0.01 0.001 -0.32433087799884147 0.20150132910756002 0.009380094618882926 0.002737633667675186
-0.31334901620190736 0.15761705251335648 1 nil_vol 0.6 nil_bias 0.87 Left 0.005 0.01 0.001 -0.31166633406801975 0.15810815281126317 -0.0016826821338876113 -0.0004911002979066799
-0.2426263611935418 -0.08420870190766132 1 nil_vol 0.6 nil_bias 0.87 Left 0.005 0.01 0.001 -0.2410767822019113 -0.08375644851464437 -0.0015495789916305054 -0.00045225339301694994
-0.16684025382691683 -0.33671457064375626 1 nil_vol 0.6 nil_bias 0.87 Left 0.005 0.01 0.001 -0.16721739846875436 -0.3368246424405801 0.0003771446418375287 0.00011007179682380182
-0.1240896828385264 -0.4606289231813986 1 nil_vol 0.6 nil_bias 0.87 Left 0.005 0.01 0.001 -0.13053537649985497 -0.46251013533284646 0.006445693661328573 0.0018812121514479021
-0.10617979253082302 -0.5452822981040768 1 nil_vol 0.6 nil_bias 0.87 Left 0.005 0.01 0.001 -0.1063623061793611 -0.545335565744687 0.000182513648538085 5.326764061017557e-05
-0.033540629009375655 -0.7948482124605937 1 nil_vol 0.6 nil_bias 0.87 Home 0.005 0.01 0.001 0.0 -0.75 -0.033540629009375655 -0.04484821246059363
-0.06086299915974277 -0.7618576137726376 2 nil_vol 0.6 nil_bias 0.87 Home 0.005 0.01 0.001 -0.043233767903955604 -0.7573058827414189 -0.017629231255787164 -0.004551731031218782
-0.089215098692614 -0.5961326857316508 2 nil_vol 0.6 nil_bias 0.87 Home 0.005 0.01 0.001 -0.08512040517433164 -0.5950754675648418 -0.004094693518282352 -0.0010572181668090544
-0.12262584371749098 -0.5002147055930077 2 nil_vol 0.6 nil_bias 0.87 Home 0.005 0.01 0.001 -0.1104260006336148 -0.4970648005554497 -0.01219984308387618 -0.0031499050375580068
-0.13720383615736534 -0.38202532999446176 2 nil_vol 0.6 nil_bias 0.87 Home 0.005 0.01 0.001 -0.13994553106715318 -0.3827332143949752 0.0027416949097878334 0.0007078844005134493
-0.1725611389296487 -0.2589136527725233 2 nil_vol 0.6 nil_bias 0.87 Home 0.005 0.01 0.001 -0.17195517859327367 -0.2587571985047934 -0.0006059603363750141 -0.0001564542677299384
-0.2286264750005072 -0.038066408873815426 2 nil_vol 0.6 nil_bias 0.87 Home 0.005 0.01 0.001 -0.22891649808959974 -0.03814129059016702 0.0002900230890925483 7.48817163515924e-05
-0.2773404035757763 0.14711131114133377 2 nil_vol 0.6 nil_bias 0.87 Home 0.005 0.01 0.001 -0.2767843537813228 0.14725487889352862 -0.0005560497944534739 -0.00014356775219485828
-0.30701508625072876 0.2643410094402821 2 nil_vol 0.6 nil_bias 0.87 Left 0.005 0.01 0.001 -0.4 0.35 0.09298491374927127 -0.08565899055971787
-0.2672324846181787 0.037091274087395744 3 nil_vol 0.6 nil_bias 0.87 Left 0.005 0.01 0.001 -0.25198688767926564 0.04084497712636809 -0.015245596938913098 -0.003753703038972345
-0.22104623842021212 -0.13341996204470777 3 nil_vol 0.6 nil_bias 0.87 Left 0.005 0.01 0.001 -0.20976409687570707 -0.13064212335650066 -0.011282141544505039 -0.002777838688207111
-0.21651475644668736 -0.1528528470438016 3 nil_vol 0.6 nil_bias 0.87 Left 0.005 0.01 0.001 -0.20499389038394877 -0.15001623066698305 -0.011520866062738593 -0.002836616376818521
-0.20222239675663142 -0.18134329186585052 3 nil_vol 0.6 nil_bias 0.87 Left 0.005 0.01 0.001 -0.1975631349930382 -0.1801961091670395 -0.004659261763593227 -0.0011471826988110325
-0.18022647444896428 -0.2572718981935166 3 nil_vol 0.6 nil_bias 0.87 Left 0.005 0.01 0.001 -0.17867964899131364 -0.25689104571234395 -0.0015468254576506452 -0.0003808524811726371
-0.12295580004901087 -0.47307539462327913 3 nil_vol 0.6 nil_bias 0.87 Left 0.005 0.01 0.001 -0.12530904210354554 -0.47365479941057204 0.0023532420545346773 0.0005794047872929074
-0.09783756978148213 -0.5866567067710975 3 nil_vol 0.6 nil_bias 0.87 Left 0.005 0.01 0.001 -0.09750629771273647 -0.5865751424364138 -0.00033127206874565687 -8.156433468362965e-05
-0.0584674932064355 -0.7451305402131727 3 nil_vol 0.6 nil_bias 0.87 Home 0.005 0.01 0.001 0.0 -0.75 -0.0584674932064355 0.004869459786827285
-0.05313420005038727 -0.6881724066804714 4 nil_vol 0.6 nil_bias 0.87 Home 0.005 0.01 0.001 -0.07023635762533655 -0.6919576630864909 0.017102157574949272 0.003785256406019488
-0.12003338631104302 -0.47381388908621236 4 nil_vol 0.6 nil_bias 0.87 Home 0.005 0.01 0.001 -0.11858931850366997 -0.4734942705296279 -0.0014440678073730528 -0.0003196185565844652
-0.2205245632067378 -0.056233442058324104 4 nil_vol 0.6 nil_bias 0.87 Home 0.005 0.01 0.001 -0.21139001513268613 -0.05421167337435151 -0.00913454807405167 -0.0020217686839725905
-0.21194605693930801 -0.04172932222993095 4 nil_vol 0.6 nil_bias 0.87 Home 0.005 0.01 0.001 -0.2140497067127506 -0.04219492744646858 0.0021036497734425595 0.0004656052165376281
-0.2199011617336649 0.04755622735183315 4 nil_vol 0.6 nil_bias 0.87 Home 0.005 0.01 0.001 -0.23326009213664817 0.04459946726680564 0.013358930402983287 0.002956760085027516
-0.271648496373566 0.2120453104503175 4 nil_vol 0.6 nil_bias 0.87 Home 0.005 0.01 0.001 -0.2703832152691414 0.2123253577709523 -0.0012652811044245797 -0.00028004732063479184
-0.30156045735152626 0.2459989910132891 4 nil_vol 0.6 nil_bias 0.87 Home 0.005 0.01 0.001 -0.27894419431338224 0.25100469594672703 -0.022616263038144034 -0.0050057049334379326
-0.3135398943476504 0.4073114424225655 4 nil_vol 0.6 nil_bias 0.87 Left 0.005 0.01 0.001 -0.4 0.35 0.08646010565234966 0.05731144242256552
-0.24115721186304553 0.18196747032561936 5 nil_vol 0.6 nil_bias 0.87 Left 0.005 0.01 0.001 -0.2541822861305693 0.17858725391555497 0.013025074267523777 0.0033802164100644014
-0.21886955206206984 0.10738667351902284 5 nil_vol 0.6 nil_bias 0.87 Left 0.005 0.01 0.001 -0.23464231592919 0.10329338743399491 0.015772763867120152 0.004093286085027927
-0.14681816932632114 -0.2879432854337788 5 nil_vol 0.6 nil_bias 0.87 Left 0.005 0.01 0.001 -0.13397506737501416 -0.2846102937686041 -0.01284310195130696 -0.0033329916651746784
-0.08293800758911292 -0.44022059290857324 5 nil_vol 0.6 nil_bias 0.87 Left 0.005 0.01 0.001 -0.09291945375131386 -0.44281093883832895 0.009981446162200935 0.0025903459297557017
-0.08426312196119194 -0.5351325889376973 5 nil_vol 0.6 nil_bias 0.87 Left 0.005 0.01 0.001 -0.06992607943312301 -0.5314118956479859 -0.014337042528068934 -0.0037206932897115136
-0.036701888508153466 -0.6884195134581229 5 nil_vol 0.6 nil_bias 0.87 Left 0.005 0.01 0.001 -0.029654694275338456 -0.6865906531306185 -0.007047194232815011 -0.001828860327504388
-0.01193572735404138 -0.6954391096938457 5 nil_vol 0.6 nil_bias 0.87 Left 0.005 0.01 0.001 -0.026385223963581728 -0.6991889866276395 0.014449496609540348 0.003749876933793772
-0.01566130745367056 -0.7405117281433689 5 nil_vol 0.6 nil_bias 0.87 Home 0.005 0.01 0.001 0.0 -0.75 -0.01566130745367056 0.0094882718566311
-0.032132864730295044 -0.7044265981880046 6 nil_vol 0.6 nil_bias 0.87 Home 0.005 0.01 0.001 -0.027792900538002378 -0.703022188322402 -0.004339964192292666 -0.00140440986560255
-0.08642910754567008 -0.6031041261938482 6 nil_vol 0.6 nil_bias 0.87 Home 0.005 0.01 0.001 -0.0626195791883605 -0.5953993767906776 -0.02380952835730958 -0.007704749403170729
-0.17162588687032201 -0.23964132858637702 6 nil_vol 0.6 nil_bias 0.87 Home 0.005 0.01 0.001 -0.17716286172944823 -0.24143309040126937 0.0055369748591262025 0.0017917618148923522
-0.27531484590750577 0.03698725243708269 6 nil_vol 0.6 nil_bias 0.87 Home 0.005 0.01 0.001 -0.26802308910896216 0.039346860657730076 -0.0072917567985435906 -0.00235960822064739
-0.26451253026967825 0.0448334941231614 6 nil_vol 0.6 nil_bias 0.87 Home 0.005 0.01 0.001 -0.2692974953037769 0.043285082246311 0.00478496503409867 0.0015484118768503993
-0.3238233712768676 0.19225203695808898 6 nil_vol 0.6 nil_bias 0.87 Home 0.005 0.01 0.001 -0.3181022144054986 0.19410339996405102 -0.005721156871369032 -0.0018513630059620219
-0.3450868715680111 0.26381514930163413 6 nil_vol 0.6 nil_bias 0.87 Home 0.005 0.01 0.001 -0.34108043582829634 0.26511162955572254 -0.004006435739714777 -0.0012964802540883838
-0.3572905441096429 0.31520476206447723 6 nil_vol 0.6 nil_bias 0.87 Left 0.005 0.01 0.001 -0.4 0.35 0.0427094558903571 -0.03479523793552275
-0.32100164688408445 0.2395592631468504 7 nil_vol 0.6 nil_bias 0.87 Left 0.005 0.01 0.001 -0.32916858352127126 0.23663608462674957 0.008166936637186812 0.0029231785201008233
-0.2599218917891189 0.041155414539123025 7 nil_vol 0.6 nil_bias 0.87 Left 0.005 0.01 0.001 -0.2592824249319402 0.041384297884771826 -0.0006394668571786796 -0.00022888334564880242
-0.24834839656519703 0.04381010676046734 7 nil_vol 0.6 nil_bias 0.87 Left 0.005 0.01 0.001 -0.25881037777476645 0.04006546662082666 0.01046198120956944 0.0037446401396406814
-0.16762849539900332 -0.21252065601438386 7 nil_vol 0.6 nil_bias 0.87 Left 0.005 0.01 0.001 -0.16831471846422524 -0.21276627473451948 0.0006862230652219264 0.0002456187201356142
-0.08270581558378268 -0.4201856940201884 7 nil_vol 0.6 nil_bias 0.87 Left 0.005 0.01 0.001 -0.09278247082180663 -0.4237924150534006 0.010076655238023959 0.0036067210332122123
-0.07100966168152278 -0.5231410730230257 7 nil_vol 0.6 nil_bias 0.87 Left 0.005 0.01 0.001 -0.058788457111289494 -0.5187667568899976 -0.012221204570233296 -0.0043743161330280335
-0.023902465504297407 -0.5644601624287539 7 nil_vol 0.6 nil_bias 0.87 Left 0.005 0.01 0.001 -0.04032903682790445 -0.5703396987329087 0.016426571323607045 0.0058795363041548605
0.020274900332666594 -0.739658305636658 7 nil_vol 0.6 nil_bias 0.87 Home 0.005 0.01 0.001 0.0 -0.75 0.020274900332666594 0.010341694363341987
-0.01927265860996725 -0.5907391415764468 8 nil_vol 0.6 nil_bias 0.87 Home 0.005 0.01 0.001 -0.027804547464571262 -0.5935466416319073 0.008531888854604014 0.0028075000554605386
-0.05886072124936813 -0.5056834960140768 8 nil_vol 0.6 nil_bias 0.87 Home 0.005 0.01 0.001 -0.05692622767814024 -0.5050469323057275 -0.001934493571227887 -0.0006365637083492479
-0.1362800527072305 -0.31638254046428654 8 nil_vol 0.6 nil_bias 0.87 Home 0.005 0.01 0.001 -0.12069555290255796 -0.31125431097002487 -0.015584499804672542 -0.005128229494261692
-0.11581121431377632 -0.30414116803222296 8 nil_vol 0.6 nil_bias 0.87 Home 0.005 0.01 0.001 -0.12233031161988292 -0.3062863396771361 0.0065190973061065955 0.0021451716449131324
-0.14874102705446193 -0.18699800849873993 8 nil_vol 0.6 nil_bias 0.87 Home 0.005 0.01 0.001 -0.16032858087419916 -0.19081100448895483 0.011587553819737232 0.003812995990214894
-0.1606527691943638 -0.1583200368122449 8 nil_vol 0.6 nil_bias 0.87 Home 0.005 0.01 0.001 -0.17000715149991055 -0.16139818624540936 0.00935438230554674 0.003078149433164464
-0.32513482531715016 0.3163101619094926 8 nil_vol 0.6 nil_bias 0.87 Home 0.005 0.01 0.001 -0.326999742603436 0.3156964929466285 0.0018649172862858553 0.0006136689628641277
-0.35071836297186854 0.3877765031943283 8 nil_vol 0.6 nil_bias 0.87 Left 0.005 0.01 0.001 -0.4 0.35 0.049281637028131486 0.03777650319432837
-0.28529982215269734 0.11987676222162198 9 nil_vol 0.6 nil_bias 0.87 Left 0.005 0.01 0.001 -0.2677077133919535 0.12544347404765505 -0.017592108760743845 -0.005566711826033058
-0.23163120394210393 0.028611962349432446 9 nil_vol 0.6 nil_bias 0.87 Left 0.005 0.01 0.001 -0.23657234021016055 0.027048427126252717 0.004941136268056629 0.0015635352231797286
-0.1896005727037519 -0.11345444687537438 9 nil_vol 0.6 nil_bias 0.87 Left 0.005 0.01 0.001 -0.19188404662001293 -0.11417701182918216 0.0022834739162610283 0.0007225649538077782
-0.1440612160646314 -0.266415772477214 9 nil_vol 0.6 nil_bias 0.87 Left 0.005 0.01 0.001 -0.14374267718409223 -0.2663149764795616 -0.00031853888053918117 -0.00010079599765240508
-0.09905433278011266 -0.4202834412222528 9 nil_vol 0.6 nil_bias 0.87 Left 0.005 0.01 0.001 -0.09538907815305303 -0.41912363618947557 -0.00366525462705964 -0.00115980503277724
-0.033901449932570486 -0.6271353368873138 9 nil_vol 0.6 nil_bias 0.87 Left 0.005 0.01 0.001 -0.02996191590952918 -0.6258887409883582 -0.003939534023041307 -0.0012465958989555702
-0.04466226936800949 -0.6306175675734893 9 nil_vol 0.6 nil_bias 0.87 Left 0.005 0.01 0.001 -0.029939722345331155 -0.62595887783168 -0.014722547022678336 -0.004658689741809324
-0.0028244146558447595 -0.7116495794274924 9 nil_vol 0.6 nil_bias 0.87 Home 0.005 0.01 0.001 0.0 -0.75 -0.0028244146558447595 0.038350420572507614
-0.05139124158291912 -0.537013079654556 10 nil_vol 0.6 nil_bias 0.87 Home 0.005 0.01 0.001 -0.056823155642404075 -0.5387091347380625 0.005431914059484951 0.0016960550835064747
-0.061376316419162524 -0.5156479057036351 10 nil_vol 0.6 nil_bias 0.87 Home 0.005 0.01 0.001 -0.06378858924306759 -0.51640111121112 0.0024122728239050627 0.0007532055074848953
-0.06838655366686422 -0.5173897047310793 10 nil_vol 0.6 nil_bias 0.87 Home 0.005 0.01 0.001 -0.06391578153237219 -0.5159937555826085 -0.004470772134492029 -0.0013959491484707473
-0.09761303756535453 -0.3918914939745857 10 nil_vol 0.6 nil_bias 0.87 Home 0.005 0.01 0.001 -0.10221653094886032 -0.39332888386505166 0.004603493383505799 0.0014373898904659324
-0.19842496682645427 -0.11926134406996612 10 nil_vol 0.6 nil_bias 0.87 Home 0.005 0.01 0.001 -0.18873572371279426 -0.11623598507895672 -0.009689243113660016 -0.003025358991009401
-0.17921830457654553 -0.09401455643991914 10 nil_vol 0.6 nil_bias 0.87 Home 0.005 0.01 0.001 -0.19421230646544296 -0.0986962676833738 0.014994001888897426 0.004681711243454663
-0.24799316784181946 0.10831953835967567 10 nil_vol 0.6 nil_bias 0.87 Home 0.005 0.01 0.001 -0.2578861992833549 0.1052305487173586 0.009893031441535416 0.0030889896423170783
-0.29008653608392565 0.20835777842121833 10 nil_vol 0.6 nil_bias 0.87 Left 0.005 0.01 0.001 -0.4 0.35 0.10991346391607437 -0.14164222157878165
-0.27260365121536984 0.15002998370908452 11 nil_vol 0.6 nil_bias 0.87 Left 0.005 0.01 0.001 -0.27360960441351645 0.1497471846272707 0.0010059531981465892 0.00028279908181381644
-0.20000675589740996 -0.1267851211031017 11 nil_vol 0.6 nil_bias 0.87 Left 0.005 0.01 0.001 -0.19617236347888145 -0.12570717567057899 -0.0038343924185285133 -0.001077945432522704
-0.14444623199134807 -0.34777597793506104 11 nil_vol 0.6 nil_bias 0.87 Left 0.005 0.01 0.001 -0.13452708865903842 -0.3449874539441586 -0.009919143332309631 -0.002788523990902443
-0.10792219666082314 -0.39261776269132437 11 nil_vol 0.6 nil_bias 0.87 Left 0.005 0.01 0.001 -0.12016910309703913 -0.3960606802163173 0.012246906436215977 0.0034429175249929495
-0.0376489987812882 -0.6780754094040505 11 nil_vol 0.6 nil_bias 0.87 Left 0.005 0.01 0.001 -0.040650372115771466 -0.6789191719416479 0.0030013733344832687 0.0008437625375973549
-0.04792169011192872 -0.6878204231568815 11 nil_vol 0.6 nil_bias 0.87 Left 0.005 0.01 0.001 -0.03886385795574271 -0.6852740356890425 -0.00905783215618601 -0.0025463874678390273
-0.029198201617730662 -0.7200083378324469 11 nil_vol 0.6 nil_bias 0.87 Left 0.005 0.01 0.001 -0.029106414461829266 -0.7199825341236272 -9.178715590139403e-05 -2.580370881969531e-05
-0.009856549575653756 -0.7884568128303975 11 nil_vol 0.6 nil_bias 0.87 Home 0.005 0.01 0.001 0.0 -0.75 -0.009856549575653756 -0.03845681283039743
-0.01702260197628831 -0.7704235706928519 12 nil_vol 0.6 nil_bias 0.87 Home 0.005 0.01 0.001 -0.005046500788810283 -0.774572561485002 -0.011976101187478026 0.004148990792150087
0.04487127331064139 -0.6143608144027344 12 nil_vol 0.6 nil_bias 0.87 Home 0.005 0.01 0.001 0.04985855317510872 -0.616088603598202 -0.0049872798644673266 0.0017277891954675367
0.11763943576415718 -0.43606471326340424 12 nil_vol 0.6 nil_bias 0.87 Home 0.005 0.01 0.001 0.11280599409573536 -0.4343902196479324 0.004833441668421821 -0.001674493615471841
0.18328939064585936 -0.19960860710792622 12 nil_vol 0.6 nil_bias 0.87 Home 0.005 0.01 0.001 0.19298042650834102 -0.20296596172028314 -0.00969103586248166 0.0033573546123569315
0.33319354147739105 0.16542551295064845 12 nil_vol 0.6 nil_bias 0.87 Home 0.005 0.01 0.001 0.32195457279839573 0.16931913215379701 0.011238968678995312 -0.0038936192031485644
0.323478299062415 0.19445002537254805 12 nil_vol 0.6 nil_bias 0.87 Home 0.005 0.01 0.001 0.3298912196366616 0.1922283383646628 -0.006412920574246633 0.0022216870078852567
0.37612063902133686 0.3141344338553615 12 nil_vol 0.6 nil_bias 0.87 Home 0.005 0.01 0.001 0.37255251520850097 0.3153705717781261 0.0035681238128358913 -0.0012361379227645854
0.40998376139684023 0.4234162181490704 12 nil_vol 0.6 nil_bias 0.87 Right 0.005 0.01 0.001 0.4 0.35 0.009983761396840225 0.0734162181490704
0.40944270120809023 0.3966160459970233 13 nil_vol 0.6 nil_bias 0.87 Right 0.005 0.01 0.001 0.40141753233167904 0.3994891727797419 0.008025168876411193 -0.0028731267827185854
0.39949218049356516 0.3957475691875468 13 nil_vol 0.6 nil_bias 0.87 Right 0.005 0.01 0.001 0.4000114295818163 0.39556167048742824 -0.0005192490882511431 0.0001858987001185351
0.281323325885793 0.0582742300814572 13 nil_vol 0.6 nil_bias 0.87 Right 0.005 0.01 0.001 0.27949232440608024 0.05892975515159288 0.001831001479712769 -0.0006555250701356793
0.27185464164422024 0.033808511145491854 13 nil_vol 0.6 nil_bias 0.87 Right 0.005 0.01 0.001 0.2706526229218775 0.034238851271372994 0.0012020187223427679 -0.00043034012588113774
0.24249737564219562 -0.010464377441508153 13 nil_vol 0.6 nil_bias 0.87 Right 0.005 0.01 0.001 0.25326773495580346 -0.014320322192326596 -0.010770359313607852 0.0038559447508184426
0.1490517889096929 -0.28956582746130405 13 nil_vol 0.6 nil_bias 0.87 Right 0.005 0.01 0.001 0.1540812112922727 -0.29136643357583314 -0.00502942238257981 0.0018006061145290691
0.0867970736627422 -0.4943806221315872 13 nil_vol 0.6 nil_bias 0.87 Right 0.005 0.01 0.001 0.08201245466249363 -0.492667659176362 0.004784619000248572 -0.0017129629552251726
-0.011857064276895932 -0.7548624033718414 13 nil_vol 0.6 nil_bias 0.87 Home 0.005 0.01 0.001 0.0 -0.75 -0.011857064276895932 -0.004862403371841395
-0.011789204066093219 -0.6950933721790151 14 nil_vol 0.6 nil_bias 0.87 Home 0.005 0.01 0.001 -0.02901169535108633 -0.7005312358930182 0.017222491284993112 0.005437863714003075
-0.07366652621032894 -0.5287860640734772 14 nil_vol 0.6 nil_bias 0.87 Home 0.005 0.01 0.001 -0.08237107542659794 -0.5315344557867683 0.00870454921626899 0.002748391713291087
-0.08512069377254879 -0.5157613921404756 14 nil_vol 0.6 nil_bias 0.87 Home 0.005 0.01 0.001 -0.08714907822677785 -0.5164018382895941 0.002028384454229061 0.0006404461491184638
-0.09681780257298832 -0.47219094440695036 14 nil_vol 0.6 nil_bias 0.87 Home 0.005 0.01 0.001 -0.10071935632975286 -0.4734228287639266 0.003901553756764546 0.0012318843569762204
-0.1545566471409091 -0.296402529946937 14 nil_vol 0.6 nil_bias 0.87 Home 0.005 0.01 0.001 -0.15642576064622274 -0.2969926875692988 0.0018691135053136361 0.0005901576223617859
-0.29866349783956725 0.15422254828540083 14 nil_vol 0.6 nil_bias 0.87 Home 0.005 0.01 0.001 -0.29887252019129085 0.1541565511515922 0.00020902235172361384 6.599713380861683e-05
-0.333339363691481 0.29630214479236044 14 nil_vol 0.6 nil_bias 0.87 Home 0.005 0.01 0.001 -0.3428097244237814 0.2933119542251241 0.009470360732300422 0.002990190567236315
-0.3492812897955231 0.3138083263442107 14 nil_vol 0.6 nil_bias 0.87 Left 0.005 0.01 0.001 -0.4 0.35 0.050718710204476936 -0.036191673655789305
-0.3241327727904351 0.18664466091017856 15 nil_vol 0.6 nil_bias 0.87 Left 0.005 0.01 0.001 -0.3137622635155192 0.18961049689215898 -0.01037050927491591 -0.0029658359819804184
-0.2992602453095167 0.16661493237274805 15 nil_vol 0.6 nil_bias 0.87 Left 0.005 0.01 0.001 -0.30658660506986485 0.16451968508853498 0.00732635976034812 0.0020952472842130578
-0.2167003670128704 -0.09264456541638622 15 nil_vol 0.6 nil_bias 0.87 Left 0.005 0.01 0.001 -0.23180542006469632 -0.09696442171883302 0.015105053051825915 0.0043198563024467946
-0.17608737628716395 -0.25455773539061 15 nil_vol 0.6 nil_bias 0.87 Left 0.005 0.01 0.001 -0.1859306341470652 -0.25737278406053593 0.009843257859901262 0.002815048669925947
-0.15537401256266833 -0.3694763868897247 15 nil_vol 0.6 nil_bias 0.87 Left 0.005 0.01 0.001 -0.15398408595369711 -0.36907888525890603 -0.001389926608971208 -0.0003975016308186332
-0.13140546967247999 -0.43450718647600345 15 nil_vol 0.6 nil_bias 0.87 Left 0.005 0.01 0.001 -0.1349800491681883 -0.43552947151599314 0.0035745794957083004 0.0010222850399897127
-0.06296813175426186 -0.7068751561091161 15 nil_vol 0.6 nil_bias 0.87 Left 0.005 0.01 0.001 -0.057801175613717226 -0.7053974712594426 -0.005166956140544636 -0.0014776848496735192
-0.057427418110328296 -0.7067043728140174 15 nil_vol 0.6 nil_bias 0.87 Home 0.005 0.01 0.001 0.0 -0.75 -0.057427418110328296 0.043295627185982566
-0.10515762888992865 -0.6050721508851468 16 nil_vol 0.6 nil_bias 0.87 Home 0.005 0.01 0.001 -0.09931697540023963 -0.6027192904234142 -0.005840653489689018 -0.0023528604617325186
-0.14543159716076945 -0.49904990979710523 16 nil_vol 0.6 nil_bias 0.87 Home 0.005 0.01 0.001 -0.14168702945397882 -0.4975414406987172 -0.003744567706790635 -0.0015084690983880296
-0.15346406298852738 -0.47255146476960536 16 nil_vol 0.6 nil_bias 0.87 Home 0.005 0.01 0.001 -0.151992800036513 -0.4719587782774658 -0.0014712629520143962 -0.0005926864921395731
-0.241791479459515 -0.3000355469687915 16 nil_vol 0.6 nil_bias 0.87 Home 0.005 0.01 0.001 -0.22411866936727992 -0.2929161970215407 -0.017672810092235106 -0.007119349947250748
-0.26461700694523405 -0.2167105225871773 16 nil_vol 0.6 nil_bias 0.87 Home 0.005 0.01 0.001 -0.25618575272712063 -0.21331405937845666 -0.008431254218113396 -0.003396463208720634
-0.4845296797754981 0.3725796802427519 16 nil_vol 0.6 nil_bias 0.87 Home 0.005 0.01 0.001 -0.4911362295189156 0.3699182846117326 0.006606549743417498 0.002661395631019329
-0.4978491155189785 0.4215530016802354 16 nil_vol 0.6 nil_bias 0.87 Home 0.005 0.01 0.001 -0.5099698831959583 0.4166702475357964 0.012120767676979772 0.004882754144439009
-0.5184848148488899 0.4378073978606982 16 nil_vol 0.6 nil_bias 0.87 Left 0.005 0.01 0.001 -0.4 0.35 -0.1184848148488898 0.08780739786069827
-0.30899291253579597 -0.039332648248969294 17 nil_vol 0.6 nil_bias 0.87 Left 0.005 0.01 0.001 -0.3028435609858211 -0.03653709798901322 -0.006149351549974892 -0.0027955502599560683
-0.25591808024382645 -0.1297085608194737 17 nil_vol 0.6 nil_bias 0.87 Left 0.005 0.01 0.001 -0.2597044529713672 -0.13142987975477027 0.003786372727540718 0.0017213189352965584
-0.22981742546621506 -0.1907947505368291 17 nil_vol 0.6 nil_bias 0.87 Left 0.005 0.01 0.001 -0.2322200935806219 -0.19188702496889432 0.0024026681144068513 0.001092274432065224
-0.12861188794931372 -0.42743040620384787 17 nil_vol 0.6 nil_bias 0.87 Left 0.005 0.01 0.001 -0.12573460920682988 -0.4261223695318268 -0.0028772787424838366 -0.0013080366720210686
-0.07440783900169604 -0.5693004138128429 17 nil_vol 0.6 nil_bias 0.87 Left 0.005 0.01 0.001 -0.06300185528721797 -0.5641151515166591 -0.011405983714478068 -0.00518526229618374
-0.04175740002141763 -0.610008685875197 17 nil_vol 0.6 nil_bias 0.87 Left 0.005 0.01 0.001 -0.042073015687779325 -0.6101521675823287 0.00031561566636169574 0.00014348170713174608
-0.014215094754983944 -0.682771703046214 17 nil_vol 0.6 nil_bias 0.87 Left 0.005 0.01 0.001 -0.0099425323043284 -0.6808293579107083 -0.004272562450655544 -0.001942345135505777
0.004194059356074741 -0.7119255156451888 17 nil_vol 0.6 nil_bias 0.87 Home 0.005 0.01 0.001 0.0 -0.75 0.004194059356074741 0.03807448435481122
-0.08180298915148333 -0.49324459564413886 18 nil_vol 0.6 nil_bias 0.87 Home 0.005 0.01 0.001 -0.07147515788184877 -0.48972746794642796 -0.01032783126963456 -0.003517127697710889
-0.12302685493052669 -0.31469311015486545 18 nil_vol 0.6 nil_bias 0.87 Home 0.005 0.01 0.001 -0.1302456613405756 -0.3171514640247476 0.007218806410048917 0.002458353869882146
-0.13780883882206157 -0.3044166065623707 18 nil_vol 0.6 nil_bias 0.87 Home 0.005 0.01 0.001 -0.13491778347731842 -0.30343206193115585 -0.0028910553447431637 -0.0009845446312148239
-0.2434397193400116 -0.00048586563800218823 18 nil_vol 0.6 nil_bias 0.87 Home 0.005 0.01 0.001 -0.2386420635210381 0.001147968971070834 -0.0047976558189735 -0.0016338346090730223
-0.2380117131081209 0.05528942187642165 18 nil_vol 0.6 nil_bias 0.87 Home 0.005 0.01 0.001 -0.2550982709550634 0.0494706198169117 0.0170865578469425 0.005818802059509947
-0.2707396407851962 0.07025166899956074 18 nil_vol 0.6 nil_bias 0.87 Home 0.005 0.01 0.001 -0.26306525088852895 0.07286517115348934 -0.007674389896667255 -0.0026135021539285944
-0.3382303164725047 0.28255120982383686 18 nil_vol 0.6 nil_bias 0.87 Home 0.005 0.01 0.001 -0.334863932558955 0.28369762689769873 -0.0033663839135496297 -0.0011464170738618902
-0.3691949721636211 0.3845086337254863 18 nil_vol 0.6 nil_bias 0.87 Left 0.005 0.01 0.001 -0.4 0.35 0.030805027836378875 0.03450863372548634
-0.29524853440206267 0.19719957021101614 19 nil_vol 0.6 nil_bias 0.87 Left 0.005 0.01 0.001 -0.30204978731708815 0.19479244102677903 0.0068012529150255074 0.0024071291842371065
-0.20444184733396562 -0.10169583383995813 19 nil_vol 0.6 nil_bias 0.87 Left 0.005 0.01 0.001 -0.19793093320713703 -0.0993914626297468 -0.006510914126828569 -0.002304371210211336
-0.12105475331872319 -0.28760005046877574 19 nil_vol 0.6 nil_bias 0.87 Left 0.005 0.01 0.001 -0.1301766901887731 -0.29082852627036754 0.009121936870049903 0.003228475801591809
-0.09977149880999239 -0.38152419222898865 19 nil_vol 0.6 nil_bias 0.87 Left 0.005 0.01 0.001 -0.09826588076300763 -0.3809913173033695 -0.0015056180469847583 -0.0005328749256191268
-0.062194893640933877 -0.46385191677902904 19 nil_vol 0.6 nil_bias 0.87 Left 0.005 0.01 0.001 -0.0681886964189613 -0.4659732696785333 0.005993802778027425 0.0021213528995042744
-0.044222479073052726 -0.4943662890260488 19 nil_vol 0.6 nil_bias 0.87 Left 0.005 0.01 0.001 -0.05659046982177679 -0.49874362241646814 0.012367990748724064 0.004377333390419371
-0.014140445610416398 -0.6281936319191261 19 nil_vol 0.6 nil_bias 0.87 Left 0.005 0.01 0.001 -0.011149597207702977 -0.6271350977687646 -0.0029908484027134203 -0.0010585341503615306
0.035431927752902555 -0.7587494433964421 19 nil_vol 0.6 nil_bias 0.87 Home 0.005 0.01 0.001 0.0 -0.75 0.035431927752902555 -0.008749443396442123
0.024151141320414037 -0.7552668948520722 20 nil_vol 0.6 nil_bias 0.87 Home 0.005 0.01 0.001 0.032739626961788615 -0.7518939905218112 -0.00858848564137458 -0.003372904330261044
-0.09133147340917906 -0.4014728608352661 20 nil_vol 0.6 nil_bias 0.87 Home 0.005 0.01 0.001 -0.1030688724388154 -0.40608241898860853 0.011737399029636341 0.0046095581533423845
-0.20461247891920978 -0.11810022497625136 20 nil_vol 0.6 nil_bias 0.87 Home 0.005 0.01 0.001 -0.21462251837475438 -0.12203140758928843 0.010010039455544607 0.0039311826130370734
-0.294311094638899 0.08842739940395969 20 nil_vol 0.6 nil_bias 0.87 Home 0.005 0.01 0.001 -0.29687872865959825 0.08741902793213452 0.002567634020699278 0.0010083714718251637
-0.3110952826106649 0.10707910679571281 20 nil_vol 0.6 nil_bias 0.87 Home 0.005 0.01 0.001 -0.3054676716586887 0.10928920461057123 -0.005627610951976157 -0.002210097814858418
-0.3322605219990438 0.17764072798801192 20 nil_vol 0.6 nil_bias 0.87 Home 0.005 0.01 0.001 -0.33230421554338363 0.17762356848503758 4.369354433981379e-05 1.71595029743362e-05
-0.3896022188277785 0.3262170596623431 20 nil_vol 0.6 nil_bias 0.87 Home 0.005 0.01 0.001 -0.3905190405867047 0.32585700176507393 0.000916821758926229 0.00036005789726917405
-0.3957505788568227 0.3391781597096079 20 nil_vol 0.6 nil_bias 0.87 Left 0.005 0.01 0.001 -0.4 0.35 0.004249421143177329 -0.010821840290392088
-0.3892103200901988 0.3155839004742349 21 nil_vol 0.6 nil_bias 0.87 Left 0.005 0.01 0.001 -0.38660917704474657 0.31663886208600517 -0.002601143045452209 -0.001054961611770281
-0.3063308316467542 0.05032440972329121 21 nil_vol 0.6 nil_bias 0.87 Left 0.005 0.01 0.001 -0.2825157711828455 0.059983230531065745 -0.0238150604639087 -0.009658820807774533
-0.2503397337055677 -0.02902092594173156 21 nil_vol 0.6 nil_bias 0.87 Left 0.005 0.01 0.001 -0.24697180452964862 -0.02765497415450946 -0.003367929175919117 -0.001365951787222102
-0.19163634777417876 -0.16458316221811403 21 nil_vol 0.6 nil_bias 0.87 Left 0.005 0.01 0.001 -0.19146515539974981 -0.16451373067202274 -0.00017119237442893775 -6.943154609128235e-05
-0.0034220201668570278 -0.5973011481172306 21 nil_vol 0.6 nil_bias 0.87 Left 0.005 0.01 0.001 -0.014169088841420152 -0.6016599029771548 0.010747068674563124 0.004358754859924261
-0.01328997100362382 -0.6428706564007026 21 nil_vol 0.6 nil_bias 0.87 Left 0.005 0.01 0.001 0.0003082169076446539 -0.6373555555449044 -0.013598187911268473 -0.005515100855798171
0.03332625584792003 -0.6979921348042394 21 nil_vol 0.6 nil_bias 0.87 Left 0.005 0.01 0.001 0.026091094321717745 -0.7009265438435446 0.007235161526202289 0.0029344090393051514
0.041133267501275925 -0.7380149494480278 21 nil_vol 0.6 nil_bias 0.87 Home 0.005 0.01 0.001 0.0 -0.75 0.041133267501275925 0.011985050551972168
-0.010748680563973727 -0.6450003123234958 22 nil_vol 0.6 nil_bias 0.87 Home 0.005 0.01 0.001 -0.011576147366042872 -0.645471608154721 0.0008274668020691447 0.0004712958312253049
-0.02640544405275103 -0.6026267828391018 22 nil_vol 0.6 nil_bias 0.87 Home 0.005 0.01 0.001 -0.03363405533254786 -0.6067439442203166 0.00722861127979683 0.004117161381214883
-0.13311668147628347 -0.46753666652040926 22 nil_vol 0.6 nil_bias 0.87 Home 0.005 0.01 0.001 -0.1178682489892829 -0.4588516985605184 -0.015248432487000573 -0.008684967959890865
-0.3200313905175529 -0.12188897100908686 22 nil_vol 0.6 nil_bias 0.87 Home 0.005 0.01 0.001 -0.3122987893969074 -0.11748475483560972 -0.007732601120645479 -0.0044042161734771405
-0.47436547101851234 0.16039980789786792 22 nil_vol 0.6 nil_bias 0.87 Home 0.005 0.01 0.001 -0.4715011931732566 0.1620311992776362 -0.0028642778452557275 -0.001631391379768274
-0.5182545293314211 0.22396055140966709 22 nil_vol 0.6 nil_bias 0.87 Home 0.005 0.01 0.001 -0.5095860504881383 0.22889781044131408 -0.00866847884328281 -0.004937259031646995
-0.5245082092042471 0.23648220769923142 22 nil_vol 0.6 nil_bias 0.87 Home 0.005 0.01 0.001 -0.5165028307925434 0.24104178817228794 -0.008005378411703673 -0.004559580473056516
-0.5872990499756386 0.36534061961689906 22 nil_vol 0.6 nil_bias 0.87 Left 0.005 0.01 0.001 -0.4 0.35 -0.18729904997563862 0.015340619616899082
-0.47076234461316335 0.11492166160962206 23 nil_vol 0.6 nil_bias 0.87 Left 0.005 0.01 0.001 -0.4639261058163682 0.11833620342362963 -0.0068362387967951565 -0.003414541814007571
-0.353551629272862 -0.12488137353140698 23 nil_vol 0.6 nil_bias 0.87 Left 0.005 0.01 0.001 -0.3446622857980913 -0.1204413538223369 -0.008889343474770734 -0.004440019709070081
-0.2491418744021862 -0.2519022845619058 23 nil_vol 0.6 nil_bias 0.87 Left 0.005 0.01 0.001 -0.2730388683128156 -0.2638382755888988 0.023896993910629417 0.011935991026993007
-0.2516036669291245 -0.33943194006644345 23 nil_vol 0.6 nil_bias 0.87 Left 0.005 0.01 0.001 -0.23854054421489645 -0.33290721498660064 -0.013063122714228072 -0.006524725079842815
-0.12610078279377637 -0.5553219225637701 23 nil_vol 0.6 nil_bias 0.87 Left 0.005 0.01 0.001 -0.12718027700007123 -0.5558611047390769 0.0010794942062948552 0.0005391821753067919
-0.07463798257338233 -0.6147939903473911 23 nil_vol 0.6 nil_bias 0.87 Left 0.005 0.01 0.001 -0.09313107506771429 -0.6240308586706289 0.018493092494331953 0.009236868323237736
-0.030256160545086 -0.7455321308706635 23 nil_vol 0.6 nil_bias 0.87 Left 0.005 0.01 0.001 -0.032007183845785714 -0.7464067261642544 0.001751023300699712 0.0008745952935909232
-0.013676992978712582 -0.7831055187940839 23 nil_vol 0.6 nil_bias 0.87 Home 0.005 0.01 0.001 0.0 -0.75 -0.013676992978712582 -0.03310551879408391
-0.037214112933008484 -0.7051367771443087 24 nil_vol 0.6 nil_bias 0.87 Home 0.005 0.01 0.001 -0.032016643939413364 -0.70393282956902 -0.005197468993595119 -0.0012039475752886738
-0.05876225240646662 -0.5897411731244514 24 nil_vol 0.6 nil_bias 0.87 Home 0.005 0.01 0.001 -0.05848310624974409 -0.589676511394107 -0.0002791461567225227 -6.46617303444011e-05
-0.13225552538325736 -0.3536870717008385 24 nil_vol 0.6 nil_bias 0.87 Home 0.005 0.01 0.001 -0.11412102025813455 -0.3494863744958419 -0.018134505125122824 -0.004200697204996628
-0.12070783741288474 -0.2835626839725139 24 nil_vol 0.6 nil_bias 0.87 Home 0.005 0.01 0.001 -0.1289494338463682 -0.28547177665874784 0.008241596433483458 0.001909092686233954
-0.24771407624139752 0.26220681414875124 24 nil_vol 0.6 nil_bias 0.87 Home 0.005 0.01 0.001 -0.2554018142030333 0.26042601786314146 0.007687737961635805 0.0017807962856097664
-0.26433750449658133 0.30970521137100876 24 nil_vol 0.6 nil_bias 0.87 Home 0.005 0.01 0.001 -0.26669063857096387 0.3091601287420074 0.0023531340743825446 0.0005450826290013873
-0.2878522432990224 0.37616247840228184 24 nil_vol 0.6 nil_bias 0.87 Home 0.005 0.01 0.001 -0.2824984121516898 0.37740264588308436 -0.005353831147332625 -0.0012401674808025249
-0.29797398324279 0.4442110373405647 24 nil_vol 0.6 nil_bias 0.87 Left 0.005 0.01 0.001 -0.4 0.35 0.10202601675721 0.09421103734056474
-0.2564573052538442 0.23417783576133483 25 nil_vol 0.6 nil_bias 0.87 Left 0.005 0.01 0.001 -0.2409804017641849 0.23846508491335136 -0.015476903489659308 -0.004287249152016538
-0.14448844774167127 -0.1472767591355259 25 nil_vol 0.6 nil_bias 0.87 Left 0.005 0.01 0.001 -0.1348647196661411 -0.14461089512347586 -0.009623728075530167 -0.002665864012050042
-0.04207039985809731 -0.5240804230383215 25 nil_vol 0.6 nil_bias 0.87 Left 0.005 0.01 0.001 -0.0306262197046121 -0.5209102765234623 -0.01144418015348521 -0.003170146514859091
-0.00478686910496549 -0.5609645081629474 25 nil_vol 0.6 nil_bias 0.87 Left 0.005 0.01 0.001 -0.01848007909435534 -0.5647576572870354 0.01369320998938985 0.00379314912408802
0.0035780343085200002 -0.6976540701532341 25 nil_vol 0.6 nil_bias 0.87 Left 0.005 0.01 0.001 0.017281930253140787 -0.6938579609181308 -0.013703895944620787 -0.00379610923510331
0.034268494795996154 -0.7164716680260494 25 nil_vol 0.6 nil_bias 0.87 Left 0.005 0.01 0.001 0.024310278107609162 -0.7192301885583645 0.009958216688386994 0.002758520532315078
0.031627857094699494 -0.7796630337179961 25 nil_vol 0.6 nil_bias 0.87 Left 0.005 0.01 0.001 0.04037922039359476 -0.7772388230283549 -0.008751363298895268 -0.002424210689641207
0.0436083112050507 -0.7888957911858373 25 nil_vol 0.6 nil_bias 0.87 Home 0.005 0.01 0.001 0.0 -0.75 0.0436083112050507 -0.03889579118583729
-0.0484343292585439 -0.541203580042003 26 nil_vol 0.6 nil_bias 0.87 Home 0.005 0.01 0.001 -0.05057281970491976 -0.5420193949670611 0.00213849044637586 0.000815814925058146
-0.03914047039617258 -0.500254971636665 26 nil_vol 0.6 nil_bias 0.87 Home 0.005 0.01 0.001 -0.0630289526395674 -0.5093682133554558 0.023888482243394824 0.009113241718790778
-0.07542293699370023 -0.5065381207356873 26 nil_vol 0.6 nil_bias 0.87 Home 0.005 0.01 0.001 -0.06554604507326178 -0.5027701750544076 -0.009876891920438445 -0.0037679456812797357
-0.1852272703795556 -0.1640033848479143 26 nil_vol 0.6 nil_bias 0.87 Home 0.005 0.01 0.001 -0.19356858107527464 -0.16718552006467302 0.008341310695719015 0.0031821352167587295
-0.19883757993417078 -0.14694950715123606 26 nil_vol 0.6 nil_bias 0.87 Home 0.005 0.01 0.001 -0.20097706733489829 -0.14776570240543763 0.0021394874007275144 0.0008161952542015657
-0.25760095461832566 0.02589347638803823 26 nil_vol 0.6 nil_bias 0.87 Home 0.005 0.01 0.001 -0.26600360355580854 0.022687941182192528 0.008402648937482882 0.003205535205845701
-0.3358039113805176 0.17991885942463773 26 nil_vol 0.6 nil_bias 0.87 Home 0.005 0.01 0.001 -0.3272331394337948 0.18318853205060426 -0.008570771946722762 -0.0032696726259665273
-0.39526677017329426 0.3615246532711288 26 nil_vol 0.6 nil_bias 0.87 Left 0.005 0.01 0.001 -0.4 0.35 0.00473322982670576 0.011524653271128843
-0.3360503675786727 0.22214395267205075 27 nil_vol 0.6 nil_bias 0.87 Left 0.005 0.01 0.001 -0.34322500033301273 0.2195146962845898 0.007174632754340058 0.002629256387460936
-0.32230406204835144 0.16290108311466164 27 nil_vol 0.6 nil_bias 0.87 Left 0.005 0.01 0.001 -0.3224574559697991 0.16284486951299404 0.00015339392144762278 5.6213601667607716e-05
-0.3263649324328389 0.15760838504292696 27 nil_vol 0.6 nil_bias 0.87 Left 0.005 0.01 0.001 -0.32122829911636147 0.15949078466111274 -0.005136633316477411 -0.0018823996181857755
-0.3046607800931398 0.07621274972299547 27 nil_vol 0.6 nil_bias 0.87 Left 0.005 0.01 0.001 -0.29236151580863534 0.08072000748633418 -0.012299264284504442 -0.004507257763338716
-0.14402893167224315 -0.26952037323915895 27 nil_vol 0.6 nil_bias 0.87 Left 0.005 0.01 0.001 -0.16164470385425778 -0.275975948474226 0.017615772182014624 0.006455575235067056
-0.1567689179747444 -0.28845842603334787 27 nil_vol 0.6 nil_bias 0.87 Left 0.005 0.01 0.001 -0.15703462151509318 -0.2885557972514371 0.0002657035403487589 9.737121808922723e-05
-0.11990161788646098 -0.3922507334330878 27 nil_vol 0.6 nil_bias 0.87 Left 0.005 0.01 0.001 -0.1191367145828931 -0.3919704226540477 -0.0007649033035678795 -0.00028031077904011934
0.003461727035812014 -0.7265132230684397 27 nil_vol 0.6 nil_bias 0.87 Home 0.005 0.01 0.001 0.0 -0.75 0.003461727035812014 0.02348677693156032
-0.06970378755974407 -0.5658741886772515 28 nil_vol 0.6 nil_bias 0.87 Home 0.005 0.01 0.001 -0.06857801341964355 -0.5653709038959428 -0.0011257741401005177 -0.0005032847813086883
-0.20098965088316503 -0.24211762203326606 28 nil_vol 0.6 nil_bias 0.87 Home 0.005 0.01 0.001 -0.2110748989674686 -0.24662629894789068 0.010085248084303547 0.004508676914624612
-0.34225288406777415 0.037363591322842435 28 nil_vol 0.6 nil_bias 0.87 Home 0.005 0.01 0.001 -0.33873711878035984 0.03893533746692335 -0.0035157652874143208 -0.0015717461440809127
-0.3448521221821137 0.04393802085459342 28 nil_vol 0.6 nil_bias 0.87 Home 0.005 0.01 0.001 -0.3416196434732522 0.04538312185853821 -0.0032324787088614886 -0.001445101003944794
-0.4318615467516767 0.2498015773255415 28 nil_vol 0.6 nil_bias 0.87 Home 0.005 0.01 0.001 -0.43281559200046493 0.24937506508184037 0.0009540452487882458 0.000426512243701133
-0.4496147033110361 0.29522408898323166 28 nil_vol 0.6 nil_bias 0.87 Home 0.005 0.01 0.001 -0.4526967291197702 0.2938462489442004 0.0030820258087341174 0.0013778400390312628
-0.4457432178578265 0.31999497242484304 28 nil_vol 0.6 nil_bias 0.87 Home 0.005 0.01 0.001 -0.4612812615236117 0.31304858715114925 0.015538043665785184 0.0069463852736938074
-0.468388824454269 0.32894716156395926 28 nil_vol 0.6 nil_bias 0.87 Left 0.005 0.01 0.001 -0.4 0.35 -0.06838882445426896 -0.021052838436040718
-0.34842735879769327 0.022744955952467998 29 nil_vol 0.6 nil_bias 0.87 Left 0.005 0.01 0.001 -0.33567415444158816 0.02837602664114003 -0.01275320435610511 -0.00563107068867203
-0.334052677477146 0.0029360618510192948 29 nil_vol 0.6 nil_bias 0.87 Left 0.005 0.01 0.001 -0.3260094504386277 0.006487481459319766 -0.00804322703851829 -0.0035514196083004713
-0.27806230994722436 -0.04856338844917415 29 nil_vol 0.6 nil_bias 0.87 Left 0.005 0.01 0.001 -0.29784532271940317 -0.057298412231782336 0.019783012772178803 0.008735023782608186
-0.29830321302259677 -0.07488650748962677 29 nil_vol 0.6 nil_bias 0.87 Left 0.005 0.01 0.001 -0.2914211639139641 -0.07184779628171994 -0.006882049108632646 -0.0030387112079068267
-0.21271283893028145 -0.2794701276814068 29 nil_vol 0.6 nil_bias 0.87 Left 0.005 0.01 0.001 -0.20186261034767228 -0.2746793000250089 -0.010850228582609176 -0.004790827656397858
-0.17501564133876799 -0.33798288605223537 29 nil_vol 0.6 nil_bias 0.87 Left 0.005 0.01 0.001 -0.1740915930801914 -0.3375748802743543 -0.0009240482585765892 -0.0004080057778810816
-0.011760325104520596 -0.7272849003593755 29 nil_vol 0.6 nil_bias 0.87 Left 0.005 0.01 0.001 -0.003607801949807532 -0.7236852219653531 -0.008152523154713064 -0.0035996783940224664
0.02738771214645732 -0.7938836171280008 29 nil_vol 0.6 nil_bias 0.87 Home 0.005 0.01 0.001 0.0 -0.75 0.02738771214645732 -0.0438836171280008
0.12296917951550214 -0.4691147934149301 30 nil_vol 0.6 nil_bias 0.87 Home 0.005 0.01 0.001 0.13253740035796704 -0.4722428026508209 -0.009568220842464906 0.0031280092358907867
0.18916146304709036 -0.3722940921170655 30 nil_vol 0.6 nil_bias 0.87 Home 0.005 0.01 0.001 0.1675246987483209 -0.3652206769361605 0.021636764298769446 -0.007073415180904997
0.17503862994137623 -0.2790335136208558 30 nil_vol 0.6 nil_bias 0.87 Home 0.005 0.01 0.001 0.19370567505905992 -0.2851360786113878 -0.018667045117683693 0.006102564990531966
0.2310767864608153 -0.1823679493890731 30 nil_vol 0.6 nil_bias 0.87 Home 0.005 0.01 0.001 0.22766672055307408 -0.18125314258956127 0.0034100659077412245 -0.001114806799511847
0.24174234027478592 -0.17148728664064572 30 nil_vol 0.6 nil_bias 0.87 Home 0.005 0.01 0.001 0.23191014942147775 -0.16827298125361978 0.009832190853308172 -0.003214305387025945
0.3409796391532719 0.12442205448759393 30 nil_vol 0.6 nil_bias 0.87 Home 0.005 0.01 0.001 0.32888914889888576 0.12837463520294712 0.012090490254386113 -0.003952580715353197
0.3686424948441814 0.2522244313497418 30 nil_vol 0.6 nil_bias 0.87 Home 0.005 0.01 0.001 0.369306703457577 0.2520072905968822 -0.0006642086133956273 0.00021714075285959885
0.3989398048709241 0.3426515429593019 30 nil_vol 0.6 nil_bias 0.87 Right 0.005 0.01 0.001 0.4 0.35 -0.00106019512907588 -0.007348457040698097
0.36172149784392404 0.20154010498130093 31 nil_vol 0.6 nil_bias 0.87 Right 0.005 0.01 0.001 0.35214161497069507 0.20479212196118843 0.009579882873229001 -0.0032520169798874884
0.32892318858735287 0.16625913806538797 31 nil_vol 0.6 nil_bias 0.87 Right 0.005 0.01 0.001 0.33801355725758825 0.1631732931067138 -0.009090368670235357 0.003085844958674159
0.30705218648320676 0.10065996531075722 31 nil_vol 0.6 nil_bias 0.87 Right 0.005 0.01 0.001 0.3157861298095993 0.09769511361323013 -0.008733943326392551 0.0029648516975270787
0.18284823530015146 -0.3118460743162455 31 nil_vol 0.6 nil_bias 0.87 Right 0.005 0.01 0.001 0.17739087796465228 -0.30999350273941007 0.00545735733549919 -0.0018525715768354643
0.1209528923387111 -0.46869514730898054 31 nil_vol 0.6 nil_bias 0.87 Right 0.005 0.01 0.001 0.12325252325393365 -0.46947578720643446 -0.0022996309152225596 0.0007806398974539115
0.1032637108334904 -0.5677733343352162 31 nil_vol 0.6 nil_bias 0.87 Right 0.005 0.01 0.001 0.09126661822604376 -0.5637007637845128 0.01199709260744663 -0.004072570550703275
0.07115545366255906 -0.616794046198107 31 nil_vol 0.6 nil_bias 0.87 Right 0.005 0.01 0.001 0.07302766228660973 -0.6174295919887887 -0.0018722086240506718 0.0006355457906817183
0.021457792486195334 -0.7693455615335515 31 nil_vol 0.6 nil_bias 0.87 Home 0.005 0.01 0.001 0.0 -0.75 0.021457792486195334 -0.019345561533551478
0.10521559613910751 -0.5889109856040834 32 nil_vol 0.6 nil_bias 0.21 Home 0.005 0.01 0.001 0.11010489557546524 -0.5913459472351947 -0.004889299436357725 0.0024349616311113184
0.16858014350466094 -0.496563943515633 32 nil_vol 0.6 nil_bias 0.21 Home 0.005 0.01 0.001 0.1595482101809441 -0.49206587351925135 0.009031933323716865 -0.004498069996381629
0.1935415154603021 -0.4429980505468157 32 nil_vol 0.6 nil_bias 0.21 Home 0.005 0.01 0.001 0.18588410419138401 -0.4391845179791837 0.007657411268918073 -0.0038135325676319958
0.3530538641785734 -0.10966935842496142 32 nil_vol 0.6 nil_bias 0.21 Home 0.005 0.01 0.001 0.3505978903304885 -0.10844623798307773 0.0024559738480848985 -0.0012231204418836918
0.4763889044244185 0.12056489204115592 32 nil_vol 0.6 nil_bias 0.21 Home 0.005 0.01 0.001 0.46698263777866456 0.12524938696165422 0.009406266645753935 -0.004684494920498307
0.4847016930667493 0.1245303562398048 32 nil_vol 0.6 nil_bias 0.21 Home 0.005 0.01 0.001 0.47021706094755766 0.13174397117791303 0.014484632119191635 -0.007213614938108235
0.5383806248725157 0.26664678881481274 32 nil_vol 0.6 nil_bias 0.21 Home 0.005 0.01 0.001 0.5375958125483077 0.2670376398808897 0.0007848123242079698 -0.00039085106607692047
0.5824083412684973 0.3570192924104163 32 nil_vol 0.6 nil_bias 0.21 Right 0.005 0.01 0.001 0.4 0.35 0.1824083412684972 0.007019292410416332
0.5681270776219003 0.32692603231677575 33 nil_vol 0.6 nil_bias 0.21 Right 0.005 0.01 0.001 0.5669552626918712 0.3275403053982604 0.001171814930029102 -0.0006142730814846607
0.5250395018756594 0.2853769176961012 33 nil_vol 0.6 nil_bias 0.21 Right 0.005 0.01 0.001 0.5405819809192917 0.27722944811589567 -0.015542479043632306 0.008147469580205529
0.42872864907358593 0.0660621182419881 33 nil_vol 0.6 nil_bias 0.21 Right 0.005 0.01 0.001 0.4296370563584049 0.06558592517788797 -0.0009084072848189374 0.00047619306410013424
0.4151079503436094 0.06975231051427032 33 nil_vol 0.6 nil_bias 0.21 Right 0.005 0.01 0.001 0.42821843871226567 0.06287970641646856 -0.013110488368656269 0.00687260409780176
0.39549699173864306 0.025591265924346372 33 nil_vol 0.6 nil_bias 0.21 Right 0.005 0.01 0.001 0.40583169432219246 0.020173746963338846 -0.010334702583549394 0.005417518961007528
0.3105473878189743 -0.16165069053314213 33 nil_vol 0.6 nil_bias 0.21 Right 0.005 0.01 0.001 0.3105244369070307 -0.1616386595143855 2.2950911943604066e-05 -1.2031018756631345e-05
0.066924821111934 -0.6454054668977083 33 nil_vol 0.6 nil_bias 0.21 Right 0.005 0.01 0.001 0.05908501873011662 -0.6412957910061491 0.007839802381817376 -0.004109675891559209
-0.011016779306306203 -0.7750251306712086 33 nil_vol 0.6 nil_bias 0.21 Home 0.005 0.01 0.001 0.0 -0.75 -0.011016779306306203 -0.025025130671208623
0.013165758385933892 -0.6955249886309981 34 nil_vol 0.6 nil_bias 0.21 Home 0.005 0.01 0.001 0.015245173540551979 -0.6962179393864987 -0.002079415154618086 0.0006929507555006306
0.0627280573261296 -0.5088246232755371 34 nil_vol 0.6 nil_bias 0.21 Home 0.005 0.01 0.001 0.07619696789555352 -0.5133130448079689 -0.013468910569423927 0.004488421532431761
0.10173088177172715 -0.4201121930524476 34 nil_vol 0.6 nil_bias 0.21 Home 0.005 0.01 0.001 0.10670331526382304 -0.4217692222115226 -0.004972433492095895 0.0016570291590749379
0.09850926912210374 -0.41709643706680993 34 nil_vol 0.6 nil_bias 0.21 Home 0.005 0.01 0.001 0.10728584181389147 -0.4200211693714552 -0.00877657269178773 0.0029247323046452966
0.13609318781454124 -0.3223166740688655 34 nil_vol 0.6 nil_bias 0.21 Home 0.005 0.01 0.001 0.13947017335965917 -0.32344203120575427 -0.003376985545117915 0.0011253571368887892
0.21306449212042514 -0.0817782552975867 34 nil_vol 0.6 nil_bias 0.21 Home 0.005 0.01 0.001 0.21930945087703088 -0.0838593447225866 -0.006244958756605753 0.002081089424999902
0.27369393140958415 0.0494016410406262 34 nil_vol 0.6 nil_bias 0.21 Home 0.005 0.01 0.001 0.2647148866670867 0.05239384575942385 0.008979044742497461 -0.0029922047187976495
0.3610360858125169 0.34143568549201925 34 nil_vol 0.6 nil_bias 0.21 Right 0.005 0.01 0.001 0.4 0.35 -0.038963914187483115 -0.008564314507980729
0.3398692124493752 0.29356712947747043 35 nil_vol 0.6 nil_bias 0.21 Right 0.005 0.01 0.001 0.3445449363651982 0.29200713899946096 -0.0046757239158230135 0.0015599904780094734
0.22650003620345469 -0.06304255491846004 35 nil_vol 0.6 nil_bias 0.21 Right 0.005 0.01 0.001 0.2261288454371582 -0.06291871226406637 0.0003711907662964802 -0.00012384265439368327
0.18222145968364856 -0.18458607186544226 35 nil_vol 0.6 nil_bias 0.21 Right 0.005 0.01 0.001 0.1852041993234607 -0.1855812216048745 -0.002982739639812124 0.0009951497394322304
0.14905076067610337 -0.2909887533039083 35 nil_vol 0.6 nil_bias 0.21 Right 0.005 0.01 0.001 0.14993770845843643 -0.29128467113820317 -0.0008869477823330583 0.00029591783429489454
0.09306848227349812 -0.4346033749463262 35 nil_vol 0.6 nil_bias 0.21 Right 0.005 0.01 0.001 0.10121463595421776 -0.4373212262145159 -0.00814615368071964 0.0027178512681896947
0.08897578218164585 -0.4750967129380807 35 nil_vol 0.6 nil_bias 0.21 Right 0.005 0.01 0.001 0.08864786936819047 -0.47498730937281103 0.00032791281345538706 -0.0001094035652696701
0.06472262770986971 -0.5281008037813242 35 nil_vol 0.6 nil_bias 0.21 Right 0.005 0.01 0.001 0.07030580724712493 -0.529963554249901 -0.0055831795372552236 0.0018627504685768894
0.009203480662673492 -0.713104165523307 35 nil_vol 0.6 nil_bias 0.21 Home 0.005 0.01 0.001 0.0 -0.75 0.009203480662673492 0.03689583447669293
-0.018285313192853543 -0.6126634174999409 36 nil_vol 0.6 nil_bias 0.21 Home 0.005 0.01 0.001 -0.027017243152236338 -0.6159177490719698 0.008731929959382797 0.0032543315720289586
-0.06216388543483579 -0.501585505108291 36 nil_vol 0.6 nil_bias 0.21 Home 0.005 0.01 0.001 -0.0687177657766429 -0.5040280922356333 0.006553880341807113 0.0024425871273422812
-0.05955380989353953 -0.47349594986822785 36 nil_vol 0.6 nil_bias 0.21 Home 0.005 0.01 0.001 -0.0775914558774349 -0.48021845921994294 0.01803764598389537 0.006722509351715093
-0.13414556831957358 -0.3038771345456986 36 nil_vol 0.6 nil_bias 0.21 Home 0.005 0.01 0.001 -0.1421946605188894 -0.30687697707676 0.008049092199315834 0.0029998425310613732
-0.22851024209981116 -0.07723824628005095 36 nil_vol 0.6 nil_bias 0.21 Home 0.005 0.01 0.001 -0.22786859595191308 -0.07699910907591756 -0.0006416461478980675 -0.0002391372041333964
-0.27583291258143394 0.026251733795652925 36 nil_vol 0.6 nil_bias 0.21 Home 0.005 0.01 0.001 -0.26750608883495514 0.029355085006546267 -0.00832682374647881 -0.003103351210893341
-0.41902652253087314 0.36805984535604197 36 nil_vol 0.6 nil_bias 0.21 Home 0.005 0.01 0.001 -0.39682313223059845 0.37633489959907584 -0.02220339030027467 -0.008275054243033894
-0.40966067948980656 0.4107802414570303 36 nil_vol 0.6 nil_bias 0.21 Left 0.005 0.01 0.001 -0.4 0.35 -0.00966067948980652 0.06078024145703034
-0.32243121100025685 0.19476970177046807 37 nil_vol 0.6 nil_bias 0.21 Left 0.005 0.01 0.001 -0.3267549948663808 0.19312277338906833 0.004323783866123974 0.0016469283813997236
-0.31359150086327164 0.18738368383791024 37 nil_vol 0.6 nil_bias 0.21 Left 0.005 0.01 0.001 -0.32317810736739794 0.1837321474008889 0.009586606504126292 0.00365153643702136
-0.267536773305818 0.04744348400071967 37 nil_vol 0.6 nil_bias 0.21 Left 0.005 0.01 0.001 -0.2707933101202792 0.0462030698008265 0.0032565368144611712 0.001240414199893166
-0.16148786030451606 -0.25318546089791927 37 nil_vol 0.6 nil_bias 0.21 Left 0.005 0.01 0.001 -0.15735578179933707 -0.25161155304890104 -0.004132078505178985 -0.0015739078490182544
-0.14271044602280494 -0.3389850517690889 37 nil_vol 0.6 nil_bias 0.21 Left 0.005 0.01 0.001 -0.12643635502558653 -0.3327862538701487 -0.016274090997218413 -0.006198797898940179
-0.02684573009924283 -0.5593325302989374 37 nil_vol 0.6 nil_bias 0.21 Left 0.005 0.01 0.001 -0.038459888933711994 -0.5637563609997347 0.011614158834469163 0.004423830700797374
-0.011702921094794299 -0.6113533046420829 37 nil_vol 0.6 nil_bias 0.21 Left 0.005 0.01 0.001 -0.01923712550345874 -0.6142230815449279 0.007534204408664443 0.0028697769028449894
0.010141120369965607 -0.6913516239619192 37 nil_vol 0.6 nil_bias 0.21 Home 0.005 0.01 0.001 0.0 -0.75 0.010141120369965607 0.05864837603808082
-0.08208004165253975 -0.5489494298147344 38 nil_vol 0.6 nil_bias 0.21 Home 0.005 0.01 0.001 -0.05891093396298476 -0.5384836994275501 -0.023169107689554987 -0.010465730387184216
-0.15571415092516352 -0.33930462083296925 38 nil_vol 0.6 nil_bias 0.21 Home 0.005 0.01 0.001 -0.15003999392129772 -0.33674154424958475 -0.005674157003865797 -0.002563076583384512
-0.21541448885846276 -0.19774731114244262 38 nil_vol 0.6 nil_bias 0.21 Home 0.005 0.01 0.001 -0.21326395549749055 -0.19677589253426175 -0.002150533360972215 -0.000971418608180875
-0.3714384559932698 0.13757959527898286 38 nil_vol 0.6 nil_bias 0.21 Home 0.005 0.01 0.001 -0.3655062737602627 0.140259224580645 -0.005932182233007124 -0.0026796293016621326
-0.39877784934095856 0.21429207298502095 38 nil_vol 0.6 nil_bias 0.21 Home 0.005 0.01 0.001 -0.3989189100861419 0.21422835435817156 0.0001410607451833574 6.371862684939978e-05
-0.4163392842725887 0.22528702516983024 38 nil_vol 0.6 nil_bias 0.21 Home 0.005 0.01 0.001 -0.406019833988469 0.22994842973769958 -0.01031945028411968 -0.004661404567869334
-0.4328865061064409 0.3242361139494017 38 nil_vol 0.6 nil_bias 0.21 Home 0.005 0.01 0.001 -0.4459459044599767 0.3183370459309748 0.013059398353535822 0.005899068018426934
-0.5099083115536305 0.4599374735371304 38 nil_vol 0.6 nil_bias 0.21 Left 0.005 0.01 0.001 -0.4 0.35 -0.10990831155363051 0.1099374735371304
-0.4341525147441731 0.28678042911124385 39 nil_vol 0.6 nil_bias 0.21 Left 0.005 0.01 0.001 -0.43940568375241396 0.2846673354411624 0.005253169008240844 0.002113093670081441
-0.35910985508541954 0.09633740654518572 39 nil_vol 0.6 nil_bias 0.21 Left 0.005 0.01 0.001 -0.3630174642958558 0.09476556595243657 0.003907609210436231 0.0015718405927491474
-0.27177331646351843 -0.12342916448220118 39 nil_vol 0.6 nil_bias 0.21 Left 0.005 0.01 0.001 -0.27476439244755047 -0.12463232846163447 0.002991075984032011 0.0012031639794332857
-0.2429948001706405 -0.2033080791576743 39 nil_vol 0.6 nil_bias 0.21 Left 0.005 0.01 0.001 -0.2430999598580807 -0.20335037977079545 0.00010515968744018635 4.2300613121147994e-05
-0.12139573735559601 -0.4694726668388228 39 nil_vol 0.6 nil_bias 0.21 Left 0.005 0.01 0.001 -0.13401075729098738 -0.47454707406455826 0.012615019935391363 0.005074407225735415
-0.007205305718762398 -0.789395024416935 39 nil_vol 0.6 nil_bias 0.21 Left 0.005 0.01 0.001 -0.007340851381914426 -0.7894495478260171 0.0001355456631520276 5.452340908206492e-05
0.00700538639918178 -0.7932166753600715 39 nil_vol 0.6 nil_bias 0.21 Left 0.005 0.01 0.001 -0.004038544844238934 -0.7976591102344639 0.011043931243420714 0.004442434874392497
0.0012317683347387004 -0.8107611540517936 39 nil_vol 0.6 nil_bias 0.21 Home 0.005 0.01 0.001 0.0 -0.75 0.0012317683347387004 -0.0607611540517936
0.02424206186113269 -0.7386551132295935 40 nil_vol 0.6 nil_bias 0.21 Home 0.005 0.01 0.001 0.028459704181113977 -0.7402845576171049 -0.004217642319981286 0.0016294443875113757
0.12155065567195403 -0.5515109770504389 40 nil_vol 0.6 nil_bias 0.21 Home 0.005 0.01 0.001 0.10400878590354329 -0.5447338491974731 0.017541869768410746 -0.006777127852965777
0.27162176126028975 -0.0568841114290878 40 nil_vol 0.6 nil_bias 0.21 Home 0.005 0.01 0.001 0.28977515456314934 -0.06389749535012224 -0.018153393302859568 0.007013383921034434
0.27715679527132886 -0.027430244637156403 40 nil_vol 0.6 nil_bias 0.21 Home 0.005 0.01 0.001 0.3003953588334509 -0.036408233783067234 -0.023238563562122068 0.008977989145910832
0.3668487615066378 0.14592763012821644 40 nil_vol 0.6 nil_bias 0.21 Home 0.005 0.01 0.001 0.3703207862775356 0.14458624770480955 -0.0034720247708978206 0.0013413824234068826
0.3783340472073839 0.16377457355946978 40 nil_vol 0.6 nil_bias 0.21 Home 0.005 0.01 0.001 0.3778119358093467 0.16397628613314086 0.0005221113980371994 -0.00020171257367106638
0.4232572879805796 0.2741582641782057 40 nil_vol 0.6 nil_bias 0.21 Home 0.005 0.01 0.001 0.4207533826575252 0.275125623230011 0.0025039053230543964 -0.0009673590518052625
0.4815159270659622 0.43240296312018656 40 nil_vol 0.6 nil_bias 0.21 Right 0.005 0.01 0.001 0.4 0.35 0.08151592706596218 0.08240296312018658
0.42388989508977987 0.28665811359873117 41 nil_vol 0.6 nil_bias 0.21 Right 0.005 0.01 0.001 0.4207071423447024 0.28799837102187914 0.0031827527450774408 -0.00134025742314798
0.28617513394424515 -0.01356011735476802 41 nil_vol 0.6 nil_bias 0.21 Right 0.005 0.01 0.001 0.2925843278718906 -0.016259029405415792 -0.006409193927645458 0.002698912050647773
0.27852906222165635 -0.026147197390065866 41 nil_vol 0.6 nil_bias 0.21 Right 0.005 0.01 0.001 0.2869306123940196 -0.029685090806975345 -0.008401550172363258 0.003537893416909478
0.22899960121645863 -0.18235722213414074 41 nil_vol 0.6 nil_bias 0.21 Right 0.005 0.01 0.001 0.22359817555945433 -0.18008268137894745 0.005401425657004286 -0.0022745407551932866
0.20606858174533876 -0.234200959605841 41 nil_vol 0.6 nil_bias 0.21 Right 0.005 0.01 0.001 0.2016011525809513 -0.23231972484476238 0.0044674291643874795 -0.001881234761078625
0.18759486530334088 -0.2571816671421625 41 nil_vol 0.6 nil_bias 0.21 Right 0.005 0.01 0.001 0.19059906606426558 -0.25844673631119663 -0.0030042007609246955 0.0012650691690341046
0.15578829149709117 -0.32633452231071036 41 nil_vol 0.6 nil_bias 0.21 Right 0.005 0.01 0.001 0.16107419069057044 -0.3285604148633221 -0.005285899193479265 0.002225892552611758
0.003602732308179711 -0.7025129912726411 41 nil_vol 0.6 nil_bias 0.21 Home 0.005 0.01 0.001 0.0 -0.75 0.003602732308179711 0.047487008727358906
-0.10138593413352154 -0.45703480796862295 42 nil_vol 0.6 nil_bias 0.21 Home 0.005 0.01 0.001 -0.09554683773208213 -0.45469860822706126 -0.0058390964014394175 -0.0023361997415617107
-0.10430941035533141 -0.4130864626980537 42 nil_vol 0.6 nil_bias 0.21 Home 0.005 0.01 0.001 -0.1111074811213199 -0.41580634435006847 0.006798070765988495 0.0027198816520147702
-0.12529095202910112 -0.40951552079141007 42 nil_vol 0.6 nil_bias 0.21 Home 0.005 0.01 0.001 -0.1152342592901748 -0.405491877172193 -0.010056692738926315 -0.004023643619217091
-0.12515909900867436 -0.38845822934270186 42 nil_vol 0.6 nil_bias 0.21 Home 0.005 0.01 0.001 -0.1224784633214459 -0.38738571743860306 -0.002680635687228474 -0.0010725119040988034
-0.2030864423387851 -0.20075807692300557 42 nil_vol 0.6 nil_bias 0.21 Home 0.005 0.01 0.001 -0.19796696576047126 -0.19870979427155977 -0.005119476578313812 -0.0020482826514458
-0.34748182286806956 0.1462292609719232 42 nil_vol 0.6 nil_bias 0.21 Home 0.005 0.01 0.001 -0.33756344260769794 0.15019756630685122 -0.009918380260371633 -0.003968305334928009
-0.3649250011893038 0.18795350711146602 42 nil_vol 0.6 nil_bias 0.21 Home 0.005 0.01 0.001 -0.35436056905486923 0.19218029528645286 -0.010564432134434589 -0.004226788174986836
-0.4098991470318891 0.3309933877790894 42 nil_vol 0.6 nil_bias 0.21 Left 0.005 0.01 0.001 -0.4 0.35 -0.009899147031889073 -0.019006612220910598
-0.40193280454645053 0.3183863038861866 43 nil_vol 0.6 nil_bias 0.21 Left 0.005 0.01 0.001 -0.4049611416630793 0.3172946726763724 0.0030283371166287577 0.00109163120981419
-0.3224964705471932 0.06824074734308859 43 nil_vol 0.6 nil_bias 0.21 Left 0.005 0.01 0.001 -0.31602503560516426 0.07057351944967138 -0.006471434942028981 -0.0023327721065827894
-0.15906566778981507 -0.3327798558254043 43 nil_vol 0.6 nil_bias 0.21 Left 0.005 0.01 0.001 -0.16929780858293836 -0.3364682576785708 0.010232140793123299 0.003688401853166469
-0.1481619162650106 -0.3902643115601291 43 nil_vol 0.6 nil_bias 0.21 Left 0.005 0.01 0.001 -0.1497052836254436 -0.39082065252019127 0.001543367360433011 0.0005563409600621944
-0.1225584710862293 -0.3819604165319647 43 nil_vol 0.6 nil_bias 0.21 Left 0.005 0.01 0.001 -0.14941005276471286 -0.39163966407417317 0.026851581678483557 0.009679247542208454
-0.13408541518382552 -0.433149599163287 43 nil_vol 0.6 nil_bias 0.21 Left 0.005 0.01 0.001 -0.1344053098011151 -0.4332649122657046 0.0003198946172895766 0.00011531310241761199
-0.07689865585241813 -0.5772424944536775 43 nil_vol 0.6 nil_bias 0.21 Left 0.005 0.01 0.001 -0.08186063931888077 -0.5790311513323418 0.004961983466462636 0.001788656878664358
0.0067770818162860786 -0.8249245431974431 43 nil_vol 0.6 nil_bias 0.21 Home 0.005 0.01 0.001 0.0 -0.75 0.0067770818162860786 -0.07492454319744311
0.014906557775299508 -0.7567631795530118 44 nil_vol 0.6 nil_bias 0.21 Home 0.005 0.01 0.001 0.026644808873498675 -0.7603761652936551 -0.011738251098199167 0.0036129857406433925
0.06874455403222363 -0.603260574587497 44 nil_vol 0.6 nil_bias 0.21 Home 0.005 0.01 0.001 0.07446262541327418 -0.6050205736019061 -0.0057180713810505565 0.001759999014409071
0.12913655981539038 -0.47761391347569115 44 nil_vol 0.6 nil_bias 0.21 Home 0.005 0.01 0.001 0.11501566491728234 -0.473267559705851 0.014120894898108052 -0.004346353769840166
0.12496232965140683 -0.37778060876509495 44 nil_vol 0.6 nil_bias 0.21 Home 0.005 0.01 0.001 0.14272349528921552 -0.38324742299915515 -0.017761165637808687 0.005466814234060217
0.19886461464109062 -0.18917380045104726 44 nil_vol 0.6 nil_bias 0.21 Home 0.005 0.01 0.001 0.20214754431464857 -0.19018427279474415 -0.003282929673557941 0.0010104723436968903
0.2840964810085935 0.11080895132622248 44 nil_vol 0.6 nil_bias 0.21 Home 0.005 0.01 0.001 0.2938664397017828 0.10780179794793232 -0.009769958693189274 0.003007153378290159
0.30768666899646324 0.14961590003687097 44 nil_vol 0.6 nil_bias 0.21 Home 0.005 0.01 0.001 0.3068188639254299 0.14988300689300071 0.0008678050710333264 -0.0002671068561297389
0.3706489211662141 0.3572608636822516 44 nil_vol 0.6 nil_bias 0.21 Right 0.005 0.01 0.001 0.4 0.35 -0.029351078833785925 0.0072608636822515905
0.3122499303156326 0.16436634154398436 45 nil_vol 0.6 nil_bias 0.21 Right 0.005 0.01 0.001 0.30680100131207316 0.16618711908219808 0.005448929003559401 -0.0018207775382137316
0.24558529901947082 -0.03304016955394144 45 nil_vol 0.6 nil_bias 0.21 Right 0.005 0.01 0.001 0.240766596610295 -0.031429984303916636 0.004818702409175815 -0.0016101852500248074
0.22775615509812433 -0.02725732212505432 45 nil_vol 0.6 nil_bias 0.21 Right 0.005 0.01 0.001 0.24071404759905718 -0.0315872444993181 -0.01295789250093285 0.004329922374263779
0.22459769626826193 -0.047292087202423436 45 nil_vol 0.6 nil_bias 0.21 Right 0.005 0.01 0.001 0.2343745542739487 -0.05055905644343045 -0.009776858005686772 0.003266969241007016
0.17884014683123012 -0.16332865168094793 45 nil_vol 0.6 nil_bias 0.21 Right 0.005 0.01 0.001 0.19489910539999938 -0.16869480547557797 -0.016058958568769273 0.005366153794630052
0.14746887668405714 -0.2964323293833977 45 nil_vol 0.6 nil_bias 0.21 Right 0.005 0.01 0.001 0.15173845726909474 -0.297859023770818 -0.004269580585037601 0.0014266943874203042
0.07270243257527859 -0.5257003074664001 45 nil_vol 0.6 nil_bias 0.21 Right 0.005 0.01 0.001 0.07531304635597047 -0.5265726526428063 -0.0026106137806918895 0.0008723451764062249
0.01089890014882153 -0.7193409080398854 45 nil_vol 0.6 nil_bias 0.21 Home 0.005 0.01 0.001 0.0 -0.75 0.01089890014882153 0.03065909196011461
0.006734628735014119 -0.6944001433897573 46 nil_vol 0.6 nil_bias 0.21 Home 0.005 0.01 0.001 0.0006455481361735457 -0.6972228861838287 0.006089080598840574 0.0028227427940713955
-0.038449823060667326 -0.5874436793075337 46 nil_vol 0.6 nil_bias 0.21 Home 0.005 0.01 0.001 -0.048158821265642276 -0.5919445237742605 0.009708998204974954 0.0045008444667268095
-0.1927288467183285 -0.32996548527134606 46 nil_vol 0.6 nil_bias 0.21 Home 0.005 0.01 0.001 -0.17369585237815066 -0.32114227349885477 -0.019032994340177824 -0.008823211772491313
-0.2193221906146899 -0.21857360750130056 46 nil_vol 0.6 nil_bias 0.21 Home 0.005 0.01 0.001 -0.2209041172890513 -0.21930694844634457 0.0015819266743613868 0.0007333409450440164
-0.2688306809025466 -0.08432812417136248 46 nil_vol 0.6 nil_bias 0.21 Home 0.005 0.01 0.001 -0.2808861320362534 -0.08991672449690757 0.012055451133706803 0.005588600325545088
-0.3916188781427612 0.11834004164406021 46 nil_vol 0.6 nil_bias 0.21 Home 0.005 0.01 0.001 -0.37993874505067426 0.12375465407762876 -0.011680133092086905 -0.005414612433568542
-0.3895273616204451 0.14701958724539926 46 nil_vol 0.6 nil_bias 0.21 Home 0.005 0.01 0.001 -0.39051214472626694 0.14656306686098997 0.0009847831058218614 0.0004565203844092998
-0.4738653834458384 0.3263685347214925 46 nil_vol 0.6 nil_bias 0.21 Left 0.005 0.01 0.001 -0.4 0.35 -0.07386538344583837 -0.02363146527850745
-0.3935135162661864 0.16624214857808883 47 nil_vol 0.6 nil_bias 0.21 Left 0.005 0.01 0.001 -0.39980388188388505 0.1633837593695601 0.00629036561769863 0.0028583892085287405
-0.3306906309280518 -0.03285836137900515 47 nil_vol 0.6 nil_bias 0.21 Left 0.005 0.01 0.001 -0.31406330615875255 -0.0253027805788138 -0.016627324769299245 -0.007555580800191353
-0.21208099486100945 -0.253576072357816 47 nil_vol 0.6 nil_bias 0.21 Left 0.005 0.01 0.001 -0.2106331699706322 -0.2529181698933154 -0.0014478248903772538 -0.0006579024645005812
-0.1994662711731904 -0.26155369396626826 47 nil_vol 0.6 nil_bias 0.21 Left 0.005 0.01 0.001 -0.20546953277139557 -0.26428162095989227 0.006003261598205156 0.0027279269936240345
-0.1342243448470204 -0.46252660592903905 47 nil_vol 0.6 nil_bias 0.21 Left 0.005 0.01 0.001 -0.11860972997750074 -0.45543120808558324 -0.015614614869519641 -0.007095397843455796
-0.09954855704141087 -0.514885123591983 47 nil_vol 0.6 nil_bias 0.21 Left 0.005 0.01 0.001 -0.09295492055202642 -0.5118889258299342 -0.0065936364893844435 -0.002996197762048875
-0.07765318830761789 -0.5410636629003632 47 nil_vol 0.6 nil_bias 0.21 Left 0.005 0.01 0.001 -0.07934778992570823 -0.5418337025566077 0.0016946016180903508 0.0007700396562444883
0.01696279602858377 -0.7537813256093538 47 nil_vol 0.6 nil_bias 0.21 Home 0.005 0.01 0.001 0.0 -0.75 0.01696279602858377 -0.003781325609353796
0.0007297272441606911 -0.7375463057052791 48 nil_vol 0.6 nil_bias 0.21 Home 0.005 0.01 0.001 0.020245430370130064 -0.7443106524961657 -0.019515703125969373 0.0067643467908865065
0.199109821720746 -0.24742103465072085 48 nil_vol 0.6 nil_bias 0.21 Home 0.005 0.01 0.001 0.19318443686925457 -0.2453672342958867 0.005925384851491451 -0.0020538003548341444
0.19875123216577645 -0.24695664970089004 48 nil_vol 0.6 nil_bias 0.21 Home 0.005 0.01 0.001 0.19328967396738483 -0.24506361651453412 0.005461558198391607 -0.0018930331863559289
0.27126058829529365 -0.021235018781667166 48 nil_vol 0.6 nil_bias 0.21 Home 0.005 0.01 0.001 0.2709127906469887 -0.02111446847963583 0.0003477976483049639 -0.00012055030203133911
0.275833872440958 0.03298191592294731 48 nil_vol 0.6 nil_bias 0.21 Home 0.005 0.01 0.001 0.2881799233440236 0.02870264556987745 -0.01234605090306564 0.00427927035306986
0.2819947501901845 0.06661415702495556 48 nil_vol 0.6 nil_bias 0.21 Home 0.005 0.01 0.001 0.299247700741353 0.06063410393945734 -0.017252950551168517 0.005980053085498218
0.30894539657691694 0.07419654842116355 48 nil_vol 0.6 nil_bias 0.21 Home 0.005 0.01 0.001 0.30448451127769083 0.07574273791603137 0.0044608852992260905 -0.001546189494867814
0.38634964689380064 0.31193046341876823 48 nil_vol 0.6 nil_bias 0.21 Right 0.005 0.01 0.001 0.4 0.35 -0.013650353106199404 -0.038069536581231724
0.23858889047379034 -0.06471863288764403 49 nil_vol 0.6 nil_bias 0.21 Right 0.005 0.01 0.001 0.24640814387141735 -0.06760175589353667 -0.007819253397627011 0.0028831230058926505
0.226865352996089 -0.060793659760524074 49 nil_vol 0.6 nil_bias 0.21 Right 0.005 0.01 0.001 0.24627904051446536 -0.0679518942193828 -0.019413687518376348 0.0071582344588587265
0.225000111287202 -0.12388355765019762 49 nil_vol 0.6 nil_bias 0.21 Right 0.005 0.01 0.001 0.2255773786274496 -0.12409640824661433 -0.00057726734024759 0.00021285059641670893
0.11058281219456628 -0.450519676919369 49 nil_vol 0.6 nil_bias 0.21 Right 0.005 0.01 0.001 0.10586031012738828 -0.448778391190045 0.004722502067177997 -0.0017412857293240469
0.08813269671495727 -0.45866432287782033 49 nil_vol 0.6 nil_bias 0.21 Right 0.005 0.01 0.001 0.10052971986721743 -0.4632353657686559 -0.012397023152260161 0.004571042890835605
0.05917285159498327 -0.6159500792421688 49 nil_vol 0.6 nil_bias 0.21 Right 0.005 0.01 0.001 0.04601013596730186 -0.6110967094488702 0.013162715627681416 -0.00485336979329868
0.032919619204355946 -0.6111788118115178 49 nil_vol 0.6 nil_bias 0.21 Right 0.005 0.01 0.001 0.04441676635820352 -0.6154180515158418 -0.01149714715384757 0.0042392397043240476
-0.018846716333279695 -0.7869935274737055 49 nil_vol 0.6 nil_bias 0.21 Home 0.005 0.01 0.001 0.0 -0.75 -0.018846716333279695 -0.036993527473705566
0.035778996369313594 -0.7018965220092501 50 nil_vol 0.6 nil_bias 0.21 Home 0.005 0.01 0.001 0.01967465867376509 -0.6951425266671947 0.016104337695548504 -0.006753995342055508
0.11064458804853558 -0.48106854232555557 50 nil_vol 0.6 nil_bias 0.21 Home 0.005 0.01 0.001 0.10963302991886073 -0.48064430514019585 0.0010115581296748488 -0.0004242371853597432
0.17099680072716325 -0.29595688160192907 50 nil_vol 0.6 nil_bias 0.21 Home 0.005 0.01 0.001 0.1846819965468419 -0.3016963134598922 -0.01368519581967863 0.005739431857963089
0.23852214527679838 -0.18207458447242417 50 nil_vol 0.6 nil_bias 0.21 Home 0.005 0.01 0.001 0.23539938742468317 -0.1807649316083152 0.0031227578521152034 -0.0013096528641089822
0.27553378407673246 -0.08954580267537615 50 nil_vol 0.6 nil_bias 0.21 Home 0.005 0.01 0.001 0.2739366740121578 -0.08887599096744925 0.001597110064574615 -0.0006698117079269013
0.3675954820688902 0.11739393901211091 50 nil_vol 0.6 nil_bias 0.21 Home 0.005 0.01 0.001 0.36151386577454236 0.11994450699576342 0.00608161629434785 -0.00255056798365251
0.37963747741253345 0.16963364184200355 50 nil_vol 0.6 nil_bias 0.21 Home 0.005 0.01 0.001 0.3819468013076812 0.16866513490145196 -0.0023093238951477453 0.0009685069405515916
0.42334718685915435 0.26738089585190583 50 nil_vol 0.6 nil_bias 0.21 Right 0.005 0.01 0.001 0.4 0.35 0.0233471868591543 -0.08261910414809417
0.4088111984809033 0.22966323473594386 51 nil_vol 0.6 nil_bias 0.21 Right 0.005 0.01 0.001 0.4067903615551476 0.2305722227857853 0.0020208369257557345 -0.000908988049841432
0.40698550085296786 0.22905748322024022 51 nil_vol 0.6 nil_bias 0.21 Right 0.005 0.01 0.001 0.4062565137645535 0.22938538724030832 0.0007289870884143594 -0.00032790402006809325
0.38301262316144913 0.16568106469967486 51 nil_vol 0.6 nil_bias 0.21 Right 0.005 0.01 0.001 0.3785123453384897 0.1677053244060867 0.0045002778229594345 -0.0020242597064118566
0.3545775156070964 0.1377228501873582 51 nil_vol 0.6 nil_bias 0.21 Right 0.005 0.01 0.001 0.36326773174456056 0.13381392388122393 -0.00869021613746418 0.003908926306134274
0.3302969735389326 0.09358229942921668 51 nil_vol 0.6 nil_bias 0.21 Right 0.005 0.01 0.001 0.3426682029387561 0.08801762494065984 -0.012371229399823505 0.005564674488556835
0.2942652572311534 -0.0065517249949015284 51 nil_vol 0.6 nil_bias 0.21 Right 0.005 0.01 0.001 0.2991432331191693 -0.00874587620676287 -0.004877975888015892 0.002194151211861342
0.06149511426012701 -0.5338726358452898 51 nil_vol 0.6 nil_bias 0.21 Right 0.005 0.01 0.001 0.06269449551959094 -0.5344121267948867 -0.0011993812594639358 0.000539490949596921
-0.03431683919915838 -0.7500850253007545 51 nil_vol 0.6 nil_bias 0.21 Home 0.005 0.01 0.001 0.0 -0.75 -0.03431683919915838 -8.502530075445009e-05
-0.029533205942008374 -0.6852754392655402 52 nil_vol 0.6 nil_bias 0.21 Home 0.005 0.01 0.001 -0.01195192752351755 -0.6920508180967178 -0.017581278418490824 0.006775378831177468
-0.00503208120993666 -0.6637296402723231 52 nil_vol 0.6 nil_bias 0.21 Home 0.005 0.01 0.001 -0.0015541795687142451 -0.665069935363269 -0.003477901641222415 0.0013402950909458646
0.16340211832101675 -0.2588775703561679 52 nil_vol 0.6 nil_bias 0.21 Home 0.005 0.01 0.001 0.15607084980643926 -0.256052285395826 0.0073312685145774945 -0.002825284960341928
0.16861035541866987 -0.2416833181298625 52 nil_vol 0.6 nil_bias 0.21 Home 0.005 0.01 0.001 0.16251371890023653 -0.23933382902985867 0.006096636518433341 -0.00234948910000383
0.22906966383376642 -0.034971630841046535 52 nil_vol 0.6 nil_bias 0.21 Home 0.005 0.01 0.001 0.23969214437799877 -0.03906526545059186 -0.01062248054423234 0.004093634609545324
0.3414093698865522 0.24051358801720782 52 nil_vol 0.6 nil_bias 0.21 Home 0.005 0.01 0.001 0.3466556066495252 0.23849182141633263 -0.005246236762973032 0.002021766600875187
0.36839077816909804 0.3083957179048329 52 nil_vol 0.6 nil_bias 0.21 Home 0.005 0.01 0.001 0.3729218671580015 0.3066495511195262 -0.004531088988903499 0.0017461667853066942
0.40899435699794257 0.4002532451603463 52 nil_vol 0.6 nil_bias 0.21 Right 0.005 0.01 0.001 0.4 0.35 0.008994356997942559 0.05025324516034635
0.42025216130360754 0.376313211727949 53 nil_vol 0.6 nil_bias 0.21 Right 0.005 0.01 0.001 0.4036451619078517 0.3809043924548363 0.016606999395755852 -0.004591180726887308
0.3761679339604637 0.25540440802695946 53 nil_vol 0.6 nil_bias 0.21 Right 0.005 0.01 0.001 0.3694619077334397 0.25725835994408797 0.006706026227024021 -0.0018539519171285055
0.34516130789204874 0.15713033666869225 53 nil_vol 0.6 nil_bias 0.21 Right 0.005 0.01 0.001 0.3420205087921328 0.15799864381743847 0.0031407990999159354 -0.0008683071487462251
0.25702066836829385 -0.21012746021522746 53 nil_vol 0.6 nil_bias 0.21 Right 0.005 0.01 0.001 0.24143906095372453 -0.20581975995277202 0.015581607414569305 -0.004307700262455449
0.15812061786001266 -0.5232794598986302 53 nil_vol 0.6 nil_bias 0.21 Right 0.005 0.01 0.001 0.15398969563904447 -0.5221374227350697 0.004130922220968199 -0.0011420371635604855
0.15568791228626097 -0.5918462394495102 53 nil_vol 0.6 nil_bias 0.21 Right 0.005 0.01 0.001 0.13620689830051258 -0.5864605069748978 0.01948101398574839 -0.005385732474612359
0.14390715430333106 -0.5945434251667446 53 nil_vol 0.6 nil_bias 0.21 Right 0.005 0.01 0.001 0.13467770130841522 -0.591991845215414 0.009229452994915848 -0.002551579951330598
0.07965977679602965 -0.791000051052778 53 nil_vol 0.6 nil_bias 0.21 Home 0.005 0.01 0.001 0.0 -0.75 0.07965977679602965 -0.04100005105277799
0.09192374140676528 -0.7775561785445774 54 nil_vol 0.6 nil_bias 0.21 Home 0.005 0.01 0.001 0.08358835547371252 -0.7754502811770558 0.008335385933052764 -0.0021058973675215247
0.12845645620761784 -0.6667377735581105 54 nil_vol 0.6 nil_bias 0.21 Home 0.005 0.01 0.001 0.11209821821505712 -0.662604939085597 0.016358237992560715 -0.004132834472513456
0.1441236342061743 -0.5599889147707997 54 nil_vol 0.6 nil_bias 0.21 Home 0.005 0.01 0.001 0.1383896866190128 -0.5585402589765398 0.0057339475871614936 -0.0014486557942599526
0.17017599779014617 -0.41001830053230753 54 nil_vol 0.6 nil_bias 0.21 Home 0.005 0.01 0.001 0.17556885943456374 -0.41138078251353805 -0.005392861644417563 0.0013624819812305211
0.20317556116970556 -0.3400889753570892 54 nil_vol 0.6 nil_bias 0.21 Home 0.005 0.01 0.001 0.19415611897697133 -0.3378102542849342 0.009019442192734227 -0.002278721072154985
0.2446874329600513 -0.11919264032250139 54 nil_vol 0.6 nil_bias 0.21 Home 0.005 0.01 0.001 0.24910677972722794 -0.12030916819510507 -0.0044193467671766445 0.0011165278726036818
0.4018194707942266 0.47108953942435317 54 nil_vol 0.6 nil_bias 0.21 Home 0.005 0.01 0.001 0.3987188845746143 0.47187288843903563 0.003100586219612277 -0.0007833490146824709
0.4121453495210002 0.5250163933271423 54 nil_vol 0.6 nil_bias 0.21 Right 0.005 0.01 0.001 0.4 0.35 0.012145349521000165 0.17501639332714233
0.4138847612818896 0.4756207555038843 55 nil_vol 0.6 nil_bias 0.21 Right 0.005 0.01 0.001 0.3996122360343671 0.4795555524696697 0.014272525247522549 -0.003934796965785399
0.36672770571480007 0.32155140328432785 55 nil_vol 0.6 nil_bias 0.21 Right 0.005 0.01 0.001 0.35680611456200617 0.3242866898637335 0.009921591152793886 -0.0027352865794056437
0.3470999976215919 0.3256193781981921 55 nil_vol 0.6 nil_bias 0.21 Right 0.005 0.01 0.001 0.35646196602232366 0.3230383741909739 -0.009361968400731753 0.0025810040072181623
0.36766215958628273 0.27577157935558805 55 nil_vol 0.6 nil_bias 0.21 Right 0.005 0.01 0.001 0.34514257305080465 0.28198001123668925 0.0225195865354781 -0.006208431881101212
0.27643040728692536 0.03443664058013529 55 nil_vol 0.6 nil_bias 0.21 Right 0.005 0.01 0.001 0.27686428643839434 0.034317024300667576 -0.0004338791514689796 0.00011961627946771564
0.2041636133945581 -0.2815511975753676 55 nil_vol 0.6 nil_bias 0.21 Right 0.005 0.01 0.001 0.19079830913887444 -0.2778665126496085 0.013365304255683661 -0.0036846849257591175
0.09639707709757522 -0.6331456112167352 55 nil_vol 0.6 nil_bias 0.21 Right 0.005 0.01 0.001 0.09310176371435458 -0.6322371252356815 0.00329531338322065 -0.0009084859810536583
0.07477354898305427 -0.6987182956160404 55 nil_vol 0.6 nil_bias 0.21 Home 0.005 0.01 0.001 0.0 -0.75 0.07477354898305427 0.05128170438395961
0.07683310908404564 -0.6711547848316176 56 nil_vol 0.6 nil_bias 0.21 Home 0.005 0.01 0.001 0.08273616815444472 -0.6729810824589864 -0.005903059070399072 0.0018262976273686912
0.10165191310910135 -0.6207829837624983 56 nil_vol 0.6 nil_bias 0.21 Home 0.005 0.01 0.001 0.09912697660902355 -0.6200018149677505 0.00252493650007781 -0.0007811687947478
0.13410837730200656 -0.548180125954857 56 nil_vol 0.6 nil_bias 0.21 Home 0.005 0.01 0.001 0.12246203518533624 -0.5445769624558068 0.011646342116670304 -0.003603163499050182
0.15255280335990798 -0.38187616674007735 56 nil_vol 0.6 nil_bias 0.21 Home 0.005 0.01 0.001 0.17103007334315645 -0.38759269336266733 -0.018477269983248466 0.005716526622589956
0.17655013122838953 -0.3822576347075219 56 nil_vol 0.6 nil_bias 0.21 Home 0.005 0.01 0.001 0.17301866344133188 -0.3811650636924403 0.0035314677870576633 -0.0010925710150815682
0.37492761595534296 0.2564566583236032 56 nil_vol 0.6 nil_bias 0.21 Home 0.005 0.01 0.001 0.37069244454558486 0.25776694226365837 0.00423517140975812 -0.001310283940055181
0.36997805825901836 0.28272527833358896 56 nil_vol 0.6 nil_bias 0.21 Home 0.005 0.01 0.001 0.3776771590615214 0.28034331851228345 -0.007699100802503007 0.0023819598213055074
0.4120947676599101 0.3915897953041783 56 nil_vol 0.6 nil_bias 0.21 Right 0.005 0.01 0.001 0.4 0.35 0.012094767659910079 0.04158979530417833
0.33532353824761607 0.1737887600390714 57 nil_vol 0.6 nil_bias 0.21 Right 0.005 0.01 0.001 0.334734092290369 0.1739983267911969 0.0005894459572471001 -0.00020956675212548985
0.24711550399299043 -0.0511609394020913 57 nil_vol 0.6 nil_bias 0.21 Right 0.005 0.01 0.001 0.25383363397054093 -0.05354944790306987 -0.006718129977550509 0.0023885085009785713
0.18445889034398713 -0.26654224414131267 57 nil_vol 0.6 nil_bias 0.21 Right 0.005 0.01 0.001 0.17882062523349182 -0.26453766188521005 0.005638265110495299 -0.002004582256102629
0.15583193125466155 -0.34099982769313186 57 nil_vol 0.6 nil_bias 0.21 Right 0.005 0.01 0.001 0.15210676875302026 -0.339675414153586 0.0037251625016412908 -0.0013244135395458609
0.13376211025822296 -0.4015867165635832 57 nil_vol 0.6 nil_bias 0.21 Right 0.005 0.01 0.001 0.13050681379195084 -0.4004293553173914 0.0032552964662721155 -0.0011573612461918156
0.12415926789327324 -0.44867784515753845 57 nil_vol 0.6 nil_bias 0.21 Right 0.005 0.01 0.001 0.11456560934979682 -0.4452669949561951 0.009593658543476423 -0.003410850201343378
0.06939441800114636 -0.5903747955747974 57 nil_vol 0.6 nil_bias 0.21 Right 0.005 0.01 0.001 0.06369553420931034 -0.5883486614528952 0.005698883791836014 -0.002026134121902225
0.004263481465981951 -0.7555125024016447 57 nil_vol 0.6 nil_bias 0.21 Home 0.005 0.01 0.001 0.0 -0.75 0.004263481465981951 -0.005512502401644725
0.00812855010055504 -0.7494453097487309 58 nil_vol 0.6 nil_bias 0.21 Home 0.005 0.01 0.001 0.0065959524184863874 -0.748904350683647 0.0015325976820686523 -0.0005409590650839258
0.0030719942029952827 -0.7414432254810018 58 nil_vol 0.6 nil_bias 0.21 Home 0.005 0.01 0.001 0.00854733984965476 -0.7433758513075204 -0.005475345646659478 0.001932625826518492
0.1440575350934058 -0.37037838166355297 58 nil_vol 0.6 nil_bias 0.21 Home 0.005 0.01 0.001 0.1406307210921058 -0.369168823460478 0.003426814001300002 -0.001209558203074926
0.17002760499030084 -0.298152427050542 58 nil_vol 0.6 nil_bias 0.21 Home 0.005 0.01 0.001 0.16617702111217655 -0.2967932913301188 0.0038505838781242997 -0.0013591357204232352
0.16571515652074603 -0.2672743655277255 58 nil_vol 0.6 nil_bias 0.21 Home 0.005 0.01 0.001 0.17539081806396456 -0.2706895715427986 -0.00967566154321852 0.003415206015073122
0.3353343629356478 0.18148036251593852 58 nil_vol 0.6 nil_bias 0.21 Home 0.005 0.01 0.001 0.3350305222637511 0.18158760877353552 0.000303840671896728 -0.00010724625759701698
0.39423653622357807 0.3498248441999427 58 nil_vol 0.6 nil_bias 0.21 Home 0.005 0.01 0.001 0.39439345624637334 0.3497694563380025 -0.00015692002279525354 5.538786194018671e-05
0.4147115174094255 0.4073328016121809 58 nil_vol 0.6 nil_bias 0.21 Right 0.005 0.01 0.001 0.4 0.35 0.014711517409425482 0.057332801612180906
0.24416320846795828 -0.004425301547399998 59 nil_vol 0.6 nil_bias 0.21 Right 0.005 0.01 0.001 0.23964179741011563 -0.0024938454707086333 0.00452141105784264 -0.0019314560766913653
0.23313694421660644 -0.015834830148184653 59 nil_vol 0.6 nil_bias 0.21 Right 0.005 0.01 0.001 0.23381843599996038 -0.016125949763131198 -0.000681491783353935 0.00029111961494654345
0.1931475919780059 -0.10267795419300739 59 nil_vol 0.6 nil_bias 0.21 Right 0.005 0.01 0.001 0.19627454217020784 -0.10401372456932911 -0.003126950192201945 0.0013357703763217268
0.17226888163554366 -0.10646505159131514 59 nil_vol 0.6 nil_bias 0.21 Right 0.005 0.01 0.001 0.19168439012381694 -0.11475896722340129 -0.01941550848827328 0.008293915632086141
0.2000996389842449 -0.13331079003995028 59 nil_vol 0.6 nil_bias 0.21 Right 0.005 0.01 0.001 0.18628107287666995 -0.12740777588392882 0.013818566107574964 -0.005903014156021447
0.10357107473039018 -0.3447428321303054 59 nil_vol 0.6 nil_bias 0.21 Right 0.005 0.01 0.001 0.0950033579731473 -0.3410828754525237 0.008567716757242888 -0.003659956677781705
0.07437517719711315 -0.375409430610001 59 nil_vol 0.6 nil_bias 0.21 Right 0.005 0.01 0.001 0.07941928078909538 -0.3775641704488608 -0.005044103591982242 0.002154739838859817
-0.05152121675740954 -0.6840872235334315 59 nil_vol 0.6 nil_bias 0.21 Home 0.005 0.01 0.001 0.0 -0.75 -0.05152121675740954 0.06591277646656842
-0.016556885043597935 -0.6143233151338496 60 nil_vol 0.6 nil_bias 0.21 Home 0.005 0.01 0.001 -0.016776333717128798 -0.6142141926526996 0.00021944867353086207 -0.00010912248114997868
0.06447843354683486 -0.4168628620073147 60 nil_vol 0.6 nil_bias 0.21 Home 0.005 0.01 0.001 0.07801176204883026 -0.4235924100177645 -0.013533328501995397 0.006729548010449807
0.24293457271519697 -0.11452641606198731 60 nil_vol 0.6 nil_bias 0.21 Home 0.005 0.01 0.001 0.23392489752030085 -0.11004628822250773 0.009009675194896125 -0.0044801278394795896
0.3574384577520379 0.1500522971588119 60 nil_vol 0.6 nil_bias 0.21 Home 0.005 0.01 0.001 0.3621065847886256 0.14773103635390616 -0.00466812703658771 0.0023212608049057505
0.358455281394612 0.1522632128922406 60 nil_vol 0.6 nil_bias 0.21 Home 0.005 0.01 0.001 0.3631896097709446 0.14990903297995462 -0.004734328376332591 0.002354179912285993
0.3650588230180442 0.15727255385677966 60 nil_vol 0.6 nil_bias 0.21 Home 0.005 0.01 0.001 0.3664958490133079 0.156557982018376 -0.001437025995263666 0.0007145718384036419
0.41973533023837106 0.2616216073603962 60 nil_vol 0.6 nil_bias 0.21 Home 0.005 0.01 0.001 0.41893693211681826 0.262018616750189 0.0007983981215528069 -0.00039700938979278917
0.4247825000482156 0.2737742340625979 60 nil_vol 0.6 nil_bias 0.21 Right 0.005 0.01 0.001 0.4 0.35 0.024782500048215608 -0.07622576593740209
0.4272739899877096 0.2547639085719433 61 nil_vol 0.6 nil_bias 0.21 Right 0.005 0.01 0.001 0.4183177089076557 0.25857278900013947 0.008956281080053915 -0.0038088804281961593
0.32670436852841067 0.016578500626443452 61 nil_vol 0.6 nil_bias 0.21 Right 0.005 0.01 0.001 0.3171344454095997 0.020648347535084877 0.009569923118810986 -0.004069846908641425
0.2738440444717962 -0.07534850569253296 61 nil_vol 0.6 nil_bias 0.21 Right 0.005 0.01 0.001 0.2759318140255463 -0.07623638142139683 -0.002087769553750077 0.0008878757288638632
0.096881316924781 -0.5167837099038389 61 nil_vol 0.6 nil_bias 0.21 Right 0.005 0.01 0.001 0.08984984931538142 -0.5137934040928052 0.007031467609399574 -0.002990305811033797
0.07709497569362243 -0.549886979727924 61 nil_vol 0.6 nil_bias 0.21 Right 0.005 0.01 0.001 0.07489758001301522 -0.5489524827725407 0.0021973956806072077 -0.000934496955383315
0.03944245929121441 -0.6639755770653932 61 nil_vol 0.6 nil_bias 0.21 Right 0.005 0.01 0.001 0.02804287299381142 -0.6591276205587122 0.011399586297402991 -0.004847956506681007
-0.008493792823917783 -0.7611514464960123 61 nil_vol 0.6 nil_bias 0.21 Right 0.005 0.01 0.001 -0.014295921613914186 -0.7586839474757652 0.0058021287899964035 -0.00246749902024711
-0.023807569259407066 -0.7810498346316956 61 nil_vol 0.6 nil_bias 0.21 Home 0.005 0.01 0.001 0.0 -0.75 -0.023807569259407066 -0.031049834631695687
0.01709557085145042 -0.6724599771456167 62 nil_vol 0.6 nil_bias 0.21 Home 0.005 0.01 0.001 0.009490015270932892 -0.6701758822398319 0.007605555580517531 -0.00228409490578479
0.05799683083087408 -0.4670228622100102 62 nil_vol 0.6 nil_bias 0.21 Home 0.005 0.01 0.001 0.06946632897474299 -0.47046737352873974 -0.011469498143868911 0.003444511318729518
0.11088319907103023 -0.4025574786336809 62 nil_vol 0.6 nil_bias 0.21 Home 0.005 0.01 0.001 0.09160014942990488 -0.39676640722712725 0.019283049641125337 -0.005791071406553648
0.1111741538915545 -0.32688473807056706 62 nil_vol 0.6 nil_bias 0.21 Home 0.005 0.01 0.001 0.11247007965045593 -0.3272739295494597 -0.0012959257589014344 0.00038919147889267486
0.1770380995845994 -0.05306220608129685 62 nil_vol 0.6 nil_bias 0.21 Home 0.005 0.01 0.001 0.19334995141457317 -0.05796096952787522 -0.016311851829973766 0.004898763446578365
0.21363890967079474 -0.026756163718627254 62 nil_vol 0.6 nil_bias 0.21 Home 0.005 0.01 0.001 0.20362456624164327 -0.023748663402687442 0.010014343429151482 -0.0030075003159398136
0.2899912345043093 0.21246670994276112 62 nil_vol 0.6 nil_bias 0.21 Home 0.005 0.01 0.001 0.27584084233261585 0.21671634540095375 0.014150392171693458 -0.004249635458192612
0.3143879941553679 0.34507025263838426 62 nil_vol 0.6 nil_bias 0.21 Right 0.005 0.01 0.001 0.4 0.35 -0.08561200584463212 -0.004929747361615744
0.31529147481215614 0.3217957213931248 63 nil_vol 0.6 nil_bias 0.21 Right 0.005 0.01 0.001 0.30894268621718224 0.3233903358599309 0.006348788594973899 -0.0015946144668060893
0.28522139003043495 0.23335805918336303 63 nil_vol 0.6 nil_bias 0.21 Right 0.005 0.01 0.001 0.28626367862234925 0.23309626932496874 -0.0010422885919142805 0.00026178985839428367
0.25968743515943865 0.11504368724646855 63 nil_vol 0.6 nil_bias 0.21 Right 0.005 0.01 0.001 0.25679507761547654 0.11577015578669195 0.00289235754396211 -0.0007264685402234081
0.1751829572597278 -0.19760547731739694 63 nil_vol 0.6 nil_bias 0.21 Right 0.005 0.01 0.001 0.17791283541298486 -0.19829113618454647 -0.0027298781532570553 0.0006856588671495192
0.10756259334006675 -0.4516247181622805 63 nil_vol 0.6 nil_bias 0.21 Right 0.005 0.01 0.001 0.11388463960539466 -0.453212615803492 -0.006322046265327904 0.0015878976412114618
0.0980477951973324 -0.5721384477697072 63 nil_vol 0.6 nil_bias 0.21 Right 0.005 0.01 0.001 0.08484701789640153 -0.5688228309174128 0.013200777300930859 -0.0033156168522943752
0.04952708672212314 -0.7333560337063575 63 nil_vol 0.6 nil_bias 0.21 Right 0.005 0.01 0.001 0.04387787572128998 -0.7319371309577134 0.005649211000833155 -0.0014189027486440806
0.021339381040513066 -0.8216717602087578 63 nil_vol 0.6 nil_bias 0.21 Home 0.005 0.01 0.001 0.0 -0.75 0.021339381040513066 -0.07167176020875773
