x y trial vol omega bias theta state target_sigma moving_sigma staying_sigma x_mean y_mean x_noise y_noise
-0.17251148193114585 -0.3867179416658528 0 nil_vol 0.6 nil_bias 0.54 Home 0.005 0.01 0.001 -0.16819571287142682 -0.3847306578458994 -0.004315769059719022 -0.0019872838199534596
-0.18153839478384284 -0.34219671454750017 0 nil_vol 0.6 nil_bias 0.54 Home 0.005 0.01 0.001 -0.18668919453949664 -0.34456850526952215 0.0051507997556538045 0.0023717907220219656
-0.2345487640765609 -0.24791225380426327 0 nil_vol 0.6 nil_bias 0.54 Home 0.005 0.01 0.001 -0.23178297407550283 -0.24663868943081424 -0.002765790001058058 -0.0012735643734490241
-0.23475969754040005 -0.223195764853644 0 nil_vol 0.6 nil_bias 0.54 Home 0.005 0.01 0.001 -0.2412100574857408 -0.22616596455035487 0.006450359945340738 0.002970199696710855
-0.24314872699322398 -0.22194261233183576 0 nil_vol 0.6 nil_bias 0.54 Home 0.005 0.01 0.001 -0.2431537261100855 -0.22194491427707785 4.9991168615230515e-06 2.3019452420857934e-06
-0.3087557727077694 -0.06362241669622978 0 nil_vol 0.6 nil_bias 0.54 Home 0.005 0.01 0.001 -0.3147793498199499 -0.06639609553947579 0.006023577112180519 0.002773678843245999
-0.33831904584505995 -0.011203445041810742 0 nil_vol 0.6 nil_bias 0.54 Home 0.005 0.01 0.001 -0.3398659383642403 -0.011915743228306908 0.0015468925191803335 0.000712298186496166
-0.48926994336747454 0.3125437907934438 0 nil_vol 0.6 nil_bias 0.54 Left 0.005 0.01 0.001 -0.4 0.35 -0.08926994336747453 -0.03745620920655619
-0.4702461329505091 0.30334084875427286 1 nil_vol 0.6 nil_bias 0.54 Left 0.005 0.01 0.001 -0.48261545574186415 0.29776956002065774 0.012369322791355055 0.005571288733615109
-0.4151939634534995 0.15391720995045113 1 nil_vol 0.6 nil_bias 0.54 Left 0.005 0.01 0.001 -0.4173793177350908 0.15293290063187662 0.002185354281591265 0.0009843093185745186
-0.3986605972013107 0.0903674499864652 1 nil_vol 0.6 nil_bias 0.54 Left 0.005 0.01 0.001 -0.3907948348509448 0.09391028203176643 -0.00786576235036592 -0.0035428320453012307
-0.231097646124662 -0.2338505905095783 1 nil_vol 0.6 nil_bias 0.54 Left 0.005 0.01 0.001 -0.24113183264544347 -0.2383701063518921 0.010034186520781474 0.004519515842313807
-0.2082277500052591 -0.3390116209692997 1 nil_vol 0.6 nil_bias 0.54 Left 0.005 0.01 0.001 -0.19789742884926098 -0.33435872259791416 -0.010330321155998119 -0.004652898371385553
-0.17452492573295111 -0.36983220346611495 1 nil_vol 0.6 nil_bias 0.54 Left 0.005 0.01 0.001 -0.18067257642434104 -0.37260117777561225 0.006147650691389924 0.0027689743094973193
-0.07617002601784185 -0.5966007929753013 1 nil_vol 0.6 nil_bias 0.54 Left 0.005 0.01 0.001 -0.07917158229327198 -0.5979527292892524 0.00300155627543013 0.0013519363139510782
-0.01888804226941591 -0.7317936772662561 1 nil_vol 0.6 nil_bias 0.54 Home 0.005 0.01 0.001 0.0 -0.75 -0.01888804226941591 0.01820632273374387
-0.008775053637342486 -0.7068793459939956 2 nil_vol 0.6 nil_bias 0.54 Home 0.005 0.01 0.001 -0.026854512373249873 -0.7159971242352765 0.018079458735907387 0.009117778241280945
-0.05486874843440565 -0.6608281188320279 2 nil_vol 0.6 nil_bias 0.54 Home 0.005 0.01 0.001 -0.054716022786866714 -0.6607510966929053 -0.0001527256475389388 -7.702213912247356e-05
-0.14056405756894386 -0.5456043474487275 2 nil_vol 0.6 nil_bias 0.54 Home 0.005 0.01 0.001 -0.11841881033497204 -0.5344361229832089 -0.02214524723397183 -0.01116822446551863
-0.19027688246215507 -0.4125497839145876 2 nil_vol 0.6 nil_bias 0.54 Home 0.005 0.01 0.001 -0.1819946332413539 -0.4083729049030325 -0.008282249220801166 -0.004176879011555037
-0.2440043608495607 -0.30179695289758446 2 nil_vol 0.6 nil_bias 0.54 Home 0.005 0.01 0.001 -0.2374178748087341 -0.2984752760715921 -0.006586486040826602 -0.0033216768259924034
-0.3374591468510572 -0.09307503880396016 2 nil_vol 0.6 nil_bias 0.54 Home 0.005 0.01 0.001 -0.34028578880536736 -0.0945005623709746 0.0028266419543101435 0.0014255235670144288
-0.36948233777299505 -0.03621629170152729 2 nil_vol 0.6 nil_bias 0.54 Home 0.005 0.01 0.001 -0.3696395517398734 -0.0362955773763568 0.00015721396687833072 7.928567482951056e-05
-0.5274383658516167 0.2766005112115121 2 nil_vol 0.6 nil_bias 0.54 Left 0.005 0.01 0.001 -0.4 0.35 -0.1274383658516167 -0.07339948878848787
-0.4761609623757643 0.23315599679280222 3 nil_vol 0.6 nil_bias 0.54 Left 0.005 0.01 0.001 -0.49678513389367146 0.22165094638104182 0.020624171517907162 0.0115050504117604
-0.3421138072163374 -0.07649309163805344 3 nil_vol 0.6 nil_bias 0.54 Left 0.005 0.01 0.001 -0.33323160231216975 -0.0715382155063598 -0.00888220490416763 -0.004954876131693643
-0.15169100810029287 -0.3875140234341285 3 nil_vol 0.6 nil_bias 0.54 Left 0.005 0.01 0.001 -0.1557146015500137 -0.3897585570114057 0.004023593449720849 0.0022445335772772294
-0.15145412858882967 -0.4089045817471851 3 nil_vol 0.6 nil_bias 0.54 Left 0.005 0.01 0.001 -0.14655780601668533 -0.40617320230845955 -0.004896322572144328 -0.0027313794387255554
-0.14008634065684278 -0.42644901952585107 3 nil_vol 0.6 nil_bias 0.54 Left 0.005 0.01 0.001 -0.136395599975062 -0.4243901655464922 -0.003690740681780769 -0.0020588539793588542
-0.06078857713783897 -0.5293617255657624 3 nil_vol 0.6 nil_bias 0.54 Left 0.005 0.01 0.001 -0.0737915624161416 -0.5366153503235065 0.013002985278302629 0.007253624757744002
-0.033281577503669134 -0.6115391199641942 3 nil_vol 0.6 nil_bias 0.54 Left 0.005 0.01 0.001 -0.03230100322821333 -0.6109921134353841 -0.0009805742754558037 -0.0005470065288100962
0.014368418894696066 -0.6946526044420652 3 nil_vol 0.6 nil_bias 0.54 Home 0.005 0.01 0.001 0.0 -0.75 0.014368418894696066 0.055347395557934775
0.09732372725963089 -0.46420715454559636 4 nil_vol 0.6 nil_bias 0.54 Home 0.005 0.01 0.001 0.09569018994495145 -0.4636321312773698 0.001633537314679441 -0.0005750232682265643
0.10907528480022832 -0.453684626254985 4 nil_vol 0.6 nil_bias 0.54 Home 0.005 0.01 0.001 0.10028147862204839 -0.45058910886258297 0.008793806178179923 -0.0030955173924020643
0.17733057637095817 -0.2689900259217602 4 nil_vol 0.6 nil_bias 0.54 Home 0.005 0.01 0.001 0.1656533215406033 -0.26487950259540277 0.011677254830354875 -0.004110523326357415
0.20654237403693276 -0.1750264812038137 4 nil_vol 0.6 nil_bias 0.54 Home 0.005 0.01 0.001 0.19830347894898112 -0.1721262986750911 0.008238895087951646 -0.0029001825287225972
0.2249120428775054 -0.10861881478991296 4 nil_vol 0.6 nil_bias 0.54 Home 0.005 0.01 0.001 0.22112773830441132 -0.10728669757163423 0.003784304573094084 -0.001332117218278736
0.266627597864201 0.027986457270427926 4 nil_vol 0.6 nil_bias 0.54 Home 0.005 0.01 0.001 0.26851190279566745 0.027323161017388298 -0.0018843049314664847 0.0006632962530396289
0.27601163804669526 0.025087381483700696 4 nil_vol 0.6 nil_bias 0.54 Home 0.005 0.01 0.001 0.2686385022234083 0.02768280714070004 0.007373135823286961 -0.0025954256569993414
0.41540795762654925 0.44462833839830807 4 nil_vol 0.6 nil_bias 0.54 Right 0.005 0.01 0.001 0.4 0.35 0.015407957626549219 0.09462833839830811
0.4143817809864656 0.4331356172306394 5 nil_vol 0.6 nil_bias 0.54 Right 0.005 0.01 0.001 0.4117691817448519 0.4340328545070583 0.00261259924161375 -0.000897237276418867
0.3452861071997949 0.23558516811804944 5 nil_vol 0.6 nil_bias 0.54 Right 0.005 0.01 0.001 0.3437929789950624 0.23609794874755421 0.00149312820473251 -0.0005127806295047724
0.3145856811824244 0.09011462492388958 5 nil_vol 0.6 nil_bias 0.54 Right 0.005 0.01 0.001 0.29586617411650507 0.09654341019956575 0.018719507065919336 -0.006428785275676169
0.18140042576664228 -0.28694865557297755 5 nil_vol 0.6 nil_bias 0.54 Right 0.005 0.01 0.001 0.16598298722735733 -0.2816538899832123 0.015417438539284966 -0.005294765589765268
0.1652944716720802 -0.29931552255004346 5 nil_vol 0.6 nil_bias 0.54 Right 0.005 0.01 0.001 0.16048477108701575 -0.29766374121879424 0.004809700585064436 -0.0016517813312492138
0.060606485633642015 -0.6526706864227656 5 nil_vol 0.6 nil_bias 0.54 Right 0.005 0.01 0.001 0.04089105930841397 -0.6458998755239007 0.019715426325228047 -0.00677081089886486
0.03322023106466712 -0.6842671725543228 5 nil_vol 0.6 nil_bias 0.54 Right 0.005 0.01 0.001 0.028295522038928322 -0.6825758942124214 0.004924709025738796 -0.0016912783419013738
0.019230327708504587 -0.7089721669211022 5 nil_vol 0.6 nil_bias 0.54 Home 0.005 0.01 0.001 0.0 -0.75 0.019230327708504587 0.041027833078897846
0.03253660031518132 -0.714188307919137 6 nil_vol 0.6 nil_bias 0.54 Home 0.005 0.01 0.001 0.01965924588004792 -0.7080694877784508 0.0128773544351334 -0.006118820140686162
0.08464456897337348 -0.5994440040173847 6 nil_vol 0.6 nil_bias 0.54 Home 0.005 0.01 0.001 0.07373664172334209 -0.5942609794072572 0.010907927250031394 -0.005183024610127545
0.1177654804689743 -0.4737647463700423 6 nil_vol 0.6 nil_bias 0.54 Home 0.005 0.01 0.001 0.12855560912187555 -0.478891797648668 -0.010790128652901255 0.0051270512786257
0.2357795772224826 -0.23388739922565868 6 nil_vol 0.6 nil_bias 0.54 Home 0.005 0.01 0.001 0.24327900390978788 -0.2374508363655643 -0.007499426687305268 0.003563437139905625
0.28204208067583414 -0.17992555142138938 6 nil_vol 0.6 nil_bias 0.54 Home 0.005 0.01 0.001 0.27271797233529166 -0.1754950962222691 0.009324108340542491 -0.004430455199120268
0.2944054537544886 -0.1364001605705796 6 nil_vol 0.6 nil_bias 0.54 Home 0.005 0.01 0.001 0.29186740740085126 -0.13519417923141097 0.0025380463536373594 -0.0012059813391686355
0.33992614122515336 -0.031660904810628776 6 nil_vol 0.6 nil_bias 0.54 Home 0.005 0.01 0.001 0.34085311865832657 -0.03210136858885537 -0.0009269774331732289 0.00044046377822659936
0.415008776753319 0.12396281873872 6 nil_vol 0.6 nil_bias 0.54 Right 0.005 0.01 0.001 0.4 0.35 0.01500877675331895 -0.22603718126127997
0.33781361541815424 -0.005428001274060635 7 nil_vol 0.6 nil_bias 0.54 Right 0.005 0.01 0.001 0.34401162084932124 -0.008743890577309565 -0.00619800543116699 0.0033158893032489306
0.31468194725637294 -0.019134812883779575 7 nil_vol 0.6 nil_bias 0.54 Right 0.005 0.01 0.001 0.33316296136391904 -0.029022025419001007 -0.018481014107546125 0.009887212535221433
0.23340867701759094 -0.2129388264746584 7 nil_vol 0.6 nil_bias 0.54 Right 0.005 0.01 0.001 0.23446611065460427 -0.21350454603150748 -0.001057433637013324 0.0005657195568490982
0.19204696790494435 -0.253097340038401 7 nil_vol 0.6 nil_bias 0.54 Right 0.005 0.01 0.001 0.2085583875821641 -0.26193083340932216 -0.01651141967721976 0.008833493370921153
0.1878955908406558 -0.29354001619530956 7 nil_vol 0.6 nil_bias 0.54 Right 0.005 0.01 0.001 0.19081275407198808 -0.29510067800208445 -0.002917163231332274 0.001560661806774909
0.08374793263885946 -0.5153808061145271 7 nil_vol 0.6 nil_bias 0.54 Right 0.005 0.01 0.001 0.07536404913194461 -0.5108954874182139 0.008383883506914854 -0.004485318696313206
0.06431447657636316 -0.5273603787425434 7 nil_vol 0.6 nil_bias 0.54 Right 0.005 0.01 0.001 0.0660567725517407 -0.5282924948324708 -0.0017422959753775333 0.0009321160899273776
-0.03706160831255627 -0.7210396664656845 7 nil_vol 0.6 nil_bias 0.54 Home 0.005 0.01 0.001 0.0 -0.75 -0.03706160831255627 0.028960333534315538
0.058515590787969446 -0.5208989389977188 8 nil_vol 0.6 nil_bias 0.54 Home 0.005 0.01 0.001 0.04687498125173041 -0.5161306134859225 0.011640609536239032 -0.004768325511796292
0.05835126868086753 -0.49025964338580913 8 nil_vol 0.6 nil_bias 0.54 Home 0.005 0.01 0.001 0.05759873919574117 -0.4899513858558975 0.0007525294851263562 -0.00030825752991164065
0.05941986351589678 -0.45084616200017347 8 nil_vol 0.6 nil_bias 0.54 Home 0.005 0.01 0.001 0.07157737739046054 -0.4558262262646458 -0.012157513874563755 0.004980064264472323
0.2688230531104829 -0.022389814950594732 8 nil_vol 0.6 nil_bias 0.54 Home 0.005 0.01 0.001 0.25195557487722586 -0.015480415015057147 0.01686747823325703 -0.006909399935537584
0.33083948297978855 0.15760603500327136 8 nil_vol 0.6 nil_bias 0.54 Home 0.005 0.01 0.001 0.32400372808966754 0.1604061550771796 0.006835754890121026 -0.002800120073908218
0.31672176172568145 0.198714888771201 8 nil_vol 0.6 nil_bias 0.54 Home 0.005 0.01 0.001 0.33639499688956714 0.19065617081150277 -0.019673235163885704 0.008058717959698243
0.36407066915198155 0.2704377361348639 8 nil_vol 0.6 nil_bias 0.54 Home 0.005 0.01 0.001 0.36835663464284496 0.2686820824872487 -0.004285965490863406 0.0017556536476152139
0.4476544021329672 0.462266674429305 8 nil_vol 0.6 nil_bias 0.54 Right 0.005 0.01 0.001 0.4 0.35 0.047654402132967164 0.11226667442930503
0.3694155922249622 0.28843669486330953 9 nil_vol 0.6 nil_bias 0.54 Right 0.005 0.01 0.001 0.3802492501424002 0.28433267670006934 -0.010833657917438014 0.004104018163240172
0.3650055832868291 0.28255676582878864 9 nil_vol 0.6 nil_bias 0.54 Right 0.005 0.01 0.001 0.377747905330604 0.2777297054297951 -0.012742322043774916 0.004827060398993543
0.36425703198048415 0.24708046574651113 9 nil_vol 0.6 nil_bias 0.54 Right 0.005 0.01 0.001 0.36590135718640626 0.24645756067023808 -0.0016443252059221126 0.000622905076273062
0.3182074446219832 0.11467077800443556 9 nil_vol 0.6 nil_bias 0.54 Right 0.005 0.01 0.001 0.3162575624385918 0.1154094345097269 0.001949882183391376 -0.0007386565052913393
0.3044932217679416 0.10248096821097301 9 nil_vol 0.6 nil_bias 0.54 Right 0.005 0.01 0.001 0.3104982347441847 0.10020614261533312 -0.006005012976243133 0.0022748255956398906
0.24194980908969738 -0.11001154876891077 9 nil_vol 0.6 nil_bias 0.54 Right 0.005 0.01 0.001 0.23225464689605696 -0.10633881680326374 0.009695162193640423 -0.0036727319656470396
0.0031121281813720585 -0.6857394863358908 9 nil_vol 0.6 nil_bias 0.54 Right 0.005 0.01 0.001 0.011553996505480557 -0.6889374441445878 -0.008441868324108499 0.0031979578086970164
0.003427786275626407 -0.7103887580261813 9 nil_vol 0.6 nil_bias 0.54 Home 0.005 0.01 0.001 0.0 -0.75 0.003427786275626407 0.039611241973818746
0.06304690146850213 -0.5589721890083669 10 nil_vol 0.6 nil_bias 0.54 Home 0.005 0.01 0.001 0.06391489852958218 -0.559319729707171 -0.000867997061080058 0.00034754069880415264
0.08010044536163455 -0.5452014674876878 10 nil_vol 0.6 nil_bias 0.54 Home 0.005 0.01 0.001 0.07102301466900217 -0.5415669199209735 0.009077430692632378 -0.0036345475667143357
0.0778198944001838 -0.537827361065685 10 nil_vol 0.6 nil_bias 0.54 Home 0.005 0.01 0.001 0.0732525293545379 -0.5359986161184587 0.004567365045645908 -0.0018287449472263063
0.2057145201184196 -0.20856245164496767 10 nil_vol 0.6 nil_bias 0.54 Home 0.005 0.01 0.001 0.20454366671073568 -0.2080936491227594 0.0011708534076839108 -0.0004688025222082617
0.24977657061763156 -0.06437171780355691 10 nil_vol 0.6 nil_bias 0.54 Home 0.005 0.01 0.001 0.2603878900847168 -0.06862042502640864 -0.010611319467085233 0.004248707222851722
0.40263262882542594 0.2786874289049839 10 nil_vol 0.6 nil_bias 0.54 Home 0.005 0.01 0.001 0.39988785365989327 0.27978642004431165 0.0027447751655326966 -0.0010989911393277563
0.4196446400823216 0.3108463600560233 10 nil_vol 0.6 nil_bias 0.54 Home 0.005 0.01 0.001 0.41333551246975647 0.3133724960507548 0.00630912761256516 -0.002526135994731477
0.41815514534453074 0.325409725604541 10 nil_vol 0.6 nil_bias 0.54 Right 0.005 0.01 0.001 0.4 0.35 0.018155145344530742 -0.024590274395458963
0.40891635265129295 0.28101841235134906 11 nil_vol 0.6 nil_bias 0.54 Right 0.005 0.01 0.001 0.40098731590515807 0.2843322570254445 0.007929036746134894 -0.0033138446740954525
0.3898715124422014 0.23264255772937276 11 nil_vol 0.6 nil_bias 0.54 Right 0.005 0.01 0.001 0.3809436768485953 0.23637383825944386 0.008927835593606092 -0.0037312805300710903
0.32733915116384377 0.10953779923046976 11 nil_vol 0.6 nil_bias 0.54 Right 0.005 0.01 0.001 0.32784562662273425 0.10932612395947011 -0.0005064754588904783 0.00021167527099964686
0.28358423937906935 0.025057703376668933 11 nil_vol 0.6 nil_bias 0.54 Right 0.005 0.01 0.001 0.291282067519024 0.021840489533370033 -0.007697828139954659 0.0032172138432989008
0.21297995404355982 -0.1200059528246498 11 nil_vol 0.6 nil_bias 0.54 Right 0.005 0.01 0.001 0.22917095335140858 -0.12677278447677354 -0.01619099930784877 0.006766831652123736
0.1494943184573736 -0.2975337683364985 11 nil_vol 0.6 nil_bias 0.54 Right 0.005 0.01 0.001 0.1565679132934671 -0.30049009144670785 -0.007073594836093493 0.0029563231102093224
0.08595074535882849 -0.4768187828086689 11 nil_vol 0.6 nil_bias 0.54 Right 0.005 0.01 0.001 0.08333106225968673 -0.47572391805222286 0.002619683099141767 -0.0010948647564460565
-0.025540257673118273 -0.7362203447844294 11 nil_vol 0.6 nil_bias 0.54 Home 0.005 0.01 0.001 0.0 -0.75 -0.025540257673118273 0.013779655215570537
-0.07300553845444686 -0.6000327042058755 12 nil_vol 0.6 nil_bias 0.54 Home 0.005 0.01 0.001 -0.07499162110514393 -0.6007577344910068 0.001986082650697062 0.0007250302851312327
-0.19954423179046937 -0.24961775199402783 12 nil_vol 0.6 nil_bias 0.54 Home 0.005 0.01 0.001 -0.20274996939186204 -0.250788023959486 0.00320573760139266 0.001170271965458176
-0.24985794024422198 -0.14339997811730243 12 nil_vol 0.6 nil_bias 0.54 Home 0.005 0.01 0.001 -0.24288218726765978 -0.14085344151278256 -0.006975752976562199 -0.0025465366045198793
-0.2647893661736939 -0.07894893242984746 12 nil_vol 0.6 nil_bias 0.54 Home 0.005 0.01 0.001 -0.26539946080355165 -0.07917165079621935 0.0006100946298577499 0.00022271836637188783
-0.2818085382167952 -0.01073411004397511 12 nil_vol 0.6 nil_bias 0.54 Home 0.005 0.01 0.001 -0.2893746554459979 -0.013496162333239026 0.007566117229202699 0.002762052289263916
-0.3583870004592815 0.21489959229401967 12 nil_vol 0.6 nil_bias 0.54 Home 0.005 0.01 0.001 -0.3710625553297203 0.21027231197480167 0.012675554870438827 0.004627280319218009
-0.421869046571025 0.35183472656605497 12 nil_vol 0.6 nil_bias 0.54 Home 0.005 0.01 0.001 -0.42263818582218377 0.3515539480947373 0.0007691392511587804 0.00028077847131767323
-0.4378579342148276 0.39324555581169385 12 nil_vol 0.6 nil_bias 0.54 Left 0.005 0.01 0.001 -0.4 0.35 -0.03785793421482756 0.0432455558116939
-0.40591038548554387 0.346124870094086 13 nil_vol 0.6 nil_bias 0.54 Left 0.005 0.01 0.001 -0.41698634040553606 0.341644838708517 0.011075954919992182 0.004480031385569028
-0.3230590981926293 0.11758780241028667 13 nil_vol 0.6 nil_bias 0.54 Left 0.005 0.01 0.001 -0.32589516309766364 0.11644066341614623 0.002836064905034349 0.0011471389941404436
-0.2312077880374091 -0.10661071724513475 13 nil_vol 0.6 nil_bias 0.54 Left 0.005 0.01 0.001 -0.23504668627769107 -0.10816348490505234 0.0038388982402819782 0.0015527676599175898
-0.16147029378147706 -0.2771327830390069 13 nil_vol 0.6 nil_bias 0.54 Left 0.005 0.01 0.001 -0.16596601256899762 -0.2789512232018889 0.004495718787520545 0.0018184401628820097
-0.13061017367854688 -0.355108536797985 13 nil_vol 0.6 nil_bias 0.54 Left 0.005 0.01 0.001 -0.13452174473354644 -0.3566906993491932 0.003911571054999571 0.0015821625512081627
-0.08330620833080701 -0.4689808525286001 13 nil_vol 0.6 nil_bias 0.54 Left 0.005 0.01 0.001 -0.08828737793022784 -0.47099564911304337 0.004981169599420824 0.0020147965844432444
0.017131095476237763 -0.7316076033356848 13 nil_vol 0.6 nil_bias 0.54 Left 0.005 0.01 0.001 0.01712639927988313 -0.7316095028655414 4.696196354630937e-06 1.8995298566596467e-06
0.019060263037268498 -0.736390582718509 13 nil_vol 0.6 nil_bias 0.54 Home 0.005 0.01 0.001 0.0 -0.75 0.019060263037268498 0.01360941728149098
-0.07158868100091761 -0.5498038084569858 14 nil_vol 0.6 nil_bias 0.54 Home 0.005 0.01 0.001 -0.07975401520914527 -0.5542332294602816 0.00816533420822766 0.004429421003295821
-0.1593535954824014 -0.3904999549860153 14 nil_vol 0.6 nil_bias 0.54 Home 0.005 0.01 0.001 -0.1664774960402747 -0.3943644330284008 0.007123900557873283 0.0038644780423854695
-0.19753706837430793 -0.3447402325140896 14 nil_vol 0.6 nil_bias 0.54 Home 0.005 0.01 0.001 -0.19433827561773714 -0.3430049943156496 -0.003198792756570793 -0.0017352381984399679
-0.21896212149308167 -0.29124072916461013 14 nil_vol 0.6 nil_bias 0.54 Home 0.005 0.01 0.001 -0.22163276866601805 -0.2926894660293275 0.0026706471729363904 0.0014487368647173485
-0.2816419234189873 -0.20056317876899857 14 nil_vol 0.6 nil_bias 0.54 Home 0.005 0.01 0.001 -0.2738895055663216 -0.19635775109301656 -0.007752417852665738 -0.004205427675981991
-0.3416992091464627 -0.06713698657569882 14 nil_vol 0.6 nil_bias 0.54 Home 0.005 0.01 0.001 -0.3434671894668307 -0.06809605683109154 0.0017679803203680328 0.0009590702553927229
-0.5293795169296795 0.31623589602224733 14 nil_vol 0.6 nil_bias 0.54 Home 0.005 0.01 0.001 -0.5468217170651523 0.30677408519447946 0.017442200135472704 0.009461810827767887
-0.5506421946133682 0.31381687385534507 14 nil_vol 0.6 nil_bias 0.54 Left 0.005 0.01 0.001 -0.4 0.35 -0.1506421946133681 -0.03618312614465491
-0.5080609328606834 0.2934509047690186 15 nil_vol 0.6 nil_bias 0.54 Left 0.005 0.01 0.001 -0.5343993608395095 0.28057952135877395 0.02633842797882602 0.01287138341024465
-0.47783698999182767 0.1648069419231908 15 nil_vol 0.6 nil_bias 0.54 Left 0.005 0.01 0.001 -0.47782505789064544 0.16481277304755892 -1.1932101182206599e-05 -5.831124368146902e-06
-0.413479938192188 0.04103641071729339 15 nil_vol 0.6 nil_bias 0.54 Left 0.005 0.01 0.001 -0.41659304665506625 0.03951505900049401 0.003113108462878281 0.0015213517167993774
-0.38278093457403334 -0.011086668202797214 15 nil_vol 0.6 nil_bias 0.54 Left 0.005 0.01 0.001 -0.39011327033303766 -0.014669923244543193 0.00733233575900431 0.0035832550417459782
-0.30966099638705197 -0.17013227822667262 15 nil_vol 0.6 nil_bias 0.54 Left 0.005 0.01 0.001 -0.3132765651423667 -0.17189917835196367 0.0036155687553147404 0.0017669001252910517
-0.28828481827463454 -0.2302310320183036 15 nil_vol 0.6 nil_bias 0.54 Left 0.005 0.01 0.001 -0.2854477855039673 -0.22884459632942944 -0.0028370327706671973 -0.0013864356888741625
-0.23817409749661375 -0.32627235160128853 15 nil_vol 0.6 nil_bias 0.54 Left 0.005 0.01 0.001 -0.23790085949005452 -0.3261388223281101 -0.00027323800655924704 -0.00013352927317842797
-0.01388971404689758 -0.7845278884181528 15 nil_vol 0.6 nil_bias 0.54 Home 0.005 0.01 0.001 0.0 -0.75 -0.01388971404689758 -0.03452788841815279
0.1343837451656623 -0.4474191211943561 16 nil_vol 0.6 nil_bias 0.54 Home 0.005 0.01 0.001 0.1358794581835604 -0.4480849449392937 -0.001495713017898113 0.0006658237449375919
0.14222770708315283 -0.3967221337860481 16 nil_vol 0.6 nil_bias 0.54 Home 0.005 0.01 0.001 0.15601227031326942 -0.4028583974959829 -0.013784563230116604 0.006136263709934811
0.1693357325454629 -0.3565739881845214 16 nil_vol 0.6 nil_bias 0.54 Home 0.005 0.01 0.001 0.17541192056929428 -0.3592788321061566 -0.006076188023831355 0.002704843921635191
0.28842351278801465 -0.13083971200179323 16 nil_vol 0.6 nil_bias 0.54 Home 0.005 0.01 0.001 0.2789750181427051 -0.12663366979083257 0.009448494645309573 -0.004206042210960649
0.293406375143173 -0.08964396199862835 16 nil_vol 0.6 nil_bias 0.54 Home 0.005 0.01 0.001 0.2951046309884525 -0.09039994864395096 -0.0016982558452794858 0.0007559866453226043
0.39496817277209556 0.14319795295106585 16 nil_vol 0.6 nil_bias 0.54 Home 0.005 0.01 0.001 0.3984098356131643 0.14166588041159356 -0.0034416628410687145 0.0015320725394722895
0.44786324042644776 0.2644592074093794 16 nil_vol 0.6 nil_bias 0.54 Home 0.005 0.01 0.001 0.45221041880199303 0.26252404033435806 -0.004347178375545262 0.0019351670750213607
0.4696267857858531 0.3016483386495108 16 nil_vol 0.6 nil_bias 0.54 Right 0.005 0.01 0.001 0.4 0.35 0.06962678578585309 -0.0483516613504892
0.3344713360858093 0.03180261637864915 17 nil_vol 0.6 nil_bias 0.54 Right 0.005 0.01 0.001 0.34570299275559735 0.026739592677413493 -0.011231656669788025 0.005063023701235661
0.2731262146445475 -0.07014906255861506 17 nil_vol 0.6 nil_bias 0.54 Right 0.005 0.01 0.001 0.29714637975891883 -0.08097691003091062 -0.02402016511437131 0.010827847472295572
0.2775786420484012 -0.09976645114204667 17 nil_vol 0.6 nil_bias 0.54 Right 0.005 0.01 0.001 0.2868021477491069 -0.10392423741918333 -0.009223505700705664 0.004157786277136654
0.2697497132739084 -0.16527073995536712 17 nil_vol 0.6 nil_bias 0.54 Right 0.005 0.01 0.001 0.2609387074573704 -0.16129890101901018 0.008811005816538013 -0.0039718389363569435
0.23744291780803092 -0.20431953367586964 17 nil_vol 0.6 nil_bias 0.54 Right 0.005 0.01 0.001 0.24085288133371496 -0.2058566823493443 -0.0034099635256840503 0.001537148673474659
0.21002878184092716 -0.2545190703554464 17 nil_vol 0.6 nil_bias 0.54 Right 0.005 0.01 0.001 0.21741571894571893 -0.2578489653781193 -0.00738693710479177 0.003329895022672887
0.03382252447187289 -0.6767410503712485 17 nil_vol 0.6 nil_bias 0.54 Right 0.005 0.01 0.001 0.02947111565156879 -0.6747795155203634 0.004351408820304099 -0.001961534850885124
0.004806618945730559 -0.7294944793996523 17 nil_vol 0.6 nil_bias 0.54 Home 0.005 0.01 0.001 0.0 -0.75 0.004806618945730559 0.020505520600347764
-0.023623223957573235 -0.6191563367081452 18 nil_vol 0.6 nil_bias 0.54 Home 0.005 0.01 0.001 -0.0372714775870234 -0.6246330152816711 0.013648253629450163 0.005476678573526008
-0.16097360185438278 -0.3120347035649694 18 nil_vol 0.6 nil_bias 0.54 Home 0.005 0.01 0.001 -0.16246815327382758 -0.31263442701370747 0.0014945514194448012 0.0005997234487381061
-0.25301767426426286 -0.05873369314672151 18 nil_vol 0.6 nil_bias 0.54 Home 0.005 0.01 0.001 -0.2627798146083223 -0.06265097855961121 0.009762140344059412 0.003917285412889698
-0.311320278071128 0.01569914351474834 18 nil_vol 0.6 nil_bias 0.54 Home 0.005 0.01 0.001 -0.2965912850309363 0.021609493863072093 -0.01472899304019172 -0.0059103503483237535
-0.32212558722095114 0.044458089446211296 18 nil_vol 0.6 nil_bias 0.54 Home 0.005 0.01 0.001 -0.3080295594527922 0.050114447786674954 -0.01409602776815895 -0.005656358340463654
-0.35275579332663637 0.16952876725545532 18 nil_vol 0.6 nil_bias 0.54 Home 0.005 0.01 0.001 -0.3555046978644342 0.16842570550180058 0.0027489045377978335 0.0011030617536547285
-0.3780107880330939 0.24719533478872624 18 nil_vol 0.6 nil_bias 0.54 Home 0.005 0.01 0.001 -0.3858504897576516 0.24404947249576048 0.007839701724557746 0.0031458622929657573
-0.39798440832876075 0.2742880187157502 18 nil_vol 0.6 nil_bias 0.54 Left 0.005 0.01 0.001 -0.4 0.35 0.002015591671239257 -0.07571198128424977
-0.35968457043937524 0.22043826787814763 19 nil_vol 0.6 nil_bias 0.54 Left 0.005 0.01 0.001 -0.37389922699503003 0.21469340964242367 0.014214656555654811 0.005744858235723972
-0.19440829230438034 -0.20572148578236601 19 nil_vol 0.6 nil_bias 0.54 Left 0.005 0.01 0.001 -0.20264331706244793 -0.20904967381262518 0.008235024758067583 0.0033281880302591686
-0.1402198875266138 -0.38464099925051654 19 nil_vol 0.6 nil_bias 0.54 Left 0.005 0.01 0.001 -0.1328773374646257 -0.38167350516934245 -0.007342550061988098 -0.002967494081174073
-0.10011258142297089 -0.4666713752134605 19 nil_vol 0.6 nil_bias 0.54 Left 0.005 0.01 0.001 -0.09874826386372815 -0.4661199858122695 -0.0013643175592427407 -0.0005513894011910182
-0.04864576679546582 -0.6056006318136915 19 nil_vol 0.6 nil_bias 0.54 Left 0.005 0.01 0.001 -0.04325725913484563 -0.603422864627325 -0.005388507660620191 -0.002177767186366579
-0.009270528978921586 -0.6616815169021106 19 nil_vol 0.6 nil_bias 0.54 Left 0.005 0.01 0.001 -0.0182459778568268 -0.6653089475898426 0.008975448877905214 0.00362743068773201
-0.019299533688668366 -0.6780207922791744 19 nil_vol 0.6 nil_bias 0.54 Left 0.005 0.01 0.001 -0.013977731397290305 -0.6758699840902593 -0.005321802291378061 -0.0021508081889150916
-0.002279625552528272 -0.7048149206077461 19 nil_vol 0.6 nil_bias 0.54 Home 0.005 0.01 0.001 0.0 -0.75 -0.002279625552528272 0.04518507939225395
0.0490143719774887 -0.5037012165637512 20 nil_vol 0.6 nil_bias 0.54 Home 0.005 0.01 0.001 0.05593898003652704 -0.5057261475493355 -0.006924608059038339 0.0020249309855843536
0.08229566219379003 -0.3995936383897478 20 nil_vol 0.6 nil_bias 0.54 Home 0.005 0.01 0.001 0.08660621077343081 -0.4008541520981574 -0.00431054857964078 0.001260513708409574
0.10427139967645849 -0.3338385267785375 20 nil_vol 0.6 nil_bias 0.54 Home 0.005 0.01 0.001 0.10605109278362158 -0.3343589541712217 -0.0017796931071631004 0.0005204273926842196
0.12394803880240587 -0.2711767794498528 20 nil_vol 0.6 nil_bias 0.54 Home 0.005 0.01 0.001 0.12448154159404089 -0.27133278919429854 -0.0005335027916350111 0.00015600974444574057
0.14899495592630113 -0.13862323581309147 20 nil_vol 0.6 nil_bias 0.54 Home 0.005 0.01 0.001 0.16216313505664082 -0.1424739452998105 -0.013168179130339687 0.0038507094867190413
0.19145087424454948 -0.04111277363030828 20 nil_vol 0.6 nil_bias 0.54 Home 0.005 0.01 0.001 0.19177591667494942 -0.04120782427914427 -0.00032504243039994306 9.50506488359858e-05
0.24511184540488104 0.1618917144218728 20 nil_vol 0.6 nil_bias 0.54 Home 0.005 0.01 0.001 0.2506903402959068 0.16026042106036364 -0.0055784948910257695 0.0016312933615091631
0.29813009387630757 0.32248901171370736 20 nil_vol 0.6 nil_bias 0.54 Right 0.005 0.01 0.001 0.4 0.35 -0.10186990612369244 -0.027510988286292632
0.2668479617589128 0.1761067040767276 21 nil_vol 0.6 nil_bias 0.54 Right 0.005 0.01 0.001 0.25827858370339535 0.17847807011999986 0.008569378055517413 -0.00237136604327226
0.16868754201741848 -0.1316203107111578 21 nil_vol 0.6 nil_bias 0.54 Right 0.005 0.01 0.001 0.1721976390714351 -0.13259164432586812 -0.0035100970540166165 0.0009713336147103177
0.1231454702683853 -0.36404701237614706 21 nil_vol 0.6 nil_bias 0.54 Right 0.005 0.01 0.001 0.10921479024853029 -0.36019203698064495 0.013930680019855004 -0.003854975395502128
0.09232708249001052 -0.4438310633006583 21 nil_vol 0.6 nil_bias 0.54 Right 0.005 0.01 0.001 0.08651481881690964 -0.4422226613116642 0.005812263673100874 -0.0016084019889940667
0.030565168299489763 -0.659247824001347 21 nil_vol 0.6 nil_bias 0.54 Right 0.005 0.01 0.001 0.02675052096389663 -0.6581922135357939 0.0038146473355931357 -0.0010556104655530195
0.01489273753539774 -0.7170386643297708 21 nil_vol 0.6 nil_bias 0.54 Right 0.005 0.01 0.001 0.010781063081382602 -0.7159008588650015 0.004111674454015138 -0.0011378054647692626
0.02391087606975268 -0.7240962576089538 21 nil_vol 0.6 nil_bias 0.54 Right 0.005 0.01 0.001 0.00960842599884626 -0.7201384039334577 0.014302450070906421 -0.003957853675496007
0.0033040976548339034 -0.7429202823866922 21 nil_vol 0.6 nil_bias 0.54 Home 0.005 0.01 0.001 0.0 -0.75 0.0033040976548339034 0.00707971761330783
0.01236690833692774 -0.7418405898311922 22 nil_vol 0.6 nil_bias 0.54 Home 0.005 0.01 0.001 0.0044985069072224475 -0.7392676358466787 0.007868401429705293 -0.0025729539845134944
0.12599491395687262 -0.37035018740231307 22 nil_vol 0.6 nil_bias 0.54 Home 0.005 0.01 0.001 0.12521706365829238 -0.3700958316678012 0.0007778502985802321 -0.00025435573451188035
0.17299866520278406 -0.2240839227889018 22 nil_vol 0.6 nil_bias 0.54 Home 0.005 0.01 0.001 0.17296618446898707 -0.22407330164378236 3.248073379700494e-05 -1.0621145119442146e-05
0.1700901165257182 -0.20139811302912125 22 nil_vol 0.6 nil_bias 0.54 Home 0.005 0.01 0.001 0.1793868524548222 -0.2044381299837028 -0.009296735929103975 0.003040016954581555
0.23259084277671585 0.017686216057084002 22 nil_vol 0.6 nil_bias 0.54 Home 0.005 0.01 0.001 0.2501441955527991 0.011946299331904164 -0.017553352776083237 0.005739916725179839
0.2756610796981472 0.0987256210008762 22 nil_vol 0.6 nil_bias 0.54 Home 0.005 0.01 0.001 0.27824463329256066 0.09788080333691529 -0.0025835535944134834 0.0008448176639609129
0.34335634215021626 0.31219855221951387 22 nil_vol 0.6 nil_bias 0.54 Home 0.005 0.01 0.001 0.3478460954988659 0.31073041045385874 -0.004489753348649633 0.0014681417656551299
0.36731458056803934 0.3702673694024058 22 nil_vol 0.6 nil_bias 0.54 Right 0.005 0.01 0.001 0.4 0.35 -0.032685419431960704 0.020267369402405797
0.3469416183698164 0.286099790165236 23 nil_vol 0.6 nil_bias 0.54 Right 0.005 0.01 0.001 0.34455671749011907 0.2867496552655382 0.002384900879697328 -0.0006498651003021696
0.3286778536885931 0.182240077819597 23 nil_vol 0.6 nil_bias 0.54 Right 0.005 0.01 0.001 0.3169495931300023 0.18543592855249869 0.0117282605585908 -0.0031958507329016895
0.27334812317708895 0.08168737049027247 23 nil_vol 0.6 nil_bias 0.54 Right 0.005 0.01 0.001 0.28761933766695713 0.07779858655176808 -0.014271214489868166 0.003888783938504387
0.17106158267399088 -0.3299337006456334 23 nil_vol 0.6 nil_bias 0.54 Right 0.005 0.01 0.001 0.1761387849196134 -0.33131719485065236 -0.005077202245622521 0.0013834942050189628
0.14539286536704002 -0.45205256112982334 23 nil_vol 0.6 nil_bias 0.54 Right 0.005 0.01 0.001 0.1433882739239146 -0.4515063270995785 0.0020045914431254318 -0.0005462340302448584
0.10175963262503451 -0.5723120641063083 23 nil_vol 0.6 nil_bias 0.54 Right 0.005 0.01 0.001 0.10986770605398871 -0.5745214447967265 -0.008108073428954204 0.0022093806904182104
0.08427828719325767 -0.7041246586123212 23 nil_vol 0.6 nil_bias 0.54 Right 0.005 0.01 0.001 0.07522421740002083 -0.701657502000315 0.009054069793236842 -0.0024671566120062164
0.06722880244663205 -0.730999394874722 23 nil_vol 0.6 nil_bias 0.54 Home 0.005 0.01 0.001 0.0 -0.75 0.06722880244663205 0.019000605125278017
0.04271568614080179 -0.6599346729849224 24 nil_vol 0.6 nil_bias 0.54 Home 0.005 0.01 0.001 0.03388171705025692 -0.6643549534357873 0.008833969090544866 0.004420280450864963
-0.05239917659687923 -0.4771867070205628 24 nil_vol 0.6 nil_bias 0.54 Home 0.005 0.01 0.001 -0.058295864730844485 -0.4801372511096645 0.005896688133965251 0.0029505440891016686
-0.17223502333056284 -0.27091153917559907 24 nil_vol 0.6 nil_bias 0.54 Home 0.005 0.01 0.001 -0.16483863846450292 -0.26721058719179475 -0.007396384866059916 -0.003700951983804326
-0.19523000762767304 -0.17879885896587466 24 nil_vol 0.6 nil_bias 0.54 Home 0.005 0.01 0.001 -0.2063046855788988 -0.18434032984331117 0.011074677951225775 0.005541470877436496
-0.2633786970757047 -0.10284337525354512 24 nil_vol 0.6 nil_bias 0.54 Home 0.005 0.01 0.001 -0.25034648581759067 -0.09632240737768505 -0.013032211258114046 -0.006520967875860063
-0.32603544895326647 -0.0058151399640003765 24 nil_vol 0.6 nil_bias 0.54 Home 0.005 0.01 0.001 -0.301721459464584 0.006350926196949991 -0.024313989488682484 -0.012166066160950367
-0.34203551867983134 0.10295453126303852 24 nil_vol 0.6 nil_bias 0.54 Home 0.005 0.01 0.001 -0.3484526310895148 0.09974358086862445 0.00641711240968346 0.0032109503944140715
-0.505768518606905 0.41414075616738116 24 nil_vol 0.6 nil_bias 0.54 Left 0.005 0.01 0.001 -0.4 0.35 -0.105768518606905 0.0641407561673812
-0.3946294602970991 0.1439883435567629 25 nil_vol 0.6 nil_bias 0.54 Left 0.005 0.01 0.001 -0.39535988243333375 0.14369015633904608 0.000730422136234652 0.00029818721771681284
-0.3955600764778648 0.07628533420233531 25 nil_vol 0.6 nil_bias 0.54 Left 0.005 0.01 0.001 -0.3718020661309721 0.085984294094689 -0.023758010346892698 -0.00969895989235368
-0.3486574382793381 0.06355018379614855 25 nil_vol 0.6 nil_bias 0.54 Left 0.005 0.01 0.001 -0.36064562832180674 0.05865613026615568 0.011988190042468637 0.004894053529992858
-0.25296524289577293 -0.2517292748336665 25 nil_vol 0.6 nil_bias 0.54 Left 0.005 0.01 0.001 -0.2366526703921164 -0.24506983727370396 -0.016312572503656534 -0.006659437559962552
-0.22969346777900754 -0.2803203010758511 25 nil_vol 0.6 nil_bias 0.54 Left 0.005 0.01 0.001 -0.22332363045259057 -0.27771988143432097 -0.006369837326416956 -0.002600419641530114
-0.22387095170050778 -0.2894061487175703 25 nil_vol 0.6 nil_bias 0.54 Left 0.005 0.01 0.001 -0.21931253705207493 -0.2875452234884654 -0.004558414648432856 -0.0018609252291048955
-0.057469241373231957 -0.6945542557494514 25 nil_vol 0.6 nil_bias 0.54 Left 0.005 0.01 0.001 -0.053771593637834014 -0.6930447296335001 -0.003697647735397945 -0.0015095261159513566
-0.012908576882645285 -0.7931404085155611 25 nil_vol 0.6 nil_bias 0.54 Home 0.005 0.01 0.001 0.0 -0.75 -0.012908576882645285 -0.0431404085155611
0.013831351264948744 -0.727279790324993 26 nil_vol 0.6 nil_bias 0.54 Home 0.005 0.01 0.001 0.010780535359574284 -0.7262001541465235 0.00305081590537446 -0.0010796361784695045
0.051076415807632836 -0.6689933462502472 26 nil_vol 0.6 nil_bias 0.54 Home 0.005 0.01 0.001 0.03325676225466975 -0.66268724871428 0.017819653552963083 -0.006306097535967254
0.0669379340422877 -0.563297374829758 26 nil_vol 0.6 nil_bias 0.54 Home 0.005 0.01 0.001 0.06826330689259574 -0.5637664036153471 -0.0013253728503080356 0.0004690287855891356
0.178758288745181 -0.25928654531005935 26 nil_vol 0.6 nil_bias 0.54 Home 0.005 0.01 0.001 0.17631941182157776 -0.25842346479546063 0.0024388769236032264 -0.0008630805145986873
0.21485560695694061 -0.12495698729737725 26 nil_vol 0.6 nil_bias 0.54 Home 0.005 0.01 0.001 0.22258334074968072 -0.12769171179043037 -0.007727733792740109 0.0027347244930531252
0.3040173012733919 0.07940828384285441 26 nil_vol 0.6 nil_bias 0.54 Home 0.005 0.01 0.001 0.2967792511800713 0.08196971691017163 0.007238050093320573 -0.00256143306731722
0.3155396531214291 0.07893613716536993 26 nil_vol 0.6 nil_bias 0.54 Home 0.005 0.01 0.001 0.2979131545895273 0.08517388015119098 0.017626498531901867 -0.0062377429858210594
0.4071823030728573 0.3939446149669128 26 nil_vol 0.6 nil_bias 0.54 Right 0.005 0.01 0.001 0.4 0.35 0.007182303072857301 0.04394461496691281
0.41848345937592146 0.37271066645398504 27 nil_vol 0.6 nil_bias 0.54 Right 0.005 0.01 0.001 0.40177129291641184 0.3786063654681226 0.016712166459509622 -0.005895699014137574
0.32074911067388523 0.13988686091600647 27 nil_vol 0.6 nil_bias 0.54 Right 0.005 0.01 0.001 0.31790949674624286 0.14088861667725344 0.0028396139276423656 -0.0010017557612469867
0.24959891981261237 -0.09703976766675072 27 nil_vol 0.6 nil_bias 0.54 Right 0.005 0.01 0.001 0.23570280492637807 -0.0921375121133724 0.013896114886234304 -0.004902255553378326
0.18332800533622762 -0.23375492052000119 27 nil_vol 0.6 nil_bias 0.54 Right 0.005 0.01 0.001 0.18547586923979714 -0.2345126414970784 -0.0021478639035695116 0.0007577209770772005
0.1817202970385263 -0.2364366330174651 27 nil_vol 0.6 nil_bias 0.54 Right 0.005 0.01 0.001 0.1844565864858393 -0.23740193808644006 -0.0027362894473129886 0.0009653050689749772
0.16711430690246734 -0.3283928222343027 27 nil_vol 0.6 nil_bias 0.54 Right 0.005 0.01 0.001 0.15399025306710212 -0.3237629334974883 0.013124053835365216 -0.00462988873681441
0.12750542093356002 -0.38396488232875464 27 nil_vol 0.6 nil_bias 0.54 Right 0.005 0.01 0.001 0.13217156320557 -0.38561099867516413 -0.004666142272009973 0.0016461163464094695
0.0014530011716981693 -0.7561506688345919 27 nil_vol 0.6 nil_bias 0.54 Home 0.005 0.01 0.001 0.0 -0.75 0.0014530011716981693 -0.006150668834591932
-0.040248453905748244 -0.6271537195101197 28 nil_vol 0.6 nil_bias 0.54 Home 0.005 0.01 0.001 -0.05217238711675582 -0.6323173166938504 0.011923933211007574 0.005163597183730766
-0.20630358017176811 -0.2936313191929434 28 nil_vol 0.6 nil_bias 0.54 Home 0.005 0.01 0.001 -0.20001742369105888 -0.2909091318638231 -0.006286156480709229 -0.00272218732912026
-0.23267324853798935 -0.21269342758031767 28 nil_vol 0.6 nil_bias 0.54 Home 0.005 0.01 0.001 -0.23369644866553982 -0.21313651906728903 0.0010232001275504742 0.000443091486971365
-0.22052492108641386 -0.20477828096859257 28 nil_vol 0.6 nil_bias 0.54 Home 0.005 0.01 0.001 -0.23466439569135672 -0.21090130681564412 0.014139474604942845 0.006123025847051533
-0.2481520075700001 -0.16771480875894157 28 nil_vol 0.6 nil_bias 0.54 Home 0.005 0.01 0.001 -0.25254270583139443 -0.16961617777669302 0.004390698261394332 0.001901369017751448
-0.2741164615257613 -0.11984724715547689 28 nil_vol 0.6 nil_bias 0.54 Home 0.005 0.01 0.001 -0.27409828977580486 -0.11983937797378674 -1.8171749956457778e-05 -7.869181690149391e-06
-0.41075594593382336 0.17880066526111546 28 nil_vol 0.6 nil_bias 0.54 Home 0.005 0.01 0.001 -0.40458081417210395 0.18147477391383293 -0.006175131761719408 -0.0026741086527174852
-0.4518493392173882 0.29062866713359425 28 nil_vol 0.6 nil_bias 0.54 Left 0.005 0.01 0.001 -0.4 0.35 -0.05184933921738817 -0.05937133286640571
-0.3124215546748381 -0.013508780392487481 29 nil_vol 0.6 nil_bias 0.54 Left 0.005 0.01 0.001 -0.3213963935255261 -0.017310807291981256 0.00897483885068798 0.0038020268994937738
-0.256456233620184 -0.12927165482796907 29 nil_vol 0.6 nil_bias 0.54 Left 0.005 0.01 0.001 -0.2713019510694443 -0.13556077244037557 0.014845717449260332 0.006289117612406497
-0.21919225147139496 -0.2458027227288367 29 nil_vol 0.6 nil_bias 0.54 Left 0.005 0.01 0.001 -0.22377713683612502 -0.2477450258473448 0.004584885364730072 0.001942303118508115
-0.21196472541574704 -0.30180777392953523 29 nil_vol 0.6 nil_bias 0.54 Left 0.005 0.01 0.001 -0.20256190552097367 -0.2978244406612969 -0.009402819894773371 -0.003983333268238361
-0.19526064346571867 -0.309420555374185 29 nil_vol 0.6 nil_bias 0.54 Left 0.005 0.01 0.001 -0.19728595297689616 -0.31027854083435924 0.0020253095111774865 0.0008579854601742638
-0.10197486031447237 -0.5177685026719839 29 nil_vol 0.6 nil_bias 0.54 Left 0.005 0.01 0.001 -0.10825886126379441 -0.520430605139031 0.006284000949322054 0.002662102467047125
-0.06895896032828241 -0.6841487501497727 29 nil_vol 0.6 nil_bias 0.54 Left 0.005 0.01 0.001 -0.04347593561154833 -0.6733533311940262 -0.02548302471673409 -0.01079541895574656
0.005184949260653256 -0.7882193254661966 29 nil_vol 0.6 nil_bias 0.54 Home 0.005 0.01 0.001 0.0 -0.75 0.005184949260653256 -0.03821932546619654
-0.017035651644246436 -0.743602030908747 30 nil_vol 0.6 nil_bias 0.54 Home 0.005 0.01 0.001 -0.005688767619402567 -0.7409896319059944 -0.011346884024843868 -0.0026123990027525526
-0.026959011568805036 -0.7233514990431907 30 nil_vol 0.6 nil_bias 0.54 Home 0.005 0.01 0.001 -0.010615889160917713 -0.7195888134824017 -0.016343122407887323 -0.0037626855607890302
-0.08938248820210652 -0.4715962538877584 30 nil_vol 0.6 nil_bias 0.54 Home 0.005 0.01 0.001 -0.06880222432850068 -0.466858049046493 -0.020580263873605845 -0.004738204841265404
-0.10143554087408155 -0.3630977421657005 30 nil_vol 0.6 nil_bias 0.54 Home 0.005 0.01 0.001 -0.09313119461826785 -0.36118582821384376 -0.008304346255813689 -0.0019119139518567593
-0.11302965135827867 -0.3371610030719336 30 nil_vol 0.6 nil_bias 0.54 Home 0.005 0.01 0.001 -0.09938565738995571 -0.33401973925374634 -0.013643993968322958 -0.0031412638181872302
-0.10938711515287464 -0.24398592029434132 30 nil_vol 0.6 nil_bias 0.54 Home 0.005 0.01 0.001 -0.11957421209522415 -0.24633130091468336 0.01018709694234951 0.0023453806203420345
-0.2053610887044278 0.11384418023933943 30 nil_vol 0.6 nil_bias 0.54 Home 0.005 0.01 0.001 -0.2026417421355391 0.11447025681235712 -0.002719346568888688 -0.0006260765730176866
-0.2471016234680182 0.3075805423033616 30 nil_vol 0.6 nil_bias 0.54 Left 0.005 0.01 0.001 -0.4 0.35 0.15289837653198182 -0.042419457696638366
-0.22615413218318028 0.24172188001064007 31 nil_vol 0.6 nil_bias 0.54 Left 0.005 0.01 0.001 -0.23054480687361278 0.24063597272888052 0.004390674690432488 0.0010859072817595591
-0.20380184703424 0.09101171760019573 31 nil_vol 0.6 nil_bias 0.54 Left 0.005 0.01 0.001 -0.19413108410931812 0.09340350305932493 -0.009670762924921888 -0.002391785459129206
-0.19167860646419735 0.07381132264045615 31 nil_vol 0.6 nil_bias 0.54 Left 0.005 0.01 0.001 -0.18942346317066736 0.07436906756498715 -0.0022551432935300057 -0.0005577449245310065
-0.13926155365622578 -0.124458633164313 31 nil_vol 0.6 nil_bias 0.54 Left 0.005 0.01 0.001 -0.14019221531086568 -0.1246888055954043 0.0009306616546398835 0.00023017243109129155
-0.13464444890965097 -0.1862228535686938 31 nil_vol 0.6 nil_bias 0.54 Left 0.005 0.01 0.001 -0.12553098643003258 -0.18396890036869362 -0.009113462479618388 -0.002253953200000187
-0.07558036835233402 -0.4089942713905857 31 nil_vol 0.6 nil_bias 0.54 Left 0.005 0.01 0.001 -0.07020615280081502 -0.4076651135247441 -0.005374215551518999 -0.0013291578658415938
-0.0002728868562966065 -0.7466895864835681 31 nil_vol 0.6 nil_bias 0.54 Left 0.005 0.01 0.001 0.012839742689704142 -0.7434465541682737 -0.013112629546000749 -0.003243032315294391
0.013602766615749452 -0.7465317069216957 31 nil_vol 0.6 nil_bias 0.54 Home 0.005 0.01 0.001 0.0 -0.75 0.013602766615749452 0.003468293078304329
-0.016121681151781458 -0.6382320785017502 32 nil_vol 0.6 nil_bias 0.43 Home 0.005 0.01 0.001 -0.02748879035706646 -0.6427320169470307 0.011367109205285001 0.004499938445280473
-0.12556827168945509 -0.450444134799462 32 nil_vol 0.6 nil_bias 0.43 Home 0.005 0.01 0.001 -0.10658540389386498 -0.44292931858257045 -0.018982867795590115 -0.007514816216891514
-0.093358018862874 -0.4251332300797692 32 nil_vol 0.6 nil_bias 0.43 Home 0.005 0.01 0.001 -0.11088383183702354 -0.4320712367587676 0.01752581297414954 0.006938006678998338
-0.16326633788513356 -0.3268023670034935 32 nil_vol 0.6 nil_bias 0.43 Home 0.005 0.01 0.001 -0.15400793699512752 -0.3231372105108132 -0.009258400890006041 -0.0036651564926803706
-0.28897242871241324 0.015745184119839852 32 nil_vol 0.6 nil_bias 0.43 Home 0.005 0.01 0.001 -0.28827225843220194 0.016022363049439714 -0.0007001702802112973 -0.00027717892959986057
-0.3007585928645151 0.03332119246448988 32 nil_vol 0.6 nil_bias 0.43 Home 0.005 0.01 0.001 -0.29588428922938254 0.03525080059313401 -0.0048743036351325915 -0.001929608128644135
-0.40657735211511004 0.36820682319458303 32 nil_vol 0.6 nil_bias 0.43 Home 0.005 0.01 0.001 -0.42483199559738616 0.36098029175837665 0.018254643482276126 0.007226531436206377
-0.4371879547292822 0.39219217131988626 32 nil_vol 0.6 nil_bias 0.43 Left 0.005 0.01 0.001 -0.4 0.35 -0.037187954729282144 0.04219217131988627
-0.3317331403618541 0.1491696539477846 33 nil_vol 0.6 nil_bias 0.43 Left 0.005 0.01 0.001 -0.3329850614316263 0.1486340372739192 0.0012519210697722366 0.0005356166738653978
-0.3424452490791251 0.1324799740858424 33 nil_vol 0.6 nil_bias 0.43 Left 0.005 0.01 0.001 -0.3286068106282438 0.13840055370824667 -0.013838438450881287 -0.0059205796224042736
-0.32203964566753474 0.11091569368549688 33 nil_vol 0.6 nil_bias 0.43 Left 0.005 0.01 0.001 -0.3176510981243777 0.11279327150962726 -0.004388547543157026 -0.0018775778241303766
-0.26889937717723233 0.03692805425741276 33 nil_vol 0.6 nil_bias 0.43 Left 0.005 0.01 0.001 -0.2826722130193168 0.0310355417807488 0.01377283584208443 0.005892512476663961
-0.19696955014074968 -0.18229384256980327 33 nil_vol 0.6 nil_bias 0.43 Left 0.005 0.01 0.001 -0.19226364654859884 -0.1802804884611312 -0.004705903592150841 -0.0020133541086720663
-0.16568549699248886 -0.25833302631659755 33 nil_vol 0.6 nil_bias 0.43 Left 0.005 0.01 0.001 -0.15992449003507386 -0.2558682611974935 -0.005761006957415005 -0.0024647651191040533
-0.1566705999976202 -0.3115206984637114 33 nil_vol 0.6 nil_bias 0.43 Left 0.005 0.01 0.001 -0.1392948938874936 -0.30408674904191446 -0.017375706110126593 -0.0074339494217969
0.06579662816376687 -0.7834564367603266 33 nil_vol 0.6 nil_bias 0.43 Home 0.005 0.01 0.001 0.0 -0.75 0.06579662816376687 -0.033456436760326586
-0.021891206420673884 -0.5016805805729049 34 nil_vol 0.6 nil_bias 0.43 Home 0.005 0.01 0.001 -0.04003294938373189 -0.5086675180474911 0.018141742963058007 0.006986937474586222
-0.07822617990247643 -0.4137797021121013 34 nil_vol 0.6 nil_bias 0.43 Home 0.005 0.01 0.001 -0.07679013746604572 -0.4132266384547325 -0.0014360424364307097 -0.0005530636573688152
-0.14514676374750052 -0.24807838183975042 34 nil_vol 0.6 nil_bias 0.43 Home 0.005 0.01 0.001 -0.14100768863479463 -0.24648429801472982 -0.004139075112705891 -0.0015940838250205955
-0.21372124303070686 -0.12434847324074765 34 nil_vol 0.6 nil_bias 0.43 Home 0.005 0.01 0.001 -0.19136231147519972 -0.11573736806221036 -0.02235893155550715 -0.008611105178537293
-0.24656012776841635 0.03316054627788955 34 nil_vol 0.6 nil_bias 0.43 Home 0.005 0.01 0.001 -0.24843007079095702 0.03244037429628144 0.001869943022540674 0.0007201719816081096
-0.25020605648299726 0.04664595073299462 34 nil_vol 0.6 nil_bias 0.43 Home 0.005 0.01 0.001 -0.2534237977677895 0.04540670061176766 0.003217741284792233 0.0012392501212269646
-0.2807345901853842 0.10728790275065317 34 nil_vol 0.6 nil_bias 0.43 Home 0.005 0.01 0.001 -0.277705433508137 0.10845452319874072 -0.00302915667724723 -0.0011666204480875423
-0.4185626383414022 0.47419347733633216 34 nil_vol 0.6 nil_bias 0.43 Left 0.005 0.01 0.001 -0.4 0.35 -0.01856263834140219 0.12419347733633217
-0.37763708412258823 0.3389018843013899 35 nil_vol 0.6 nil_bias 0.43 Left 0.005 0.01 0.001 -0.3789678532787845 0.3385135327372494 0.001330769156196289 0.0003883515641405222
-0.28984827366952304 0.06753705898277876 35 nil_vol 0.6 nil_bias 0.43 Left 0.005 0.01 0.001 -0.29910210103304946 0.06483656181978187 0.009253827363526403 0.00270049716299689
-0.2525827504074188 -0.11207582483875159 35 nil_vol 0.6 nil_bias 0.43 Left 0.005 0.01 0.001 -0.24787553761447564 -0.11070214297787434 -0.004707212792943162 -0.0013736818608772404
-0.15052270748078064 -0.3623526195203368 35 nil_vol 0.6 nil_bias 0.43 Left 0.005 0.01 0.001 -0.17256085694056564 -0.3687839000873833 0.022038149459784984 0.006431280567046531
-0.16355479399085487 -0.3935014750640131 35 nil_vol 0.6 nil_bias 0.43 Left 0.005 0.01 0.001 -0.1652069525696629 -0.3939836160614211 0.0016521585788080275 0.0004821409974079988
-0.1259758496387704 -0.4442866447529058 35 nil_vol 0.6 nil_bias 0.43 Left 0.005 0.01 0.001 -0.14860051980642647 -0.45088908666167865 0.022624670167656076 0.00660244190877284
-0.10810860521921764 -0.5687318745810719 35 nil_vol 0.6 nil_bias 0.43 Left 0.005 0.01 0.001 -0.1137321500362003 -0.5703729649351132 0.005623544816982657 0.0016410903540413988
-0.06031199210740218 -0.753428487443723 35 nil_vol 0.6 nil_bias 0.43 Home 0.005 0.01 0.001 0.0 -0.75 -0.06031199210740218 -0.00342848744372301
0.02611435760797028 -0.5319949250474297 36 nil_vol 0.6 nil_bias 0.43 Home 0.005 0.01 0.001 0.028668393420598764 -0.5330260346762311 -0.002554035812628484 0.0010311096288013863
0.17210780152276728 -0.20869745094245076 36 nil_vol 0.6 nil_bias 0.43 Home 0.005 0.01 0.001 0.1613577362208924 -0.20435745861023702 0.010750065301874894 -0.0043399923322137305
0.1779059749311452 -0.1391722819536184 36 nil_vol 0.6 nil_bias 0.43 Home 0.005 0.01 0.001 0.18630518009016922 -0.14256319028424003 -0.008399205159024006 0.003390908330621638
0.24750755134963476 -0.0024012421488691918 36 nil_vol 0.6 nil_bias 0.43 Home 0.005 0.01 0.001 0.24353803252944367 -0.0007986768845258396 0.003969518820191092 -0.001602565264343352
0.30839189468272216 0.13258247687992702 36 nil_vol 0.6 nil_bias 0.43 Home 0.005 0.01 0.001 0.29892875266478175 0.13640291542083038 0.009463142017940384 -0.0038204385409033675
0.3085299521364095 0.20878768534804432 36 nil_vol 0.6 nil_bias 0.43 Home 0.005 0.01 0.001 0.325401852333036 0.20197619951730583 -0.0168719001966265 0.00681148583073849
0.3879722700059454 0.37842803927095986 36 nil_vol 0.6 nil_bias 0.43 Home 0.005 0.01 0.001 0.3954240445475605 0.37541962551124486 -0.007451774541615104 0.0030084137597149833
0.435534666737772 0.474772752161509 36 nil_vol 0.6 nil_bias 0.43 Right 0.005 0.01 0.001 0.4 0.35 0.03553466673777201 0.12477275216150903
0.3957877702727082 0.36253992349480535 37 nil_vol 0.6 nil_bias 0.43 Right 0.005 0.01 0.001 0.39502227955300256 0.3628169243175431 0.0007654907197056296 -0.00027700082273773055
0.383481279628734 0.3161122890054093 37 nil_vol 0.6 nil_bias 0.43 Right 0.005 0.01 0.001 0.37874226019062507 0.3178271527516753 0.004739019438108938 -0.0017148637462660273
0.3433068807006645 0.1834614766275584 37 nil_vol 0.6 nil_bias 0.43 Right 0.005 0.01 0.001 0.33164736667827066 0.1876805937164856 0.011659514022393869 -0.004219117088927206
0.30985974887841433 0.18006497453522408 37 nil_vol 0.6 nil_bias 0.43 Right 0.005 0.01 0.001 0.32668802978852696 0.17397548509091648 -0.01682828091011264 0.006089489444307584
0.26667450228979267 0.030264534837573093 37 nil_vol 0.6 nil_bias 0.43 Right 0.005 0.01 0.001 0.2737572794265742 0.02770155785607431 -0.007082777136781511 0.002562976981498784
0.24853944520604124 -0.024912452925406885 37 nil_vol 0.6 nil_bias 0.43 Right 0.005 0.01 0.001 0.2540029426659668 -0.026889476620752084 -0.005463497459925556 0.0019770236953452
0.20903578931280414 -0.15674715295594244 37 nil_vol 0.6 nil_bias 0.43 Right 0.005 0.01 0.001 0.20724683536162716 -0.15609980125910344 0.0017889539511769916 -0.000647351696838992
-0.007978621612571634 -0.7508745327195355 37 nil_vol 0.6 nil_bias 0.43 Home 0.005 0.01 0.001 0.0 -0.75 -0.007978621612571634 -0.000874532719535531
-0.04616172142201719 -0.6303222982156301 38 nil_vol 0.6 nil_bias 0.43 Home 0.005 0.01 0.001 -0.03983406229960734 -0.6286728094484824 -0.006327659122409847 -0.0016494887671478094
-0.05775320865916962 -0.5489238341359668 38 nil_vol 0.6 nil_bias 0.43 Home 0.005 0.01 0.001 -0.06044035561103796 -0.5496243173047084 0.0026871469518683386 0.0007004831687415934
-0.0675341201779348 -0.5271048356738145 38 nil_vol 0.6 nil_bias 0.43 Home 0.005 0.01 0.001 -0.06638855978988191 -0.5268062119718059 -0.0011455603880528844 -0.00029862370200863176
-0.0820942471775739 -0.4296402915711567 38 nil_vol 0.6 nil_bias 0.43 Home 0.005 0.01 0.001 -0.09110535166340232 -0.43198929858013546 0.009011104485828423 0.002349007008978776
-0.11712606601446901 -0.29777449288238816 38 nil_vol 0.6 nil_bias 0.43 Home 0.005 0.01 0.001 -0.12552182988359914 -0.2999630934257881 0.008395763869130136 0.0021886005433999103
-0.2586215900025323 0.13736676040851017 38 nil_vol 0.6 nil_bias 0.43 Home 0.005 0.01 0.001 -0.24073973854956413 0.14202818614856227 -0.0178818514529682 -0.004661425740052106
-0.252416734658667 0.2119758662275432 38 nil_vol 0.6 nil_bias 0.43 Home 0.005 0.01 0.001 -0.25855642574415444 0.21037537680746643 0.006139691085487479 0.001600489420076757
-0.3010990676623535 0.3735746307742475 38 nil_vol 0.6 nil_bias 0.43 Left 0.005 0.01 0.001 -0.4 0.35 0.09890093233764652 0.023574630774247547
-0.271895858663919 0.30411058245358885 39 nil_vol 0.6 nil_bias 0.43 Left 0.005 0.01 0.001 -0.2842827424189462 0.3012312337560908 0.012386883755027146 0.0028793486974980644
-0.2746281904348732 0.2511625782559284 39 nil_vol 0.6 nil_bias 0.43 Left 0.005 0.01 0.001 -0.2727459184805939 0.2516001150413763 -0.0018822719542793377 -0.00043753678544789654
-0.27466881475993776 0.24899105053382434 39 nil_vol 0.6 nil_bias 0.43 Left 0.005 0.01 0.001 -0.2722691029517655 0.24954886694720815 -0.002399711808172281 -0.0005578164133838229
-0.2275389648798657 0.039178960504898025 39 nil_vol 0.6 nil_bias 0.43 Left 0.005 0.01 0.001 -0.22358212250888965 0.04009873412612469 -0.003956842370976049 -0.0009197736212266626
-0.0949520730260451 -0.44163535064858284 39 nil_vol 0.6 nil_bias 0.43 Left 0.005 0.01 0.001 -0.1107487964353841 -0.4453073214099907 0.015796723409339006 0.0036719707614078414
-0.08066941349416143 -0.5715570593615497 39 nil_vol 0.6 nil_bias 0.43 Left 0.005 0.01 0.001 -0.08136431757318444 -0.5717185908003193 0.0006949040790230032 0.00016153143876957224
-0.05501752136265156 -0.6777510487590763 39 nil_vol 0.6 nil_bias 0.43 Left 0.005 0.01 0.001 -0.05662980475630566 -0.6781258263206751 0.0016122833936541038 0.0003747775615987065
-0.03820564005979969 -0.7573861071534199 39 nil_vol 0.6 nil_bias 0.43 Home 0.005 0.01 0.001 0.0 -0.75 -0.03820564005979969 -0.007386107153419965
-0.10287836692421229 -0.6075548969545256 40 nil_vol 0.6 nil_bias 0.43 Home 0.005 0.01 0.001 -0.09434865693800049 -0.6044241598005503 -0.008529709986211796 -0.0031307371539753253
-0.15370601981210832 -0.47559270369446444 40 nil_vol 0.6 nil_bias 0.43 Home 0.005 0.01 0.001 -0.14306797307690833 -0.4716881244985183 -0.01063804673519999 -0.0039045791959461287
-0.21494516811321362 -0.3135816907134873 40 nil_vol 0.6 nil_bias 0.43 Home 0.005 0.01 0.001 -0.20274305797707365 -0.3091030390803292 -0.012202110136139978 -0.004478651633158092
-0.23121266910568783 -0.24368980397885995 40 nil_vol 0.6 nil_bias 0.43 Home 0.005 0.01 0.001 -0.2272818274825456 -0.24224703137160164 -0.003930841623142215 -0.0014427726072583067
-0.23894903998019196 -0.20982333765964356 40 nil_vol 0.6 nil_bias 0.43 Home 0.005 0.01 0.001 -0.23915486311455225 -0.20989888279950542 0.0002058231343602839 7.554513986185088e-05
-0.3166170738065633 0.004031246274782957 40 nil_vol 0.6 nil_bias 0.43 Home 0.005 0.01 0.001 -0.31754991664477333 0.003688856470542845 0.0009328428382100464 0.0003423898042401121
-0.38922868342303324 0.17708301624085268 40 nil_vol 0.6 nil_bias 0.43 Home 0.005 0.01 0.001 -0.3821464560071141 0.17968247068183163 -0.007082227415919154 -0.0025994544409789506
-0.4552761235954539 0.37892463801758436 40 nil_vol 0.6 nil_bias 0.43 Left 0.005 0.01 0.001 -0.4 0.35 -0.05527612359545384 0.028924638017584377
-0.4305930471616546 0.27209372568197276 41 nil_vol 0.6 nil_bias 0.43 Left 0.005 0.01 0.001 -0.4127962717534612 0.2797139138080965 -0.017796775408193383 -0.007620188126123723
-0.3699814070949067 0.19726939278103756 41 nil_vol 0.6 nil_bias 0.43 Left 0.005 0.01 0.001 -0.37633119269737675 0.19455055412956493 0.006349785602470066 0.0027188386514726305
-0.2752037956629747 -0.042223712860778445 41 nil_vol 0.6 nil_bias 0.43 Left 0.005 0.01 0.001 -0.2749890294204681 -0.04213175467546093 -0.0002147662425065813 -9.195818531751601e-05
-0.23450154662837186 -0.1067077775112135 41 nil_vol 0.6 nil_bias 0.43 Left 0.005 0.01 0.001 -0.24535006673148177 -0.11135287541123384 0.010848520103109924 0.004645097900020342
-0.09148073242173005 -0.4467806635029494 41 nil_vol 0.6 nil_bias 0.43 Left 0.005 0.01 0.001 -0.10013974660232694 -0.45048826308374446 0.008659014180596884 0.0037075995807950434
-0.054468900300793065 -0.5582894727334677 41 nil_vol 0.6 nil_bias 0.43 Left 0.005 0.01 0.001 -0.05405713014623109 -0.5581131618023852 -0.00041177015456197183 -0.00017631093108253111
0.03751515899681092 -0.7211825962715557 41 nil_vol 0.6 nil_bias 0.43 Left 0.005 0.01 0.001 0.019135313195857484 -0.7290524423262477 0.01837984580095343 0.007869846054691999
0.025742461818232008 -0.7444832870999933 41 nil_vol 0.6 nil_bias 0.43 Home 0.005 0.01 0.001 0.0 -0.75 0.025742461818232008 0.005516712900006714
0.0432783849075482 -0.7024586019070571 42 nil_vol 0.6 nil_bias 0.43 Home 0.005 0.01 0.001 0.043244366584030094 -0.70244443916265 3.401832351810634e-05 -1.4162744407111168e-05
0.05958309052042546 -0.6650653891548659 42 nil_vol 0.6 nil_bias 0.43 Home 0.005 0.01 0.001 0.058921026299519244 -0.6647897539861664 0.0006620642209062118 -0.0002756351686995134
0.18542754561547442 -0.32445993230789877 42 nil_vol 0.6 nil_bias 0.43 Home 0.005 0.01 0.001 0.19836676733134417 -0.32984687884249997 -0.012939221715869744 0.0053869465346012045
0.20634192954942704 -0.30398280058582916 42 nil_vol 0.6 nil_bias 0.43 Home 0.005 0.01 0.001 0.20872212499457798 -0.304973740063217 -0.002380195445150933 0.0009909394773878427
0.2485484880243131 -0.17943991113990485 42 nil_vol 0.6 nil_bias 0.43 Home 0.005 0.01 0.001 0.2591480391422248 -0.18385278978259256 -0.010599551117911696 0.0044128786426877184
0.3275993570696123 -0.03381308700251333 42 nil_vol 0.6 nil_bias 0.43 Home 0.005 0.01 0.001 0.32249784449186253 -0.03168918990070946 0.005101512577749753 -0.002123897101803873
0.45207148187319296 0.3180338656919587 42 nil_vol 0.6 nil_bias 0.43 Home 0.005 0.01 0.001 0.4657296314140878 0.31234761013857026 -0.013658149540894815 0.005686255553388418
0.47946331712108653 0.34533535248899305 42 nil_vol 0.6 nil_bias 0.43 Right 0.005 0.01 0.001 0.4 0.35 0.0794633171210865 -0.004664647511006926
0.42841865387756456 0.2130987654363164 43 nil_vol 0.6 nil_bias 0.43 Right 0.005 0.01 0.001 0.42190074962766755 0.2159996449414003 0.006517904249896991 -0.0029008795050839103
0.22516195365286543 -0.23172412228649764 43 nil_vol 0.6 nil_bias 0.43 Right 0.005 0.01 0.001 0.2230530907927204 -0.23078554497460724 0.0021088628601450303 -0.0009385773118904035
0.10282883484391245 -0.500481254407712 43 nil_vol 0.6 nil_bias 0.43 Right 0.005 0.01 0.001 0.1029896026828862 -0.50055280626108 -0.0001607678389737631 7.155185336805003e-05
0.016661703931040907 -0.6842240875321765 43 nil_vol 0.6 nil_bias 0.43 Right 0.005 0.01 0.001 0.020486624252897934 -0.685926418917365 -0.003824920321857026 0.0017023313851886295
0.00572398019345887 -0.71681137329345 43 nil_vol 0.6 nil_bias 0.43 Right 0.005 0.01 0.001 0.006572742784614671 -0.7171891263120533 -0.0008487625911558016 0.0003777530186032866
-0.03223054681767833 -0.7440224793899551 43 nil_vol 0.6 nil_bias 0.43 Right 0.005 0.01 0.001 -0.009810739929699441 -0.7540007110140703 -0.02241980688797889 0.009978231624115203
-0.005420330996952113 -0.7618516207967038 43 nil_vol 0.6 nil_bias 0.43 Right 0.005 0.01 0.001 -0.012001320396581916 -0.7589226644112426 0.006580989399629803 -0.002928956385461212
-0.015661151981984926 -0.7671458366604171 43 nil_vol 0.6 nil_bias 0.43 Home 0.005 0.01 0.001 0.0 -0.75 -0.015661151981984926 -0.0171458366604171
0.0343376063166705 -0.6108641863830393 44 nil_vol 0.6 nil_bias 0.43 Home 0.005 0.01 0.001 0.037865414867646205 -0.6120819520849204 -0.0035278085509757007 0.0012177657018811745
0.12538845946267668 -0.3245125497442785 44 nil_vol 0.6 nil_bias 0.43 Home 0.005 0.01 0.001 0.1358813242947404 -0.3281345861224795 -0.010492864832063718 0.003622036378200949
0.22797733241669108 -0.08881354704584378 44 nil_vol 0.6 nil_bias 0.43 Home 0.005 0.01 0.001 0.21950248578553036 -0.0858881112102522 0.008474846631160706 -0.0029254358355915817
0.27010017605538406 0.10075268200787041 44 nil_vol 0.6 nil_bias 0.43 Home 0.005 0.01 0.001 0.28245673544794325 0.0964873161287173 -0.012356559392559209 0.004265365879153098
0.31007001279570495 0.1410651353446349 44 nil_vol 0.6 nil_bias 0.43 Home 0.005 0.01 0.001 0.2991462124002873 0.14483592654929267 0.0109238003954176 -0.003770791204657748
0.3046119641203073 0.14445717231149405 44 nil_vol 0.6 nil_bias 0.43 Home 0.005 0.01 0.001 0.2996113279841093 0.1461833439804655 0.005000636136198012 -0.0017261716689714668
0.3211458126208551 0.16966567533096508 44 nil_vol 0.6 nil_bias 0.43 Home 0.005 0.01 0.001 0.30914694577414087 0.17380756917135687 0.011998866846714244 -0.0041418938403917855
0.34194460938141047 0.26882082003481406 44 nil_vol 0.6 nil_bias 0.43 Right 0.005 0.01 0.001 0.4 0.35 -0.05805539061858954 -0.08117917996518591
0.35023141394389623 0.23966595181568953 45 nil_vol 0.6 nil_bias 0.43 Right 0.005 0.01 0.001 0.33449152538861887 0.24448680487557214 0.01573988855527737 -0.0048208530598826205
0.30972037079121517 0.2038756735425719 45 nil_vol 0.6 nil_bias 0.43 Right 0.005 0.01 0.001 0.3209953503925879 0.20042234414189025 -0.011274979601372769 0.003453329400681655
0.1706258031020105 -0.28631479607847093 45 nil_vol 0.6 nil_bias 0.43 Right 0.005 0.01 0.001 0.17180558791742848 -0.2866761435694291 -0.0011797848154179843 0.00036134749095817953
0.15440524768913186 -0.3127830913105222 45 nil_vol 0.6 nil_bias 0.43 Right 0.005 0.01 0.001 0.16300294434715984 -0.3154164156886608 -0.008597696658027983 0.0026333243781386092
0.15253317051451468 -0.3181663782503129 45 nil_vol 0.6 nil_bias 0.43 Right 0.005 0.01 0.001 0.16133498907450375 -0.32086222160323347 -0.008801818559989063 0.0026958433529205615
0.0501120153990662 -0.6732829293973844 45 nil_vol 0.6 nil_bias 0.43 Right 0.005 0.01 0.001 0.05311314617133428 -0.6742021233558286 -0.00300113077226808 0.0009191939584442319
0.05030308004180799 -0.7071897043878087 45 nil_vol 0.6 nil_bias 0.43 Right 0.005 0.01 0.001 0.04363513889230647 -0.7051474304300993 0.006667941149501521 -0.002042273957709428
0.027103326266752176 -0.7591231241736642 45 nil_vol 0.6 nil_bias 0.43 Home 0.005 0.01 0.001 0.0 -0.75 0.027103326266752176 -0.00912312417366425
0.02966100273004892 -0.7352974086292875 46 nil_vol 0.6 nil_bias 0.43 Home 0.005 0.01 0.001 0.03356455422723264 -0.736407746129724 -0.0039035514971837207 0.0011103375004365066
0.043186097026418215 -0.7098636282734714 46 nil_vol 0.6 nil_bias 0.43 Home 0.005 0.01 0.001 0.04126987710175381 -0.7093185731248526 0.001916219924664405 -0.0005450551486187729
0.06985327272101106 -0.6211984774145513 46 nil_vol 0.6 nil_bias 0.43 Home 0.005 0.01 0.001 0.06659836018880708 -0.6202726406610835 0.003254912532203987 -0.0009258367534677715
0.12903358696794182 -0.35796206583390644 46 nil_vol 0.6 nil_bias 0.43 Home 0.005 0.01 0.001 0.14029925988836545 -0.3611665064875581 -0.011265672920423641 0.0032044406536516877
0.21325201553486883 -0.15475534862774834 46 nil_vol 0.6 nil_bias 0.43 Home 0.005 0.01 0.001 0.20007737823615498 -0.15100791661411528 0.013174637298713859 -0.0037474320136330545
0.20218344007214514 -0.10809455876940971 46 nil_vol 0.6 nil_bias 0.43 Home 0.005 0.01 0.001 0.21152775083213246 -0.11075248160199735 -0.00934431075998733 0.002657922832587642
0.29420994301422876 0.1437231419826484 46 nil_vol 0.6 nil_bias 0.43 Home 0.005 0.01 0.001 0.28468238784849936 0.14643318738505162 0.009527555165729408 -0.002710045402403212
0.3567226425023796 0.39970108457946135 46 nil_vol 0.6 nil_bias 0.43 Right 0.005 0.01 0.001 0.4 0.35 -0.04327735749762038 0.049701084579461374
0.32682483537759593 0.2684694644322101 47 nil_vol 0.6 nil_bias 0.43 Right 0.005 0.01 0.001 0.3091736766967298 0.27521133977176593 0.01765115868086612 -0.006741875339555843
0.2147562598632265 0.012103557361908237 47 nil_vol 0.6 nil_bias 0.43 Right 0.005 0.01 0.001 0.20945309184974123 0.014129106975849126 0.005303168013485279 -0.002025549613940889
0.19229077101394382 -0.022075700546746513 47 nil_vol 0.6 nil_bias 0.43 Right 0.005 0.01 0.001 0.19520018949789752 -0.023186955455506586 -0.002909418483953712 0.0011112549087600745
0.08485984834946458 -0.28552528530023924 47 nil_vol 0.6 nil_bias 0.43 Right 0.005 0.01 0.001 0.09370888293198415 -0.2889051817200384 -0.00884903458251957 0.003379896419799118
-0.0007576830432214042 -0.5495659854572703 47 nil_vol 0.6 nil_bias 0.43 Right 0.005 0.01 0.001 -0.0052023237983679915 -0.5478683510729174 0.004444640755146587 -0.0016976343843529075
-0.053665803884586916 -0.7003455440992092 47 nil_vol 0.6 nil_bias 0.43 Right 0.005 0.01 0.001 -0.06219659302029784 -0.697087201803338 0.008530789135710926 -0.0032583422958712117
-0.05989926510599072 -0.709497517514038 47 nil_vol 0.6 nil_bias 0.43 Right 0.005 0.01 0.001 -0.06604076251104102 -0.7071517672632095 0.006141497405050297 -0.0023457502508284684
-0.1030791992990207 -0.8041234987338377 47 nil_vol 0.6 nil_bias 0.43 Home 0.005 0.01 0.001 0.0 -0.75 -0.1030791992990207 -0.0541234987338377
-0.04952631525338563 -0.7060011897398666 48 nil_vol 0.6 nil_bias 0.43 Home 0.005 0.01 0.001 -0.05739920887769761 -0.7024635744230652 0.007872893624311978 -0.0035376153168014653
0.06686653785763327 -0.3974486200280867 48 nil_vol 0.6 nil_bias 0.43 Home 0.005 0.01 0.001 0.07750798326325732 -0.40223025967117687 -0.01064144540562405 0.004781639643090198
0.09346231888079243 -0.37448147302282947 48 nil_vol 0.6 nil_bias 0.43 Home 0.005 0.01 0.001 0.09056220962019519 -0.3731783345034667 0.002900109260597235 -0.001303138519362776
0.09226755560582225 -0.3335246687498531 48 nil_vol 0.6 nil_bias 0.43 Home 0.005 0.01 0.001 0.10567347831471256 -0.3395485018884561 -0.013405922708890303 0.00602383313860302
0.2556545178920917 -0.013762340797806721 48 nil_vol 0.6 nil_bias 0.43 Home 0.005 0.01 0.001 0.252666017278022 -0.012419484403309533 0.002988500614069681 -0.0013428563944971887
0.3161114510113917 0.11722065913893864 48 nil_vol 0.6 nil_bias 0.43 Home 0.005 0.01 0.001 0.31179100323967157 0.11916201424190609 0.004320447771720154 -0.0019413551029674517
0.3715476409454126 0.26299744237199196 48 nil_vol 0.6 nil_bias 0.43 Home 0.005 0.01 0.001 0.37560331362612054 0.2611750616210442 -0.004055672680707941 0.0018223807509477824
0.4048739691345707 0.3263163323627895 48 nil_vol 0.6 nil_bias 0.43 Right 0.005 0.01 0.001 0.4 0.35 0.004873969134570677 -0.023683667637210453
0.3605843088072181 0.2433494843254638 49 nil_vol 0.6 nil_bias 0.43 Right 0.005 0.01 0.001 0.37145353804510284 0.2391806488704431 -0.010869229237884753 0.004168835455020709
0.34850891798085026 0.18644187967902906 49 nil_vol 0.6 nil_bias 0.43 Right 0.005 0.01 0.001 0.3508774370561281 0.18553344669994573 -0.002368519075277862 0.000908432979083324
0.2878704860118774 0.005564207577882613 49 nil_vol 0.6 nil_bias 0.43 Right 0.005 0.01 0.001 0.28262310956555364 0.007576811093413238 0.005247376446323772 -0.002012603515530625
0.11279081416405196 -0.419617772706289 49 nil_vol 0.6 nil_bias 0.43 Right 0.005 0.01 0.001 0.11800747824524388 -0.4216185966564184 -0.005216664081191925 0.002000823950129344
0.10463717967714624 -0.4538970140887361 49 nil_vol 0.6 nil_bias 0.43 Right 0.005 0.01 0.001 0.1055002922449102 -0.45422805635451396 -0.0008631125677639557 0.00033104226577786107
0.10043489070334613 -0.49407940110761606 49 nil_vol 0.6 nil_bias 0.43 Right 0.005 0.01 0.001 0.09152606596217716 -0.49066246844102906 0.008908824741168966 -0.0034169326665869945
0.01022573707038375 -0.7448209327457673 49 nil_vol 0.6 nil_bias 0.43 Right 0.005 0.01 0.001 -0.0038800209696489563 -0.7394107437663806 0.014105758040032706 -0.005410188979386698
-0.018403500756602947 -0.7772772013993084 49 nil_vol 0.6 nil_bias 0.43 Home 0.005 0.01 0.001 0.0 -0.75 -0.018403500756602947 -0.027277201399308403
-0.0184468006226334 -0.720218791476348 50 nil_vol 0.6 nil_bias 0.43 Home 0.005 0.01 0.001 -0.033293831155464665 -0.7243997245143775 0.014847030532831266 0.004180933038029437
-0.0697774114085356 -0.6739905524121917 50 nil_vol 0.6 nil_bias 0.43 Home 0.005 0.01 0.001 -0.04912666692966702 -0.6681752899150424 -0.020650744478868586 -0.005815262497149395
-0.10383306062753916 -0.49318490955888755 50 nil_vol 0.6 nil_bias 0.43 Home 0.005 0.01 0.001 -0.09880294929115047 -0.4917684270760928 -0.005030111336388701 -0.0014164824827947251
-0.08707860034028192 -0.4722380507469549 50 nil_vol 0.6 nil_bias 0.43 Home 0.005 0.01 0.001 -0.10303721468904617 -0.4767320064793404 0.015958614348764256 0.004493955732385466
-0.12385567085183666 -0.3720601905911026 50 nil_vol 0.6 nil_bias 0.43 Home 0.005 0.01 0.001 -0.13187679664851462 -0.3743189446073595 0.008021125796677958 0.0022587540162568743
-0.15494915466200576 -0.33535122543867973 50 nil_vol 0.6 nil_bias 0.43 Home 0.005 0.01 0.001 -0.14373907752171067 -0.33219446073943043 -0.011210077140295094 -0.003156764699249303
-0.237362132824941 -0.026134641529703347 50 nil_vol 0.6 nil_bias 0.43 Home 0.005 0.01 0.001 -0.2304720862711959 -0.02419440013217855 -0.006890046553745121 -0.001940241397524795
-0.3161145780991476 0.2799330947383573 50 nil_vol 0.6 nil_bias 0.43 Left 0.005 0.01 0.001 -0.4 0.35 0.08388542190085241 -0.07006690526164265
-0.28910683768111867 0.17928411164969627 51 nil_vol 0.6 nil_bias 0.43 Left 0.005 0.01 0.001 -0.2851854100160783 0.1805039399346401 -0.003921427665040389 -0.0012198282849438247
-0.23723604077964572 -0.022234500086497033 51 nil_vol 0.6 nil_bias 0.43 Left 0.005 0.01 0.001 -0.22345371037808523 -0.017947266483759772 -0.013782330401560497 -0.004287233602737262
-0.18968886445451186 -0.09401759143838756 51 nil_vol 0.6 nil_bias 0.43 Left 0.005 0.01 0.001 -0.19889946772434963 -0.09688270979569086 0.009210603269837778 0.0028651183573032914
-0.124961828478324 -0.3294468937200727 51 nil_vol 0.6 nil_bias 0.43 Left 0.005 0.01 0.001 -0.12641565642563063 -0.3298991321911215 0.001453827947306632 0.00045223847104883025
-0.11397177374190187 -0.3438599733209576 51 nil_vol 0.6 nil_bias 0.43 Left 0.005 0.01 0.001 -0.12135816512972314 -0.34615763884182266 0.007386391387821265 0.0022976655208651027
-0.11123343115278161 -0.43729785120159514 51 nil_vol 0.6 nil_bias 0.43 Left 0.005 0.01 0.001 -0.0946154237541656 -0.4321285309448542 -0.01661800739861602 -0.0051693202567409295
-0.06993347633318313 -0.530866786299473 51 nil_vol 0.6 nil_bias 0.43 Left 0.005 0.01 0.001 -0.06443337759658102 -0.5291558849181461 -0.00550009873660211 -0.0017109013813268814
-0.004325278754567222 -0.7223876410607002 51 nil_vol 0.6 nil_bias 0.43 Home 0.005 0.01 0.001 0.0 -0.75 -0.004325278754567222 0.027612358939299832
-0.007840508826787792 -0.7092659465108045 52 nil_vol 0.6 nil_bias 0.43 Home 0.005 0.01 0.001 0.00023762889850994194 -0.713339843742865 -0.008078137725297734 0.00407389723206039
-0.010240919460549875 -0.7007304969083381 52 nil_vol 0.6 nil_bias 0.43 Home 0.005 0.01 0.001 0.003182649967027714 -0.7075001564753101 -0.01342356942757759 0.0067696595669719485
0.24116634498454687 -0.2212952523849301 52 nil_vol 0.6 nil_bias 0.43 Home 0.005 0.01 0.001 0.2469184181651624 -0.2241960886674973 -0.005752073180615536 0.002900836282567188
0.2972331856077617 -0.1399931373574821 52 nil_vol 0.6 nil_bias 0.43 Home 0.005 0.01 0.001 0.29097466030103264 -0.1368368914762046 0.006258525306729045 -0.0031562458812774996
0.34634868083317205 -0.04241145143335852 52 nil_vol 0.6 nil_bias 0.43 Home 0.005 0.01 0.001 0.34016674213078085 -0.03929382905245138 0.0061819387023911935 -0.003117622380907137
0.36685561112037174 0.003961211815092507 52 nil_vol 0.6 nil_bias 0.43 Home 0.005 0.01 0.001 0.36296918797340205 0.005921179451132241 0.0038864231469696786 -0.001959967636039735
0.44070218905171477 0.18643344331491193 52 nil_vol 0.6 nil_bias 0.43 Home 0.005 0.01 0.001 0.4513065735235445 0.18108553095979063 -0.010604384471829709 0.005347912355121301
0.46028530257060224 0.19888946800303822 52 nil_vol 0.6 nil_bias 0.43 Right 0.005 0.01 0.001 0.4 0.35 0.06028530257060223 -0.15111053199696176
0.43132657115883444 0.13066018568450696 53 nil_vol 0.6 nil_bias 0.43 Right 0.005 0.01 0.001 0.4268535309217655 0.1329272667858386 0.004473040237068985 -0.0022670811013316534
0.4059097129500718 0.10468796784391299 53 nil_vol 0.6 nil_bias 0.43 Right 0.005 0.01 0.001 0.41118566275828355 0.10201394626846459 -0.005275949808211768 0.0026740215754483924
0.34553841128687907 -0.01757690200695711 53 nil_vol 0.6 nil_bias 0.43 Right 0.005 0.01 0.001 0.34954416805397576 -0.01960714877021158 -0.0040057567670967 0.0020302467632544686
0.3564076072487855 -0.023423162072808132 53 nil_vol 0.6 nil_bias 0.43 Right 0.005 0.01 0.001 0.3494081122646559 -0.019875592197205166 0.006999494984129586 -0.0035475698756029664
0.32998230033096976 -0.06940293878020028 53 nil_vol 0.6 nil_bias 0.43 Right 0.005 0.01 0.001 0.3254661572270908 -0.06711401175538503 0.004516143103878927 -0.002288927024815245
0.25674825604647983 -0.1969695681611734 53 nil_vol 0.6 nil_bias 0.43 Right 0.005 0.01 0.001 0.2590578784761338 -0.1981401593215407 -0.0023096224296539902 0.0011705911603673114
0.015055617426071529 -0.7053822070041842 53 nil_vol 0.6 nil_bias 0.43 Right 0.005 0.01 0.001 0.004645407724150119 -0.7001059768731559 0.01041020970192141 -0.0052762301310283225
-0.0333566853035778 -0.7750856020422858 53 nil_vol 0.6 nil_bias 0.43 Home 0.005 0.01 0.001 0.0 -0.75 -0.0333566853035778 -0.025085602042285854
-0.09447912261082009 -0.5393330346774731 54 nil_vol 0.6 nil_bias 0.43 Home 0.005 0.01 0.001 -0.11196617975621696 -0.5453157549475407 0.017487057145396882 0.005982720270067581
-0.15571951260497988 -0.403089362574585 54 nil_vol 0.6 nil_bias 0.43 Home 0.005 0.01 0.001 -0.1601110456911439 -0.4045918059984736 0.0043915330861640295 0.0015024434238886158
-0.1989807340316419 -0.3027720139916494 54 nil_vol 0.6 nil_bias 0.43 Home 0.005 0.01 0.001 -0.19536869583137145 -0.3015362535102064 -0.003612038200270457 -0.001235760481442976
-0.2321364440963673 -0.20649090792437785 54 nil_vol 0.6 nil_bias 0.43 Home 0.005 0.01 0.001 -0.2283312608919449 -0.20518906814086624 -0.003805183204422422 -0.001301839783511616
-0.31591488386382793 0.11860484521590564 54 nil_vol 0.6 nil_bias 0.43 Home 0.005 0.01 0.001 -0.33667822166220107 0.11150123476345819 0.02076333779837313 0.007103610452447458
-0.3601979225532517 0.1946322717610294 54 nil_vol 0.6 nil_bias 0.43 Home 0.005 0.01 0.001 -0.3646035694665284 0.19312499967564256 0.004405646913276675 0.0015072720853868305
-0.4101643186850274 0.38169972165089683 54 nil_vol 0.6 nil_bias 0.43 Home 0.005 0.01 0.001 -0.42713311105007457 0.37589431155834396 0.016968792365047173 0.0058054100925528625
-0.4545970242346416 0.45616933656621017 54 nil_vol 0.6 nil_bias 0.43 Left 0.005 0.01 0.001 -0.4 0.35 -0.054597024234641564 0.10616933656621017
-0.4340237006017101 0.40330654684831124 55 nil_vol 0.6 nil_bias 0.43 Left 0.005 0.01 0.001 -0.433938040321728 0.40334004444547916 -8.566027998210425e-05 -3.349759716790765e-05
-0.36640309193644766 0.25147487158174847 55 nil_vol 0.6 nil_bias 0.43 Left 0.005 0.01 0.001 -0.3734701963110435 0.24871126847966632 0.0070671043745958225 0.00276360310208215
-0.2895123089169361 0.051244157840565255 55 nil_vol 0.6 nil_bias 0.43 Left 0.005 0.01 0.001 -0.2953566276345331 0.048958727134947366 0.005844318717596984 0.002285430705617888
-0.21875814817187084 -0.13997370534703085 55 nil_vol 0.6 nil_bias 0.43 Left 0.005 0.01 0.001 -0.2211140178581056 -0.14089497216691593 0.002355869686234787 0.0009212668198850698
-0.1369533422134309 -0.2987557306280817 55 nil_vol 0.6 nil_bias 0.43 Left 0.005 0.01 0.001 -0.15640736480650075 -0.3063632590211032 0.019454022593069855 0.0076075283930214874
-0.13694777344242812 -0.3973278084798835 55 nil_vol 0.6 nil_bias 0.43 Left 0.005 0.01 0.001 -0.12297262386713048 -0.3918628026343227 -0.013975149575297628 -0.0054650058455608126
-0.07273790138010723 -0.5707500749651014 55 nil_vol 0.6 nil_bias 0.43 Left 0.005 0.01 0.001 -0.05563400592075912 -0.5640615677571056 -0.017103895459348106 -0.006688507207995859
0.018574343479319615 -0.7538276561949531 55 nil_vol 0.6 nil_bias 0.43 Home 0.005 0.01 0.001 0.0 -0.75 0.018574343479319615 -0.003827656194953071
0.056250624864956834 -0.6360958137739533 56 nil_vol 0.6 nil_bias 0.43 Home 0.005 0.01 0.001 0.05202770119165019 -0.6349078620352772 0.00422292367330664 -0.0011879517386761435
0.06982445183564462 -0.5976896380528083 56 nil_vol 0.6 nil_bias 0.43 Home 0.005 0.01 0.001 0.06303486627631873 -0.595779658002476 0.006789585559325895 -0.0019099800503322893
0.10458086148885007 -0.4907151831012383 56 nil_vol 0.6 nil_bias 0.43 Home 0.005 0.01 0.001 0.0934698551795721 -0.48758954307440516 0.011111006309277974 -0.0031256400268331163
0.14781046376294102 -0.2467167853692726 56 nil_vol 0.6 nil_bias 0.43 Home 0.005 0.01 0.001 0.16024575941798716 -0.2502149615706901 -0.012435295655046138 0.003498176201417522
0.1737430142802533 -0.24046953900395693 56 nil_vol 0.6 nil_bias 0.43 Home 0.005 0.01 0.001 0.16377599165339177 -0.2376657133194322 0.009967022626861525 -0.002803825684524714
0.16579811878436876 -0.19923238128281956 56 nil_vol 0.6 nil_bias 0.43 Home 0.005 0.01 0.001 0.1739431234297112 -0.20152365462292787 -0.008145004645342433 0.0022912733401083216
0.2817512544455989 0.23474521202844534 56 nil_vol 0.6 nil_bias 0.43 Home 0.005 0.01 0.001 0.29557600212875423 0.23085616872160675 -0.01382474768315536 0.0038890433068385836
0.3293801025128816 0.3510227808148293 56 nil_vol 0.6 nil_bias 0.43 Right 0.005 0.01 0.001 0.4 0.35 -0.07061989748711844 0.0010227808148293408
0.3081396731831275 0.2877507000496166 57 nil_vol 0.6 nil_bias 0.43 Right 0.005 0.01 0.001 0.3126764156644164 0.2865748618391055 -0.004536742481288873 0.0011758382105110838
0.29636359378621857 0.23833942053774568 57 nil_vol 0.6 nil_bias 0.43 Right 0.005 0.01 0.001 0.2999348022111662 0.23741383057069965 -0.003571208424947625 0.0009255899670460363
0.31926685741786054 0.23054384633214434 57 nil_vol 0.6 nil_bias 0.43 Right 0.005 0.01 0.001 0.2994831966631095 0.2356713986133609 0.01978366075475102 -0.005127552281216551
0.2709526642934864 0.13953515299053862 57 nil_vol 0.6 nil_bias 0.43 Right 0.005 0.01 0.001 0.27433901466445193 0.13865747474964618 -0.0033863503709654964 0.0008776782408924384
0.21796410611665837 -0.04325168182712985 57 nil_vol 0.6 nil_bias 0.43 Right 0.005 0.01 0.001 0.226610749943435 -0.045492729064467274 -0.00864664382677663 0.002241047237337421
0.1849372210449064 -0.1367227751496858 57 nil_vol 0.6 nil_bias 0.43 Right 0.005 0.01 0.001 0.2018308150334994 -0.14110127655384852 -0.016893593988592984 0.004378501404162716
0.12564272020803197 -0.47239746080431977 57 nil_vol 0.6 nil_bias 0.43 Right 0.005 0.01 0.001 0.11657425633698437 -0.4700470857556598 0.009068463871047594 -0.0023503750486599546
0.04232940704351684 -0.7565063611862137 57 nil_vol 0.6 nil_bias 0.43 Home 0.005 0.01 0.001 0.0 -0.75 0.04232940704351684 -0.006506361186213708
0.07113182353757207 -0.6284988226859911 58 nil_vol 0.6 nil_bias 0.43 Home 0.005 0.01 0.001 0.07760902203621425 -0.6303095906501207 -0.006477198498642184 0.0018107679641296193
0.12280287913533089 -0.46056282096293977 58 nil_vol 0.6 nil_bias 0.43 Home 0.005 0.01 0.001 0.12489962178639614 -0.46114898709979185 -0.0020967426510652603 0.0005861661368520801
0.14753093050531635 -0.3634938473231833 58 nil_vol 0.6 nil_bias 0.43 Home 0.005 0.01 0.001 0.1518616639904634 -0.3647045487487659 -0.004330733485147066 0.001210701425582624
0.248312788044861 -0.009498944708492113 58 nil_vol 0.6 nil_bias 0.43 Home 0.005 0.01 0.001 0.2509564582385653 -0.010238010107751938 -0.002643670193704323 0.0007390653992598262
0.2667674709455503 0.031993323215831426 58 nil_vol 0.6 nil_bias 0.43 Home 0.005 0.01 0.001 0.26305296834057734 0.033031750912801194 0.0037145026049729617 -0.0010384276969697703
0.2825109020859418 0.08772519209469112 58 nil_vol 0.6 nil_bias 0.43 Home 0.005 0.01 0.001 0.2786452061996071 0.08880588744029616 0.0038656958863347297 -0.0010806953456050433
0.2792140510600459 0.10019353561894832 58 nil_vol 0.6 nil_bias 0.43 Home 0.005 0.01 0.001 0.2816392057294272 0.0995155584990105 -0.0024251546693813005 0.0006779771199378228
0.34930618080568276 0.34156337359952477 58 nil_vol 0.6 nil_bias 0.43 Right 0.005 0.01 0.001 0.4 0.35 -0.05069381919431726 -0.00843662640047521
0.29627431903437557 0.15727145356872338 59 nil_vol 0.6 nil_bias 0.43 Right 0.005 0.01 0.001 0.2904223757629235 0.15916059522427742 0.005851943271452042 -0.0018891416555540258
0.22792587916213305 -0.055464865136732544 59 nil_vol 0.6 nil_bias 0.43 Right 0.005 0.01 0.001 0.2217771380907358 -0.05347991033652816 0.006148741071397268 -0.0019849548002043825
0.21594192736815546 -0.12607255416537647 59 nil_vol 0.6 nil_bias 0.43 Right 0.005 0.01 0.001 0.20000357580685188 -0.12092728831801086 0.015938351561303583 -0.005145265847365605
0.1809860794820402 -0.12518631486931944 59 nil_vol 0.6 nil_bias 0.43 Right 0.005 0.01 0.001 0.19696357492084685 -0.1303442172591327 -0.015977495438806635 0.00515790238981325
0.20604063722048913 -0.13711395717567373 59 nil_vol 0.6 nil_bias 0.43 Right 0.005 0.01 0.001 0.19584108984043766 -0.13382130908773848 0.010199547380051468 -0.0032926480879352563
0.15015518448524587 -0.2613830554362011 59 nil_vol 0.6 nil_bias 0.43 Right 0.005 0.01 0.001 0.15423595320836703 -0.2627004212792943 -0.004080768723121166 0.0013173658430932357
0.0872843825900644 -0.5320094972291891 59 nil_vol 0.6 nil_bias 0.43 Right 0.005 0.01 0.001 0.06918320770113817 -0.5261660223506888 0.018101174888926225 -0.00584347487850033
-0.0011318903826095159 -0.7439792095740703 59 nil_vol 0.6 nil_bias 0.43 Home 0.005 0.01 0.001 0.0 -0.75 -0.0011318903826095159 0.0060207904259297835
0.05205194276719716 -0.5704030072354063 60 nil_vol 0.6 nil_bias 0.43 Home 0.005 0.01 0.001 0.05084575421118217 -0.5700425608284542 0.0012061885560149892 -0.0003604464069520948
0.06567287419636869 -0.514576798748986 60 nil_vol 0.6 nil_bias 0.43 Home 0.005 0.01 0.001 0.06727735739504832 -0.5150562679008819 -0.0016044831986796345 0.0004794691518959258
0.18289664758705287 -0.11206007205963239 60 nil_vol 0.6 nil_bias 0.43 Home 0.005 0.01 0.001 0.18731088106009766 -0.11337918140358383 -0.0044142334730447805 0.0013191093439514322
0.22905629885257087 0.017072372914425253 60 nil_vol 0.6 nil_bias 0.43 Home 0.005 0.01 0.001 0.22652030034709233 0.01783020762009979 0.002535998505478528 -0.0007578347056745399
0.2360753173241912 0.06396721699074641 60 nil_vol 0.6 nil_bias 0.43 Home 0.005 0.01 0.001 0.2399605162994779 0.06280619949978072 -0.0038851989752866994 0.0011610174909656898
0.3040344951905514 0.28253317534062933 60 nil_vol 0.6 nil_bias 0.43 Home 0.005 0.01 0.001 0.30549160555179666 0.2820977457457916 -0.0014571103612452555 0.0004354295948377365
0.3346120746388456 0.38197271992871856 60 nil_vol 0.6 nil_bias 0.43 Home 0.005 0.01 0.001 0.33527787744867554 0.3817737574784905 -0.0006658028098299178 0.00019896245022807234
0.3381675592986653 0.39144371426195534 60 nil_vol 0.6 nil_bias 0.43 Right 0.005 0.01 0.001 0.4 0.35 -0.0618324407013347 0.04144371426195537
0.3175580153302174 0.3075377657934448 61 nil_vol 0.6 nil_bias 0.43 Right 0.005 0.01 0.001 0.3123134952322025 0.30918615110177056 0.005244520098014891 -0.0016483853083257875
0.2903933714885404 0.19249660782986744 61 nil_vol 0.6 nil_bias 0.43 Right 0.005 0.01 0.001 0.2769639196105711 0.19671756813906557 0.013429451877969316 -0.004220960309198136
0.21610065598874814 0.011100450487913955 61 nil_vol 0.6 nil_bias 0.43 Right 0.005 0.01 0.001 0.218396501367922 0.010378851996061422 -0.0022958453791738624 0.0007215984918525326
0.1986588143478012 -0.04127396850314577 61 nil_vol 0.6 nil_bias 0.43 Right 0.005 0.01 0.001 0.20184676577328975 -0.04227596147775953 -0.0031879514254885616 0.0010019929746137614
0.1698681250110449 -0.054579302414935305 61 nil_vol 0.6 nil_bias 0.43 Right 0.005 0.01 0.001 0.1954523267273722 -0.06262057624862699 -0.0255842017163273 0.008041273833691688
0.021969101979113233 -0.6451324435123527 61 nil_vol 0.6 nil_bias 0.43 Right 0.005 0.01 0.001 0.013228674227837744 -0.6423852726703267 0.008740427751275487 -0.0027471708420259357
0.017908637675942668 -0.6622571516491241 61 nil_vol 0.6 nil_bias 0.43 Right 0.005 0.01 0.001 0.007965122920569612 -0.6591318430737825 0.009943514755373056 -0.003125308575341662
-0.02480239360671324 -0.7633853195646115 61 nil_vol 0.6 nil_bias 0.43 Home 0.005 0.01 0.001 0.0 -0.75 -0.02480239360671324 -0.013385319564611484
0.014749494823755472 -0.6656603788071883 62 nil_vol 0.6 nil_bias 0.43 Home 0.005 0.01 0.001 0.011382848169321134 -0.6644292973585874 0.003366646654434337 -0.0012310814486009875
0.026696000007723885 -0.6336838619934924 62 nil_vol 0.6 nil_bias 0.43 Home 0.005 0.01 0.001 0.0231056158081219 -0.6323709664522694 0.003590384199601985 -0.0013128955412229813
0.0519385631732229 -0.52797686341388 62 nil_vol 0.6 nil_bias 0.43 Home 0.005 0.01 0.001 0.060177707214129406 -0.5309896706438135 -0.0082391440409065 0.0030128072299335494
0.16932737243531995 -0.21619786956834186 62 nil_vol 0.6 nil_bias 0.43 Home 0.005 0.01 0.001 0.17458463151800205 -0.2181202911324387 -0.005257259082682106 0.0019224215640968201
0.2685854843869419 0.0567131870487489 62 nil_vol 0.6 nil_bias 0.43 Home 0.005 0.01 0.001 0.2743166327883694 0.054617478410337594 -0.005731148401427475 0.0020957086384113077
0.35086809564082017 0.22846456909173649 62 nil_vol 0.6 nil_bias 0.43 Home 0.005 0.01 0.001 0.33941829122996015 0.23265141827644487 0.011449804410860041 -0.004186849184708367
0.37436877531904034 0.3367298392935021 62 nil_vol 0.6 nil_bias 0.43 Home 0.005 0.01 0.001 0.3771100870954053 0.33572742400638866 -0.002741311776364949 0.0010024152871134428
0.3939229649360187 0.381705713255925 62 nil_vol 0.6 nil_bias 0.43 Right 0.005 0.01 0.001 0.4 0.35 -0.0060770350639813234 0.03170571325592503
0.34409513105902984 0.229781304501813 63 nil_vol 0.6 nil_bias 0.43 Right 0.005 0.01 0.001 0.3412817923584939 0.2307624509657688 0.0028133387005359507 -0.0009811464639558187
0.31590735751791554 0.15052628916232116 63 nil_vol 0.6 nil_bias 0.43 Right 0.005 0.01 0.001 0.3135823631202921 0.15133712648934147 0.0023249943976234788 -0.0008108373270203108
0.2197978264615592 -0.07758425461991614 63 nil_vol 0.6 nil_bias 0.43 Right 0.005 0.01 0.001 0.23223392790043645 -0.08192132109180089 -0.012436101438877243 0.004337066471884747
0.13688374332966985 -0.364664282403798 63 nil_vol 0.6 nil_bias 0.43 Right 0.005 0.01 0.001 0.13398092015001234 -0.3636519283997574 0.002902823179657519 -0.0010123540040406045
0.014893549430398391 -0.6798496824219497 63 nil_vol 0.6 nil_bias 0.43 Right 0.005 0.01 0.001 0.022751799793428062 -0.6825902321307697 -0.007858250363029671 0.00274054970882009
0.021394582103687505 -0.7013836529394711 63 nil_vol 0.6 nil_bias 0.43 Right 0.005 0.01 0.001 0.016761170165900563 -0.6997677594326053 0.004633411937786944 -0.0016158935068658097
0.014917190029262624 -0.7256971607605927 63 nil_vol 0.6 nil_bias 0.43 Right 0.005 0.01 0.001 0.008498959951289742 -0.7234588153581503 0.006418230077972883 -0.0022383454024424185
0.0004971298649883244 -0.7464032574816438 63 nil_vol 0.6 nil_bias 0.43 Home 0.005 0.01 0.001 0.0 -0.75 0.0004971298649883244 0.0035967425183561414
