x y trial vol omega bias theta state target_sigma moving_sigma staying_sigma x_mean y_mean x_noise y_noise
0.00010400784293970993 -0.7411497409030685 0 nil_vol 0.6 nil_bias 0.65 Home 0.005 0.01 0.001 -0.0030673448403518598 -0.7424357401212239 0.0031713526832915697 0.0012859992181554138
-0.016082746322111763 -0.7305180381623093 0 nil_vol 0.6 nil_bias 0.65 Home 0.005 0.01 0.001 -0.009055544739167483 -0.7276684731205217 -0.007027201582944282 -0.0028495650417875605
-0.11653815510892597 -0.48322816608603764 0 nil_vol 0.6 nil_bias 0.65 Home 0.005 0.01 0.001 -0.10935796847278738 -0.4803165648475716 -0.007180186636138596 -0.0029116012384659933
-0.1583792898265628 -0.30234187403154666 0 nil_vol 0.6 nil_bias 0.65 Home 0.005 0.01 0.001 -0.1782587263945555 -0.3104030840062363 0.0198794365679927 0.00806120997468964
-0.19688141196829714 -0.23698607906136457 0 nil_vol 0.6 nil_bias 0.65 Home 0.005 0.01 0.001 -0.20645539465519325 -0.24086837645290005 0.009573982686896116 0.0038822973915354697
-0.2768914497649365 -0.06338267652669195 0 nil_vol 0.6 nil_bias 0.65 Home 0.005 0.01 0.001 -0.27820992277314505 -0.06391732386082427 0.001318473008208548 0.0005346473341323174
-0.4044966035250773 0.26384343260592175 0 nil_vol 0.6 nil_bias 0.65 Home 0.005 0.01 0.001 -0.4101834244257068 0.26153739856860714 0.005686820900629516 0.002306034037314624
-0.4705240485468842 0.4103410661887671 0 nil_vol 0.6 nil_bias 0.65 Left 0.005 0.01 0.001 -0.4 0.35 -0.07052404854688417 0.060341066188767105
-0.4479202027582633 0.3961311330774523 1 nil_vol 0.6 nil_bias 0.65 Left 0.005 0.01 0.001 -0.4622375042654986 0.39023142729249827 0.014317301507235296 0.005899705784954048
-0.3830854330366131 0.21367793534541968 1 nil_vol 0.6 nil_bias 0.65 Left 0.005 0.01 0.001 -0.38855643344840385 0.21142350962402123 0.005471000411790777 0.002254425721398448
-0.33406338186485623 0.07599688724235637 1 nil_vol 0.6 nil_bias 0.65 Left 0.005 0.01 0.001 -0.33294185402522203 0.07645903328853226 -0.0011215278396342048 -0.00046214604617589213
-0.2562110437962651 -0.12321224327135763 1 nil_vol 0.6 nil_bias 0.65 Left 0.005 0.01 0.001 -0.25146887615370894 -0.12125814641449728 -0.004742167642556153 -0.001954096856860349
-0.2263374779317979 -0.197395586818586 1 nil_vol 0.6 nil_bias 0.65 Left 0.005 0.01 0.001 -0.22100116030906702 -0.19519665960222 -0.0053363176227308766 -0.0021989272163659953
-0.11656285725806335 -0.453710858666696 1 nil_vol 0.6 nil_bias 0.65 Left 0.005 0.01 0.001 -0.11477862281433937 -0.45297563225101756 -0.0017842344437239831 -0.0007352264156784761
-0.08494485129086962 -0.5565097850697425 1 nil_vol 0.6 nil_bias 0.65 Left 0.005 0.01 0.001 -0.07397770675649518 -0.5519905727013239 -0.010967144534374446 -0.0045192123684186045
-0.017530355016884158 -0.6889760061448101 1 nil_vol 0.6 nil_bias 0.65 Home 0.005 0.01 0.001 0.0 -0.75 -0.017530355016884158 0.061023993855189876
0.06818559042981867 -0.46695512628067276 2 nil_vol 0.6 nil_bias 0.65 Home 0.005 0.01 0.001 0.06803831857554886 -0.4668983809997417 0.0001472718542698097 -5.6745280931087766e-05
0.1641926152238426 -0.19119103086944375 2 nil_vol 0.6 nil_bias 0.65 Home 0.005 0.01 0.001 0.1729681939248021 -0.1945723468798099 -0.008775578700959496 0.0033813160103661416
0.2667829188877505 0.012016098045522469 2 nil_vol 0.6 nil_bias 0.65 Home 0.005 0.01 0.001 0.2544062240851553 0.016784959190469517 0.01237669480259522 -0.004768861144947048
0.33788587054416336 0.20817973111100396 2 nil_vol 0.6 nil_bias 0.65 Home 0.005 0.01 0.001 0.32941074318811175 0.2114452802896326 0.008475127356051597 -0.003265549178628647
0.32700636859984566 0.22319676841619276 2 nil_vol 0.6 nil_bias 0.65 Home 0.005 0.01 0.001 0.3330425525062515 0.22087096792146155 -0.0060361839064057956 0.0023258004947312207
0.349830766357207 0.24829603680281914 2 nil_vol 0.6 nil_bias 0.65 Home 0.005 0.01 0.001 0.34441390552859436 0.2503832060790414 0.005416860828612625 -0.0020871692762222554
0.39290010685145116 0.40740132297205567 2 nil_vol 0.6 nil_bias 0.65 Home 0.005 0.01 0.001 0.4033613958136544 0.40337048636716066 -0.010461288962203214 0.004030836604894986
0.41132105391269463 0.4240283029884748 2 nil_vol 0.6 nil_bias 0.65 Right 0.005 0.01 0.001 0.4 0.35 0.011321053912694612 0.07402830298847488
0.3943239160859066 0.3752360039456065 3 nil_vol 0.6 nil_bias 0.65 Right 0.005 0.01 0.001 0.3945239654340906 0.3751672324969311 -0.0002000493481839808 6.877144867538144e-05
0.2638710388095113 -0.019231563915408784 3 nil_vol 0.6 nil_bias 0.65 Right 0.005 0.01 0.001 0.259461637258614 -0.01771573327062309 0.004409401550897308 -0.0015158306447856946
0.2323716825292234 -0.11113481390380955 3 nil_vol 0.6 nil_bias 0.65 Right 0.005 0.01 0.001 0.22787781651078493 -0.10958994670455802 0.004493866018438473 -0.001544867199251538
0.17214992924075492 -0.31676947956679286 3 nil_vol 0.6 nil_bias 0.65 Right 0.005 0.01 0.001 0.15829283154953838 -0.31200579155025 0.013857097691216543 -0.004763688016542888
0.11904606859814396 -0.3942828025493704 3 nil_vol 0.6 nil_bias 0.65 Right 0.005 0.01 0.001 0.12884967878737252 -0.3976530133552658 -0.009803610189228575 0.00337021080589538
0.05561087473917908 -0.6313433664807593 3 nil_vol 0.6 nil_bias 0.65 Right 0.005 0.01 0.001 0.04926350879850633 -0.62916131712656 0.006347365940672751 -0.0021820493541992707
0.015471568379820042 -0.7040561012852062 3 nil_vol 0.6 nil_bias 0.65 Right 0.005 0.01 0.001 0.022666459126939487 -0.7065295062936816 -0.007194890747119445 0.0024734050084754223
0.010598883010685322 -0.7416328926948089 3 nil_vol 0.6 nil_bias 0.65 Home 0.005 0.01 0.001 0.0 -0.75 0.010598883010685322 0.008367107305191052
0.08196858409251878 -0.5530733710537113 4 nil_vol 0.6 nil_bias 0.65 Home 0.005 0.01 0.001 0.06495433005720082 -0.5482900676947559 0.01701425403531796 -0.0047833033589554435
0.0821124811273626 -0.46708204453888974 4 nil_vol 0.6 nil_bias 0.65 Home 0.005 0.01 0.001 0.08736927208069169 -0.46855991278819353 -0.00525679095332909 0.001477868249303809
0.07559409178116658 -0.4573406960335508 4 nil_vol 0.6 nil_bias 0.65 Home 0.005 0.01 0.001 0.08942985140828011 -0.46123041317076385 -0.013835759627113526 0.003889717137213031
0.24284652425113712 0.04819954513199205 4 nil_vol 0.6 nil_bias 0.65 Home 0.005 0.01 0.001 0.23339545743586484 0.05085657138476596 0.009451066815272285 -0.0026570262527739093
0.24848714408299394 0.11014487330688831 4 nil_vol 0.6 nil_bias 0.65 Home 0.005 0.01 0.001 0.2499480151075569 0.1097341712411799 -0.0014608710245629553 0.00041070206570840566
0.30696123983497997 0.2823844737032477 4 nil_vol 0.6 nil_bias 0.65 Home 0.005 0.01 0.001 0.29910685496429706 0.28459261667892444 0.007854384870682922 -0.0022081429756767076
0.3187707478535172 0.33837772101503477 4 nil_vol 0.6 nil_bias 0.65 Home 0.005 0.01 0.001 0.3145604987290412 0.3395613696626535 0.004210249124476062 -0.0011836486476187263
0.33590417351226587 0.4154810171441581 4 nil_vol 0.6 nil_bias 0.65 Right 0.005 0.01 0.001 0.4 0.35 -0.06409582648773414 0.06548101714415812
0.31606410882136055 0.2830891335231792 5 nil_vol 0.6 nil_bias 0.65 Right 0.005 0.01 0.001 0.29800173086064224 0.288479693438892 0.01806237796071831 -0.005390559915712827
0.2990589923748374 0.26773393660617534 5 nil_vol 0.6 nil_bias 0.65 Right 0.005 0.01 0.001 0.29240315661014765 0.269720313015568 0.00665583576468975 -0.00198637640939264
0.2543645329983643 0.14593912421774263 5 nil_vol 0.6 nil_bias 0.65 Right 0.005 0.01 0.001 0.25537200273954586 0.14563845361861566 -0.001007469741181555 0.0003006705991269652
0.21543070619533097 -0.0021887029020813153 5 nil_vol 0.6 nil_bias 0.65 Right 0.005 0.01 0.001 0.21159583259414336 -0.0010442181636186043 0.0038348736011876287 -0.001144484738462711
0.17509649123818016 -0.18682864155731946 5 nil_vol 0.6 nil_bias 0.65 Right 0.005 0.01 0.001 0.1576995787495571 -0.18163668403532074 0.017396912488623063 -0.005191957521998722
0.08445670712757918 -0.3479455911120381 5 nil_vol 0.6 nil_bias 0.65 Right 0.005 0.01 0.001 0.10613527889279967 -0.35441537267909673 -0.02167857176522049 0.0064697815670586335
0.10489517575147651 -0.3696984806088159 5 nil_vol 0.6 nil_bias 0.65 Right 0.005 0.01 0.001 0.10184577008255144 -0.36878841195664813 0.0030494056689250788 -0.000910068652167728
-0.005027106564167742 -0.7268918969240351 5 nil_vol 0.6 nil_bias 0.65 Home 0.005 0.01 0.001 0.0 -0.75 -0.005027106564167742 0.023108103075964857
-0.05425649203395583 -0.6283176106486511 6 nil_vol 0.6 nil_bias 0.65 Home 0.005 0.01 0.001 -0.04722444198223062 -0.6253940627989161 -0.007032050051725205 -0.0029235478497350344
-0.08587878192960632 -0.5095992181987323 6 nil_vol 0.6 nil_bias 0.65 Home 0.005 0.01 0.001 -0.09396759483965274 -0.5129621111554276 0.008088812910046409 0.0033628929566952514
-0.21272750988107156 -0.2011449794902859 6 nil_vol 0.6 nil_bias 0.65 Home 0.005 0.01 0.001 -0.22200142346264903 -0.20500057350776557 0.009273913581577484 0.0038555940174796817
-0.23402144307178707 -0.17445612372695127 6 nil_vol 0.6 nil_bias 0.65 Home 0.005 0.01 0.001 -0.2346001370674128 -0.1746967135370524 0.0005786939956257407 0.0002405898101011302
-0.27308756915697935 -0.08804304970496075 6 nil_vol 0.6 nil_bias 0.65 Home 0.005 0.01 0.001 -0.27098882309541006 -0.08717050407597515 -0.002098746061569314 -0.0008725456289856073
-0.3335618764393457 0.08106479433596003 6 nil_vol 0.6 nil_bias 0.65 Home 0.005 0.01 0.001 -0.33984585069202367 0.07845225613172757 0.00628397425267794 0.0026125382042324554
-0.34243792887249824 0.08156373629613359 6 nil_vol 0.6 nil_bias 0.65 Home 0.005 0.01 0.001 -0.34133079845926295 0.08202402152095167 -0.0011071304132353108 -0.00046028522481808375
-0.42439516894996504 0.2818198999631677 6 nil_vol 0.6 nil_bias 0.65 Left 0.005 0.01 0.001 -0.4 0.35 -0.024395168949965004 -0.0681801000368323
-0.4015786783139693 0.1819420199296365 7 nil_vol 0.6 nil_bias 0.65 Left 0.005 0.01 0.001 -0.38424983869754287 0.18947546807677018 -0.017328839616426422 -0.007533448147133699
-0.37982392002123017 0.17593460378961212 7 nil_vol 0.6 nil_bias 0.65 Left 0.005 0.01 0.001 -0.37859534799961114 0.17646870669694775 -0.0012285720216190209 -0.0005341029073356254
-0.28284316521497455 -0.008894854837961113 7 nil_vol 0.6 nil_bias 0.65 Left 0.005 0.01 0.001 -0.29560033999326285 -0.014440841575876107 0.012757174778288317 0.005545986737914994
-0.23791484070149985 -0.12161577075821339 7 nil_vol 0.6 nil_bias 0.65 Left 0.005 0.01 0.001 -0.2472444373931597 -0.12567167031444598 0.009329596691659867 0.004055899556232594
-0.072776250320885 -0.5326204864228827 7 nil_vol 0.6 nil_bias 0.65 Left 0.005 0.01 0.001 -0.07071855293506724 -0.5317259339368723 -0.0020576973858177686 -0.0008945524860104557
0.018709351418707033 -0.7507596083034388 7 nil_vol 0.6 nil_bias 0.65 Left 0.005 0.01 0.001 0.023582072610316085 -0.7486412672462782 -0.00487272119160905 -0.002118341057160547
0.031087469121548413 -0.7716097602977484 7 nil_vol 0.6 nil_bias 0.65 Left 0.005 0.01 0.001 0.033173101341260725 -0.770703063569694 -0.0020856322197123126 -0.0009066967280544442
0.0490681962242887 -0.8072658094114732 7 nil_vol 0.6 nil_bias 0.65 Home 0.005 0.01 0.001 0.0 -0.75 0.0490681962242887 -0.05726580941147318
0.05623570160142608 -0.7973189065801781 8 nil_vol 0.6 nil_bias 0.65 Home 0.005 0.01 0.001 0.04672061973863227 -0.8007438630673175 0.00951508186279381 0.003424956487139346
-0.017923616826838632 -0.602758388975942 8 nil_vol 0.6 nil_bias 0.65 Home 0.005 0.01 0.001 -0.02378489714415103 -0.6048681585328617 0.0058612803173123985 0.0021097695569197096
-0.05525527213290901 -0.5616623864487088 8 nil_vol 0.6 nil_bias 0.65 Home 0.005 0.01 0.001 -0.04116271805279607 -0.556589767504065 -0.01409255408011294 -0.00507261894464384
-0.058042438035535965 -0.510770046672624 8 nil_vol 0.6 nil_bias 0.65 Home 0.005 0.01 0.001 -0.05769991821824449 -0.5106467565646542 -0.0003425198172914778 -0.00012329010796989417
-0.10583006294713998 -0.3865008864734065 8 nil_vol 0.6 nil_bias 0.65 Home 0.005 0.01 0.001 -0.10278127421652236 -0.3854034740820663 -0.0030487887306176213 -0.0010974123913401826
-0.27295474663359814 0.0867892532904693 8 nil_vol 0.6 nil_bias 0.65 Home 0.005 0.01 0.001 -0.27277099195832055 0.08685539583934165 -0.00018375467527761595 -6.614254887235043e-05
-0.3649464618492591 0.2974460197251511 8 nil_vol 0.6 nil_bias 0.65 Home 0.005 0.01 0.001 -0.35045121374632865 0.30266358850056563 -0.014495248102930482 -0.005217568775414525
-0.3612095488676729 0.33255197971702166 8 nil_vol 0.6 nil_bias 0.65 Left 0.005 0.01 0.001 -0.4 0.35 0.03879045113232712 -0.017448020282978326
-0.2814124707108264 0.12305569738384059 9 nil_vol 0.6 nil_bias 0.65 Left 0.005 0.01 0.001 -0.2942679370098222 0.11902544587479433 0.012855466298995756 0.004030251509046263
-0.265673533788634 -0.016649764259153068 9 nil_vol 0.6 nil_bias 0.65 Left 0.005 0.01 0.001 -0.25298062237740326 -0.012670474501822404 -0.01269291141123077 -0.003979289757330663
-0.23008210600155526 -0.1279986799911716 9 nil_vol 0.6 nil_bias 0.65 Left 0.005 0.01 0.001 -0.21801107174482315 -0.12421435176087287 -0.012071034256732102 -0.0037843282302987393
-0.12671430391214186 -0.4368535047763792 9 nil_vol 0.6 nil_bias 0.65 Left 0.005 0.01 0.001 -0.12059828432227154 -0.4349361027461349 -0.006116019589870321 -0.001917402030244279
-0.09005658851545478 -0.49736490593528404 9 nil_vol 0.6 nil_bias 0.65 Left 0.005 0.01 0.001 -0.10004485001524865 -0.5004962747278293 0.009988261499793866 0.003131368792545283
-0.09761050364887956 -0.5009225591313767 9 nil_vol 0.6 nil_bias 0.65 Left 0.005 0.01 0.001 -0.09970531825940315 -0.5015792937490774 0.0020948146105235935 0.0006567346177006737
-0.09114549166478478 -0.5623209844094459 9 nil_vol 0.6 nil_bias 0.65 Left 0.005 0.01 0.001 -0.08160062191621509 -0.5593286210977527 -0.009544869748569683 -0.0029923633116931787
-0.023649701694747737 -0.74417715976356 9 nil_vol 0.6 nil_bias 0.65 Home 0.005 0.01 0.001 0.0 -0.75 -0.023649701694747737 0.005822840236439919
-0.20237663030153577 -0.09899903277231548 10 nil_vol 0.6 nil_bias 0.65 Home 0.005 0.01 0.001 -0.1900934471218016 -0.09584561684410797 -0.012283183179734168 -0.003153415928207499
-0.22616193140126065 -0.008065933030874984 10 nil_vol 0.6 nil_bias 0.65 Home 0.005 0.01 0.001 -0.21346559390895306 -0.004806449532802848 -0.012696337492307573 -0.0032594834980721366
-0.22146541519148927 0.035162649330383565 10 nil_vol 0.6 nil_bias 0.65 Home 0.005 0.01 0.001 -0.22358688907456903 0.03461801123158703 0.00212147388307977 0.0005446380987965322
-0.2303494598912039 0.050478315928905275 10 nil_vol 0.6 nil_bias 0.65 Home 0.005 0.01 0.001 -0.2278250273697329 0.05112640410005831 -0.0025244325214709893 -0.0006480881711530349
-0.25639226746582927 0.13918991125669794 10 nil_vol 0.6 nil_bias 0.65 Home 0.005 0.01 0.001 -0.25080170868333995 0.14062515461782998 -0.005590558782489334 -0.0014352433611320387
-0.2768350647412668 0.22632752110266788 10 nil_vol 0.6 nil_bias 0.65 Home 0.005 0.01 0.001 -0.2730530264722868 0.22729846971948642 -0.003782038268979976 -0.0009709486168185504
-0.2908528182678399 0.22967425409827483 10 nil_vol 0.6 nil_bias 0.65 Home 0.005 0.01 0.001 -0.2747258548409603 0.23381446943169482 -0.016126963426879585 -0.004140215333419987
-0.3086468765664504 0.365943605893176 10 nil_vol 0.6 nil_bias 0.65 Left 0.005 0.01 0.001 -0.4 0.35 0.0913531234335496 0.015943605893175995
-0.2816938574436306 0.24425548462219984 11 nil_vol 0.6 nil_bias 0.65 Left 0.005 0.01 0.001 -0.2751686815419384 0.24607795087725076 -0.006525175901692226 -0.0018224662550509157
-0.27290185397101524 0.18509038324578492 11 nil_vol 0.6 nil_bias 0.65 Left 0.005 0.01 0.001 -0.25920356259525174 0.18891628375180955 -0.013698291375763514 -0.0038259005060246264
-0.15071957857133195 -0.13523544423373188 11 nil_vol 0.6 nil_bias 0.65 Left 0.005 0.01 0.001 -0.16736990389644413 -0.13988584086637545 0.01665032532511217 0.0046503966326435844
-0.12046311778648822 -0.27855925670303844 11 nil_vol 0.6 nil_bias 0.65 Left 0.005 0.01 0.001 -0.12804713763381145 -0.28067745557730917 0.007584019847323231 0.0021181988742707326
-0.11600726411575385 -0.34489611240230783 11 nil_vol 0.6 nil_bias 0.65 Left 0.005 0.01 0.001 -0.11053768453654136 -0.34336847171298246 -0.005469579579212489 -0.0015276406893253614
-0.0902430804211399 -0.3729020654117579 11 nil_vol 0.6 nil_bias 0.65 Left 0.005 0.01 0.001 -0.10141734834160993 -0.3760230121136964 0.011174267920470025 0.0031209467019384473
-0.053963739312779424 -0.5630339020371252 11 nil_vol 0.6 nil_bias 0.65 Left 0.005 0.01 0.001 -0.049531401553831955 -0.5617959605443028 -0.004432337758947471 -0.0012379414928224215
0.00042362123398460047 -0.7406554099086696 11 nil_vol 0.6 nil_bias 0.65 Home 0.005 0.01 0.001 0.0 -0.75 0.00042362123398460047 0.009344590091330386
0.002287394614290908 -0.7337273431422379 12 nil_vol 0.6 nil_bias 0.65 Home 0.005 0.01 0.001 -0.0019326747925839975 -0.7357575723181887 0.004220069406874905 0.0020302291759508135
-0.0680343883062672 -0.5733574697819851 12 nil_vol 0.6 nil_bias 0.65 Home 0.005 0.01 0.001 -0.07780111030386845 -0.5780561327756856 0.009766721997601256 0.0046986629937004875
-0.14226743779748016 -0.48117382149083177 12 nil_vol 0.6 nil_bias 0.65 Home 0.005 0.01 0.001 -0.12776635632290906 -0.4741975100006576 -0.014501081474571093 -0.006976311490174213
-0.3524557499531335 -0.014938134877332419 12 nil_vol 0.6 nil_bias 0.65 Home 0.005 0.01 0.001 -0.34941482428601756 -0.013475178841296898 -0.003040925667115947 -0.0014629560360355216
-0.36880209998754077 0.03088040320723128 12 nil_vol 0.6 nil_bias 0.65 Home 0.005 0.01 0.001 -0.3703869912453653 0.03011792937988078 0.0015848912578244913 0.0007624738273505003
-0.38477050918174993 0.0818380551328925 12 nil_vol 0.6 nil_bias 0.65 Home 0.005 0.01 0.001 -0.3932958220419788 0.0777366204800054 0.00852531286022892 0.004101434652887096
-0.5031040790770074 0.28544966595749116 12 nil_vol 0.6 nil_bias 0.65 Home 0.005 0.01 0.001 -0.49508116925469886 0.2893094000108548 -0.008022909822308539 -0.0038597340533636356
-0.49895107683684337 0.29735345670568253 12 nil_vol 0.6 nil_bias 0.65 Left 0.005 0.01 0.001 -0.4 0.35 -0.09895107683684334 -0.05264654329431743
-0.48514834884185076 0.27394582943288015 13 nil_vol 0.6 nil_bias 0.65 Left 0.005 0.01 0.001 -0.48705662284255063 0.2730133013935652 0.0019082740006998852 0.0009325280393149329
-0.4327301524719418 0.1412363409232494 13 nil_vol 0.6 nil_bias 0.65 Left 0.005 0.01 0.001 -0.42460151603860474 0.14520861188261036 -0.008128636433337038 -0.003972270959360964
-0.37033843394357985 0.026636999748252156 13 nil_vol 0.6 nil_bias 0.65 Left 0.005 0.01 0.001 -0.36736779567139377 0.02808867989610281 -0.0029706382721860583 -0.001451680147850652
-0.22586962250311954 -0.222655919765109 13 nil_vol 0.6 nil_bias 0.65 Left 0.005 0.01 0.001 -0.24117894919764027 -0.23013722297441602 0.015309326694520734 0.007481303209307012
-0.22538453812950174 -0.2676865890204508 13 nil_vol 0.6 nil_bias 0.65 Left 0.005 0.01 0.001 -0.22332200953908804 -0.2666786804382744 -0.0020625285904136907 -0.0010079085821763807
-0.13185965077250925 -0.47766183723752953 13 nil_vol 0.6 nil_bias 0.65 Left 0.005 0.01 0.001 -0.12246342710010782 -0.473070126594836 -0.009396223672401423 -0.004591710642693547
-0.06860388598230435 -0.5884014038205222 13 nil_vol 0.6 nil_bias 0.65 Left 0.005 0.01 0.001 -0.0665857253471081 -0.5874151768009894 -0.0020181606351962434 -0.0009862270195327748
0.019381805890240425 -0.7633343962221061 13 nil_vol 0.6 nil_bias 0.65 Home 0.005 0.01 0.001 0.0 -0.75 0.019381805890240425 -0.01333439622210606
0.04287329212766435 -0.7054144673397518 14 nil_vol 0.6 nil_bias 0.65 Home 0.005 0.01 0.001 0.03898255624282793 -0.7041264420427533 0.0038907358848364196 -0.001288025296998466
0.09902349715543025 -0.5642892225377457 14 nil_vol 0.6 nil_bias 0.65 Home 0.005 0.01 0.001 0.0866334379655304 -0.5601875024158284 0.012390059189899855 -0.0041017201219173205
0.17548153605383948 -0.30773628168235095 14 nil_vol 0.6 nil_bias 0.65 Home 0.005 0.01 0.001 0.17072817033446613 -0.30616268340334685 0.00475336571937334 -0.001573598279004123
0.26198025138970293 -0.006416692797671521 14 nil_vol 0.6 nil_bias 0.65 Home 0.005 0.01 0.001 0.2691708226879284 -0.008797126218526796 -0.007190571298225493 0.0023804334208552755
0.28798987895867734 0.10171404248402631 14 nil_vol 0.6 nil_bias 0.65 Home 0.005 0.01 0.001 0.3040007731523015 0.09641364755634008 -0.016010894193624173 0.005300394927686239
0.3595981172236934 0.2721168037489177 14 nil_vol 0.6 nil_bias 0.65 Home 0.005 0.01 0.001 0.36191343202760884 0.27135032045983587 -0.002315314803915464 0.0007664832890818395
0.3880571489427301 0.35460843050722096 14 nil_vol 0.6 nil_bias 0.65 Home 0.005 0.01 0.001 0.38933583340071715 0.3541851229434295 -0.0012786844579870866 0.00042330756379146625
0.39565205254746194 0.37326451567585356 14 nil_vol 0.6 nil_bias 0.65 Right 0.005 0.01 0.001 0.4 0.35 -0.004347947452538107 0.0232645156758536
0.3809850547969337 0.341098499498277 15 nil_vol 0.6 nil_bias 0.65 Right 0.005 0.01 0.001 0.3844665857165893 0.3399302555221717 -0.0034815309196556204 0.0011682439761052882
0.2949635551314539 0.026743653574004874 15 nil_vol 0.6 nil_bias 0.65 Right 0.005 0.01 0.001 0.2809529127556733 0.03144499012237889 0.014010642375780603 -0.004701336548374018
0.27896756737279177 -0.017607152335802234 15 nil_vol 0.6 nil_bias 0.65 Right 0.005 0.01 0.001 0.2659580669716902 -0.013241753657329602 0.013009500401101574 -0.00436539867847263
0.24306317288824636 -0.019209723732849696 15 nil_vol 0.6 nil_bias 0.65 Right 0.005 0.01 0.001 0.2618411445647726 -0.025510759915158665 -0.01877797167652623 0.0063010361823089694
0.21693448940084575 -0.16146405308772716 15 nil_vol 0.6 nil_bias 0.65 Right 0.005 0.01 0.001 0.21629354935269718 -0.16124898265820237 0.0006409400481485789 -0.00021507042952480126
0.14324490053662106 -0.38455007668178354 15 nil_vol 0.6 nil_bias 0.65 Right 0.005 0.01 0.001 0.14155419194342522 -0.3839827515093431 0.0016907085931958344 -0.0005673251724404777
0.12586851189987333 -0.4673514680880833 15 nil_vol 0.6 nil_bias 0.65 Right 0.005 0.01 0.001 0.1148231080260878 -0.46364513118142264 0.011045403873785529 -0.0037063369066606903
0.03226397809952785 -0.7096829190221356 15 nil_vol 0.6 nil_bias 0.65 Home 0.005 0.01 0.001 0.0 -0.75 0.03226397809952785 0.04031708097786433
0.022778884465210782 -0.6772372234239911 16 nil_vol 0.6 nil_bias 0.65 Home 0.005 0.01 0.001 0.02308954750879616 -0.6771496160717703 -0.0003106630435853779 -8.760735222082623e-05
0.0011983850293505564 -0.5920390059983339 16 nil_vol 0.6 nil_bias 0.65 Home 0.005 0.01 0.001 -0.0007563011821082183 -0.5925902298627245 0.0019546862114587747 0.0005512238643905482
-0.03077156273983711 -0.5212156145725828 16 nil_vol 0.6 nil_bias 0.65 Home 0.005 0.01 0.001 -0.021612407484349512 -0.5186327217661129 -0.009159155255487597 -0.0025828928064699514
-0.054524956864230485 -0.40205662731359787 16 nil_vol 0.6 nil_bias 0.65 Home 0.005 0.01 0.001 -0.05448980210757481 -0.4020467136299069 -3.515475665568081e-05 -9.913683690944894e-06
-0.1832939168535846 0.0829625317911165 16 nil_vol 0.6 nil_bias 0.65 Home 0.005 0.01 0.001 -0.19067594007216127 0.08088079235810142 0.007382023218576663 0.0020817394330150778
-0.2026307825981209 0.10496004325165369 16 nil_vol 0.6 nil_bias 0.65 Home 0.005 0.01 0.001 -0.197846765250388 0.10630914190199958 -0.004784017347732907 -0.0013490986503458902
-0.22716825185493134 0.17312104928826103 16 nil_vol 0.6 nil_bias 0.65 Home 0.005 0.01 0.001 -0.2174598602742116 0.17585882739953507 -0.009708391580719742 -0.0027377781112740327
-0.2660034617456254 0.347998523411487 16 nil_vol 0.6 nil_bias 0.65 Left 0.005 0.01 0.001 -0.4 0.35 0.13399653825437463 -0.002001476588512973
-0.243994053958126 0.21800230178165558 17 nil_vol 0.6 nil_bias 0.65 Left 0.005 0.01 0.001 -0.23229706479723536 0.2211094516268944 -0.011696989160890665 -0.0031071498452388342
-0.2386449586718309 0.16186462840013102 17 nil_vol 0.6 nil_bias 0.65 Left 0.005 0.01 0.001 -0.21801516184430875 0.16734465998246884 -0.02062979682752215 -0.0054800315823378245
-0.14007702925158316 -0.0828325189643261 17 nil_vol 0.6 nil_bias 0.65 Left 0.005 0.01 0.001 -0.15080212301203108 -0.08568149770232214 0.010725093760447911 0.002848978737996046
-0.08604532230664992 -0.38626935752543 17 nil_vol 0.6 nil_bias 0.65 Left 0.005 0.01 0.001 -0.07194958521165423 -0.38252501214468176 -0.014095737094995684 -0.003744345380748235
-0.07049588702361013 -0.45546537206366944 17 nil_vol 0.6 nil_bias 0.65 Left 0.005 0.01 0.001 -0.05375521687047627 -0.45101843533832636 -0.01674067015313387 -0.00444693672534305
-0.03250818129743856 -0.5562178351687751 17 nil_vol 0.6 nil_bias 0.65 Left 0.005 0.01 0.001 -0.02625185741104774 -0.5545559258066326 -0.006256323886390816 -0.0016619093621424751
0.02007304923118676 -0.7456380543786375 17 nil_vol 0.6 nil_bias 0.65 Left 0.005 0.01 0.001 0.02421435055133231 -0.7445379726756467 -0.004141301320145548 -0.0011000817029908076
0.03634577631779221 -0.7902072074291203 17 nil_vol 0.6 nil_bias 0.65 Home 0.005 0.01 0.001 0.0 -0.75 0.03634577631779221 -0.04020720742912036
0.08490142211186807 -0.6650342906605752 18 nil_vol 0.6 nil_bias 0.65 Home 0.005 0.01 0.001 0.08181745798954193 -0.6639238275498195 0.0030839641223261455 -0.0011104631107556949
0.09725314776174336 -0.6107966255708893 18 nil_vol 0.6 nil_bias 0.65 Home 0.005 0.01 0.001 0.10052332192443242 -0.6119741385474908 -0.0032701741626890574 0.001177512976601532
0.167994843560574 -0.40136939092919766 18 nil_vol 0.6 nil_bias 0.65 Home 0.005 0.01 0.001 0.175397373554933 -0.40403486826905655 -0.007402529994358994 0.0026654773398589143
0.31743675123619713 0.02713916527415537 18 nil_vol 0.6 nil_bias 0.65 Home 0.005 0.01 0.001 0.3291361394441895 0.022926490123581167 -0.011699388207992392 0.004212675150574201
0.3984982425290522 0.21343361202247924 18 nil_vol 0.6 nil_bias 0.65 Home 0.005 0.01 0.001 0.39782108097027935 0.21367744200921457 0.0006771615587728187 -0.00024382998673533714
0.39512925980125874 0.21630794362245423 18 nil_vol 0.6 nil_bias 0.65 Home 0.005 0.01 0.001 0.3983505996944321 0.2151480147203383 -0.0032213398931733527 0.001159928902115935
0.4113253341635414 0.25728818533557035 18 nil_vol 0.6 nil_bias 0.65 Home 0.005 0.01 0.001 0.41327190358077637 0.2565872713675005 -0.0019465694172349887 0.0007009139680698484
0.4203417264430338 0.27622149410504415 18 nil_vol 0.6 nil_bias 0.65 Right 0.005 0.01 0.001 0.4 0.35 0.020341726443033788 -0.07377850589495584
0.36262685055931915 0.11017898868393548 19 nil_vol 0.6 nil_bias 0.65 Right 0.005 0.01 0.001 0.35607918810646594 0.11275299786036777 0.006547662452853184 -0.0025740091764322862
0.23609089592446747 -0.20423657127279027 19 nil_vol 0.6 nil_bias 0.65 Right 0.005 0.01 0.001 0.23208388374859892 -0.20266133947288784 0.004007012175868544 -0.001575231799902438
0.22813212793828344 -0.23818054896656513 19 nil_vol 0.6 nil_bias 0.65 Right 0.005 0.01 0.001 0.21946071565339434 -0.23477165381434084 0.0086714122848891 -0.003408895152224287
0.20028661302013806 -0.31808384821081104 19 nil_vol 0.6 nil_bias 0.65 Right 0.005 0.01 0.001 0.1885265537771146 -0.3134607478868566 0.011760059243023457 -0.004623100323954414
0.1077017376050523 -0.558457219857509 19 nil_vol 0.6 nil_bias 0.65 Right 0.005 0.01 0.001 0.09428698389244972 -0.5531836280368476 0.013414753712602583 -0.005273591820661372
0.07573433814900661 -0.5946455376865033 19 nil_vol 0.6 nil_bias 0.65 Right 0.005 0.01 0.001 0.0776859250200771 -0.5954127431664606 -0.0019515868710704893 0.0007672054799573908
0.06240576959492754 -0.5914802878206133 19 nil_vol 0.6 nil_bias 0.65 Right 0.005 0.01 0.001 0.07697957625502533 -0.5972095251398486 -0.014573806660097787 0.005729237319235219
0.030337258908219446 -0.7158564020826269 19 nil_vol 0.6 nil_bias 0.65 Home 0.005 0.01 0.001 0.0 -0.75 0.030337258908219446 0.03414359791737311
0.03335555918612542 -0.7006046749204237 20 nil_vol 0.6 nil_bias 0.65 Home 0.005 0.01 0.001 0.02604431853022792 -0.7030568478330899 0.007311240655897502 0.002452172912666155
-0.005971412641397374 -0.5834824202867334 20 nil_vol 0.6 nil_bias 0.65 Home 0.005 0.01 0.001 -0.013242704040739819 -0.5859211943127514 0.007271291399342445 0.0024387740260180396
-0.021159957527214633 -0.5381085194955795 20 nil_vol 0.6 nil_bias 0.65 Home 0.005 0.01 0.001 -0.028457994904152687 -0.5405562640595499 0.007298037376938053 0.002447744563970422
-0.02268307654424534 -0.48762943039144796 20 nil_vol 0.6 nil_bias 0.65 Home 0.005 0.01 0.001 -0.04383061080367805 -0.49472226362199284 0.021147534259432707 0.007092833230544861
-0.13717924478525126 -0.22199286463250778 20 nil_vol 0.6 nil_bias 0.65 Home 0.005 0.01 0.001 -0.13549308794348033 -0.22142733159529854 -0.0016861568417709362 -0.0005655330372092416
-0.14901305757021394 -0.1751277331946449 20 nil_vol 0.6 nil_bias 0.65 Home 0.005 0.01 0.001 -0.15081874020841127 -0.1757333549027318 0.0018056826381973232 0.0006056217080869006
-0.15647998277694167 -0.14325911676786723 20 nil_vol 0.6 nil_bias 0.65 Home 0.005 0.01 0.001 -0.16118162778404035 -0.14483603744029505 0.004701645007098697 0.0015769206724278188
-0.3183297813971176 0.32370676545933735 20 nil_vol 0.6 nil_bias 0.65 Left 0.005 0.01 0.001 -0.4 0.35 0.08167021860288243 -0.026293234540662645
-0.30804661715455234 0.2793788584117908 21 nil_vol 0.6 nil_bias 0.65 Left 0.005 0.01 0.001 -0.3057662654842206 0.2800348691862733 -0.002280351670331742 -0.0006560107744825455
-0.28377719967542103 0.22927951128093696 21 nil_vol 0.6 nil_bias 0.65 Left 0.005 0.01 0.001 -0.29060030449249824 0.22731664286302525 0.006823104817077227 0.001962868417911722
-0.26828968733586045 0.13128257030541043 21 nil_vol 0.6 nil_bias 0.65 Left 0.005 0.01 0.001 -0.26337961174295726 0.13269509914224537 -0.004910075592903184 -0.0014125288368349196
-0.26365733740046576 0.06443767558371721 21 nil_vol 0.6 nil_bias 0.65 Left 0.005 0.01 0.001 -0.24526544521217303 0.0697286487242268 -0.01839189218829273 -0.005290973140509575
-0.17473675165044236 -0.11376527668352854 21 nil_vol 0.6 nil_bias 0.65 Left 0.005 0.01 0.001 -0.19112194489985976 -0.11847896337205266 0.01638519324941739 0.004713686688524121
-0.044287705846510206 -0.6181498221898624 21 nil_vol 0.6 nil_bias 0.65 Left 0.005 0.01 0.001 -0.04714069410874644 -0.6189705688597069 0.002852988262236233 0.0008207466698445363
-0.06146180143001665 -0.6246254016212832 21 nil_vol 0.6 nil_bias 0.65 Left 0.005 0.01 0.001 -0.04673287369261969 -0.620388188818531 -0.01472892773739696 -0.004237212802752291
-0.011652717661102534 -0.7423299244021689 21 nil_vol 0.6 nil_bias 0.65 Home 0.005 0.01 0.001 0.0 -0.75 -0.011652717661102534 0.007670075597831054
-0.023656417763303593 -0.7029609276179309 22 nil_vol 0.6 nil_bias 0.65 Home 0.005 0.01 0.001 -0.028489876858725487 -0.7051497763597935 0.004833459095421893 0.0021888487418625555
-0.08707498039352791 -0.5848549211912131 22 nil_vol 0.6 nil_bias 0.65 Home 0.005 0.01 0.001 -0.0836651045231945 -0.5833107470580843 -0.003409875870333405 -0.0015441741331288302
-0.12013102040622785 -0.5145487957601036 22 nil_vol 0.6 nil_bias 0.65 Home 0.005 0.01 0.001 -0.11571069655600527 -0.5125470367491813 -0.004420323850222572 -0.002001759010922218
-0.1958109334841148 -0.33376997178597767 22 nil_vol 0.6 nil_bias 0.65 Home 0.005 0.01 0.001 -0.19652423105678643 -0.33409299106961965 0.0007132975726716311 0.0003230192836419639
-0.3095625756514124 -0.10705815038352265 22 nil_vol 0.6 nil_bias 0.65 Home 0.005 0.01 0.001 -0.3010777779833224 -0.10321578028498435 -0.008484797668089948 -0.0038423700985382937
-0.3700002432409351 0.05556007675307908 22 nil_vol 0.6 nil_bias 0.65 Home 0.005 0.01 0.001 -0.37247289433858666 0.05444032811399657 0.0024726510976515333 0.0011197486390825064
-0.43568405786128844 0.21288035526948718 22 nil_vol 0.6 nil_bias 0.65 Home 0.005 0.01 0.001 -0.44276987756095676 0.20967151720372712 0.007085819699668324 0.0032088380657600535
-0.5222225592471419 0.3851205007753231 22 nil_vol 0.6 nil_bias 0.65 Left 0.005 0.01 0.001 -0.4 0.35 -0.12222255924714188 0.03512050077532315
-0.47467010585761904 0.27710127091861986 23 nil_vol 0.6 nil_bias 0.65 Left 0.005 0.01 0.001 -0.47475325381484357 0.2770647437044801 8.314795722453742e-05 3.6527214139784766e-05
-0.4329458339401864 0.18278166380665753 23 nil_vol 0.6 nil_bias 0.65 Left 0.005 0.01 0.001 -0.43327149019883027 0.1826386017725137 0.00032565625864389456 0.00014306203414383216
-0.4008589807252862 0.08946162601989796 23 nil_vol 0.6 nil_bias 0.65 Left 0.005 0.01 0.001 -0.393716836910709 0.09259919698664698 -0.007142143814577146 -0.003137570966749027
-0.25182117505772506 -0.19392118305647688 23 nil_vol 0.6 nil_bias 0.65 Left 0.005 0.01 0.001 -0.26525481427542774 -0.19982263190454108 0.013433639217702702 0.005901448848064194
-0.1820206826071116 -0.3847881895539997 23 nil_vol 0.6 nil_bias 0.65 Left 0.005 0.01 0.001 -0.1836787532101079 -0.385516586281907 0.0016580706029963128 0.0007283967279072899
-0.16263913867478041 -0.4335165931257885 23 nil_vol 0.6 nil_bias 0.65 Left 0.005 0.01 0.001 -0.16259976593499786 -0.43349929653131625 -3.937273978253674e-05 -1.729659447222509e-05
-0.12789446549451014 -0.533684001697745 23 nil_vol 0.6 nil_bias 0.65 Left 0.005 0.01 0.001 -0.12009369699073003 -0.5302570943977497 -0.007800768503780105 -0.0034269072999953006
-0.0036346675935565675 -0.7953561615664231 23 nil_vol 0.6 nil_bias 0.65 Home 0.005 0.01 0.001 0.0 -0.75 -0.0036346675935565675 -0.045356161566423046
0.05506175478447625 -0.5288371122195319 24 nil_vol 0.6 nil_bias 0.65 Home 0.005 0.01 0.001 0.059610345385569564 -0.5299209006756604 -0.004548590601093311 0.0010837884561285462
0.13585129462017678 -0.3138787740849349 24 nil_vol 0.6 nil_bias 0.65 Home 0.005 0.01 0.001 0.11241692187670109 -0.3082950878657602 0.0234343727434757 -0.005583686219174727
0.12274732275650262 -0.28863055088805434 24 nil_vol 0.6 nil_bias 0.65 Home 0.005 0.01 0.001 0.11740563209488376 -0.28735779121742566 0.005341690661618851 -0.0012727596706286657
0.12069327701381069 -0.23728440272811363 24 nil_vol 0.6 nil_bias 0.65 Home 0.005 0.01 0.001 0.12887223482321156 -0.23923319540575327 -0.008178957809400872 0.0019487926776396297
0.18273505673626048 -0.01852523532926557 24 nil_vol 0.6 nil_bias 0.65 Home 0.005 0.01 0.001 0.18152860808057808 -0.018237775929066724 0.0012064486556824022 -0.0002874594001988458
0.2468241398353817 0.10619444641079155 24 nil_vol 0.6 nil_bias 0.65 Home 0.005 0.01 0.001 0.21309200396095998 0.11423177108284943 0.03373213587442173 -0.008037324672057885
0.28845893442595816 0.39747912946691843 24 nil_vol 0.6 nil_bias 0.65 Home 0.005 0.01 0.001 0.2810043042432234 0.39925533727397267 0.007454630182734715 -0.001776207807054205
0.29416290270717765 0.4544811306086862 24 nil_vol 0.6 nil_bias 0.65 Right 0.005 0.01 0.001 0.4 0.35 -0.10583709729282238 0.10448113060868625
0.23694873321059726 0.30923764044138635 25 nil_vol 0.6 nil_bias 0.65 Right 0.005 0.01 0.001 0.24880612169976718 0.3056246766843927 -0.011857388489169911 0.003612963756993661
0.2508966451794402 0.27774424384029933 25 nil_vol 0.6 nil_bias 0.65 Right 0.005 0.01 0.001 0.24121022856798532 0.2806957092649409 0.009686416611454874 -0.0029514654246415597
0.062149317500743304 -0.33138762486289036 25 nil_vol 0.6 nil_bias 0.65 Right 0.005 0.01 0.001 0.05533975430797444 -0.32931274091699425 0.0068095631927688645 -0.0020748839458961076
0.023489052008647596 -0.44178539287110247 25 nil_vol 0.6 nil_bias 0.65 Right 0.005 0.01 0.001 0.021274753501733357 -0.44111069285094595 0.002214298506914241 -0.0006747000201564949
0.019851889341224893 -0.4525871075609426 25 nil_vol 0.6 nil_bias 0.65 Right 0.005 0.01 0.001 0.017954072046471092 -0.4520088398327996 0.0018978172947538001 -0.0005782677281429994
-0.007963004792342174 -0.5333576019052508 25 nil_vol 0.6 nil_bias 0.65 Right 0.005 0.01 0.001 -0.006929014462443039 -0.5336726602834443 -0.0010339903298991334 0.0003150583781934444
-0.06422212958248204 -0.6854492542053134 25 nil_vol 0.6 nil_bias 0.65 Right 0.005 0.01 0.001 -0.05411403238576268 -0.6885292063260753 -0.010108097196719365 0.003079952120761873
-0.062460099833181376 -0.7159201713999143 25 nil_vol 0.6 nil_bias 0.65 Home 0.005 0.01 0.001 0.0 -0.75 -0.062460099833181376 0.03407982860008578
-0.04134751322938481 -0.6768857955441839 26 nil_vol 0.6 nil_bias 0.65 Home 0.005 0.01 0.001 -0.046861494677179094 -0.6747943961963091 0.005513981447794281 -0.0020913993478747827
-0.010027797792225103 -0.5509981676947667 26 nil_vol 0.6 nil_bias 0.65 Home 0.005 0.01 0.001 -0.001179691599851887 -0.5543541680179195 -0.008848106192373216 0.0033560003231528027
0.07991759468968522 -0.3291927095953266 26 nil_vol 0.6 nil_bias 0.65 Home 0.005 0.01 0.001 0.08368051434329454 -0.3306199482946537 -0.003762919653609319 0.0014272386993271111
0.10804498989473864 -0.3050632787360973 26 nil_vol 0.6 nil_bias 0.65 Home 0.005 0.01 0.001 0.09521906164968036 -0.3001985293310492 0.01282592824505828 -0.004864749405048127
0.11514892910520819 -0.2717775569544923 26 nil_vol 0.6 nil_bias 0.65 Home 0.005 0.01 0.001 0.1071496448170266 -0.26874350649528006 0.007999284288181589 -0.0030340504592122324
0.2714319466509213 0.17507687325952137 26 nil_vol 0.6 nil_bias 0.65 Home 0.005 0.01 0.001 0.27497646500553974 0.17373247204135178 -0.0035445183546184184 0.0013444012181695912
0.2712297096956216 0.22701765502233626 26 nil_vol 0.6 nil_bias 0.65 Home 0.005 0.01 0.001 0.29217395323108475 0.2190737078606496 -0.020944243535463133 0.00794394716168665
0.38280024898515247 0.45801024285480996 26 nil_vol 0.6 nil_bias 0.65 Right 0.005 0.01 0.001 0.4 0.35 -0.017199751014847543 0.10801024285480995
0.33501363639969484 0.2510223145799643 27 nil_vol 0.6 nil_bias 0.65 Right 0.005 0.01 0.001 0.31860272666494494 0.2562438977098699 0.016410909734749894 -0.0052215831299055404
0.3157331148536351 0.2384289334831368 27 nil_vol 0.6 nil_bias 0.65 Right 0.005 0.01 0.001 0.3131916909325885 0.23923755753180703 0.0025414239210465937 -0.0008086240486702381
0.29284273068483235 0.17401060259224457 27 nil_vol 0.6 nil_bias 0.65 Right 0.005 0.01 0.001 0.29247515059816953 0.17412755832537763 0.0003675800866628332 -0.000116955733133043
0.2819363791677931 0.15996569808325875 27 nil_vol 0.6 nil_bias 0.65 Right 0.005 0.01 0.001 0.2874145692465349 0.15822266095978937 -0.00547819007874176 0.001743037123469366
0.192776932093171 -0.13030750388774395 27 nil_vol 0.6 nil_bias 0.65 Right 0.005 0.01 0.001 0.1953502337127386 -0.13112627070457927 -0.0025733016195675917 0.000818766816835308
0.20054325012085816 -0.1388921640114202 27 nil_vol 0.6 nil_bias 0.65 Right 0.005 0.01 0.001 0.19358384932466804 -0.13667783888386864 0.006959400796190132 -0.002214325127551583
0.13762177720513416 -0.2889933792421106 27 nil_vol 0.6 nil_bias 0.65 Right 0.005 0.01 0.001 0.14443110729670158 -0.2911599552398323 -0.006809330091567421 0.0021665759977217047
0.0016238003726627085 -0.7399889339399229 27 nil_vol 0.6 nil_bias 0.65 Home 0.005 0.01 0.001 0.0 -0.75 0.0016238003726627085 0.010011066060077092
-0.032785613980099396 -0.6758068491606211 28 nil_vol 0.6 nil_bias 0.65 Home 0.005 0.01 0.001 -0.03316790456805632 -0.6760147539958129 0.00038229058795692357 0.00020790483519180837
-0.08943985394268393 -0.6054406095893955 28 nil_vol 0.6 nil_bias 0.65 Home 0.005 0.01 0.001 -0.07563259232226185 -0.5979316712527617 -0.01380726162042208 -0.007508938336633837
-0.11474027390745521 -0.5367244615656811 28 nil_vol 0.6 nil_bias 0.65 Home 0.005 0.01 0.001 -0.11024811683949771 -0.5342814477843043 -0.004492157067957496 -0.0024430137813768425
-0.3233074593266448 -0.17460712976786913 28 nil_vol 0.6 nil_bias 0.65 Home 0.005 0.01 0.001 -0.309837286066409 -0.1672815134961183 -0.013470173260235824 -0.0073256162717508354
-0.3801540817386526 -0.008995369760633448 28 nil_vol 0.6 nil_bias 0.65 Home 0.005 0.01 0.001 -0.3923210628212203 -0.015612258264930401 0.012166981082567712 0.006616888504296952
-0.43741005876966443 0.036533947799576895 28 nil_vol 0.6 nil_bias 0.65 Home 0.005 0.01 0.001 -0.42449887795273566 0.04355556173525055 -0.012911180816928746 -0.007021613935673653
-0.5067009893873916 0.18585177861247323 28 nil_vol 0.6 nil_bias 0.65 Home 0.005 0.01 0.001 -0.5029844372963801 0.18787298754176707 -0.003716552091011538 -0.0020212089292938364
-0.5694589650057467 0.31010480701209103 28 nil_vol 0.6 nil_bias 0.65 Left 0.005 0.01 0.001 -0.4 0.35 -0.16945896500574667 -0.03989519298790894
-0.5413153984666361 0.2510112659939272 29 nil_vol 0.6 nil_bias 0.65 Left 0.005 0.01 0.001 -0.5408537898991689 0.2512355663885516 -0.0004616085674672836 -0.00022430039462439192
-0.5065870985865714 0.18100753534347924 29 nil_vol 0.6 nil_bias 0.65 Left 0.005 0.01 0.001 -0.5067021062783726 0.18095165191220455 0.00011500769180129739 5.588343127470171e-05
-0.5122991200730362 0.17483863397812 29 nil_vol 0.6 nil_bias 0.65 Left 0.005 0.01 0.001 -0.505368183260126 0.17820644812156672 -0.006930936812910289 -0.003367814143446733
-0.4058389375770426 -0.03556716213414511 29 nil_vol 0.6 nil_bias 0.65 Left 0.005 0.01 0.001 -0.4023234134931025 -0.03385893248913274 -0.003515524083940048 -0.0017082296450123705
-0.3986143923088127 -0.07145207118098637 29 nil_vol 0.6 nil_bias 0.65 Left 0.005 0.01 0.001 -0.3868372138056636 -0.06572941789421549 -0.0117771785031491 -0.005722653286770881
-0.2674732225540763 -0.33065073503809067 29 nil_vol 0.6 nil_bias 0.65 Left 0.005 0.01 0.001 -0.2598978165679896 -0.3269697666335351 -0.007575405986086703 -0.0036809684045555685
-0.10107250890731262 -0.6556071100919886 29 nil_vol 0.6 nil_bias 0.65 Left 0.005 0.01 0.001 -0.10037435931721556 -0.6552678719590725 -0.0006981495900970694 -0.0003392381329159988
-0.036687450457238535 -0.7863350634123171 29 nil_vol 0.6 nil_bias 0.65 Home 0.005 0.01 0.001 0.0 -0.75 -0.036687450457238535 -0.036335063412317084
-0.06179152654969478 -0.6589690169817946 30 nil_vol 0.6 nil_bias 0.65 Home 0.005 0.01 0.001 -0.078344852361784 -0.6646351555890004 0.016553325812089216 0.0056661386072058405
-0.11744257616790921 -0.5399720142067789 30 nil_vol 0.6 nil_bias 0.65 Home 0.005 0.01 0.001 -0.12064172418454483 -0.5410670700458893 0.0031991480166356284 0.0010950558391103957
-0.18971784785084503 -0.3132133443662651 30 nil_vol 0.6 nil_bias 0.65 Home 0.005 0.01 0.001 -0.19769992890033594 -0.3159455794538712 0.00798208104949091 0.00273223508760614
-0.27160650906053774 -0.057794384705801 30 nil_vol 0.6 nil_bias 0.65 Home 0.005 0.01 0.001 -0.2845477864246153 -0.062224133273040994 0.012941277364077585 0.004429748567239996
-0.3272639405120007 0.00856490591981129 30 nil_vol 0.6 nil_bias 0.65 Home 0.005 0.01 0.001 -0.310717309948541 0.014228752769627984 -0.016546630563459647 -0.005663846849816692
-0.3340957413292742 0.08620976153713154 30 nil_vol 0.6 nil_bias 0.65 Home 0.005 0.01 0.001 -0.3352239401601753 0.0858235834950305 0.0011281988309011155 0.000386178042101045
-0.40226117931929006 0.2588982108363824 30 nil_vol 0.6 nil_bias 0.65 Home 0.005 0.01 0.001 -0.3952841788720286 0.2612864107694647 -0.00697700044726148 -0.002388199933082283
-0.4128548849792372 0.3126183041635304 30 nil_vol 0.6 nil_bias 0.65 Left 0.005 0.01 0.001 -0.4 0.35 -0.012854884979237183 -0.03738169583646954
-0.3600819532483933 0.2268197260966676 31 nil_vol 0.6 nil_bias 0.65 Left 0.005 0.01 0.001 -0.3769508626646769 0.22026185488329114 0.016868909416283627 0.00655787121337646
-0.24243495387717776 -0.06685092331518949 31 nil_vol 0.6 nil_bias 0.65 Left 0.005 0.01 0.001 -0.26232793003394006 -0.07458441529546456 0.019892976156762315 0.0077334919802750585
-0.2556208008325426 -0.0884091123583381 31 nil_vol 0.6 nil_bias 0.65 Left 0.005 0.01 0.001 -0.25677854151223367 -0.08885918972187956 0.0011577406796910272 0.0004500773635414623
-0.23448389612776402 -0.11102351368473207 31 nil_vol 0.6 nil_bias 0.65 Left 0.005 0.01 0.001 -0.24636626508499185 -0.11564284285464882 0.011882368957227819 0.004619329169916754
-0.1442579907769276 -0.3927138961958509 31 nil_vol 0.6 nil_bias 0.65 Left 0.005 0.01 0.001 -0.13938933663682518 -0.390821183036668 -0.004868654140102435 -0.0018927131591828718
-0.07863195704704863 -0.5540669880034498 31 nil_vol 0.6 nil_bias 0.65 Left 0.005 0.01 0.001 -0.07628189553066245 -0.5531533900708474 -0.002350061516386182 -0.0009135979326023345
-0.0387348530944327 -0.6173299350268469 31 nil_vol 0.6 nil_bias 0.65 Left 0.005 0.01 0.001 -0.04967896189059545 -0.6215845109605546 0.010944108796162755 0.004254575933707718
-0.013552799855736026 -0.7145123735390361 31 nil_vol 0.6 nil_bias 0.65 Home 0.005 0.01 0.001 0.0 -0.75 -0.013552799855736026 0.03548762646096398
0.07497067755632045 -0.3850334815586857 32 nil_vol 0.6 nil_bias 0.43 Home 0.005 0.01 0.001 0.09599213933461664 -0.392177590330547 -0.02102146177829619 0.0071441087718613055
0.13917322510332797 -0.19986256951675527 32 nil_vol 0.6 nil_bias 0.43 Home 0.005 0.01 0.001 0.15905392035643082 -0.20661899068509826 -0.019880695253102855 0.0067564211683429935
0.16648899680507334 -0.16967774248829837 32 nil_vol 0.6 nil_bias 0.43 Home 0.005 0.01 0.001 0.17107829262969182 -0.17123740703033197 -0.0045892958246184674 0.001559664542033605
0.17464874625960616 -0.1381307905485305 32 nil_vol 0.6 nil_bias 0.43 Home 0.005 0.01 0.001 0.18153426508533066 -0.14047082265288502 -0.006885518825724491 0.0023400321043545174
0.16776134635053072 -0.1067405931438646 32 nil_vol 0.6 nil_bias 0.43 Home 0.005 0.01 0.001 0.19038452107163553 -0.11442904139151522 -0.022623174721104804 0.0076884482476506175
0.3535988601356966 0.3815899758957396 32 nil_vol 0.6 nil_bias 0.43 Home 0.005 0.01 0.001 0.3584011126874026 0.3799579383647075 -0.0048022525517060315 0.0016320375310321107
0.3753706091525819 0.45288715269549085 32 nil_vol 0.6 nil_bias 0.43 Home 0.005 0.01 0.001 0.3823767923352183 0.4505061130104192 -0.007006183182636405 0.002381039685071641
0.40558804765383005 0.5188049774437702 32 nil_vol 0.6 nil_bias 0.43 Right 0.005 0.01 0.001 0.4 0.35 0.005588047653830017 0.16880497744377027
0.3507254283140027 0.3174169804551639 33 nil_vol 0.6 nil_bias 0.43 Right 0.005 0.01 0.001 0.35244277274131025 0.31696479723962956 -0.0017173444273075257 0.00045218321553435663
0.3052618613673678 0.13903113153864644 33 nil_vol 0.6 nil_bias 0.43 Right 0.005 0.01 0.001 0.3055707571818381 0.13894979811453462 -0.0003088958144702804 8.133342411182105e-05
0.26666385360995004 0.016905492570040398 33 nil_vol 0.6 nil_bias 0.43 Right 0.005 0.01 0.001 0.27299696718332156 0.015237960062050027 -0.006333113573371498 0.0016675325079903698
0.26933294519103324 0.0059595447143580595 33 nil_vol 0.6 nil_bias 0.43 Right 0.005 0.01 0.001 0.2704747646515393 0.005658899376706827 -0.0011418194605060576 0.00030064533765123243
0.21255898265620424 -0.2505191549279482 33 nil_vol 0.6 nil_bias 0.43 Right 0.005 0.01 0.001 0.20364043673831175 -0.24817086840666713 0.008918545917892477 -0.0023482865212810754
0.1052716026007448 -0.6675684209896988 33 nil_vol 0.6 nil_bias 0.43 Right 0.005 0.01 0.001 0.09399339656479855 -0.6645988271273955 0.011278206035946262 -0.0029695938623032804
0.08790398816135771 -0.69379473594558 33 nil_vol 0.6 nil_bias 0.43 Right 0.005 0.01 0.001 0.0864096081594728 -0.6934012600977899 0.0014943800018849067 -0.0003934758477901714
0.0719073913214845 -0.7484791586458226 33 nil_vol 0.6 nil_bias 0.43 Home 0.005 0.01 0.001 0.0 -0.75 0.0719073913214845 0.0015208413541774445
0.029863442602535192 -0.6139253709454796 34 nil_vol 0.6 nil_bias 0.43 Home 0.005 0.01 0.001 0.02859560092650207 -0.6143347244401028 0.0012678416760331236 0.00040935349462324904
-0.03257347711168118 -0.45899917402741197 34 nil_vol 0.6 nil_bias 0.43 Home 0.005 0.01 0.001 -0.022598161177165788 -0.45577840087019783 -0.009975315934515398 -0.003220773157214131
-0.022513830486855756 -0.41567040798891547 34 nil_vol 0.6 nil_bias 0.43 Home 0.005 0.01 0.001 -0.03431749509945821 -0.419481507947112 0.011803664612602453 0.003811099958196481
-0.10715676442357881 -0.23361478987620307 34 nil_vol 0.6 nil_bias 0.43 Home 0.005 0.01 0.001 -0.09554009420809186 -0.22986406560322126 -0.01161667021548696 -0.0037507242729818272
-0.24874883032420836 0.2403916897021663 34 nil_vol 0.6 nil_bias 0.43 Home 0.005 0.01 0.001 -0.24750342333666636 0.2407937996124302 -0.001245406987541998 -0.00040210991026391437
-0.2788872612286185 0.3455357478797087 34 nil_vol 0.6 nil_bias 0.43 Home 0.005 0.01 0.001 -0.28109206107878804 0.34482387466977005 0.002204799850169531 0.0007118732099386624
-0.31553687660788293 0.46290484026711437 34 nil_vol 0.6 nil_bias 0.43 Home 0.005 0.01 0.001 -0.3188699089437556 0.4618286897822599 0.003333032335872658 0.0010761504848544807
-0.3288915364155237 0.4928674793303496 34 nil_vol 0.6 nil_bias 0.43 Left 0.005 0.01 0.001 -0.4 0.35 0.0711084635844763 0.1428674793303496
-0.2910389488465764 0.38138000824212415 35 nil_vol 0.6 nil_bias 0.43 Left 0.005 0.01 0.001 -0.2910713789568197 0.38136900798480217 3.243011024334187e-05 1.100025732196101e-05
-0.16501856256951722 0.06361298339205373 35 nil_vol 0.6 nil_bias 0.43 Left 0.005 0.01 0.001 -0.1814036841855577 0.05805516836535102 0.01638512161604048 0.00555781502670271
-0.13422404322158676 -0.07920101467325541 35 nil_vol 0.6 nil_bias 0.43 Left 0.005 0.01 0.001 -0.13478230793090207 -0.07939037744168753 0.0005582647093153008 0.0001893627684321201
-0.09914592491680235 -0.18061985372756695 35 nil_vol 0.6 nil_bias 0.43 Left 0.005 0.01 0.001 -0.10031129902428912 -0.1810151473285604 0.001165374107486763 0.0003952936009934459
-0.0737880390609415 -0.28182278652069326 35 nil_vol 0.6 nil_bias 0.43 Left 0.005 0.01 0.001 -0.06690894069383846 -0.2794894040063137 -0.006879098367103037 -0.002333382514379555
-0.00926692986173061 -0.5073230795515842 35 nil_vol 0.6 nil_bias 0.43 Left 0.005 0.01 0.001 0.00834556718573376 -0.5013489401437737 -0.01761249704746437 -0.005974139407810469
0.03043404634398812 -0.5291439353683159 35 nil_vol 0.6 nil_bias 0.43 Left 0.005 0.01 0.001 0.019079953817628503 -0.5329952309239008 0.011354092526359615 0.0038512955555848774
0.07703818970382943 -0.7038632319429928 35 nil_vol 0.6 nil_bias 0.43 Home 0.005 0.01 0.001 0.0 -0.75 0.07703818970382943 0.04613676805700716
0.11122948361781429 -0.574655148079398 36 nil_vol 0.6 nil_bias 0.43 Home 0.005 0.01 0.001 0.11395150181343326 -0.5754375359531679 -0.0027220181956189695 0.0007823878737699391
0.156993494310711 -0.43862963531250443 36 nil_vol 0.6 nil_bias 0.43 Home 0.005 0.01 0.001 0.15355793618243344 -0.4376421551319816 0.003435558128277559 -0.0009874801805227797
0.19396512828249798 -0.36329573949317934 36 nil_vol 0.6 nil_bias 0.43 Home 0.005 0.01 0.001 0.17638007677993328 -0.3582412798729717 0.017585051502564713 -0.005054459620207616
0.20442610979674475 -0.29529886308874514 36 nil_vol 0.6 nil_bias 0.43 Home 0.005 0.01 0.001 0.19523121554155698 -0.2926559807680339 0.00919489425518776 -0.002642882320711275
0.2632788846723284 -0.09516543499558504 36 nil_vol 0.6 nil_bias 0.43 Home 0.005 0.01 0.001 0.2528568169434946 -0.09216982702214371 0.010422067728833797 -0.0029956079734413314
0.317939361170649 0.07892177127943988 36 nil_vol 0.6 nil_bias 0.43 Home 0.005 0.01 0.001 0.3032473504788713 0.08314468610971026 0.01469201069177773 -0.004222914830270388
0.36232492567307395 0.27943918444317556 36 nil_vol 0.6 nil_bias 0.43 Home 0.005 0.01 0.001 0.3598708889325032 0.28014454658612475 0.002454036740570776 -0.0007053621429491888
0.3878801197010286 0.37759191042350915 36 nil_vol 0.6 nil_bias 0.43 Right 0.005 0.01 0.001 0.4 0.35 -0.012119880298971404 0.027591910423509173
0.3537131148564157 0.251353559365828 37 nil_vol 0.6 nil_bias 0.43 Right 0.005 0.01 0.001 0.345167787826374 0.2543142818281544 0.008545327030041764 -0.0029607224623264218
0.30939455400195914 0.13374572057852777 37 nil_vol 0.6 nil_bias 0.43 Right 0.005 0.01 0.001 0.30403718964685844 0.1356019010300483 0.00535736435510068 -0.0018561804515205272
0.2777687807841379 0.07905275096584666 37 nil_vol 0.6 nil_bias 0.43 Right 0.005 0.01 0.001 0.2837289721778333 0.0769877074072981 -0.005960191393695398 0.0020650435585485537
0.15094025145497708 -0.294684112410343 37 nil_vol 0.6 nil_bias 0.43 Right 0.005 0.01 0.001 0.1545245634000342 -0.2959259786198406 -0.0035843119450571187 0.0012418662094976197
0.10176808827757235 -0.3807217979457421 37 nil_vol 0.6 nil_bias 0.43 Right 0.005 0.01 0.001 0.12263963740042516 -0.38795321976193886 -0.020871549122852818 0.007231421816196734
0.051811827301822946 -0.6175348984191393 37 nil_vol 0.6 nil_bias 0.43 Right 0.005 0.01 0.001 0.044030010301644606 -0.614838711332426 0.007781817000178339 -0.002696187086713405
0.039240440832240535 -0.6227377128974981 37 nil_vol 0.6 nil_bias 0.43 Right 0.005 0.01 0.001 0.041073210228269874 -0.6233727174444291 -0.0018327693960293425 0.0006350045469309539
-0.013110234198369949 -0.7797586192408141 37 nil_vol 0.6 nil_bias 0.43 Home 0.005 0.01 0.001 0.0 -0.75 -0.013110234198369949 -0.029758619240814185
-0.0135795379951675 -0.7546287956550918 38 nil_vol 0.6 nil_bias 0.43 Home 0.005 0.01 0.001 -0.006012739279777385 -0.7569872539537226 -0.007566798715390114 0.0023584582986307867
0.05023449534963155 -0.5391025747781067 38 nil_vol 0.6 nil_bias 0.43 Home 0.005 0.01 0.001 0.06086585446878804 -0.5424162108458009 -0.01063135911915649 0.003313636067694186
0.10064343821438262 -0.4377865652819287 38 nil_vol 0.6 nil_bias 0.43 Home 0.005 0.01 0.001 0.09411187960157034 -0.4357507758823707 0.0065315586128122756 -0.0020357893995580287
0.14521962631495922 -0.2833261749220712 38 nil_vol 0.6 nil_bias 0.43 Home 0.005 0.01 0.001 0.14193905396854112 -0.28230366945236285 0.003280572346418096 -0.0010225054697083399
0.14456846328099276 -0.2582281578978588 38 nil_vol 0.6 nil_bias 0.43 Home 0.005 0.01 0.001 0.1490114102294006 -0.2596129581938593 -0.004442946948407838 0.0013848002960005481
0.17998077359785725 -0.181838570945523 38 nil_vol 0.6 nil_bias 0.43 Home 0.005 0.01 0.001 0.17384828336671485 -0.17992716520831298 0.006132490231142397 -0.0019114057372100128
0.28251378874209876 0.1302718005405808 38 nil_vol 0.6 nil_bias 0.43 Home 0.005 0.01 0.001 0.27159354925536155 0.133675476310117 0.010920239486737203 -0.003403675769536198
0.3465522930935963 0.3741706026864029 38 nil_vol 0.6 nil_bias 0.43 Right 0.005 0.01 0.001 0.4 0.35 -0.05344770690640371 0.024170602686402944
0.23878955094634724 0.0947778340360752 39 nil_vol 0.6 nil_bias 0.43 Right 0.005 0.01 0.001 0.26015137853047665 0.08832100685518851 -0.021361827584129422 0.006456827180886689
0.21498624071906627 -0.08712527226832888 39 nil_vol 0.6 nil_bias 0.43 Right 0.005 0.01 0.001 0.20777940159415934 -0.08494693267792097 0.007206839124906929 -0.002178339590407902
0.1406920107542296 -0.2645843116103246 39 nil_vol 0.6 nil_bias 0.43 Right 0.005 0.01 0.001 0.1524114923460526 -0.2681266427610639 -0.011719481591823025 0.003542331150739319
0.1323068916328165 -0.34495769330102044 39 nil_vol 0.6 nil_bias 0.43 Right 0.005 0.01 0.001 0.12944958186303132 -0.34409404269279864 0.002857309769785188 -0.0008636506082217762
0.09887173055868043 -0.4411141421751558 39 nil_vol 0.6 nil_bias 0.43 Right 0.005 0.01 0.001 0.10001942644958553 -0.44146104479828596 -0.0011476958909050995 0.0003469026231301275
0.10901003928347108 -0.4471748606258179 39 nil_vol 0.6 nil_bias 0.43 Right 0.005 0.01 0.001 0.09918957681782264 -0.44420652710063835 0.009820462465648445 -0.002968333525179539
0.021486329940475953 -0.6813338719509002 39 nil_vol 0.6 nil_bias 0.43 Right 0.005 0.01 0.001 0.027010736436780758 -0.683003679362421 -0.005524406496304807 0.0016698074115207582
0.01264098866359368 -0.7305446876252585 39 nil_vol 0.6 nil_bias 0.43 Home 0.005 0.01 0.001 0.0 -0.75 0.01264098866359368 0.019455312374741487
0.05751613077084127 -0.6064871825326773 40 nil_vol 0.6 nil_bias 0.43 Home 0.005 0.01 0.001 0.06457248273535991 -0.6095149245602043 -0.007056351964518639 0.0030277420275269663
0.06750225996018552 -0.5944889545946697 40 nil_vol 0.6 nil_bias 0.43 Home 0.005 0.01 0.001 0.07047290583412918 -0.5957636003899283 -0.002970645873943665 0.0012746457952586515
0.2733039719418555 -0.12509581868600067 40 nil_vol 0.6 nil_bias 0.43 Home 0.005 0.01 0.001 0.2725635290424564 -0.12477810918160415 0.0007404428993991295 -0.0003177095043965255
0.27682677764492586 -0.10166824922076695 40 nil_vol 0.6 nil_bias 0.43 Home 0.005 0.01 0.001 0.28160060660117514 -0.10371660545862749 -0.004773828956249304 0.002048356237860537
0.31575448845266274 -0.041909887780712016 40 nil_vol 0.6 nil_bias 0.43 Home 0.005 0.01 0.001 0.3093075928108235 -0.03914365149034171 0.00644689564183928 -0.002766236290370301
0.365456316256871 0.07282239888489898 40 nil_vol 0.6 nil_bias 0.43 Home 0.005 0.01 0.001 0.35861042290428796 0.07575983725586 0.00684589335258305 -0.0029374383709610146
0.3911130411153341 0.12613592785152106 40 nil_vol 0.6 nil_bias 0.43 Home 0.005 0.01 0.001 0.3819186017080165 0.13008108120456596 0.009194439407317628 -0.003945153353044906
0.4517215677323554 0.2927614852670564 40 nil_vol 0.6 nil_bias 0.43 Right 0.005 0.01 0.001 0.4 0.35 0.05172156773235539 -0.057238514732943536
0.35864424172622705 0.08004446754150515 41 nil_vol 0.6 nil_bias 0.43 Right 0.005 0.01 0.001 0.35335321771249867 0.08252004659689027 0.005291024013728371 -0.0024755790553851248
0.308485050705012 -0.012372386204390908 41 nil_vol 0.6 nil_bias 0.43 Right 0.005 0.01 0.001 0.3088703371805856 -0.012552655113921174 -0.0003852864755736451 0.0001802689095302667
0.23545038266043444 -0.20233886474078175 41 nil_vol 0.6 nil_bias 0.43 Right 0.005 0.01 0.001 0.22283444572840505 -0.19643608502329113 0.012615936932029398 -0.00590277971749062
0.14917233518106646 -0.3334592988681711 41 nil_vol 0.6 nil_bias 0.43 Right 0.005 0.01 0.001 0.15700824909365518 -0.33712558809904086 -0.007835913912588716 0.003666289230869743
0.14332168746218735 -0.3617833617016435 41 nil_vol 0.6 nil_bias 0.43 Right 0.005 0.01 0.001 0.14508523541951507 -0.3626084954328456 -0.001763547957327719 0.0008251337312021224
0.09069410972777125 -0.4681907586180153 41 nil_vol 0.6 nil_bias 0.43 Right 0.005 0.01 0.001 0.09478873906657809 -0.4701065651999576 -0.004094629338806833 0.0019158065819423107
0.06424419177039735 -0.531005037087629 41 nil_vol 0.6 nil_bias 0.43 Right 0.005 0.01 0.001 0.06592700131250229 -0.531792394704194 -0.0016828095421049382 0.0007873576165649749
-0.021326644501245492 -0.7182785157115756 41 nil_vol 0.6 nil_bias 0.43 Home 0.005 0.01 0.001 0.0 -0.75 -0.021326644501245492 0.03172148428842432
-0.025875861617594285 -0.6621431102084089 42 nil_vol 0.6 nil_bias 0.43 Home 0.005 0.01 0.001 -0.03675023627962137 -0.6653095274084586 0.010874374662027089 0.003166417200049683
-0.07958493035582428 -0.5144658889481238 42 nil_vol 0.6 nil_bias 0.43 Home 0.005 0.01 0.001 -0.08058806712494584 -0.514757983861024 0.0010031367691215633 0.00029209491290018536
-0.20384346360778516 -0.12535020266511943 42 nil_vol 0.6 nil_bias 0.43 Home 0.005 0.01 0.001 -0.19474763146568635 -0.12270166422142581 -0.009095832142098796 -0.0026485384436936033
-0.22360767307068571 -0.06004832755316902 42 nil_vol 0.6 nil_bias 0.43 Home 0.005 0.01 0.001 -0.21382091369639517 -0.05719860385147302 -0.00978675937429056 -0.002849723701696007
-0.24208180376364535 0.010877536046207925 42 nil_vol 0.6 nil_bias 0.43 Home 0.005 0.01 0.001 -0.23430297071278966 0.01314258866156015 -0.007778833050855698 -0.0022650526153522254
-0.2971143858361149 0.20725012242572874 42 nil_vol 0.6 nil_bias 0.43 Home 0.005 0.01 0.001 -0.29131519613113893 0.2089387394358 -0.0057991897049759255 -0.0016886170100712567
-0.3397270885101474 0.35192838850980135 42 nil_vol 0.6 nil_bias 0.43 Home 0.005 0.01 0.001 -0.3334807493051834 0.3537472072015104 -0.006246339204963989 -0.0018188186917090946
-0.3525908235677191 0.41937662184299024 42 nil_vol 0.6 nil_bias 0.43 Left 0.005 0.01 0.001 -0.4 0.35 0.04740917643228092 0.06937662184299026
-0.3288495687237099 0.3282396764839682 43 nil_vol 0.6 nil_bias 0.43 Left 0.005 0.01 0.001 -0.32714547951865397 0.32871796657091923 -0.001704089205055932 -0.00047829008695107143
-0.264851902107179 0.1239347935920314 43 nil_vol 0.6 nil_bias 0.43 Left 0.005 0.01 0.001 -0.2693168474826757 0.12268160854424043 0.004464945375496703 0.0012531850477909747
-0.19403376651822712 -0.09986800420208594 43 nil_vol 0.6 nil_bias 0.43 Left 0.005 0.01 0.001 -0.2059172641611582 -0.10320336898466714 0.011883497642931066 0.0033353647825812016
-0.1778041889879515 -0.1433170580497323 43 nil_vol 0.6 nil_bias 0.43 Left 0.005 0.01 0.001 -0.19342770571703105 -0.14770214138496046 0.015623516729079547 0.004385083335228163
-0.16991644803292963 -0.19363451274662696 43 nil_vol 0.6 nil_bias 0.43 Left 0.005 0.01 0.001 -0.17976030877305352 -0.19639740860639715 0.009843860740123887 0.00276289585977018
-0.14802528826612688 -0.3555500921693442 43 nil_vol 0.6 nil_bias 0.43 Left 0.005 0.01 0.001 -0.13603515425587456 -0.3521847975466778 -0.011990134010252314 -0.003365294622666394
-0.051544688200099345 -0.715821166834627 43 nil_vol 0.6 nil_bias 0.43 Left 0.005 0.01 0.001 -0.03525580114063853 -0.7112493326930276 -0.016288887059460813 -0.004571834141599402
-0.026470704286464256 -0.742549560573562 43 nil_vol 0.6 nil_bias 0.43 Home 0.005 0.01 0.001 0.0 -0.75 -0.026470704286464256 0.0074504394264379254
-0.02248028458109032 -0.7334816095256892 44 nil_vol 0.6 nil_bias 0.43 Home 0.005 0.01 0.001 -0.02284701127200097 -0.7333373547218495 0.0003667266909106499 -0.0001442548038397465
0.14324136700702572 -0.3217698763211801 44 nil_vol 0.6 nil_bias 0.43 Home 0.005 0.01 0.001 0.13960839680347556 -0.32034081915938095 0.0036329702035501517 -0.0014290571617991596
0.17608104731980065 -0.26224034381287575 44 nil_vol 0.6 nil_bias 0.43 Home 0.005 0.01 0.001 0.1642874927963875 -0.2576012571673858 0.011793554523413147 -0.004639086645489955
0.22308658545017543 -0.08629998887126546 44 nil_vol 0.6 nil_bias 0.43 Home 0.005 0.01 0.001 0.23052000667277484 -0.0892239830797632 -0.0074334212225993955 0.0029239942084977487
0.2446729619062079 -0.03441544878301752 44 nil_vol 0.6 nil_bias 0.43 Home 0.005 0.01 0.001 0.2510869347567416 -0.0369384350240507 -0.006413972850533686 0.002522986241033177
0.26339648687938344 0.016886869305132807 44 nil_vol 0.6 nil_bias 0.43 Home 0.005 0.01 0.001 0.271071916073741 0.013867679373610553 -0.007675429194357518 0.003019189931522252
0.3669460518033701 0.27260982575778125 44 nil_vol 0.6 nil_bias 0.43 Home 0.005 0.01 0.001 0.37205902501674804 0.27059859787005325 -0.005112973213377943 0.0020112278877280213
0.4253839006869715 0.4061618836479562 44 nil_vol 0.6 nil_bias 0.43 Right 0.005 0.01 0.001 0.4 0.35 0.02538390068697152 0.056161883647956226
0.41067759923230834 0.3474972585782905 45 nil_vol 0.6 nil_bias 0.43 Right 0.005 0.01 0.001 0.4060823318458541 0.3490502858660526 0.004595267386454198 -0.0015530272877620562
0.30440450738210867 0.07947195433978574 45 nil_vol 0.6 nil_bias 0.43 Right 0.005 0.01 0.001 0.3138914277524712 0.07626573259620895 -0.00948692037036253 0.003206221743576786
0.21286057291952054 -0.16922168645420213 45 nil_vol 0.6 nil_bias 0.43 Right 0.005 0.01 0.001 0.22907404746132523 -0.17470123014018718 -0.016213474541804704 0.0054795436859850465
0.1599544024355901 -0.38610234154160744 45 nil_vol 0.6 nil_bias 0.43 Right 0.005 0.01 0.001 0.1578668695584391 -0.38539683405974196 0.0020875328771510072 -0.0007055074818654981
0.14259489805081016 -0.44690213674127294 45 nil_vol 0.6 nil_bias 0.43 Right 0.005 0.01 0.001 0.1376456857540762 -0.44522948940579626 0.004949212296733964 -0.0016726473354766503
0.1426893848669582 -0.4977805538718788 45 nil_vol 0.6 nil_bias 0.43 Right 0.005 0.01 0.001 0.12222304125298511 -0.4908637006313233 0.020466343613973096 -0.006916853240555542
0.09542793376648918 -0.5052144373132779 45 nil_vol 0.6 nil_bias 0.43 Right 0.005 0.01 0.001 0.11512344077153747 -0.5118707768149386 -0.01969550700504828 0.006656339501660809
0.0319765493577833 -0.7578949139369985 45 nil_vol 0.6 nil_bias 0.43 Home 0.005 0.01 0.001 0.0 -0.75 0.0319765493577833 -0.007894913936998448
0.05806674121999948 -0.718390982776043 46 nil_vol 0.6 nil_bias 0.43 Home 0.005 0.01 0.001 0.050189426257977614 -0.715042976235331 0.00787731496202187 -0.003348006540711935
0.07523851935973946 -0.6328100507969341 46 nil_vol 0.6 nil_bias 0.43 Home 0.005 0.01 0.001 0.08362501654929975 -0.6363744693303659 -0.008386497189560284 0.0035644185334317647
0.10991937223529587 -0.5470859647394846 46 nil_vol 0.6 nil_bias 0.43 Home 0.005 0.01 0.001 0.1197910718927454 -0.551281622165959 -0.009871699657449533 0.0041956574264743795
0.20246642425618472 -0.38664848263998136 46 nil_vol 0.6 nil_bias 0.43 Home 0.005 0.01 0.001 0.1917068603794708 -0.3820754662748721 0.010759563876713929 -0.004573016365109267
0.1928278526888413 -0.37176540737191704 46 nil_vol 0.6 nil_bias 0.43 Home 0.005 0.01 0.001 0.19558989143868263 -0.3729393256225839 -0.002762038749841323 0.001173918250666856
0.277003112350233 -0.1746825629821413 46 nil_vol 0.6 nil_bias 0.43 Home 0.005 0.01 0.001 0.2794167336216546 -0.17570839727243948 -0.002413621271421597 0.0010258342902981828
0.339924121958577 -0.026558868388948678 46 nil_vol 0.6 nil_bias 0.43 Home 0.005 0.01 0.001 0.34236682707524635 -0.027597063858733506 -0.0024427051166693043 0.001038195469784827
0.47985877322051496 0.29589912748900543 46 nil_vol 0.6 nil_bias 0.43 Right 0.005 0.01 0.001 0.4 0.35 0.0798587732205149 -0.05410087251099457
0.3783924693098897 0.11499715741888569 47 nil_vol 0.6 nil_bias 0.43 Right 0.005 0.01 0.001 0.39226058366750444 0.10851413188977985 -0.013868114357614775 0.006483025529105842
0.3959589205080908 0.10588300556548154 47 nil_vol 0.6 nil_bias 0.43 Right 0.005 0.01 0.001 0.39191445003759584 0.10777370278904 0.00404447047049495 -0.0018906972235584606
0.33816904532554737 -0.019835517884087522 47 nil_vol 0.6 nil_bias 0.43 Right 0.005 0.01 0.001 0.33331979491664143 -0.017568604489282547 0.00484925040890594 -0.002266913394804977
0.270838974730176 -0.171303067589132 47 nil_vol 0.6 nil_bias 0.43 Right 0.005 0.01 0.001 0.2631358572153516 -0.167702036748563 0.007703117514824378 -0.003601030840569018
0.25067376935798774 -0.1949534145952292 47 nil_vol 0.6 nil_bias 0.43 Right 0.005 0.01 0.001 0.25044619560977077 -0.19484702908517354 0.0002275737482169786 -0.00010638551005565337
0.06764254839778182 -0.6280514457758183 47 nil_vol 0.6 nil_bias 0.43 Right 0.005 0.01 0.001 0.05146780646279164 -0.6204901247348173 0.016174741934990175 -0.0075613210410009615
-0.017752333946287165 -0.7479816994902574 47 nil_vol 0.6 nil_bias 0.43 Right 0.005 0.01 0.001 -0.009856989557707585 -0.751672591987415 -0.00789534438857958 0.0036908924971576014
-0.044724615127121066 -0.8262594059069669 47 nil_vol 0.6 nil_bias 0.43 Home 0.005 0.01 0.001 0.0 -0.75 -0.044724615127121066 -0.07625940590696688
-0.07395468065934206 -0.730287021794859 48 nil_vol 0.6 nil_bias 0.43 Home 0.005 0.01 0.001 -0.06584956405659959 -0.7285349508902818 -0.008105116602742473 -0.001752070904577258
-0.09364562940435822 -0.5892620474070437 48 nil_vol 0.6 nil_bias 0.43 Home 0.005 0.01 0.001 -0.09585283852126736 -0.5897391764927308 0.0022072091169091364 0.00047712908568713845
-0.10764971288457525 -0.48398376355081124 48 nil_vol 0.6 nil_bias 0.43 Home 0.005 0.01 0.001 -0.11821989542043873 -0.4862687040624494 0.010570182535863474 0.0022849405116381256
-0.14683387796324923 -0.36492198965871203 48 nil_vol 0.6 nil_bias 0.43 Home 0.005 0.01 0.001 -0.14455760050755329 -0.3644299301737787 -0.002276277455695947 -0.0004920594849333268
-0.15516888570276333 -0.32093588323183714 48 nil_vol 0.6 nil_bias 0.43 Home 0.005 0.01 0.001 -0.15401362729062518 -0.3206861527528838 -0.0011552584121381415 -0.0002497304789533171
-0.22901649506609031 -0.023056805283360925 48 nil_vol 0.6 nil_bias 0.43 Home 0.005 0.01 0.001 -0.21882782180440302 -0.020854335059551143 -0.010188673261687304 -0.002202470223809782
-0.23288406805277628 0.07179872141658601 48 nil_vol 0.6 nil_bias 0.43 Home 0.005 0.01 0.001 -0.2385898687755018 0.07056530702866459 0.0057058007227255335 0.0012334143879214141
-0.2852383149636048 0.28636199351182867 48 nil_vol 0.6 nil_bias 0.43 Left 0.005 0.01 0.001 -0.4 0.35 0.11476168503639522 -0.06363800648817132
-0.29218781812632283 0.2757523742881744 49 nil_vol 0.6 nil_bias 0.43 Left 0.005 0.01 0.001 -0.28309815917334324 0.2781096902565798 -0.009089658952979574 -0.002357315968405372
-0.27774353300788823 0.26019618223002833 49 nil_vol 0.6 nil_bias 0.43 Left 0.005 0.01 0.001 -0.2784077864850033 0.26002391445444156 0.000664253477115053 0.00017226777558676415
-0.2608067895153967 0.23507039501966093 49 nil_vol 0.6 nil_bias 0.43 Left 0.005 0.01 0.001 -0.2712349582108236 0.23236594937278693 0.010428168695426922 0.002704445646874001
-0.26389747001655384 0.21084805391309186 49 nil_vol 0.6 nil_bias 0.43 Left 0.005 0.01 0.001 -0.2655437720852574 0.21042110124353086 0.0016463020687035928 0.0004269526695610114
-0.2227701944006074 0.08302595691674343 49 nil_vol 0.6 nil_bias 0.43 Left 0.005 0.01 0.001 -0.23189158066811405 0.08066041277327052 0.00912138626750665 0.002365544143472906
-0.24681701035103046 0.07120432459629307 49 nil_vol 0.6 nil_bias 0.43 Left 0.005 0.01 0.001 -0.23053436411047337 0.0754270729072381 -0.016282646240557076 -0.004222748310945034
-0.03352126369032319 -0.7142916031102032 49 nil_vol 0.6 nil_bias 0.43 Left 0.005 0.01 0.001 -0.02621948988509737 -0.7123979580265116 -0.007301773805225819 -0.0018936450836915752
-0.02040796293796217 -0.7348068326336963 49 nil_vol 0.6 nil_bias 0.43 Home 0.005 0.01 0.001 0.0 -0.75 -0.02040796293796217 0.01519316736630373
-0.1190470097302273 -0.41820875420129805 50 nil_vol 0.6 nil_bias 0.43 Home 0.005 0.01 0.001 -0.1212949009296893 -0.4189266937998099 0.002247891199461992 0.0007179395985118604
-0.157970950908066 -0.2946279001646245 50 nil_vol 0.6 nil_bias 0.43 Home 0.005 0.01 0.001 -0.1607140823744333 -0.2955040113857104 0.0027431314663672935 0.0008761112210859407
-0.19921795120411004 -0.24731575228769828 50 nil_vol 0.6 nil_bias 0.43 Home 0.005 0.01 0.001 -0.1782440806541741 -0.24061704186725413 -0.020973870549935946 -0.00669871042044415
-0.17425596865820953 -0.20538068954624564 50 nil_vol 0.6 nil_bias 0.43 Home 0.005 0.01 0.001 -0.18808713367027938 -0.20979813691117744 0.013831165012069865 0.004417447364931787
-0.23784181290251274 -0.1004080057861678 50 nil_vol 0.6 nil_bias 0.43 Home 0.005 0.01 0.001 -0.2243960910719033 -0.09611366265466736 -0.013445721830609438 -0.004294343131500442
-0.22361052221647582 -0.06870177393259307 50 nil_vol 0.6 nil_bias 0.43 Home 0.005 0.01 0.001 -0.23226789586710722 -0.07146679715275117 0.008657373650631397 0.002765023220158106
-0.37568097932130445 0.36567229610968816 50 nil_vol 0.6 nil_bias 0.43 Home 0.005 0.01 0.001 -0.37223451564425775 0.3667730401088536 -0.003446463677046719 -0.001100743999165458
-0.3878922798740483 0.41579798662016576 50 nil_vol 0.6 nil_bias 0.43 Left 0.005 0.01 0.001 -0.4 0.35 0.012107720125951743 0.06579798662016581
-0.3948870434298227 0.38413147228915123 51 nil_vol 0.6 nil_bias 0.43 Left 0.005 0.01 0.001 -0.3791518079745657 0.38932712403141256 -0.015735235455257023 -0.00519565174226133
-0.2767117087085272 0.06749844684501233 51 nil_vol 0.6 nil_bias 0.43 Left 0.005 0.01 0.001 -0.27326254599877864 0.06863733340906819 -0.0034491627097485247 -0.0011388865640558673
-0.2557818192229754 0.04459813853334136 51 nil_vol 0.6 nil_bias 0.43 Left 0.005 0.01 0.001 -0.2643868158548403 0.0417568359122506 0.008604996631864948 0.0028413026210907574
-0.2510997603603641 -0.014146684413861353 51 nil_vol 0.6 nil_bias 0.43 Left 0.005 0.01 0.001 -0.24643634776491338 -0.012606862029548582 -0.004663412595450674 -0.0015398223843127712
-0.12090933185676458 -0.3807731276824042 51 nil_vol 0.6 nil_bias 0.43 Left 0.005 0.01 0.001 -0.12448128587261281 -0.38195255897585323 0.003571954015848232 0.001179431293449055
-0.09085010428099956 -0.48684688645140756 51 nil_vol 0.6 nil_bias 0.43 Left 0.005 0.01 0.001 -0.08994471110798818 -0.48654793270329466 -0.0009053931730113691 -0.00029895374811289696
-0.02528682964947407 -0.7072169675777519 51 nil_vol 0.6 nil_bias 0.43 Left 0.005 0.01 0.001 -0.01788817321053049 -0.7047739890581932 -0.0073986564389435785 -0.0024429785195586263
-0.008187074056513264 -0.7341541490334299 51 nil_vol 0.6 nil_bias 0.43 Home 0.005 0.01 0.001 0.0 -0.75 -0.008187074056513264 0.015845850966570086
0.015460536453207897 -0.6132248365044726 52 nil_vol 0.6 nil_bias 0.43 Home 0.005 0.01 0.001 0.02588837505657067 -0.6162382841350746 -0.010427838603362773 0.003013447630602053
0.09348412225417768 -0.39234376810907645 52 nil_vol 0.6 nil_bias 0.43 Home 0.005 0.01 0.001 0.09081273269903703 -0.3915717871807604 0.002671389555140649 -0.0007719809283160237
0.10366002871507381 -0.35164719263385164 52 nil_vol 0.6 nil_bias 0.43 Home 0.005 0.01 0.001 0.10245113801125705 -0.35129784614263354 0.0012088907038167588 -0.0003493464912181022
0.1155792166857152 -0.2596212668474934 52 nil_vol 0.6 nil_bias 0.43 Home 0.005 0.01 0.001 0.1279138642008792 -0.2631857460979582 -0.012334647515163982 0.0035644792504647958
0.1417480052455311 -0.21451243364428277 52 nil_vol 0.6 nil_bias 0.43 Home 0.005 0.01 0.001 0.14196168424678185 -0.21457418282400453 -0.00021367900125075632 6.174917972175521e-05
0.14503359312070976 -0.20778553538864478 52 nil_vol 0.6 nil_bias 0.43 Home 0.005 0.01 0.001 0.14400903548373375 -0.2074894576585421 0.0010245576369760105 -0.0002960777301026653
0.19849002867970333 0.029167447595699565 52 nil_vol 0.6 nil_bias 0.43 Home 0.005 0.01 0.001 0.211326425730466 0.025457972243289162 -0.012836397050762663 0.0037094753524104028
0.30377603504772976 0.3453738039021136 52 nil_vol 0.6 nil_bias 0.43 Right 0.005 0.01 0.001 0.4 0.35 -0.09622396495227029 -0.0046261960978864055
0.24842620449154773 0.2513462970855946 53 nil_vol 0.6 nil_bias 0.43 Right 0.005 0.01 0.001 0.27391942043536466 0.24384918796906024 -0.025493215943816917 0.007497109116534356
0.2682116988395259 0.2148486709766261 53 nil_vol 0.6 nil_bias 0.43 Right 0.005 0.01 0.001 0.265615413874787 0.21561219299445086 0.0025962849647389002 -0.0007635220178247463
0.1954921760059209 0.003957392583129471 53 nil_vol 0.6 nil_bias 0.43 Right 0.005 0.01 0.001 0.2027442455835806 0.0018246857067496514 -0.007252069577659699 0.0021327068763798192
0.16057994287456226 -0.1117369723981874 53 nil_vol 0.6 nil_bias 0.43 Right 0.005 0.01 0.001 0.16864982718278132 -0.11411018428914149 -0.00806988430821907 0.0023732118909540914
0.16467284178581218 -0.11334959848732425 53 nil_vol 0.6 nil_bias 0.43 Right 0.005 0.01 0.001 0.16853912821696537 -0.11448660573325242 -0.0038662864311531835 0.0011370072459281789
0.07391979387296257 -0.45733926782183076 53 nil_vol 0.6 nil_bias 0.43 Right 0.005 0.01 0.001 0.06820628447519375 -0.45565902459603225 0.00571350939776883 -0.0016802432257985284
-0.0006753577960966067 -0.7105936780436196 53 nil_vol 0.6 nil_bias 0.43 Right 0.005 0.01 0.001 -0.00628075961055008 -0.708945227368052 0.005605401814453473 -0.0016484506755676642
-0.030381003029160504 -0.790895843294688 53 nil_vol 0.6 nil_bias 0.43 Home 0.005 0.01 0.001 0.0 -0.75 -0.030381003029160504 -0.04089584329468801
-0.0942789702950814 -0.569224061526438 54 nil_vol 0.6 nil_bias 0.43 Home 0.005 0.01 0.001 -0.11047734251435798 -0.5752402768353405 0.01619837221927659 0.0060162153089025104
-0.24442147178028198 -0.24181666811174754 54 nil_vol 0.6 nil_bias 0.43 Home 0.005 0.01 0.001 -0.2355390323266917 -0.2385176534022636 -0.008882439453590274 -0.0032990147094839385
-0.29124815689046885 -0.06155088281001949 54 nil_vol 0.6 nil_bias 0.43 Home 0.005 0.01 0.001 -0.30005162945354863 -0.06482056853451934 0.008803472563079758 0.0032696857244998534
-0.35509126013373477 0.06378252663496944 54 nil_vol 0.6 nil_bias 0.43 Home 0.005 0.01 0.001 -0.34869786265010416 0.06615708966489808 -0.006393397483630629 -0.0023745630299286434
-0.4254567278350708 0.2513306492233806 54 nil_vol 0.6 nil_bias 0.43 Home 0.005 0.01 0.001 -0.4184407379093532 0.2539364484621447 -0.007015989925717595 -0.0026057992387640695
-0.4229779854705066 0.2549953084618594 54 nil_vol 0.6 nil_bias 0.43 Home 0.005 0.01 0.001 -0.41933635068625036 0.2563478430648365 -0.0036416347842562367 -0.0013525346029770826
-0.40924901032932604 0.26396889662212314 54 nil_vol 0.6 nil_bias 0.43 Home 0.005 0.01 0.001 -0.42060094083632704 0.25975269161230474 0.011351930507001007 0.0042162050098183855
-0.42606471715535893 0.274463648251038 54 nil_vol 0.6 nil_bias 0.43 Left 0.005 0.01 0.001 -0.4 0.35 -0.02606471715535891 -0.07553635174896203
-0.37382705999800425 0.1802893895926099 55 nil_vol 0.6 nil_bias 0.43 Left 0.005 0.01 0.001 -0.3851693424318159 0.17559771400304355 0.01134228243381163 0.004691675589566344
-0.3415363235416389 0.13272376176004486 55 nil_vol 0.6 nil_bias 0.43 Left 0.005 0.01 0.001 -0.3636509079680639 0.12357617999840861 0.022114584426425013 0.00914758176163623
-0.3701180698066232 0.1177725786292563 55 nil_vol 0.6 nil_bias 0.43 Left 0.005 0.01 0.001 -0.36254589314466984 0.12090476975675513 -0.007572176661953375 -0.003132191127498829
-0.30534910088349254 0.0016066509809219529 55 nil_vol 0.6 nil_bias 0.43 Left 0.005 0.01 0.001 -0.31205197714721167 -0.0011659586000763444 0.006702876263719152 0.0027726095809982973
-0.16509398624952468 -0.3533101183217439 55 nil_vol 0.6 nil_bias 0.43 Left 0.005 0.01 0.001 -0.1662001305185764 -0.35376766909214075 0.0011061442690517187 0.0004575507703968046
-0.14499443654571223 -0.4064347363261652 55 nil_vol 0.6 nil_bias 0.43 Left 0.005 0.01 0.001 -0.1444993798105742 -0.4062299587063827 -0.0004950567351380344 -0.00020477761978256355
-0.01927995130740977 -0.6975040149978998 55 nil_vol 0.6 nil_bias 0.43 Left 0.005 0.01 0.001 -0.023323530934450054 -0.6991766204846138 0.004043579627040283 0.001672605486713958
-0.00010316652699588392 -0.7553126269704579 55 nil_vol 0.6 nil_bias 0.43 Home 0.005 0.01 0.001 0.0 -0.75 -0.00010316652699588392 -0.005312626970457844
-0.02495793347424806 -0.7113523971209261 56 nil_vol 0.6 nil_bias 0.43 Home 0.005 0.01 0.001 -0.016409234091686382 -0.7083821388655531 -0.008548699382561675 -0.002970258255373016
-0.0473766831020066 -0.5517500861040964 56 nil_vol 0.6 nil_bias 0.43 Home 0.005 0.01 0.001 -0.0683047798755251 -0.5590215843085591 0.02092809677351851 0.0072714982044627145
-0.10388154879240437 -0.44281095307958906 56 nil_vol 0.6 nil_bias 0.43 Home 0.005 0.01 0.001 -0.10816520223936169 -0.444299314810958 0.004283653446957322 0.0014883617313689377
-0.11772454757051957 -0.39110166419793957 56 nil_vol 0.6 nil_bias 0.43 Home 0.005 0.01 0.001 -0.12568749725354386 -0.3938684028531051 0.007962949683024289 0.0027667386551655008
-0.198626072567715 -0.17911083042251896 56 nil_vol 0.6 nil_bias 0.43 Home 0.005 0.01 0.001 -0.20012444624392278 -0.1796314425744059 0.0014983736762077835 0.000520612151886916
-0.2676185811805849 0.024544290958962513 56 nil_vol 0.6 nil_bias 0.43 Home 0.005 0.01 0.001 -0.27069429870316153 0.023475628352664257 0.0030757175225766173 0.0010686626062982546
-0.2861055562487397 0.06659678080575111 56 nil_vol 0.6 nil_bias 0.43 Home 0.005 0.01 0.001 -0.2857229911799931 0.06672970360520991 -0.00038256506874654125 -0.00013292279945879376
-0.3705592057549092 0.31089678700394835 56 nil_vol 0.6 nil_bias 0.43 Left 0.005 0.01 0.001 -0.4 0.35 0.0294407942450908 -0.03910321299605165
-0.34678685332207937 0.21231180630099988 57 nil_vol 0.6 nil_bias 0.43 Left 0.005 0.01 0.001 -0.3444937971695361 0.21292185464793886 -0.002293056152543244 -0.0006100483469389933
-0.33722565621881534 0.17055566388658872 57 nil_vol 0.6 nil_bias 0.43 Left 0.005 0.01 0.001 -0.3334872267152851 0.17155024168454064 -0.0037384295035302354 -0.0009945777979519289
-0.3108425272129733 0.0894754483286034 57 nil_vol 0.6 nil_bias 0.43 Left 0.005 0.01 0.001 -0.3115984162639296 0.08927435038972661 0.00075588905095628 0.00020109793887677896
-0.2902353304071928 0.02878216830914124 57 nil_vol 0.6 nil_bias 0.43 Left 0.005 0.01 0.001 -0.2951566565505843 0.027472890786567783 0.004921326143391511 0.0013092775225734573
-0.25502911324099503 -0.150640414663326 57 nil_vol 0.6 nil_bias 0.43 Left 0.005 0.01 0.001 -0.24825085853671916 -0.14883711687975942 -0.0067782547042758885 -0.0018032977835665887
-0.17783364008721697 -0.3589692393797213 57 nil_vol 0.6 nil_bias 0.43 Left 0.005 0.01 0.001 -0.19138764357264074 -0.362575168267035 0.013554003485423776 0.003605928887313716
-0.0714972289740722 -0.7685264469621266 57 nil_vol 0.6 nil_bias 0.43 Left 0.005 0.01 0.001 -0.08260175480765902 -0.7714807128752432 0.011104525833586825 0.0029542659131166814
-0.07970698266569659 -0.7823616128951257 57 nil_vol 0.6 nil_bias 0.43 Home 0.005 0.01 0.001 0.0 -0.75 -0.07970698266569659 -0.03236161289512573
-0.16989951966107553 -0.44079298744006806 58 nil_vol 0.6 nil_bias 0.43 Home 0.005 0.01 0.001 -0.18316955217980446 -0.4448609847935733 0.01327003251872895 0.004067997353505224
-0.2711238741830697 -0.20734727302438172 58 nil_vol 0.6 nil_bias 0.43 Home 0.005 0.01 0.001 -0.25728146854933626 -0.20310381172127656 -0.013842405633733436 -0.004243461303105161
-0.27253568468622674 -0.16129014011975615 58 nil_vol 0.6 nil_bias 0.43 Home 0.005 0.01 0.001 -0.27030892846614035 -0.16060751644137194 -0.0022267562200863635 -0.0006826236783841936
-0.2788003595656431 -0.11897799331780902 58 nil_vol 0.6 nil_bias 0.43 Home 0.005 0.01 0.001 -0.2827038409775059 -0.12017462580763172 0.0039034814118628102 0.0011966324898226945
-0.2861167865041466 -0.08998841163659425 58 nil_vol 0.6 nil_bias 0.43 Home 0.005 0.01 0.001 -0.2914558384302625 -0.091625125719624 0.005339051926115902 0.0016367140830297526
-0.4072216886241259 0.28948950463526135 58 nil_vol 0.6 nil_bias 0.43 Home 0.005 0.01 0.001 -0.4081968636085498 0.28919055968164187 0.0009751749844238768 0.000298944953619511
-0.42515361619923125 0.32530649026868147 58 nil_vol 0.6 nil_bias 0.43 Home 0.005 0.01 0.001 -0.41977394961329406 0.3269556549865106 -0.005379666585937206 -0.001649164717829132
-0.4583576308377915 0.45281775863320506 58 nil_vol 0.6 nil_bias 0.43 Left 0.005 0.01 0.001 -0.4 0.35 -0.058357630837791497 0.10281775863320507
-0.46772834597277696 0.4453946765037092 59 nil_vol 0.6 nil_bias 0.43 Left 0.005 0.01 0.001 -0.45706987942819366 0.44933000710881005 -0.0106584665445833 -0.003935330605100873
-0.39607353685785124 0.309499599308382 59 nil_vol 0.6 nil_bias 0.43 Left 0.005 0.01 0.001 -0.4043176693784605 0.3064556917363918 0.008244132520609258 0.003043907571990171
-0.3750563948812986 0.2582749123196765 59 nil_vol 0.6 nil_bias 0.43 Left 0.005 0.01 0.001 -0.38515203011227456 0.25454739090407613 0.010095635230975954 0.003727521415600367
-0.3020448601626923 0.03294320836727098 59 nil_vol 0.6 nil_bias 0.43 Left 0.005 0.01 0.001 -0.3031767842565265 0.03252527812275746 0.0011319240938342037 0.00041793024451351475
-0.2868257469632473 -0.029263590127240467 59 nil_vol 0.6 nil_bias 0.43 Left 0.005 0.01 0.001 -0.281138359725583 -0.027163686828222733 -0.005687387237664345 -0.0020999032990177335
-0.24489804407188834 -0.13298996848460035 59 nil_vol 0.6 nil_bias 0.43 Left 0.005 0.01 0.001 -0.24240493595877896 -0.13206946039665868 -0.0024931081131093704 -0.0009205080879416665
-0.15990132036347177 -0.3897825771780807 59 nil_vol 0.6 nil_bias 0.43 Left 0.005 0.01 0.001 -0.1487693727779102 -0.3856724273882779 -0.011131947585561578 -0.004110149789802802
-0.0215439454096906 -0.7302503287892003 59 nil_vol 0.6 nil_bias 0.43 Home 0.005 0.01 0.001 0.0 -0.75 -0.0215439454096906 0.01974967121079973
-0.03747831752258324 -0.6963860343350906 60 nil_vol 0.6 nil_bias 0.43 Home 0.005 0.01 0.001 -0.0369639441336273 -0.6961534139633695 -0.0005143733889559381 -0.00023262037172110353
-0.07744960882222073 -0.6166631859789966 60 nil_vol 0.6 nil_bias 0.43 Home 0.005 0.01 0.001 -0.07368298317089303 -0.6149597660938338 -0.0037666256513277 -0.0017034198851627396
-0.11195925727258094 -0.5415669728238098 60 nil_vol 0.6 nil_bias 0.43 Home 0.005 0.01 0.001 -0.10773758356338929 -0.5396577618719939 -0.004221673709191648 -0.0019092109518159665
-0.1731378254880823 -0.3722409562466346 60 nil_vol 0.6 nil_bias 0.43 Home 0.005 0.01 0.001 -0.18169922106115485 -0.37611276428223683 0.008561395573072563 0.0038718080356022243
-0.2089896077297695 -0.2867302306495644 60 nil_vol 0.6 nil_bias 0.43 Home 0.005 0.01 0.001 -0.21989186131085142 -0.2916606689947064 0.010902253581081923 0.004930438345142021
-0.34627425063809086 -0.05082606228154267 60 nil_vol 0.6 nil_bias 0.43 Home 0.005 0.01 0.001 -0.33177282448800527 -0.04426793308211785 -0.014501426150085575 -0.006558129199424819
-0.3941157563740715 0.05723152410731697 60 nil_vol 0.6 nil_bias 0.43 Home 0.005 0.01 0.001 -0.38046652662958635 0.06340425575526165 -0.01364922974448515 -0.006172731647944681
-0.5094897221522752 0.34870213333968336 60 nil_vol 0.6 nil_bias 0.43 Left 0.005 0.01 0.001 -0.4 0.35 -0.10948972215227513 -0.0012978666603166258
-0.45034848098363933 0.19543484509213457 61 nil_vol 0.6 nil_bias 0.43 Left 0.005 0.01 0.001 -0.4508374900851977 0.1952479393155287 0.0004890091015583673 0.0001869057766058827
-0.41095504032908947 0.08910331183272208 61 nil_vol 0.6 nil_bias 0.43 Left 0.005 0.01 0.001 -0.41035522781295036 0.08933256814674495 -0.0005998125161391201 -0.00022925631402287864
-0.19685047608715145 -0.47111092820062694 61 nil_vol 0.6 nil_bias 0.43 Left 0.005 0.01 0.001 -0.19623603774554338 -0.47087608170176076 -0.0006144383416080573 -0.00023484649886619185
-0.11190538518496257 -0.7323163891704156 61 nil_vol 0.6 nil_bias 0.43 Left 0.005 0.01 0.001 -0.09829794785637813 -0.7271154458067646 -0.013607437328584436 -0.005200943363651048
-0.1171459132067758 -0.7393641102806738 61 nil_vol 0.6 nil_bias 0.43 Left 0.005 0.01 0.001 -0.09661556278560002 -0.7315171375408367 -0.020530350421175774 -0.00784697273983716
-0.09563324330844131 -0.7398715225438078 61 nil_vol 0.6 nil_bias 0.43 Left 0.005 0.01 0.001 -0.09370421218833719 -0.7391342212165912 -0.001929031120104117 -0.0007373013272165887
-0.07512185093953347 -0.7628833887635736 61 nil_vol 0.6 nil_bias 0.43 Left 0.005 0.01 0.001 -0.0834153869901546 -0.7660532884472613 0.008293536050621138 0.003169899683687607
-0.08273614232209357 -0.7678304235947064 61 nil_vol 0.6 nil_bias 0.43 Home 0.005 0.01 0.001 0.0 -0.75 -0.08273614232209357 -0.017830423594706487
-0.04021780336663528 -0.6560996165701978 62 nil_vol 0.6 nil_bias 0.43 Home 0.005 0.01 0.001 -0.034143626447307014 -0.6588069184307915 -0.006074176919328267 0.0027073018605937673
0.018986785925718605 -0.5379393483203821 62 nil_vol 0.6 nil_bias 0.43 Home 0.005 0.01 0.001 0.019605048799875943 -0.5382149122777334 -0.000618262874157337 0.00027556395735133015
0.03195069881843151 -0.4793468111432702 62 nil_vol 0.6 nil_bias 0.43 Home 0.005 0.01 0.001 0.04354057862899226 -0.4845124992014078 -0.01158987981056075 0.005165688058137632
0.1280647557178331 -0.25396243213747205 62 nil_vol 0.6 nil_bias 0.43 Home 0.005 0.01 0.001 0.14327643790083533 -0.26074238208357225 -0.015211682183002216 0.006779949946100232
0.2598121340773 -0.0012575264555674778 62 nil_vol 0.6 nil_bias 0.43 Home 0.005 0.01 0.001 0.25907669644132875 -0.0009297369119537491 0.0007354376359712538 -0.0003277895436137287
0.3216042155219126 0.13323507253689218 62 nil_vol 0.6 nil_bias 0.43 Home 0.005 0.01 0.001 0.3193272013860479 0.13424995318467325 0.0022770141358646914 -0.0010148806477810854
0.32348439122572875 0.14204822939543785 62 nil_vol 0.6 nil_bias 0.43 Home 0.005 0.01 0.001 0.322915882779602 0.14230161746667835 0.000568508446126762 -0.00025338807124051686
0.41256608010358775 0.34344326603007413 62 nil_vol 0.6 nil_bias 0.43 Right 0.005 0.01 0.001 0.4 0.35 0.012566080103587738 -0.00655673396992586
0.39373109293602543 0.27709763945025795 63 nil_vol 0.6 nil_bias 0.43 Right 0.005 0.01 0.001 0.3891997329755202 0.27873389915915925 0.0045313599605052565 -0.0016362597089013265
0.3397745776871486 0.11466918408694118 63 nil_vol 0.6 nil_bias 0.43 Right 0.005 0.01 0.001 0.3310890046111358 0.11780551697527197 0.008685573076012835 -0.0031363328883307934
0.2775134957662145 -0.008783742728966249 63 nil_vol 0.6 nil_bias 0.43 Right 0.005 0.01 0.001 0.2844708487976634 -0.011296020840876164 -0.006957353031448895 0.0025122781119099142
0.1744186938090591 -0.3095390322800209 63 nil_vol 0.6 nil_bias 0.43 Right 0.005 0.01 0.001 0.17650429933067047 -0.3102921378186271 -0.0020856055216113686 0.0007531055386061861
0.11630684728861652 -0.46613294880389267 63 nil_vol 0.6 nil_bias 0.43 Right 0.005 0.01 0.001 0.11977806192194396 -0.4673863933977821 -0.003471214633327426 0.0012534445938894353
0.09132881118892879 -0.5210929720260185 63 nil_vol 0.6 nil_bias 0.43 Right 0.005 0.01 0.001 0.09934017733272571 -0.5239858509296157 -0.008011366143796923 0.002892878903597288
0.09212549330033297 -0.5562578151943753 63 nil_vol 0.6 nil_bias 0.43 Right 0.005 0.01 0.001 0.08819886948752736 -0.5548399237902703 0.003926623812805605 -0.001417891404105075
0.017181106366568687 -0.7515122775372423 63 nil_vol 0.6 nil_bias 0.43 Home 0.005 0.01 0.001 0.0 -0.75 0.017181106366568687 -0.0015122775372422488
