x y trial vol omega bias theta state target_sigma moving_sigma staying_sigma x_mean y_mean x_noise y_noise
-0.016512718304242748 -0.6512126039042545 0 nil_vol 0.6 nil_bias 0.76 Home 0.005 0.01 0.001 -0.029025400488791528 -0.6550371040740767 0.01251268218454878 0.00382450016982213
-0.03929664019667959 -0.6031510028499447 0 nil_vol 0.6 nil_bias 0.76 Home 0.005 0.01 0.001 -0.04440696638836399 -0.6047129735848905 0.005110326191684405 0.0015619707349458487
-0.07809191813411338 -0.5497774806886523 0 nil_vol 0.6 nil_bias 0.76 Home 0.005 0.01 0.001 -0.06264141009204165 -0.5450550343131094 -0.015450508042071731 -0.004722446375542814
-0.21260230785183035 -0.07583408519148133 0 nil_vol 0.6 nil_bias 0.76 Home 0.005 0.01 0.001 -0.20661783140714632 -0.07400493051133983 -0.005984476444684023 -0.0018291546801415012
-0.2740798534515552 0.16986708238704856 0 nil_vol 0.6 nil_bias 0.76 Home 0.005 0.01 0.001 -0.2805525943912198 0.16788868970849635 0.006472740939664607 0.001978392678552207
-0.28592346720358724 0.2014633973473298 0 nil_vol 0.6 nil_bias 0.76 Home 0.005 0.01 0.001 -0.29039679416667713 0.20009612536857424 0.004473326963089911 0.001367271978755546
-0.3259130789009247 0.24110488851359108 0 nil_vol 0.6 nil_bias 0.76 Home 0.005 0.01 0.001 -0.30489469550072684 0.24752915548512067 -0.021018383400197856 -0.006424266971529582
-0.34779849900815824 0.387898258363677 0 nil_vol 0.6 nil_bias 0.76 Left 0.005 0.01 0.001 -0.4 0.35 0.05220150099184179 0.037898258363677
-0.3125881185241088 0.26092630674548806 1 nil_vol 0.6 nil_bias 0.76 Left 0.005 0.01 0.001 -0.30422106479475747 0.26386598298985164 -0.008367053729351327 -0.0029396762443635845
-0.2565868441747561 0.15220210475914472 1 nil_vol 0.6 nil_bias 0.76 Left 0.005 0.01 0.001 -0.26406592346344654 0.1495744089864322 0.007479079288690463 0.0026276957727125252
-0.2677639756184393 0.12359758572055987 1 nil_vol 0.6 nil_bias 0.76 Left 0.005 0.01 0.001 -0.2563483752261827 0.12760833674162042 -0.011415600392256569 -0.004010751021060543
-0.22114578471441085 -0.014448695905306955 1 nil_vol 0.6 nil_bias 0.76 Left 0.005 0.01 0.001 -0.20805415548350265 -0.009849089796036714 -0.01309162923090819 -0.004599606109270241
-0.16497235341874703 -0.13409241566383986 1 nil_vol 0.6 nil_bias 0.76 Left 0.005 0.01 0.001 -0.16446517652499515 -0.1339142244014816 -0.000507176893751875 -0.00017819126235826013
-0.017896454487897485 -0.5523094875985047 1 nil_vol 0.6 nil_bias 0.76 Left 0.005 0.01 0.001 -0.01751365764350632 -0.552174995957089 -0.0003827968443911652 -0.00013449164141572846
0.042114967165157 -0.7255375173432047 1 nil_vol 0.6 nil_bias 0.76 Left 0.005 0.01 0.001 0.04325474559264547 -0.7251370681916267 -0.0011397784274884686 -0.00040044915157795867
0.04640569540973249 -0.7341054593430694 1 nil_vol 0.6 nil_bias 0.76 Home 0.005 0.01 0.001 0.0 -0.75 0.04640569540973249 0.015894540656930616
0.04211563790135438 -0.7135230963008942 2 nil_vol 0.6 nil_bias 0.76 Home 0.005 0.01 0.001 0.03918798050671906 -0.7146068123351175 0.002927657394635316 0.0010837160342232568
-0.03721477727858086 -0.5501129094810421 2 nil_vol 0.6 nil_bias 0.76 Home 0.005 0.01 0.001 -0.02357134177885884 -0.5450625884154581 -0.013643435499722014 -0.005050321065584011
-0.03439691528876128 -0.5145911835107331 2 nil_vol 0.6 nil_bias 0.76 Home 0.005 0.01 0.001 -0.03479609076801176 -0.5147389442658423 0.00039917547925048455 0.00014776075510925316
-0.1619040727015349 -0.18855856936622978 2 nil_vol 0.6 nil_bias 0.76 Home 0.005 0.01 0.001 -0.15630395882887382 -0.18648560372195744 -0.005600113872661078 -0.0020729656442723503
-0.22721761975495297 0.004457266350198384 2 nil_vol 0.6 nil_bias 0.76 Home 0.005 0.01 0.001 -0.22701242520818427 0.004533222171011264 -0.00020519454676870842 -7.595582081288004e-05
-0.2307409514758379 0.02663218183270174 2 nil_vol 0.6 nil_bias 0.76 Home 0.005 0.01 0.001 -0.23465620808277887 0.025182891225537296 0.003915256606940985 0.0014492906071644433
-0.26036917911697866 0.10235959809864388 2 nil_vol 0.6 nil_bias 0.76 Home 0.005 0.01 0.001 -0.2628802453248575 0.10143008950332089 0.002511066207878812 0.0009295085953229972
-0.34749360299472315 0.33001296033318295 2 nil_vol 0.6 nil_bias 0.76 Left 0.005 0.01 0.001 -0.4 0.35 0.05250639700527689 -0.01998703966681704
-0.3518455774532618 0.3106299654770343 3 nil_vol 0.6 nil_bias 0.76 Left 0.005 0.01 0.001 -0.34247417004936304 0.3134741297504527 -0.009371407403898725 -0.0028441642734183857
-0.30969486528346973 0.2462144615275019 3 nil_vol 0.6 nil_bias 0.76 Left 0.005 0.01 0.001 -0.3210182922227107 0.24277787137991594 0.011323426939241007 0.00343659014758597
-0.2532011861446472 -0.018250075430585953 3 nil_vol 0.6 nil_bias 0.76 Left 0.005 0.01 0.001 -0.24275967436221751 -0.015081141086774497 -0.010441511782429684 -0.003168934343811457
-0.18456075712427567 -0.20197113700977193 3 nil_vol 0.6 nil_bias 0.76 Left 0.005 0.01 0.001 -0.1859149793679657 -0.20238213509765457 0.0013542222436900395 0.00041099808788265134
-0.1033199727561584 -0.5067460786486953 3 nil_vol 0.6 nil_bias 0.76 Left 0.005 0.01 0.001 -0.09436704305575883 -0.5040289197739558 -0.008952929700399577 -0.002717158874739497
-0.08138493603660996 -0.5827766411235852 3 nil_vol 0.6 nil_bias 0.76 Left 0.005 0.01 0.001 -0.07138836510556851 -0.5797427435804122 -0.009996570931041442 -0.0030338975431729183
-0.05099682932436475 -0.7580828848805379 3 nil_vol 0.6 nil_bias 0.76 Left 0.005 0.01 0.001 -0.020108327213043675 -0.7487084152434715 -0.030888502111321076 -0.009374469637066393
-0.015847104702315925 -0.7627489728019482 3 nil_vol 0.6 nil_bias 0.76 Home 0.005 0.01 0.001 0.0 -0.75 -0.015847104702315925 -0.012748972801948248
-0.1082802192056767 -0.6061452666191754 4 nil_vol 0.6 nil_bias 0.76 Home 0.005 0.01 0.001 -0.10273643242398137 -0.6031275273355455 -0.005543786781695329 -0.003017739283629971
-0.28538884505967677 -0.2982381047367272 4 nil_vol 0.6 nil_bias 0.76 Home 0.005 0.01 0.001 -0.27251617009652507 -0.29123091300093257 -0.012872674963151722 -0.007007191735794615
-0.3217700195004094 -0.20210369945061288 4 nil_vol 0.6 nil_bias 0.76 Home 0.005 0.01 0.001 -0.3212008751163622 -0.20179388786632402 -0.0005691443840472034 -0.00030981158428885244
-0.33584869431003583 -0.18747346172543908 4 nil_vol 0.6 nil_bias 0.76 Home 0.005 0.01 0.001 -0.3305625090138547 -0.18459594683227887 -0.005286185296181148 -0.0028775148931602028
-0.4226244556132302 -0.010464784835294267 4 nil_vol 0.6 nil_bias 0.76 Home 0.005 0.01 0.001 -0.4247271041740787 -0.011609353595170013 0.002102648560848513 0.0011445687598757466
-0.5220190386517966 0.18021921449010153 4 nil_vol 0.6 nil_bias 0.76 Home 0.005 0.01 0.001 -0.5275186512509406 0.17722552125500424 0.0054996125991439914 0.002993693235097302
-0.5339320836369738 0.19989394242389089 4 nil_vol 0.6 nil_bias 0.76 Home 0.005 0.01 0.001 -0.5385035394251921 0.19740548782440404 0.004571455788218357 0.002488454599486851
-0.5613987647396718 0.2394655319610438 4 nil_vol 0.6 nil_bias 0.76 Left 0.005 0.01 0.001 -0.4 0.35 -0.16139876473967174 -0.11053446803895618
-0.5206041662568177 0.21318609877050088 5 nil_vol 0.6 nil_bias 0.76 Left 0.005 0.01 0.001 -0.5397191648974746 0.2020965422912941 0.019114998640656862 0.011089556479206779
-0.484279371317804 0.098969953227056 5 nil_vol 0.6 nil_bias 0.76 Left 0.005 0.01 0.001 -0.48099556875439337 0.10087504956936236 -0.0032838025634106547 -0.0019050963423063608
-0.3959731969049347 -0.034957209059992285 5 nil_vol 0.6 nil_bias 0.76 Left 0.005 0.01 0.001 -0.4006264077666722 -0.03765676691144515 0.004653210861737469 0.0026995578514528665
-0.38420575842913607 -0.09477788605046314 5 nil_vol 0.6 nil_bias 0.76 Left 0.005 0.01 0.001 -0.37169755057906473 -0.0875212557982385 -0.012508207850071318 -0.00725663025222464
-0.3221681509723008 -0.12168963773177566 5 nil_vol 0.6 nil_bias 0.76 Left 0.005 0.01 0.001 -0.34439411349930027 -0.134584018285047 0.022225962526999488 0.012894380553271355
-0.1258940465743428 -0.5237257719936791 5 nil_vol 0.6 nil_bias 0.76 Left 0.005 0.01 0.001 -0.12046200806243901 -0.520574377687699 -0.005432038511903789 -0.0031513943059801007
-0.06571193999941417 -0.6200537725448309 5 nil_vol 0.6 nil_bias 0.76 Left 0.005 0.01 0.001 -0.06349518865840403 -0.6187677254119682 -0.002216751341010137 -0.0012860471328626014
0.008374761298028008 -0.7426495053819047 5 nil_vol 0.6 nil_bias 0.76 Home 0.005 0.01 0.001 0.0 -0.75 0.008374761298028008 0.007350494618095303
0.03090650214509967 -0.6596910387828141 6 nil_vol 0.6 nil_bias 0.76 Home 0.005 0.01 0.001 0.032813218374575986 -0.6602565874232273 -0.0019067162294763157 0.0005655486404132973
0.10090733703592358 -0.46172113478268284 6 nil_vol 0.6 nil_bias 0.76 Home 0.005 0.01 0.001 0.09244504734074777 -0.45921114595586904 0.008462289695175818 -0.002509988826813826
0.12629180302236384 -0.3500363280951787 6 nil_vol 0.6 nil_bias 0.76 Home 0.005 0.01 0.001 0.1249456769532502 -0.3496370553788494 0.001346126069113636 -0.00039927271632927047
0.22728085756763716 -0.027485231587330135 6 nil_vol 0.6 nil_bias 0.76 Home 0.005 0.01 0.001 0.22104713611398832 -0.025636255510908645 0.006233721453648826 -0.0018489760764214909
0.24747896777262784 0.05923099752306856 6 nil_vol 0.6 nil_bias 0.76 Home 0.005 0.01 0.001 0.24632134627442934 0.059574358141863515 0.001157621498198504 -0.0003433606187949535
0.323395050804293 0.2787396307896263 6 nil_vol 0.6 nil_bias 0.76 Home 0.005 0.01 0.001 0.3123034754757447 0.28202948863534516 0.011091575328548256 -0.0032898578457188593
0.31162480911592294 0.3188055037895065 6 nil_vol 0.6 nil_bias 0.76 Home 0.005 0.01 0.001 0.32227462585902844 0.315646675387774 -0.010649816743105521 0.0031588284017325047
0.3445845751800934 0.39086344616487595 6 nil_vol 0.6 nil_bias 0.76 Right 0.005 0.01 0.001 0.4 0.35 -0.055415424819906654 0.04086344616487599
0.31275735222999757 0.2943991760432594 7 nil_vol 0.6 nil_bias 0.76 Right 0.005 0.01 0.001 0.3132416895264184 0.29424206249424134 -0.00048433729642084804 0.00015711354901805697
0.2090232560699723 -0.036545467426673396 7 nil_vol 0.6 nil_bias 0.76 Right 0.005 0.01 0.001 0.20623170052092746 -0.035639918333443155 0.00279155554904485 -0.0009055490932302443
0.16203513395638766 -0.1901451772409031 7 nil_vol 0.6 nil_bias 0.76 Right 0.005 0.01 0.001 0.15667588290651058 -0.18840669672588345 0.005359251049877094 -0.0017384805150196445
0.13068249147215896 -0.24184550205985975 7 nil_vol 0.6 nil_bias 0.76 Right 0.005 0.01 0.001 0.13851657298905556 -0.2443867896284861 -0.007834081516896612 0.0025412875686263363
0.06974923348574913 -0.4437106879752859 7 nil_vol 0.6 nil_bias 0.76 Right 0.005 0.01 0.001 0.07346694408848986 -0.4449166713082546 -0.003717710602740728 0.0012059833329686833
0.027161897965151286 -0.5777024637122837 7 nil_vol 0.6 nil_bias 0.76 Right 0.005 0.01 0.001 0.030085127026676206 -0.5786507262058866 -0.0029232290615249187 0.0009482624936028663
-0.006171152020343025 -0.6521695562262563 7 nil_vol 0.6 nil_bias 0.76 Right 0.005 0.01 0.001 0.0050551293594879865 -0.6558112351200658 -0.011226281379831012 0.0036416788938095457
-0.018703658525966917 -0.7290529584634488 7 nil_vol 0.6 nil_bias 0.76 Home 0.005 0.01 0.001 0.0 -0.75 -0.018703658525966917 0.020947041536551293
-0.005004355063415705 -0.685499108836662 8 nil_vol 0.6 nil_bias 0.76 Home 0.005 0.01 0.001 -0.0031328520579356964 -0.6861787910997712 -0.0018715030054800089 0.0006796822631092237
0.0179132521881726 -0.5817265850383427 8 nil_vol 0.6 nil_bias 0.76 Home 0.005 0.01 0.001 0.03283360036872583 -0.5871452757847864 -0.014920348180553232 0.005418690746443653
0.06352827170851694 -0.5074902151638334 8 nil_vol 0.6 nil_bias 0.76 Home 0.005 0.01 0.001 0.06196807459421874 -0.5069235912778778 0.0015601971142981891 -0.0005666238859556033
0.05879027512340694 -0.44562192654980015 8 nil_vol 0.6 nil_bias 0.76 Home 0.005 0.01 0.001 0.08126673014899322 -0.4537848030045697 -0.02247645502558628 0.008162876454769525
0.07669540267463838 -0.41432346790925534 8 nil_vol 0.6 nil_bias 0.76 Home 0.005 0.01 0.001 0.09339542124580678 -0.420388489650167 -0.016700018571168405 0.00606502174091168
0.26411142490796063 0.04078529444863072 8 nil_vol 0.6 nil_bias 0.76 Home 0.005 0.01 0.001 0.2612583160195535 0.04182147098721567 0.0028531088884071343 -0.001036176538584948
0.2797531751993904 0.07446907825187386 8 nil_vol 0.6 nil_bias 0.76 Home 0.005 0.01 0.001 0.2738886076755974 0.07659893992725286 0.005864567523793004 -0.0021298616753789995
0.35377329916964956 0.2965611904339088 8 nil_vol 0.6 nil_bias 0.76 Right 0.005 0.01 0.001 0.4 0.35 -0.04622670083035048 -0.053438809566091205
0.3289196773666231 0.1974890339409155 9 nil_vol 0.6 nil_bias 0.76 Right 0.005 0.01 0.001 0.32250414501849295 0.19955707264407704 0.0064155323481301435 -0.002068038703161544
0.2219790122356954 -0.13009968290458424 9 nil_vol 0.6 nil_bias 0.76 Right 0.005 0.01 0.001 0.21677993770453063 -0.12842376783352955 0.005199074531164781 -0.0016759150710546954
0.21993506395592527 -0.14144120319039538 9 nil_vol 0.6 nil_bias 0.76 Right 0.005 0.01 0.001 0.21327574513762326 -0.13929458022824098 0.0066593188183019965 -0.0021466229621544034
0.17101866104983535 -0.24774157448439008 9 nil_vol 0.6 nil_bias 0.76 Right 0.005 0.01 0.001 0.17763092275158365 -0.24987302864479716 -0.0066122617017482935 0.0021314541604070935
0.09866854867690122 -0.4822186257825009 9 nil_vol 0.6 nil_bias 0.76 Right 0.005 0.01 0.001 0.10235188404563078 -0.4834059442598953 -0.0036833353687295584 0.0011873184773944188
0.09195869310753954 -0.4933867205275444 9 nil_vol 0.6 nil_bias 0.76 Right 0.005 0.01 0.001 0.09845914043884618 -0.49548213146767056 -0.006500447331306637 0.002095410940126179
0.07071919535798941 -0.6132267186683309 9 nil_vol 0.6 nil_bias 0.76 Right 0.005 0.01 0.001 0.061465827750308955 -0.6102439073739818 0.00925336760768046 -0.002982811294349091
0.010233016165697283 -0.7691798883613057 9 nil_vol 0.6 nil_bias 0.76 Home 0.005 0.01 0.001 0.0 -0.75 0.010233016165697283 -0.019179888361305672
0.007075535405902669 -0.7348801259060331 10 nil_vol 0.6 nil_bias 0.76 Home 0.005 0.01 0.001 0.0020460631953790488 -0.7361258449844409 0.00502947221052362 0.001245719078407799
-0.0166663583893193 -0.6106048209418908 10 nil_vol 0.6 nil_bias 0.76 Home 0.005 0.01 0.001 -0.02832805473396308 -0.6134932348777954 0.011661696344643778 0.0028884139359045815
-0.1780993526686782 -0.008920988649852793 10 nil_vol 0.6 nil_bias 0.76 Home 0.005 0.01 0.001 -0.1780724888534649 -0.008914334916472977 -2.6863815213290492e-05 -6.6537333798159345e-06
-0.17953736992283986 -0.0029505735453492603 10 nil_vol 0.6 nil_bias 0.76 Home 0.005 0.01 0.001 -0.17954890841966356 -0.0029534314447525745 1.1538496823708273e-05 2.857899403314276e-06
-0.20597931123065366 0.08728468162871379 10 nil_vol 0.6 nil_bias 0.76 Home 0.005 0.01 0.001 -0.2021352548174622 0.08823679234966952 -0.003844056413191456 -0.0009521107209557295
-0.19668842949234586 0.1484981824789578 10 nil_vol 0.6 nil_bias 0.76 Home 0.005 0.01 0.001 -0.21588346491673696 0.14374388205975175 0.019195035424391115 0.004754300419206036
-0.2390478307695529 0.24232890948538177 10 nil_vol 0.6 nil_bias 0.76 Home 0.005 0.01 0.001 -0.2402289277035406 0.24203637084066298 0.0011810969339876877 0.00029253864471879453
-0.28086695198984246 0.4061085259366378 10 nil_vol 0.6 nil_bias 0.76 Left 0.005 0.01 0.001 -0.4 0.35 0.11913304801015757 0.056108525936637864
-0.27006520423669106 0.35344721322345884 11 nil_vol 0.6 nil_bias 0.76 Left 0.005 0.01 0.001 -0.2670186089262224 0.35426095034724475 -0.0030465953104686157 -0.0008137371237859128
-0.27172731613208795 0.28173896621126865 11 nil_vol 0.6 nil_bias 0.76 Left 0.005 0.01 0.001 -0.24925162541876536 0.2877421606143178 -0.022475690713322612 -0.006003194403049121
-0.2603055916183088 0.2642267285201895 11 nil_vol 0.6 nil_bias 0.76 Left 0.005 0.01 0.001 -0.24412505350320418 0.2685485051939245 -0.01618053811510463 -0.004321776673734958
-0.24640395718620448 0.26496796188181493 11 nil_vol 0.6 nil_bias 0.76 Left 0.005 0.01 0.001 -0.24338413710526074 0.26577454741635387 -0.0030198200809437347 -0.0008065855345389206
-0.131201485401297 -0.12937060642375522 11 nil_vol 0.6 nil_bias 0.76 Left 0.005 0.01 0.001 -0.13739977513993987 -0.13102615235300408 0.006198289738642861 0.0016555459292488587
-0.12456675133610837 -0.15204936044659204 11 nil_vol 0.6 nil_bias 0.76 Left 0.005 0.01 0.001 -0.1313039003729657 -0.1538488341938703 0.006737149036857315 0.0017994737472782506
-0.02762909925412023 -0.6529291219968267 11 nil_vol 0.6 nil_bias 0.76 Left 0.005 0.01 0.001 2.6106832346883824e-05 -0.6455424934606439 -0.027655206086467113 -0.00738662853618288
0.02720065627860852 -0.7472827883139722 11 nil_vol 0.6 nil_bias 0.76 Home 0.005 0.01 0.001 0.0 -0.75 0.02720065627860852 0.002717211686027835
0.007756604975343541 -0.7065825767791433 12 nil_vol 0.6 nil_bias 0.76 Home 0.005 0.01 0.001 0.0077926732745633685 -0.7065653847954274 -3.606829921982824e-05 -1.719198371586783e-05
-0.1074069404157998 -0.4400741525640532 12 nil_vol 0.6 nil_bias 0.76 Home 0.005 0.01 0.001 -0.1170416244928777 -0.4446665324473163 0.009634684077077887 0.004592379883263121
-0.18944955040328054 -0.28417002144808373 12 nil_vol 0.6 nil_bias 0.76 Home 0.005 0.01 0.001 -0.19278468567940202 -0.285759716349078 0.0033351352761214737 0.001589694900994275
-0.26618283203280185 -0.12166943415203779 12 nil_vol 0.6 nil_bias 0.76 Home 0.005 0.01 0.001 -0.27010691437639195 -0.12353985114452071 0.003924082343590075 0.0018704169924829163
-0.30665533019694097 -0.05363509929199331 12 nil_vol 0.6 nil_bias 0.76 Home 0.005 0.01 0.001 -0.3040247317523215 -0.0523812224361081 -0.002630598444619468 -0.0012538768558852083
-0.308624956148986 -0.03797412443039688 12 nil_vol 0.6 nil_bias 0.76 Home 0.005 0.01 0.001 -0.3104722001379189 -0.0388546147574681 0.0018472439889328845 0.0008804903270712115
-0.4790143516366432 0.2683895284493862 12 nil_vol 0.6 nil_bias 0.76 Home 0.005 0.01 0.001 -0.46101071996841053 0.27697097390597103 -0.018003631668232656 -0.008581445456584859
-0.4768615981499731 0.31022567136255186 12 nil_vol 0.6 nil_bias 0.76 Left 0.005 0.01 0.001 -0.4 0.35 -0.07686159814997308 -0.03977432863744815
-0.4379340226746816 0.26043947557930275 13 nil_vol 0.6 nil_bias 0.76 Left 0.005 0.01 0.001 -0.45449010846224613 0.25386750355033716 0.016556085787564512 0.006571972028965565
-0.4160660604535636 0.14157373372039767 13 nil_vol 0.6 nil_bias 0.76 Left 0.005 0.01 0.001 -0.41075218041817274 0.14368308924113907 -0.005313880035390874 -0.0021093555207413964
-0.39333395278139816 0.12105416723011458 13 nil_vol 0.6 nil_bias 0.76 Left 0.005 0.01 0.001 -0.40062130832801524 0.11816143657916162 0.007287355546617099 0.002892730650952966
-0.3767990509043792 0.06264505555746652 13 nil_vol 0.6 nil_bias 0.76 Left 0.005 0.01 0.001 -0.3783410011085594 0.06203297527822918 0.0015419502041801774 0.0006120802792373415
-0.22827667172356034 -0.26204645867756154 13 nil_vol 0.6 nil_bias 0.76 Left 0.005 0.01 0.001 -0.24678122856920062 -0.2693918802680497 0.018504556845640275 0.007345421590488197
-0.23739105856931486 -0.28953623975272197 13 nil_vol 0.6 nil_bias 0.76 Left 0.005 0.01 0.001 -0.23859515360996367 -0.290014207735547 0.0012040950406488195 0.00047796798282502025
-0.1428169678360798 -0.5190412398163633 13 nil_vol 0.6 nil_bias 0.76 Left 0.005 0.01 0.001 -0.14702011259811526 -0.5207096867043673 0.0042031447620354415 0.0016684468880040471
-0.06209825051648303 -0.7346445037830891 13 nil_vol 0.6 nil_bias 0.76 Home 0.005 0.01 0.001 0.0 -0.75 -0.06209825051648303 0.015355496216910873
-0.12440081392071045 -0.5781440614624902 14 nil_vol 0.6 nil_bias 0.76 Home 0.005 0.01 0.001 -0.12493406042062545 -0.5783584566456459 0.0005332464999150033 0.00021439518315567412
-0.20032541701110748 -0.3246259274625043 14 nil_vol 0.6 nil_bias 0.76 Home 0.005 0.01 0.001 -0.22324406913380634 -0.3338405188762509 0.022918652122698852 0.00921459141374657
-0.25326784221453924 -0.22873092708275106 14 nil_vol 0.6 nil_bias 0.76 Home 0.005 0.01 0.001 -0.2638013252731849 -0.232965981658797 0.01053348305864565 0.004235054576045958
-0.3613948989997354 0.02780908863244904 14 nil_vol 0.6 nil_bias 0.76 Home 0.005 0.01 0.001 -0.3676383660909203 0.025298862553601142 0.006243467091184873 0.002510226078847898
-0.37190374615519384 0.042445506135151724 14 nil_vol 0.6 nil_bias 0.76 Home 0.005 0.01 0.001 -0.3741665100112745 0.04153574738110499 0.002262763856080673 0.0009097587540467342
-0.46008672248280663 0.2331431946342391 14 nil_vol 0.6 nil_bias 0.76 Home 0.005 0.01 0.001 -0.4524396589090144 0.236217745701649 -0.007647063573792224 -0.0030745510674099028
-0.45982846141828315 0.2660976055651918 14 nil_vol 0.6 nil_bias 0.76 Home 0.005 0.01 0.001 -0.4638095139963687 0.2644969977847993 0.003981052578085568 0.0016006077803925021
-0.48614452699668975 0.3200489338529212 14 nil_vol 0.6 nil_bias 0.76 Left 0.005 0.01 0.001 -0.4 0.35 -0.08614452699668974 -0.029951066147078747
-0.36053776850419433 0.035272919850981084 15 nil_vol 0.6 nil_bias 0.76 Left 0.005 0.01 0.001 -0.3578955086930043 0.036467877055511466 -0.0026422598111900493 -0.001194957204530385
-0.34874512806736735 0.005343171053386865 15 nil_vol 0.6 nil_bias 0.76 Left 0.005 0.01 0.001 -0.34465580058141815 0.0071925619877394875 -0.004089327485949222 -0.0018493909343526229
-0.23988462912074315 -0.20679598739613236 15 nil_vol 0.6 nil_bias 0.76 Left 0.005 0.01 0.001 -0.24652227934220014 -0.20979785266301176 0.006637650221456984 0.0030018652668793995
-0.17314145681380916 -0.40644471530981974 15 nil_vol 0.6 nil_bias 0.76 Left 0.005 0.01 0.001 -0.16022987750688822 -0.40060547699974547 -0.012911579306920933 -0.005839238310074293
-0.13043731241602313 -0.4850708821034484 15 nil_vol 0.6 nil_bias 0.76 Left 0.005 0.01 0.001 -0.12345801584191973 -0.48191450789359247 -0.006979296574103396 -0.0031563742098559364
-0.04965869265081475 -0.6092384078658051 15 nil_vol 0.6 nil_bias 0.76 Left 0.005 0.01 0.001 -0.06312231892000492 -0.6153273084127302 0.013463626269190168 0.006088900546925114
-0.0559636481911126 -0.6227938004948385 15 nil_vol 0.6 nil_bias 0.76 Left 0.005 0.01 0.001 -0.05910343565365711 -0.6242137636767982 0.0031397874625445055 0.0014199631819597283
-0.03175802654470884 -0.6846792558594406 15 nil_vol 0.6 nil_bias 0.76 Home 0.005 0.01 0.001 0.0 -0.75 -0.03175802654470884 0.06532074414055947
-0.06684091457577394 -0.6289356683772084 16 nil_vol 0.6 nil_bias 0.76 Home 0.005 0.01 0.001 -0.058871523481980145 -0.6252969091660069 -0.007969391093793802 -0.0036387592112015464
-0.08133098058180993 -0.6086706267071954 16 nil_vol 0.6 nil_bias 0.76 Home 0.005 0.01 0.001 -0.06902785670550618 -0.603053120325018 -0.012303123876303758 -0.005617506382177345
-0.23799324778098754 -0.21227832883347614 16 nil_vol 0.6 nil_bias 0.76 Home 0.005 0.01 0.001 -0.24582062875529515 -0.21585224737814712 0.007827380974307603 0.0035739185446709947
-0.2695396213534255 -0.15993535788503377 16 nil_vol 0.6 nil_bias 0.76 Home 0.005 0.01 0.001 -0.2710391997766013 -0.16062005320692596 0.0014995784231757643 0.0006846953218921904
-0.35183910037133176 0.015308759764646141 16 nil_vol 0.6 nil_bias 0.76 Home 0.005 0.01 0.001 -0.3514483319983687 0.015487181428212482 -0.00039076837296303177 -0.00017842166356634112
-0.41294372434318594 0.13221130426214137 16 nil_vol 0.6 nil_bias 0.76 Home 0.005 0.01 0.001 -0.40615823132661566 0.13530950523207708 -0.0067854930165703025 -0.0030982009699357087
-0.43506886276694845 0.17151463469433706 16 nil_vol 0.6 nil_bias 0.76 Home 0.005 0.01 0.001 -0.4248248346525462 0.17619197468460523 -0.010244028114402247 -0.004677339990268176
-0.4860883135234817 0.31036755337799166 16 nil_vol 0.6 nil_bias 0.76 Left 0.005 0.01 0.001 -0.4 0.35 -0.0860883135234817 -0.03963244662200832
-0.388890982962545 0.13005702675982408 17 nil_vol 0.6 nil_bias 0.76 Left 0.005 0.01 0.001 -0.3945404162239087 0.12723290935284617 0.005649433261363683 0.0028241174069778986
-0.3411378322576358 0.009483625592705134 17 nil_vol 0.6 nil_bias 0.76 Left 0.005 0.01 0.001 -0.3367698068584079 0.011667174984897333 -0.004368025399227888 -0.002183549392192199
-0.29074257100618006 -0.07429680025594179 17 nil_vol 0.6 nil_bias 0.76 Left 0.005 0.01 0.001 -0.29318627134510167 -0.07551839122716081 0.0024437003389215896 0.001221590971219012
-0.2595985257898705 -0.12780745374159272 17 nil_vol 0.6 nil_bias 0.76 Left 0.005 0.01 0.001 -0.26555803981949766 -0.13078657864307647 0.005959514029627148 0.002979124901483737
-0.16761424223741836 -0.31487297331341574 17 nil_vol 0.6 nil_bias 0.76 Left 0.005 0.01 0.001 -0.1723507448357231 -0.3172407222215318 0.00473650259830474 0.0023677489081160687
-0.12096991636816877 -0.3914986155000696 17 nil_vol 0.6 nil_bias 0.76 Left 0.005 0.01 0.001 -0.1323786909171641 -0.3972017926694423 0.011408774548995323 0.0057031771693727
-0.027060672028535827 -0.6220557340529487 17 nil_vol 0.6 nil_bias 0.76 Left 0.005 0.01 0.001 -0.021392109468969134 -0.6192220540258744 -0.005668562559566694 -0.0028336800270742997
0.029251239419286205 -0.7205302429025962 17 nil_vol 0.6 nil_bias 0.76 Home 0.005 0.01 0.001 0.0 -0.75 0.029251239419286205 0.029469757097403806
0.005139514650874111 -0.6970318227348409 18 nil_vol 0.6 nil_bias 0.76 Home 0.005 0.01 0.001 0.0168464686182652 -0.6919505242601905 -0.011706953967391088 -0.005081298474650297
-0.0514198519104135 -0.4916981728840636 18 nil_vol 0.6 nil_bias 0.76 Home 0.005 0.01 0.001 -0.06711452522572968 -0.498510305211515 0.015694673315316182 0.00681213232745145
-0.08639530565709688 -0.44020188078129185 18 nil_vol 0.6 nil_bias 0.76 Home 0.005 0.01 0.001 -0.09146726057717725 -0.4424033173693818 0.005071954920080369 0.002201436588089942
-0.16180970835673814 -0.30750933357568205 18 nil_vol 0.6 nil_bias 0.76 Home 0.005 0.01 0.001 -0.15188627694823847 -0.30320215708726683 -0.009923431408499658 -0.004307176488415219
-0.21217889450330638 -0.1421438934049106 18 nil_vol 0.6 nil_bias 0.76 Home 0.005 0.01 0.001 -0.2202682133011354 -0.1456549897484054 0.00808931879782905 0.0035110963434947942
-0.3585546057802402 0.1951194242875441 18 nil_vol 0.6 nil_bias 0.76 Home 0.005 0.01 0.001 -0.36665268420830327 0.19160452590503296 0.008098078428063074 0.0035148983825111454
-0.42134481054353456 0.29224954663524844 18 nil_vol 0.6 nil_bias 0.76 Home 0.005 0.01 0.001 -0.4120818229508322 0.29627006340302664 -0.00926298759270241 -0.0040205167677781995
-0.4666896034161929 0.4220825452634578 18 nil_vol 0.6 nil_bias 0.76 Left 0.005 0.01 0.001 -0.4 0.35 -0.06668960341619291 0.07208254526345778
-0.46307337995647535 0.4154303920304702 19 nil_vol 0.6 nil_bias 0.76 Left 0.005 0.01 0.001 -0.4637898638044379 0.4151314993706933 0.0007164838479625024 0.00029889265977688334
-0.4561262104012817 0.38471239880434027 19 nil_vol 0.6 nil_bias 0.76 Left 0.005 0.01 0.001 -0.451845084376681 0.3864983387776862 -0.00428112602460069 -0.001785939973345922
-0.3650604877558213 0.20945233019891682 19 nil_vol 0.6 nil_bias 0.76 Left 0.005 0.01 0.001 -0.3760713306987808 0.2048589815240435 0.011010842942959505 0.004593348674873313
-0.33912891690950214 0.1517527899362107 19 nil_vol 0.6 nil_bias 0.76 Left 0.005 0.01 0.001 -0.35172514679389566 0.1464980718235639 0.012596229884393509 0.005254718112646804
-0.20327958332796497 -0.23679668629501763 19 nil_vol 0.6 nil_bias 0.76 Left 0.005 0.01 0.001 -0.19352516417301951 -0.23272747483394807 -0.009754419154945472 -0.004069211461069555
-0.20404566524739143 -0.2626287944120038 19 nil_vol 0.6 nil_bias 0.76 Left 0.005 0.01 0.001 -0.18445982527693966 -0.2544582490195568 -0.01958583997045178 -0.008170545392447008
0.018373360128066285 -0.7276578469787497 19 nil_vol 0.6 nil_bias 0.76 Left 0.005 0.01 0.001 0.013747889729629148 -0.7295874356973784 0.004625470398437139 0.0019295887186286883
0.018579218190320997 -0.7411687465561705 19 nil_vol 0.6 nil_bias 0.76 Home 0.005 0.01 0.001 0.0 -0.75 0.018579218190320997 0.008831253443829496
-0.0020690573401382275 -0.6879681751828023 20 nil_vol 0.6 nil_bias 0.76 Home 0.005 0.01 0.001 -0.0013880574415815541 -0.6877137981217811 -0.0006809998985566734 -0.0002543770610211816
-0.08012870131301261 -0.5375377335331464 20 nil_vol 0.6 nil_bias 0.76 Home 0.005 0.01 0.001 -0.0602567219315397 -0.5301148606040222 -0.01987197938147291 -0.007422872929124112
-0.10523235105422098 -0.3656953972962613 20 nil_vol 0.6 nil_bias 0.76 Home 0.005 0.01 0.001 -0.11966002297080969 -0.3710846327238996 0.01442767191658871 0.005389235427638244
-0.12172771582568456 -0.30950657416957944 20 nil_vol 0.6 nil_bias 0.76 Home 0.005 0.01 0.001 -0.14009834241714628 -0.3163686398047694 0.018370626591461707 0.0068620656351899584
-0.2175850940603009 -0.1238361380580761 20 nil_vol 0.6 nil_bias 0.76 Home 0.005 0.01 0.001 -0.21269781645162256 -0.12201057051081932 -0.0048872776086783505 -0.0018255675472567876
-0.37306225463700265 0.2811349516256101 20 nil_vol 0.6 nil_bias 0.76 Home 0.005 0.01 0.001 -0.3644836026357681 0.28433937542688015 -0.008578652001234506 -0.0032044238012700764
-0.3899302922799331 0.29817256462026404 20 nil_vol 0.6 nil_bias 0.76 Home 0.005 0.01 0.001 -0.37213387861377245 0.3048201418294674 -0.01779641366616063 -0.0066475772092033465
-0.39003765865202056 0.3527508488707471 20 nil_vol 0.6 nil_bias 0.76 Left 0.005 0.01 0.001 -0.4 0.35 0.009962341347979454 0.0027508488707471183
-0.28794134138612476 0.018372784890343878 21 nil_vol 0.6 nil_bias 0.76 Left 0.005 0.01 0.001 -0.2873708516041401 0.018548038845765225 -0.0005704897819846646 -0.00017525395542134658
-0.22747753702032564 -0.14196213576715158 21 nil_vol 0.6 nil_bias 0.76 Left 0.005 0.01 0.001 -0.2371495114596855 -0.1449333577430038 0.009671974439359866 0.00297122197585222
-0.18571429202360856 -0.27639459920002807 21 nil_vol 0.6 nil_bias 0.76 Left 0.005 0.01 0.001 -0.19581181798708383 -0.2794965502269377 0.010097525963475263 0.0031019510269096333
-0.18210423074835333 -0.3528059943927887 21 nil_vol 0.6 nil_bias 0.76 Left 0.005 0.01 0.001 -0.1740511969435363 -0.35033210954505983 -0.00805303380481704 -0.00247388484772886
-0.14693761766096952 -0.45533929528399253 21 nil_vol 0.6 nil_bias 0.76 Left 0.005 0.01 0.001 -0.14223671301039037 -0.45389518154157543 -0.004700904650579141 -0.001444113742417114
-0.1190202837968908 -0.5283308315293488 21 nil_vol 0.6 nil_bias 0.76 Left 0.005 0.01 0.001 -0.11933997740390467 -0.5284290411220907 0.00031969360701388617 9.820959274185069e-05
-0.08112565751717879 -0.6699305097983902 21 nil_vol 0.6 nil_bias 0.76 Left 0.005 0.01 0.001 -0.0763239911131619 -0.6684554421346185 -0.004801666404016889 -0.0014750676637717134
-0.05535507054590868 -0.7367138440297747 21 nil_vol 0.6 nil_bias 0.76 Home 0.005 0.01 0.001 0.0 -0.75 -0.05535507054590868 0.013286155970225266
-0.05976327513935695 -0.6585202689724563 22 nil_vol 0.6 nil_bias 0.76 Home 0.005 0.01 0.001 -0.07033707256117297 -0.6606016253841006 0.010573797421816026 0.0020813564116442668
-0.1303071018771514 -0.3435101941541083 22 nil_vol 0.6 nil_bias 0.76 Home 0.005 0.01 0.001 -0.13266239455687018 -0.3439738122209834 0.0023552926797187996 0.0004636180668751253
-0.14543650836154365 -0.3216773847292754 22 nil_vol 0.6 nil_bias 0.76 Home 0.005 0.01 0.001 -0.13736402410154083 -0.3200883891960539 -0.008072484260002804 -0.0015889955332214602
-0.1346536208257519 -0.2973205707127544 22 nil_vol 0.6 nil_bias 0.76 Home 0.005 0.01 0.001 -0.14157739233599506 -0.2986834525281249 0.006923771510243147 0.0013628818153704947
-0.23458358746605576 0.12203122061929329 22 nil_vol 0.6 nil_bias 0.76 Home 0.005 0.01 0.001 -0.22477145594718353 0.12396264998511086 -0.009812131518872233 -0.0019314293658175639
-0.22816476130526672 0.15740635312788434 22 nil_vol 0.6 nil_bias 0.76 Home 0.005 0.01 0.001 -0.2312355640673175 0.15680189337111783 0.0030708027620507602 0.0006044597567665107
-0.2710520440141609 0.32661335179499495 22 nil_vol 0.6 nil_bias 0.76 Home 0.005 0.01 0.001 -0.26489979158539945 0.3278243670554384 -0.006152252428761439 -0.0012110152604434328
-0.3062068689154118 0.5376743789665605 22 nil_vol 0.6 nil_bias 0.76 Left 0.005 0.01 0.001 -0.4 0.35 0.09379313108458821 0.1876743789665605
-0.0766124640998363 -0.35752670790810887 23 nil_vol 0.6 nil_bias 0.76 Left 0.005 0.01 0.001 -0.07477213036735997 -0.3570506765802989 -0.0018403337324763313 -0.00047603132780996946
-0.04201200683047258 -0.4504506438459971 23 nil_vol 0.6 nil_bias 0.76 Left 0.005 0.01 0.001 -0.0500733860622255 -0.45253584665022295 0.008061379231752923 0.0020852028042258413
-0.024598961379928556 -0.5136293533409594 23 nil_vol 0.6 nil_bias 0.76 Left 0.005 0.01 0.001 -0.03366406016478718 -0.5159741840285316 0.009065098784858621 0.0023448306875722006
-0.030135038555091996 -0.5210828791410518 23 nil_vol 0.6 nil_bias 0.76 Left 0.005 0.01 0.001 -0.03220417398425829 -0.5216180936341531 0.0020691354291662934 0.0005352144931013753
-0.020636795074308104 -0.5674194877442994 23 nil_vol 0.6 nil_bias 0.76 Left 0.005 0.01 0.001 -0.02037447290744132 -0.5673516339810368 -0.00026232216686678385 -6.78537632625769e-05
-0.017441693262860266 -0.5984577902431873 23 nil_vol 0.6 nil_bias 0.76 Left 0.005 0.01 0.001 -0.012649041891232504 -0.5972180954226743 -0.004792651371627763 -0.001239694820512984
0.005413977389049748 -0.6443041245118668 23 nil_vol 0.6 nil_bias 0.76 Left 0.005 0.01 0.001 -0.00010053351631461593 -0.6457305396789522 0.005514510905364364 0.0014264151670854168
0.028018000079732493 -0.7544365908597517 23 nil_vol 0.6 nil_bias 0.76 Home 0.005 0.01 0.001 0.0 -0.75 0.028018000079732493 -0.004436590859751649
0.015820354949520325 -0.6888027490278477 24 nil_vol 0.6 nil_bias 0.76 Home 0.005 0.01 0.001 0.002700886485227809 -0.6943285866931511 0.013119468464292516 0.005525837665303407
-0.05226473935733542 -0.562120338386302 24 nil_vol 0.6 nil_bias 0.76 Home 0.005 0.01 0.001 -0.05287596317401442 -0.562377782016532 0.0006112238166789975 0.0002574436302299878
-0.09405714586380265 -0.4102238713666276 24 nil_vol 0.6 nil_bias 0.76 Home 0.005 0.01 0.001 -0.11351103373782415 -0.41841772667741545 0.019453887874021504 0.008193855310787871
-0.13878845579786905 -0.37994766903620564 24 nil_vol 0.6 nil_bias 0.76 Home 0.005 0.01 0.001 -0.13108160714576017 -0.37670159281912985 -0.007706848652108887 -0.003246076217075813
-0.16526616146266784 -0.2186078170331919 24 nil_vol 0.6 nil_bias 0.76 Home 0.005 0.01 0.001 -0.1927873406501431 -0.2301995647447419 0.027521179187475257 0.011591747711549987
-0.25884096870458845 -0.10527942527831197 24 nil_vol 0.6 nil_bias 0.76 Home 0.005 0.01 0.001 -0.24742768258364006 -0.10047222089318963 -0.011413286120948371 -0.004807204385122331
-0.3521885454959191 0.12582498369643424 24 nil_vol 0.6 nil_bias 0.76 Home 0.005 0.01 0.001 -0.34416589449573987 0.12920407387779587 -0.008022651000179216 -0.0033790901813616284
-0.41227875533083413 0.29091793227607704 24 nil_vol 0.6 nil_bias 0.76 Left 0.005 0.01 0.001 -0.4 0.35 -0.012278755330834104 -0.05908206772392292
-0.3733044839163324 0.1999365636118065 25 nil_vol 0.6 nil_bias 0.76 Left 0.005 0.01 0.001 -0.37691240320699454 0.19855506744128193 0.0036079192906621023 0.0013814961705245878
-0.3511906995210522 0.17260712263048414 25 nil_vol 0.6 nil_bias 0.76 Left 0.005 0.01 0.001 -0.36495820631990566 0.1673354531755954 0.013767506798853447 0.0052716694548887435
-0.3352330413741018 0.13022751030544694 25 nil_vol 0.6 nil_bias 0.76 Left 0.005 0.01 0.001 -0.34876526844827893 0.12504593101401712 0.013532227074177144 0.005181579291429809
-0.2900238422426899 -0.011583562944496471 25 nil_vol 0.6 nil_bias 0.76 Left 0.005 0.01 0.001 -0.29562735779852883 -0.013729186130109872 0.005603515555838947 0.002145623185613401
-0.17506109671245637 -0.3913508454442255 25 nil_vol 0.6 nil_bias 0.76 Left 0.005 0.01 0.001 -0.1541059207138839 -0.38332696989090514 -0.020955175998572467 -0.008023875553320372
-0.15359656006151312 -0.38485722620387536 25 nil_vol 0.6 nil_bias 0.76 Left 0.005 0.01 0.001 -0.1535297682871844 -0.3848316511915139 -6.679177432873345e-05 -2.5575012361419666e-05
-0.14096944449401547 -0.4180236795339721 25 nil_vol 0.6 nil_bias 0.76 Left 0.005 0.01 0.001 -0.14083938935479018 -0.4179738805605689 -0.0001300551392253008 -4.979897340326123e-05
-0.01608534171521428 -0.7437819028123351 25 nil_vol 0.6 nil_bias 0.76 Home 0.005 0.01 0.001 0.0 -0.75 -0.01608534171521428 0.006218097187664812
-0.10559118390262819 -0.4602380691261319 26 nil_vol 0.6 nil_bias 0.76 Home 0.005 0.01 0.001 -0.10142295304195814 -0.45898906697318137 -0.00416823086067004 -0.0012490021529505616
-0.11721076137960172 -0.44363880815677575 26 nil_vol 0.6 nil_bias 0.76 Home 0.005 0.01 0.001 -0.10694443075302329 -0.44056252244129657 -0.010266330626578436 -0.0030762857154791852
-0.15160090626776845 -0.23165323810617816 26 nil_vol 0.6 nil_bias 0.76 Home 0.005 0.01 0.001 -0.1680653597715451 -0.23658677911212567 0.016464453503776653 0.004933541005947494
-0.17777201323279287 -0.21255810552102908 26 nil_vol 0.6 nil_bias 0.76 Home 0.005 0.01 0.001 -0.17547201849135047 -0.2118689166349378 -0.0022999947414424206 -0.0006891888860912971
-0.21920871668772873 -0.06081023661644195 26 nil_vol 0.6 nil_bias 0.76 Home 0.005 0.01 0.001 -0.2206105819086938 -0.06123030276384589 0.0014018652209650507 0.00042006614740393766
-0.3126274370776172 0.2834096547864259 26 nil_vol 0.6 nil_bias 0.76 Home 0.005 0.01 0.001 -0.32295404957974894 0.2803153057258809 0.010326612502131759 0.003094349060544937
-0.345534268979766 0.36269950882651586 26 nil_vol 0.6 nil_bias 0.76 Home 0.005 0.01 0.001 -0.3474667941020786 0.36212043148673256 0.0019325251223125813 0.0005790773397832999
-0.3599630535250594 0.40382355749557075 26 nil_vol 0.6 nil_bias 0.76 Left 0.005 0.01 0.001 -0.4 0.35 0.0400369464749406 0.05382355749557076
-0.37267711465118314 0.3581430928679489 27 nil_vol 0.6 nil_bias 0.76 Left 0.005 0.01 0.001 -0.35025418253924817 0.3635484504431655 -0.022422932111934968 -0.0054053575752166785
-0.30451501692757293 0.25352116138887 27 nil_vol 0.6 nil_bias 0.76 Left 0.005 0.01 0.001 -0.3226752606208187 0.24914338374921785 0.01816024369324575 0.004377777639652139
-0.2664721661057811 0.04080542738442153 27 nil_vol 0.6 nil_bias 0.76 Left 0.005 0.01 0.001 -0.27212407547463363 0.03944295654569013 0.0056519093688525285 0.0013624708387313935
-0.23160938480193277 -0.1514840705940551 27 nil_vol 0.6 nil_bias 0.76 Left 0.005 0.01 0.001 -0.2264011381773058 -0.15022855078935304 -0.005208246624626953 -0.0012555198047020536
-0.1335296878513823 -0.5581635279336751 27 nil_vol 0.6 nil_bias 0.76 Left 0.005 0.01 0.001 -0.12836302017754353 -0.5569180313095049 -0.005166667673838767 -0.0012454966241701526
-0.1304786985945457 -0.5585215620932605 27 nil_vol 0.6 nil_bias 0.76 Left 0.005 0.01 0.001 -0.1281138901184652 -0.5579514923384975 -0.002364808476080505 -0.000570069754763009
-0.12187978329865509 -0.6723990198026317 27 nil_vol 0.6 nil_bias 0.76 Left 0.005 0.01 0.001 -0.10169755719049617 -0.6675338153666602 -0.020182226108158917 -0.004865204435971448
-0.06635034003263608 -0.8141639392109183 27 nil_vol 0.6 nil_bias 0.76 Home 0.005 0.01 0.001 0.0 -0.75 -0.06635034003263608 -0.06416393921091834
-0.10991445004332502 -0.6445441686088024 28 nil_vol 0.6 nil_bias 0.76 Home 0.005 0.01 0.001 -0.10783147481555924 -0.6440362901033057 -0.0020829752277657845 -0.0005078785054967071
-0.14380495034629445 -0.448567493568503 28 nil_vol 0.6 nil_bias 0.76 Home 0.005 0.01 0.001 -0.15483560728486173 -0.45125702798347317 0.011030656938567278 0.0026895344149701827
-0.1704097750017467 -0.4297315409588145 28 nil_vol 0.6 nil_bias 0.76 Home 0.005 0.01 0.001 -0.16066344751717399 -0.4273551563667348 -0.009746327484572706 -0.0023763845920796774
-0.21869951529114307 -0.16718465799134552 28 nil_vol 0.6 nil_bias 0.76 Home 0.005 0.01 0.001 -0.22379615824763327 -0.16842733979249636 0.005096642956490202 0.0012426818011508384
-0.2511367528370794 -0.052414569933002725 28 nil_vol 0.6 nil_bias 0.76 Home 0.005 0.01 0.001 -0.25202972175028 -0.05263229682242798 0.0008929689132005386 0.00021772688942525598
-0.2644092260144278 -0.004817117917981018 28 nil_vol 0.6 nil_bias 0.76 Home 0.005 0.01 0.001 -0.2637286506680793 -0.004651177591291633 -0.0006805753463484416 -0.000165940326689385
-0.2816323586180937 -0.0016687245744681257 28 nil_vol 0.6 nil_bias 0.76 Home 0.005 0.01 0.001 -0.26541968559692314 0.0022843076240620652 -0.016212673021170593 -0.003953032198530191
-0.33949280559241873 0.30608230719295715 28 nil_vol 0.6 nil_bias 0.76 Left 0.005 0.01 0.001 -0.4 0.35 0.06050719440758128 -0.04391769280704281
-0.29873358127795574 0.18596951097598105 29 nil_vol 0.6 nil_bias 0.76 Left 0.005 0.01 0.001 -0.30278345934020445 0.1847442696658672 0.004049878062248725 0.0012252413101138501
-0.29867008012411134 0.1766517818449391 29 nil_vol 0.6 nil_bias 0.76 Left 0.005 0.01 0.001 -0.3001955506554956 0.17619026930463919 0.0015254705313842397 0.0004615125402999127
-0.22320549900978473 -0.014967920700907435 29 nil_vol 0.6 nil_bias 0.76 Left 0.005 0.01 0.001 -0.2407565359046015 -0.02027777327136271 0.01755103689481677 0.0053098525704552745
-0.2330647006163653 -0.05097274350846454 29 nil_vol 0.6 nil_bias 0.76 Left 0.005 0.01 0.001 -0.23160385613242235 -0.050530782792149787 -0.0014608444839429534 -0.0004419607163147543
-0.14793543279872762 -0.331467491490069 29 nil_vol 0.6 nil_bias 0.76 Left 0.005 0.01 0.001 -0.14672102806812382 -0.33110008812131 -0.0012144047306037924 -0.0003674033687590235
-0.12415449446615877 -0.3744888624701663 29 nil_vol 0.6 nil_bias 0.76 Left 0.005 0.01 0.001 -0.13280271809826033 -0.37710527725853404 0.008648223632101567 0.0026164147883677483
-0.04380493439823349 -0.5812499929312271 29 nil_vol 0.6 nil_bias 0.76 Left 0.005 0.01 0.001 -0.06875734659299598 -0.5887990415045652 0.02495241219476249 0.007549048573338
0.00011353837136797138 -0.8164429218100011 29 nil_vol 0.6 nil_bias 0.76 Home 0.005 0.01 0.001 0.0 -0.75 0.00011353837136797138 -0.06644292181000111
0.0064252776514567705 -0.7895179525182616 30 nil_vol 0.6 nil_bias 0.76 Home 0.005 0.01 0.001 0.007698166903369163 -0.7898814257242499 -0.001272889251912392 0.00036347320598825185
0.0626150610959707 -0.5764402710461265 30 nil_vol 0.6 nil_bias 0.76 Home 0.005 0.01 0.001 0.06819153664297622 -0.5780326322371256 -0.005576475547005515 0.001592361190999112
0.10775108340303256 -0.4093575579337476 30 nil_vol 0.6 nil_bias 0.76 Home 0.005 0.01 0.001 0.1157078755578014 -0.41162961793388586 -0.007956792154768843 0.002272060000138215
0.2859302752065657 0.13084563628296386 30 nil_vol 0.6 nil_bias 0.76 Home 0.005 0.01 0.001 0.27176644757835755 0.1348901137026256 0.014163827628208165 -0.004044477419661744
0.2842864217630817 0.23896472671941238 30 nil_vol 0.6 nil_bias 0.76 Home 0.005 0.01 0.001 0.3001883086388446 0.23442394691841062 -0.01590188687576287 0.004540779801001765
0.3030482485118138 0.24185237957569744 30 nil_vol 0.6 nil_bias 0.76 Home 0.005 0.01 0.001 0.302365191287347 0.24204742639448185 0.0006830572244667519 -0.00019504681878440038
0.3245986404036312 0.3513126849983343 30 nil_vol 0.6 nil_bias 0.76 Home 0.005 0.01 0.001 0.3328898077546178 0.3489451442449494 -0.008291167350986589 0.0023675407533849087
0.34314744819653464 0.38486757278544503 30 nil_vol 0.6 nil_bias 0.76 Right 0.005 0.01 0.001 0.4 0.35 -0.0568525518034654 0.03486757278544508
0.24415297213664738 0.0163188339020972 31 nil_vol 0.6 nil_bias 0.76 Right 0.005 0.01 0.001 0.24408309644659154 0.016337617151145567 6.987569005585e-05 -1.8783249048367107e-05
0.23778039997564965 -0.06644007463655649 31 nil_vol 0.6 nil_bias 0.76 Right 0.005 0.01 0.001 0.22290643768905666 -0.062441812326133606 0.01487396228659299 -0.003998262310422882
0.20709299328023717 -0.06318326622241414 31 nil_vol 0.6 nil_bias 0.76 Right 0.005 0.01 0.001 0.22165490526382853 -0.06709764644806315 -0.014561911983591361 0.003914380225649004
0.16013114555674263 -0.2674524096547896 31 nil_vol 0.6 nil_bias 0.76 Right 0.005 0.01 0.001 0.16728100391816533 -0.26937435947962585 -0.007149858361422715 0.001921949824836247
0.1605116083740166 -0.3117869882075267 31 nil_vol 0.6 nil_bias 0.76 Right 0.005 0.01 0.001 0.15619220066984368 -0.31062589039820176 0.004319407704172925 -0.0011610978093249357
0.0843776526730102 -0.5247634811147542 31 nil_vol 0.6 nil_bias 0.76 Right 0.005 0.01 0.001 0.09766953097719511 -0.5283364642267427 -0.013291878304184905 0.0035729831119884667
0.09338028144832014 -0.5594069333070664 31 nil_vol 0.6 nil_bias 0.76 Right 0.005 0.01 0.001 0.08959128146080358 -0.5583884141288958 0.0037889999875165598 -0.0010185191781705352
0.031149312119322422 -0.7757987740428444 31 nil_vol 0.6 nil_bias 0.76 Home 0.005 0.01 0.001 0.0 -0.75 0.031149312119322422 -0.025798774042844353
0.12000699438710971 -0.5021227494085047 32 nil_vol 0.6 nil_bias 0.43 Home 0.005 0.01 0.001 0.11578883210214756 -0.5008243623013273 0.004218162284962146 -0.0012983871071773172
0.15455849580495457 -0.3625463170788064 32 nil_vol 0.6 nil_bias 0.43 Home 0.005 0.01 0.001 0.15802370401260807 -0.36361293835996056 -0.0034652082076534947 0.0010666212811541208
0.204427837458927 -0.19481631008146055 32 nil_vol 0.6 nil_bias 0.43 Home 0.005 0.01 0.001 0.20950019081543314 -0.19637762464363706 -0.0050723533565061275 0.0015613145621765116
0.21713281327765088 -0.13196695555933452 32 nil_vol 0.6 nil_bias 0.43 Home 0.005 0.01 0.001 0.2282710503329222 -0.13539540198037558 -0.011138237055271297 0.0034284464210410717
0.25180481855398945 -0.05154879495774698 32 nil_vol 0.6 nil_bias 0.43 Home 0.005 0.01 0.001 0.2538828783153894 -0.05218843985992738 -0.0020780597613999545 0.0006396449021804021
0.34917576774340525 0.2952589884721621 32 nil_vol 0.6 nil_bias 0.43 Home 0.005 0.01 0.001 0.35982157452995 0.2919821163787323 -0.010645806786544731 0.003276872093429783
0.37610066118461305 0.3103291716085097 32 nil_vol 0.6 nil_bias 0.43 Home 0.005 0.01 0.001 0.3663890922906087 0.31331847713793237 0.009711568894004378 -0.002989305529422683
0.37605875811871226 0.34473300634792053 32 nil_vol 0.6 nil_bias 0.43 Right 0.005 0.01 0.001 0.4 0.35 -0.023941241881287743 -0.00526699365207945
0.30603469355801965 0.14683787045378982 33 nil_vol 0.6 nil_bias 0.43 Right 0.005 0.01 0.001 0.3129894458661598 0.1446456705169987 -0.006954752308140125 0.002192199936791115
0.31391726487696076 0.12006253134385385 33 nil_vol 0.6 nil_bias 0.43 Right 0.005 0.01 0.001 0.3060247910571615 0.12255030946193846 0.007892473819799224 -0.002487778118084603
0.30832374353999764 0.10381404929138119 33 nil_vol 0.6 nil_bias 0.43 Right 0.005 0.01 0.001 0.30086047976436947 0.1061665365766635 0.007463263775628174 -0.0023524872852823185
0.2763486442223926 0.032980842207427016 33 nil_vol 0.6 nil_bias 0.43 Right 0.005 0.01 0.001 0.277661277508124 0.03256708849219514 -0.0013126332857314705 0.0004137537152318762
0.24551292135048974 -0.06341246710327668 33 nil_vol 0.6 nil_bias 0.43 Right 0.005 0.01 0.001 0.24723642432111806 -0.06395573060654314 -0.0017235029706283028 0.0005432635032664544
0.18203016822829576 -0.2456554620231993 33 nil_vol 0.6 nil_bias 0.43 Right 0.005 0.01 0.001 0.18924609821744942 -0.24792998749373213 -0.007215929989153658 0.002274525470532838
0.09924010664831111 -0.5563817825904994 33 nil_vol 0.6 nil_bias 0.43 Right 0.005 0.01 0.001 0.09267193392522377 -0.5543114359856991 0.006568172723087335 -0.002070346604800332
0.04124778266058438 -0.717454509160587 33 nil_vol 0.6 nil_bias 0.43 Home 0.005 0.01 0.001 0.0 -0.75 0.04124778266058438 0.03254549083941307
-0.07526914051961511 -0.4661663653631595 34 nil_vol 0.6 nil_bias 0.43 Home 0.005 0.01 0.001 -0.07370869866895635 -0.4654545283863472 -0.0015604418506587545 -0.0007118369768122783
-0.08052474731237357 -0.4319563023618587 34 nil_vol 0.6 nil_bias 0.43 Home 0.005 0.01 0.001 -0.0875316814973447 -0.43515270141053 0.007006934184971131 0.003196399048671255
-0.1305776113719205 -0.2981203794736459 34 nil_vol 0.6 nil_bias 0.43 Home 0.005 0.01 0.001 -0.1466897290420769 -0.30547034969363585 0.016112117670156394 0.00734997021998993
-0.2457907937664268 -0.061810978871844946 34 nil_vol 0.6 nil_bias 0.43 Home 0.005 0.01 0.001 -0.2557656761808574 -0.06636128629851945 0.009974882414430598 0.004550307426674504
-0.3639918438772413 0.17300848442594494 34 nil_vol 0.6 nil_bias 0.43 Home 0.005 0.01 0.001 -0.364793690067981 0.172642700998614 0.000801846190739679 0.0003657834273309275
-0.4162423889593047 0.23970718395255788 34 nil_vol 0.6 nil_bias 0.43 Home 0.005 0.01 0.001 -0.3989793266213074 0.2475821881380802 -0.017263062337997275 -0.007875004185522318
-0.4046890890485416 0.25371220492120083 34 nil_vol 0.6 nil_bias 0.43 Home 0.005 0.01 0.001 -0.4022775339927513 0.25481229978190034 -0.002411555055790332 -0.0011000948606995275
-0.40895070753983126 0.2694407886336654 34 nil_vol 0.6 nil_bias 0.43 Left 0.005 0.01 0.001 -0.4 0.35 -0.008950707539831248 -0.0805592113663346
-0.3686492094738758 0.20518911436794576 35 nil_vol 0.6 nil_bias 0.43 Left 0.005 0.01 0.001 -0.3821845622027352 0.1999738397094228 0.01353535272885942 0.005215274658522954
-0.2963984926954422 -0.025720349306341622 35 nil_vol 0.6 nil_bias 0.43 Left 0.005 0.01 0.001 -0.2953748426122858 -0.02532592912056414 -0.0010236500831563972 -0.00039442018577748143
-0.27895611814411475 -0.05695859061540421 35 nil_vol 0.6 nil_bias 0.43 Left 0.005 0.01 0.001 -0.2826396695425579 -0.05837789106855806 0.0036835513984431684 0.001419300453153855
-0.2239437691704053 -0.22120006316471028 35 nil_vol 0.6 nil_bias 0.43 Left 0.005 0.01 0.001 -0.22042539006143752 -0.2198444048546795 -0.003518379108967779 -0.0013556583100307919
-0.19795004097578453 -0.2195794949488676 35 nil_vol 0.6 nil_bias 0.43 Left 0.005 0.01 0.001 -0.21760887297325668 -0.2271541928814878 0.019658831997472145 0.007574697932620202
-0.20775160038450663 -0.2945209174322034 35 nil_vol 0.6 nil_bias 0.43 Left 0.005 0.01 0.001 -0.1937331646693024 -0.2891195072139269 -0.01401843571520423 -0.005401410218276481
-0.1378470156670522 -0.4970167088111198 35 nil_vol 0.6 nil_bias 0.43 Left 0.005 0.01 0.001 -0.11675948351856696 -0.4888915218117227 -0.021087532148485258 -0.008125186999397148
-0.03281938034834688 -0.7067436923870606 35 nil_vol 0.6 nil_bias 0.43 Home 0.005 0.01 0.001 0.0 -0.75 -0.03281938034834688 0.04325630761293943
-0.05352020350808826 -0.6657401651880908 36 nil_vol 0.6 nil_bias 0.43 Home 0.005 0.01 0.001 -0.0484707317719478 -0.6638957128364344 -0.005049471736140463 -0.0018444523516563311
-0.059071487089510225 -0.6260836947567959 36 nil_vol 0.6 nil_bias 0.43 Home 0.005 0.01 0.001 -0.06190455827182745 -0.6271185485153059 0.0028330711823172238 0.001034853758509963
-0.17927974023192203 -0.28553410359957143 36 nil_vol 0.6 nil_bias 0.43 Home 0.005 0.01 0.001 -0.18580642577126827 -0.28791814714325703 0.006526685539346242 0.002384043543685592
-0.22138009496805527 -0.24283029427922428 36 nil_vol 0.6 nil_bias 0.43 Home 0.005 0.01 0.001 -0.20452488600747898 -0.2366734859179686 -0.016855208960576296 -0.006156808361255675
-0.2035018121296656 -0.19794689535206256 36 nil_vol 0.6 nil_bias 0.43 Home 0.005 0.01 0.001 -0.21688510244465112 -0.2028354941172954 0.013383290314985518 0.004888598765232849
-0.2989823523775217 0.0654775603569275 36 nil_vol 0.6 nil_bias 0.43 Home 0.005 0.01 0.001 -0.3130204447698636 0.060349777911785085 0.014038092392341913 0.005127782445142422
-0.3911477973009394 0.19484055705718273 36 nil_vol 0.6 nil_bias 0.43 Home 0.005 0.01 0.001 -0.36556073777112025 0.20418690348466428 -0.025587059529819156 -0.00934634642748155
-0.42272403549310916 0.36068021486381746 36 nil_vol 0.6 nil_bias 0.43 Left 0.005 0.01 0.001 -0.4 0.35 -0.02272403549310913 0.010680214863817488
-0.41180781577266123 0.35652999509026034 37 nil_vol 0.6 nil_bias 0.43 Left 0.005 0.01 0.001 -0.41969411583875044 0.35329464957165035 0.007886300066089189 0.0032353455186099997
-0.2971327306537783 0.05777398217937573 37 nil_vol 0.6 nil_bias 0.43 Left 0.005 0.01 0.001 -0.2982663154375445 0.05730893032750761 0.0011335847837661915 0.0004650518518681173
-0.2496008053061511 -0.05415882060614027 37 nil_vol 0.6 nil_bias 0.43 Left 0.005 0.01 0.001 -0.2521138442114079 -0.05518979192248369 0.002513038905256798 0.0010309713163434188
-0.20238129593816545 -0.14146935440324712 37 nil_vol 0.6 nil_bias 0.43 Left 0.005 0.01 0.001 -0.2146524648307082 -0.14650358730738294 0.012271168892542771 0.0050342329041358205
-0.15729116331421572 -0.2740609542751087 37 nil_vol 0.6 nil_bias 0.43 Left 0.005 0.01 0.001 -0.16159743816547922 -0.27582759857283795 0.00430627485126349 0.0017666442977292503
-0.13300819094136154 -0.39547550353650146 37 nil_vol 0.6 nil_bias 0.43 Left 0.005 0.01 0.001 -0.11546466980691761 -0.3882782941978629 -0.01754352113444393 -0.0071972093386385595
-0.05307725811925426 -0.5641114032547431 37 nil_vol 0.6 nil_bias 0.43 Left 0.005 0.01 0.001 -0.04473360972205026 -0.5606884311100706 -0.008343648397204004 -0.00342297214467241
0.020053111196808113 -0.7186089742252322 37 nil_vol 0.6 nil_bias 0.43 Home 0.005 0.01 0.001 0.0 -0.75 0.020053111196808113 0.03139102577476784
0.02110354419336813 -0.6814750432140784 38 nil_vol 0.6 nil_bias 0.43 Home 0.005 0.01 0.001 0.033758334511329 -0.6869540187754664 -0.012654790317960872 0.005478975561387937
0.06156964240840735 -0.644611154839725 38 nil_vol 0.6 nil_bias 0.43 Home 0.005 0.01 0.001 0.05358726676859868 -0.6411551322622306 0.00798237563980867 -0.003456022577494383
0.14814234258550651 -0.46674583405565123 38 nil_vol 0.6 nil_bias 0.43 Home 0.005 0.01 0.001 0.13210513022349363 -0.45980241639352315 0.016037212362012884 -0.006943417662128093
0.14030061653991477 -0.4395159773253158 38 nil_vol 0.6 nil_bias 0.43 Home 0.005 0.01 0.001 0.14079551027365106 -0.43973024485598966 -0.0004948937337362918 0.00021426753067387767
0.19907615949754973 -0.28225274095097014 38 nil_vol 0.6 nil_bias 0.43 Home 0.005 0.01 0.001 0.20741358036767435 -0.28586248272026554 -0.008337420870124611 0.003609741769295409
0.4301463647290095 0.21767578842998145 38 nil_vol 0.6 nil_bias 0.43 Home 0.005 0.01 0.001 0.42616932318896605 0.21939767499285845 0.003977041540043454 -0.0017218865628769954
0.42609856089314463 0.2684296285723147 38 nil_vol 0.6 nil_bias 0.43 Home 0.005 0.01 0.001 0.4440356919694247 0.26066362847756275 -0.017937131076280095 0.007766000094751993
0.4603203898060203 0.29827639644933 38 nil_vol 0.6 nil_bias 0.43 Right 0.005 0.01 0.001 0.4 0.35 0.06032038980602027 -0.05172360355066993
0.45922113425336397 0.2973282423749947 39 nil_vol 0.6 nil_bias 0.43 Right 0.005 0.01 0.001 0.45976880898961153 0.29707648477857457 -0.0005476747362475734 0.00025175759642017304
0.390124531465318 0.16052438201916658 39 nil_vol 0.6 nil_bias 0.43 Right 0.005 0.01 0.001 0.395798876588928 0.15791597342364427 -0.005674345123609974 0.002608408595522296
0.3752683168008748 0.1043669279610459 39 nil_vol 0.6 nil_bias 0.43 Right 0.005 0.01 0.001 0.37189584585401764 0.10591720063820992 0.0033724709468571667 -0.0015502726771640224
0.27954682729017505 -0.11020093736819343 39 nil_vol 0.6 nil_bias 0.43 Right 0.005 0.01 0.001 0.27377031749002784 -0.10754556525271713 0.005776509800147233 -0.0026553721154762965
0.2613066939938484 -0.11208825304396484 39 nil_vol 0.6 nil_bias 0.43 Right 0.005 0.01 0.001 0.26987214916032853 -0.1160256601621617 -0.008565455166480093 0.003937407118196857
0.18851397260509445 -0.2745677433146906 39 nil_vol 0.6 nil_bias 0.43 Right 0.005 0.01 0.001 0.19551369745386143 -0.2777854084485658 -0.006999724848766978 0.0032176651338752375
0.07827375966962448 -0.5417989213112636 39 nil_vol 0.6 nil_bias 0.43 Right 0.005 0.01 0.001 0.07487001763627499 -0.5402342737998198 0.003403742033349492 -0.001564647511443755
-0.0050768783516558285 -0.7141511517673351 39 nil_vol 0.6 nil_bias 0.43 Home 0.005 0.01 0.001 0.0 -0.75 -0.0050768783516558285 0.035848848232664834
0.017669059534023722 -0.6509006078000428 40 nil_vol 0.6 nil_bias 0.43 Home 0.005 0.01 0.001 0.025769822951908675 -0.6551347133507446 -0.008100763417884951 0.004234105550701842
0.1468746653599647 -0.43060294295926044 40 nil_vol 0.6 nil_bias 0.43 Home 0.005 0.01 0.001 0.14393197405827507 -0.42906485760461627 0.002942691301689632 -0.0015380853546441704
0.18546500086894094 -0.3448384363951448 40 nil_vol 0.6 nil_bias 0.43 Home 0.005 0.01 0.001 0.18742104475550792 -0.3458608210582056 -0.001956043886566973 0.0010223846630608077
0.18387159559177263 -0.3406289571026106 40 nil_vol 0.6 nil_bias 0.43 Home 0.005 0.01 0.001 0.18880724398118112 -0.3432087209055836 -0.004935648389408497 0.002579763802972961
0.18819203066402126 -0.3228600543504138 40 nil_vol 0.6 nil_bias 0.43 Home 0.005 0.01 0.001 0.19702889994964867 -0.32747890758225784 -0.008836869285627397 0.004618853231844003
0.2163767112200055 -0.246447375657677 40 nil_vol 0.6 nil_bias 0.43 Home 0.005 0.01 0.001 0.23444601694245337 -0.2558918370880443 -0.01806930572244786 0.009444461430367326
0.43389975138424575 0.1218917636599066 40 nil_vol 0.6 nil_bias 0.43 Home 0.005 0.01 0.001 0.43233371323518094 0.12271030019498508 0.001566038149064787 -0.00081853653507848
0.5334562848928213 0.31617974005599114 40 nil_vol 0.6 nil_bias 0.43 Right 0.005 0.01 0.001 0.4 0.35 0.1334562848928213 -0.033820259944008856
0.49184916914217686 0.20588995251734254 41 nil_vol 0.6 nil_bias 0.43 Right 0.005 0.01 0.001 0.48217918403267257 0.210585758018851 0.009669985109504267 -0.004695805501508442
0.46309255300095187 0.20240790480722418 41 nil_vol 0.6 nil_bias 0.43 Right 0.005 0.01 0.001 0.4753236984323268 0.19646838376805015 -0.012231145431374914 0.005939521039174028
0.39736017014167396 0.04955093519078216 41 nil_vol 0.6 nil_bias 0.43 Right 0.005 0.01 0.001 0.40271655503526627 0.046949841045683005 -0.0053563848935923265 0.0026010941450991545
0.27821211719628114 -0.19651870500198693 41 nil_vol 0.6 nil_bias 0.43 Right 0.005 0.01 0.001 0.28328940675417896 -0.19898426869921482 -0.005077289557897845 0.0024655636972278983
0.23653829868162038 -0.24577121799347598 41 nil_vol 0.6 nil_bias 0.43 Right 0.005 0.01 0.001 0.2559838480580432 -0.25521409889842306 -0.019445549376422816 0.009442880904947066
0.13140692624792752 -0.512909981467692 41 nil_vol 0.6 nil_bias 0.43 Right 0.005 0.01 0.001 0.13095231295665882 -0.5126892183982535 0.00045461329126868466 -0.0002207630694384584
0.10871124835066236 -0.5602269487500209 41 nil_vol 0.6 nil_bias 0.43 Right 0.005 0.01 0.001 0.10802865680992263 -0.5598954780108221 0.000682591540739732 -0.00033147073919879885
-0.002366502919849171 -0.7872301813764783 41 nil_vol 0.6 nil_bias 0.43 Home 0.005 0.01 0.001 0.0 -0.75 -0.002366502919849171 -0.03723018137647829
0.060851603364161976 -0.628133398738651 42 nil_vol 0.6 nil_bias 0.43 Home 0.005 0.01 0.001 0.0532119836043639 -0.6255079191173621 0.007639619759798078 -0.0026254796212889057
0.07880961838790324 -0.5581662368364132 42 nil_vol 0.6 nil_bias 0.43 Home 0.005 0.01 0.001 0.07661432656254488 -0.5574117890848915 0.002195291825358359 -0.0007544477515217112
0.08252011305913512 -0.5533991895156307 42 nil_vol 0.6 nil_bias 0.43 Home 0.005 0.01 0.001 0.07847149036177427 -0.552007814457654 0.004048622697360847 -0.0013913750579766515
0.08082749938698296 -0.5314287827887911 42 nil_vol 0.6 nil_bias 0.43 Home 0.005 0.01 0.001 0.08504562171576281 -0.5328784091527357 -0.004218122328779859 0.0014496263639445757
0.18934037684114324 -0.2630173232762653 42 nil_vol 0.6 nil_bias 0.43 Home 0.005 0.01 0.001 0.17900808516721373 -0.25946646314395005 0.010332291673929527 -0.003550860132315277
0.2112994289780637 -0.15179716860394016 42 nil_vol 0.6 nil_bias 0.43 Home 0.005 0.01 0.001 0.21551276727486235 -0.15324515085746182 -0.004213338296798656 0.001447982253521654
0.2577191492974056 -0.03512833101729718 42 nil_vol 0.6 nil_bias 0.43 Home 0.005 0.01 0.001 0.2562759815790324 -0.03463236295163119 0.001443167718373163 -0.0004959680656659923
0.36559757221188477 0.28347156640253746 42 nil_vol 0.6 nil_bias 0.43 Right 0.005 0.01 0.001 0.4 0.35 -0.03440242778811527 -0.06652843359746252
0.31144634442685815 0.14573011217213547 43 nil_vol 0.6 nil_bias 0.43 Right 0.005 0.01 0.001 0.3141188666343917 0.14473843854668475 -0.002672522207533547 0.0009916736254507166
0.2709536908718565 0.016160630761730098 43 nil_vol 0.6 nil_bias 0.43 Right 0.005 0.01 0.001 0.26695850972300517 0.01764309394315683 0.003995181148851342 -0.00148246318142673
0.2494192122733915 0.00927743591798692 43 nil_vol 0.6 nil_bias 0.43 Right 0.005 0.01 0.001 0.26210732858315033 0.004569347706195714 -0.012688116309758824 0.004708088211791205
0.24445786646373416 -0.07044363125495248 43 nil_vol 0.6 nil_bias 0.43 Right 0.005 0.01 0.001 0.23550543944574706 -0.0671217184444679 0.008952427017987106 -0.003321912810484581
0.23029525428605624 -0.08917538596925087 43 nil_vol 0.6 nil_bias 0.43 Right 0.005 0.01 0.001 0.22768196145407069 -0.08820569016288704 0.002613292831985564 -0.0009696958063638334
0.11964353072917748 -0.33127334425709204 43 nil_vol 0.6 nil_bias 0.43 Right 0.005 0.01 0.001 0.1353289099328327 -0.33709360528901566 -0.01568537920365522 0.00582026103192364
0.017942142738488046 -0.6466162683523914 43 nil_vol 0.6 nil_bias 0.43 Right 0.005 0.01 0.001 0.020169832580057223 -0.6474428812259313 -0.002227689841569176 0.0008266128735399507
0.010150382962539348 -0.6744449118566339 43 nil_vol 0.6 nil_bias 0.43 Home 0.005 0.01 0.001 0.0 -0.75 0.010150382962539348 0.07555508814336609
0.08728362289998678 -0.4557583242615098 44 nil_vol 0.6 nil_bias 0.43 Home 0.005 0.01 0.001 0.09256281056230349 -0.4577662314081927 -0.0052791876623167104 0.002007907146682894
0.11419184417209538 -0.409666600723938 44 nil_vol 0.6 nil_bias 0.43 Home 0.005 0.01 0.001 0.11127864278811145 -0.408558582170178 0.0029132013839839317 -0.001108018553760007
0.13433144493945004 -0.3102645672093954 44 nil_vol 0.6 nil_bias 0.43 Home 0.005 0.01 0.001 0.1468528169678574 -0.3150269954446291 -0.012521372028407375 0.004762428235233692
0.2651678671381661 -0.010087708126460074 44 nil_vol 0.6 nil_bias 0.43 Home 0.005 0.01 0.001 0.2631295058503 -0.009312429720154669 0.0020383612878660832 -0.000775278406305405
0.3312885346334468 0.18544176811236576 44 nil_vol 0.6 nil_bias 0.43 Home 0.005 0.01 0.001 0.33645561163029325 0.1834765015802653 -0.005167076996846419 0.0019652665321004625
0.35351426311523515 0.20714991668931268 44 nil_vol 0.6 nil_bias 0.43 Home 0.005 0.01 0.001 0.34647758824813085 0.20982627348098282 0.007036674867104274 -0.002676356791670147
0.3881014676991959 0.36275287368929693 44 nil_vol 0.6 nil_bias 0.43 Home 0.005 0.01 0.001 0.4025518785928572 0.3572567471710072 -0.014450410893661262 0.00549612651828972
0.4389935149576232 0.45306906469242453 44 nil_vol 0.6 nil_bias 0.43 Right 0.005 0.01 0.001 0.4 0.35 0.03899351495762317 0.10306906469242455
0.4497806921330435 0.44598321369526883 45 nil_vol 0.6 nil_bias 0.43 Right 0.005 0.01 0.001 0.43795739277676554 0.4500756283880204 0.011823299356277954 -0.004092414692751571
0.4078018997418173 0.37065398953696477 45 nil_vol 0.6 nil_bias 0.43 Right 0.005 0.01 0.001 0.41018192890141864 0.36983018680572816 -0.0023800291596013526 0.0008238027312366031
0.29750240827950775 0.032593018707587455 45 nil_vol 0.6 nil_bias 0.43 Right 0.005 0.01 0.001 0.29388674995245523 0.03384451144372819 0.003615658327052511 -0.0012514927361407327
0.14282099681541913 -0.3952546992030312 45 nil_vol 0.6 nil_bias 0.43 Right 0.005 0.01 0.001 0.1450901911638276 -0.3960401385302698 -0.002269194348408484 0.0007854393272386152
0.10829119754824522 -0.4759114483571951 45 nil_vol 0.6 nil_bias 0.43 Right 0.005 0.01 0.001 0.11646495350587532 -0.4787406416278713 -0.008173755957630103 0.0028291932706761397
0.11702646038671545 -0.48448689109551435 45 nil_vol 0.6 nil_bias 0.43 Right 0.005 0.01 0.001 0.1147488677191334 -0.4836985448466336 0.0022775926675820497 -0.0007883462488807597
0.03434788343774712 -0.6723482338597984 45 nil_vol 0.6 nil_bias 0.43 Right 0.005 0.01 0.001 0.047835396773039385 -0.677016685201405 -0.013487513335292267 0.004668451341606647
0.011165083912775898 -0.7829600264769575 45 nil_vol 0.6 nil_bias 0.43 Home 0.005 0.01 0.001 0.0 -0.75 0.011165083912775898 -0.032960026476957505
0.01211657619250909 -0.7455276458821539 46 nil_vol 0.6 nil_bias 0.43 Home 0.005 0.01 0.001 0.02194448727138475 -0.7486119213398179 -0.00982791107887566 0.003084275457663973
0.014257920681809345 -0.6733196051993791 46 nil_vol 0.6 nil_bias 0.43 Home 0.005 0.01 0.001 0.042765663675540126 -0.6822661383296945 -0.02850774299373078 0.00894653313031551
0.07798802812280171 -0.6126871040907865 46 nil_vol 0.6 nil_bias 0.43 Home 0.005 0.01 0.001 0.06580173101217579 -0.6088627006345024 0.012186297110625929 -0.003824403456284107
0.1942755068897865 -0.20197619588528032 46 nil_vol 0.6 nil_bias 0.43 Home 0.005 0.01 0.001 0.193564234579907 -0.20175297859002084 0.0007112723098795066 -0.0002232172952594824
0.23773127582700665 -0.0897152774277754 46 nil_vol 0.6 nil_bias 0.43 Home 0.005 0.01 0.001 0.22953232214143446 -0.08714221470590278 0.00819895368557218 -0.0025730627218726173
0.2557560879052375 0.061700720882261896 46 nil_vol 0.6 nil_bias 0.43 Home 0.005 0.01 0.001 0.2744065780379054 0.05584767148774372 -0.01865049013266788 0.005853049394518174
0.28139024821360303 0.06550317770919571 46 nil_vol 0.6 nil_bias 0.43 Home 0.005 0.01 0.001 0.27779121047908584 0.06663265717504452 0.003599037734517219 -0.001129479465848802
0.3158366616510209 0.1878628508480443 46 nil_vol 0.6 nil_bias 0.43 Right 0.005 0.01 0.001 0.4 0.35 -0.08416333834897911 -0.16213714915195568
0.24941092347533247 0.043412907243712814 47 nil_vol 0.6 nil_bias 0.43 Right 0.005 0.01 0.001 0.257825305500625 0.04010923372320399 -0.008414382025292513 0.0033036735205088236
0.24340468712451835 -0.03657306275187497 47 nil_vol 0.6 nil_bias 0.43 Right 0.005 0.01 0.001 0.22981327662513223 -0.03123677271438685 0.013591410499386124 -0.00533629003748812
0.15332239745981455 -0.19456034499857064 47 nil_vol 0.6 nil_bias 0.43 Right 0.005 0.01 0.001 0.16403711263265827 -0.19876718047263356 -0.010714715172843729 0.004206835474062921
0.07576230500432035 -0.38888892178952694 47 nil_vol 0.6 nil_bias 0.43 Right 0.005 0.01 0.001 0.08757078517537029 -0.3935251937274171 -0.011808480171049927 0.004636271937890172
0.054349153420835496 -0.4839051683638671 47 nil_vol 0.6 nil_bias 0.43 Right 0.005 0.01 0.001 0.05238792481626464 -0.4831351463956335 0.0019612286045708545 -0.0007700219682336043
0.017582214644437533 -0.607063277367506 47 nil_vol 0.6 nil_bias 0.43 Right 0.005 0.01 0.001 0.0055809985570404175 -0.6023513330223762 0.012001216087397116 -0.004711944345129737
-0.015507341127293467 -0.6154173063470587 47 nil_vol 0.6 nil_bias 0.43 Right 0.005 0.01 0.001 -0.0016804406173508424 -0.6208460550000318 -0.013826900509942624 0.005428748652973052
-0.03939887975156227 -0.7169140696820988 47 nil_vol 0.6 nil_bias 0.43 Home 0.005 0.01 0.001 0.0 -0.75 -0.03939887975156227 0.03308593031790114
-0.06180080198597541 -0.6595292949135255 48 nil_vol 0.6 nil_bias 0.43 Home 0.005 0.01 0.001 -0.06250109866364201 -0.6598126223580831 0.0007002966776665997 0.0002833274445576379
-0.08567181298880262 -0.6124572076396356 48 nil_vol 0.6 nil_bias 0.43 Home 0.005 0.01 0.001 -0.08222452319866519 -0.6110624961722848 -0.003447289790137437 -0.001394711467350803
-0.0985414781312646 -0.5482707750257494 48 nil_vol 0.6 nil_bias 0.43 Home 0.005 0.01 0.001 -0.10635066521967357 -0.5514302317137401 0.007809187088408966 0.00315945668799071
-0.10392899650281756 -0.4969520125878706 48 nil_vol 0.6 nil_bias 0.43 Home 0.005 0.01 0.001 -0.12495061558246703 -0.5054569817020276 0.021021619079649466 0.008504969114156966
-0.10789423624096114 -0.4628272682300013 48 nil_vol 0.6 nil_bias 0.43 Home 0.005 0.01 0.001 -0.1373726152232457 -0.4747536903495255 0.029478378982284555 0.01192642211952423
-0.3636322354795506 0.10950649005497223 48 nil_vol 0.6 nil_bias 0.43 Home 0.005 0.01 0.001 -0.3723300616223091 0.10598750598318485 0.008697826142758517 0.0035189840717873826
-0.4292905983097471 0.22887607386858141 48 nil_vol 0.6 nil_bias 0.43 Home 0.005 0.01 0.001 -0.4230672461031913 0.23139393027644095 -0.006223352206555774 -0.002517856407859525
-0.4767664227310088 0.3641214711774157 48 nil_vol 0.6 nil_bias 0.43 Left 0.005 0.01 0.001 -0.4 0.35 -0.07676642273100875 0.014121471177415735
-0.47295600839965046 0.3486068702266246 49 nil_vol 0.6 nil_bias 0.43 Left 0.005 0.01 0.001 -0.4705137831923803 0.3496630247722288 -0.0024422252072701647 -0.0010561545456041807
-0.2582029436823164 -0.12972095547673168 49 nil_vol 0.6 nil_bias 0.43 Left 0.005 0.01 0.001 -0.2624138646464382 -0.13154199282586637 0.0042109209641218144 0.0018210373491346955
-0.25243345600017225 -0.1519860760162673 49 nil_vol 0.6 nil_bias 0.43 Left 0.005 0.01 0.001 -0.2533932101861538 -0.1524011273158647 0.000959754185981546 0.0004150512995974157
-0.17278533249747113 -0.33361688933079114 49 nil_vol 0.6 nil_bias 0.43 Left 0.005 0.01 0.001 -0.1746724678179286 -0.3344329920149081 0.0018871353204574645 0.0008161026841169897
-0.10352138271271874 -0.4906909397239121 49 nil_vol 0.6 nil_bias 0.43 Left 0.005 0.01 0.001 -0.10653433064017487 -0.4919939066410411 0.0030129479274561286 0.0013029669171289776
-0.1005426396594228 -0.5038875911369842 49 nil_vol 0.6 nil_bias 0.43 Left 0.005 0.01 0.001 -0.1012572014128616 -0.5041966075379953 0.0007145617534388027 0.00030901640101112915
-0.040067211925600144 -0.6301365022370159 49 nil_vol 0.6 nil_bias 0.43 Left 0.005 0.01 0.001 -0.04573397237416088 -0.6325871258686044 0.0056667604485607335 0.002450623631588506
0.003686856188406421 -0.7468666068233865 49 nil_vol 0.6 nil_bias 0.43 Home 0.005 0.01 0.001 0.0 -0.75 0.003686856188406421 0.0031333931766135865
0.09114552403513546 -0.48853479957260243 50 nil_vol 0.6 nil_bias 0.43 Home 0.005 0.01 0.001 0.08421441821832999 -0.48639199932440186 0.006931105816805467 -0.002142800248200555
0.1643204441978202 -0.17821468093655857 50 nil_vol 0.6 nil_bias 0.43 Home 0.005 0.01 0.001 0.17816625381891582 -0.18249521063510754 -0.013845809621095625 0.004280529698548973
0.2055452579364033 -0.08926542170592067 50 nil_vol 0.6 nil_bias 0.43 Home 0.005 0.01 0.001 0.2068629574226053 -0.08967279779578519 -0.0013176994862020078 0.0004073760898645149
0.26555247115905334 0.12158946341039387 50 nil_vol 0.6 nil_bias 0.43 Home 0.005 0.01 0.001 0.27159832443395593 0.11972034522918906 -0.0060458532749026175 0.0018691181812048032
0.29281085058769873 0.20006309577870252 50 nil_vol 0.6 nil_bias 0.43 Home 0.005 0.01 0.001 0.29612052051373383 0.1990398879780404 -0.0033096699260350953 0.001023207800662115
0.3245323166750454 0.24858598537026605 50 nil_vol 0.6 nil_bias 0.43 Home 0.005 0.01 0.001 0.31258038837042357 0.25228100830232436 0.011951928304621816 -0.0036950229320582987
0.35111059704517195 0.3893831776426597 50 nil_vol 0.6 nil_bias 0.43 Home 0.005 0.01 0.001 0.3546301033348375 0.38829509745020996 -0.0035195062896655875 0.0010880801924496868
0.38165116435025614 0.47569747354079495 50 nil_vol 0.6 nil_bias 0.43 Right 0.005 0.01 0.001 0.4 0.35 -0.018348835649743874 0.125697473540795
0.3910592002172499 0.44828194426991824 51 nil_vol 0.6 nil_bias 0.43 Right 0.005 0.01 0.001 0.37456713312366924 0.4535592585604057 0.016492067093580635 -0.005277314290487443
0.35382820066671705 0.3706902566303239 51 nil_vol 0.6 nil_bias 0.43 Right 0.005 0.01 0.001 0.3485865111221228 0.37236755050640524 0.005241689544594245 -0.0016772938760813666
0.24887821114214295 0.04385890098193217 51 nil_vol 0.6 nil_bias 0.43 Right 0.005 0.01 0.001 0.24396931762903393 0.045429703097895846 0.004908893513109033 -0.001570802115963678
0.21739066944298868 -0.09416014965665544 51 nil_vol 0.6 nil_bias 0.43 Right 0.005 0.01 0.001 0.20098196781292532 -0.08890951157051863 0.01640870163006336 -0.005250638086136803
0.19390222096255758 -0.08865090818658537 51 nil_vol 0.6 nil_bias 0.43 Right 0.005 0.01 0.001 0.20039944042363977 -0.09072996043127024 -0.006497219461082198 0.002079052244684864
0.1603147379068442 -0.22990944990690415 51 nil_vol 0.6 nil_bias 0.43 Right 0.005 0.01 0.001 0.15627671622260686 -0.22861731900429472 0.0040380216842373405 -0.0012921309026094462
0.11368257273028042 -0.3705935587721096 51 nil_vol 0.6 nil_bias 0.43 Right 0.005 0.01 0.001 0.11110909586246298 -0.36977006914077903 0.0025734768678174385 -0.0008234896313305754
-0.011071197553107294 -0.7515941344906627 51 nil_vol 0.6 nil_bias 0.43 Home 0.005 0.01 0.001 0.0 -0.75 -0.011071197553107294 -0.0015941344906626874
0.10845691628567466 -0.4429216731133949 52 nil_vol 0.6 nil_bias 0.43 Home 0.005 0.01 0.001 0.08819172044030663 -0.43653685796019 0.020265195845368043 -0.006384815153204936
0.10583146069375146 -0.40300738907707606 52 nil_vol 0.6 nil_bias 0.43 Home 0.005 0.01 0.001 0.09939457430654827 -0.40097936378395427 0.006436886387203193 -0.0020280252931218156
0.11859567606270487 -0.37059976895349234 52 nil_vol 0.6 nil_bias 0.43 Home 0.005 0.01 0.001 0.1098356272639846 -0.3678398009403696 0.008760048798720263 -0.0027599680131227496
0.1257945204918472 -0.2755640595627383 52 nil_vol 0.6 nil_bias 0.43 Home 0.005 0.01 0.001 0.13772411860248185 -0.27932263556514264 -0.011929598110634656 0.003758576002404373
0.15893230166857336 -0.1873592239398856 52 nil_vol 0.6 nil_bias 0.43 Home 0.005 0.01 0.001 0.1659971086347501 -0.1895850838287464 -0.0070648069661767175 0.0022258598888607825
0.16771530536180512 -0.17284947266021267 52 nil_vol 0.6 nil_bias 0.43 Home 0.005 0.01 0.001 0.17094889998792717 -0.1738682589638696 -0.003233594626122059 0.0010187863036569245
0.177762248288175 -0.14110366881664266 52 nil_vol 0.6 nil_bias 0.43 Home 0.005 0.01 0.001 0.18095489556154312 -0.1421095541209536 -0.003192647273368129 0.0010058853043109607
0.3398203471137439 0.3621242273616851 52 nil_vol 0.6 nil_bias 0.43 Right 0.005 0.01 0.001 0.4 0.35 -0.060179652886256096 0.012124227361685103
0.26416399683012365 0.1522920731993659 53 nil_vol 0.6 nil_bias 0.43 Right 0.005 0.01 0.001 0.2732071646271933 0.1494594731804213 -0.00904316779706966 0.0028326000189446143
0.20239652439215125 -0.07275053370488524 53 nil_vol 0.6 nil_bias 0.43 Right 0.005 0.01 0.001 0.20349621860330216 -0.0730949919647827 -0.001099694211150911 0.00034445825989745904
0.1477510450135467 -0.2662291343600588 53 nil_vol 0.6 nil_bias 0.43 Right 0.005 0.01 0.001 0.14342506567617083 -0.26487410375264536 0.004325979337375843 -0.0013550306074134246
0.13293612911129632 -0.3118876567723022 53 nil_vol 0.6 nil_bias 0.43 Right 0.005 0.01 0.001 0.12907754553860848 -0.31067902898319527 0.0038585835726878278 -0.0012086277891068889
0.054138133668860514 -0.5805359232835167 53 nil_vol 0.6 nil_bias 0.43 Right 0.005 0.01 0.001 0.04540668854961083 -0.5778009644543534 0.00873144511924968 -0.0027349588291632567
0.044187478908787194 -0.5812469276301149 53 nil_vol 0.6 nil_bias 0.43 Right 0.005 0.01 0.001 0.04431481302639312 -0.5812868126164423 -0.00012733411760592196 3.988498632743571e-05
-0.0071864379296483726 -0.6829236449386392 53 nil_vol 0.6 nil_bias 0.43 Right 0.005 0.01 0.001 0.010721954402881706 -0.6885331076400645 -0.01790839233253008 0.005609462701425259
-0.006160519390803243 -0.7424309549622599 53 nil_vol 0.6 nil_bias 0.43 Home 0.005 0.01 0.001 0.0 -0.75 -0.006160519390803243 0.007569045037740137
0.034709096944980936 -0.6943855263197282 54 nil_vol 0.6 nil_bias 0.43 Home 0.005 0.01 0.001 0.012650379081963016 -0.6869116518491617 0.022058717863017916 -0.007473874470566464
0.03177855421732065 -0.6070286474651991 54 nil_vol 0.6 nil_bias 0.43 Home 0.005 0.01 0.001 0.03889874290660823 -0.6094410903279686 -0.0071201886892875875 0.0024124428627694526
0.0480310868968522 -0.5873021257715864 54 nil_vol 0.6 nil_bias 0.43 Home 0.005 0.01 0.001 0.04656778878042602 -0.5868063351049166 0.0014632981164261734 -0.0004957906666697499
0.15273727438578996 -0.26168278778587056 54 nil_vol 0.6 nil_bias 0.43 Home 0.005 0.01 0.001 0.15631459402657794 -0.26289484544499525 -0.00357731964078797 0.0012120576591246775
0.21682980677213612 -0.12988916426317657 54 nil_vol 0.6 nil_bias 0.43 Home 0.005 0.01 0.001 0.2029702524361303 -0.1251933079596257 0.013859554336005832 -0.004695856303550865
0.19920550520803143 -0.10861956644593264 54 nil_vol 0.6 nil_bias 0.43 Home 0.005 0.01 0.001 0.20761978676402607 -0.11147047031532475 -0.008414281555994645 0.002850903869392111
0.2204016717036901 -0.0729096668010635 54 nil_vol 0.6 nil_bias 0.43 Home 0.005 0.01 0.001 0.22065569197257598 -0.07299573325399256 -0.0002540202688858899 8.606645292905253e-05
0.3752060527657406 0.38315091702626747 54 nil_vol 0.6 nil_bias 0.43 Right 0.005 0.01 0.001 0.4 0.35 -0.02479394723425945 0.03315091702626749
0.3566154568785084 0.34092762350628014 55 nil_vol 0.6 nil_bias 0.43 Right 0.005 0.01 0.001 0.3613400672813179 0.33942925018261044 -0.0047246104028095 0.0014983733236696812
0.3237034363995977 0.28781113366179845 55 nil_vol 0.6 nil_bias 0.43 Right 0.005 0.01 0.001 0.3430263061351523 0.2816830362992556 -0.019322869735554606 0.006128097362542817
0.3138844354326271 0.17960171762730068 55 nil_vol 0.6 nil_bias 0.43 Right 0.005 0.01 0.001 0.31094741548490124 0.18053317058649945 0.002937019947725872 -0.000931452959198763
0.27511849767469954 0.0930437275978786 55 nil_vol 0.6 nil_bias 0.43 Right 0.005 0.01 0.001 0.2824621980036718 0.0907147303405782 -0.007343700328972245 0.002328997257300402
0.20712380947932144 -0.12182743120849228 55 nil_vol 0.6 nil_bias 0.43 Right 0.005 0.01 0.001 0.21433119684758836 -0.12411319787393904 -0.007207387368266919 0.0022857666654467674
0.15024891663679657 -0.2559999538889205 55 nil_vol 0.6 nil_bias 0.43 Right 0.005 0.01 0.001 0.17047047377656133 -0.26241306294935607 -0.02022155713976475 0.006413109060435555
0.05909024562178354 -0.6512979242267108 55 nil_vol 0.6 nil_bias 0.43 Right 0.005 0.01 0.001 0.04823089859119678 -0.6478539670501726 0.010859347030586757 -0.003443957176538189
0.0270506018376647 -0.7146388255334045 55 nil_vol 0.6 nil_bias 0.43 Home 0.005 0.01 0.001 0.0 -0.75 0.0270506018376647 0.035361174466595494
-0.04354427566036757 -0.570343209534175 56 nil_vol 0.6 nil_bias 0.43 Home 0.005 0.01 0.001 -0.03615177681376747 -0.5671748193395609 -0.007392498846600103 -0.003168390194614157
-0.10060283917420589 -0.41627255211967235 56 nil_vol 0.6 nil_bias 0.43 Home 0.005 0.01 0.001 -0.10079287037368373 -0.41635399859691774 0.00019003119947784278 8.144647724541392e-05
-0.12878528336630887 -0.39555983719960675 56 nil_vol 0.6 nil_bias 0.43 Home 0.005 0.01 0.001 -0.11266613891684149 -0.38865124779309634 -0.016119144449467375 -0.006908589406510376
-0.16534663819512638 -0.2490134304046247 56 nil_vol 0.6 nil_bias 0.43 Home 0.005 0.01 0.001 -0.17140192965364143 -0.25160869980957207 0.006055291458515046 0.0025952694049473646
-0.18917333548502044 -0.1991327992707535 56 nil_vol 0.6 nil_bias 0.43 Home 0.005 0.01 0.001 -0.193160445614217 -0.20084165589695413 0.003987110129196565 0.001708856626200641
-0.23098625601588893 -0.11052648496818254 56 nil_vol 0.6 nil_bias 0.43 Home 0.005 0.01 0.001 -0.23173209626196015 -0.110846148585511 0.0007458402460712156 0.00031966361732845895
-0.2840483728570806 0.07063666139329149 56 nil_vol 0.6 nil_bias 0.43 Home 0.005 0.01 0.001 -0.30556271931068246 0.061415713813641304 0.02151434645360186 0.009220947579650184
-0.40798406061783954 0.30038553791152184 56 nil_vol 0.6 nil_bias 0.43 Left 0.005 0.01 0.001 -0.4 0.35 -0.007984060617839545 -0.049614462088478126
-0.3366129071847478 0.09032187635144232 57 nil_vol 0.6 nil_bias 0.43 Left 0.005 0.01 0.001 -0.326414650000124 0.09435955062166582 -0.010198257184623798 -0.004037674270223505
-0.23451875984231155 -0.13342863025711246 57 nil_vol 0.6 nil_bias 0.43 Left 0.005 0.01 0.001 -0.23599741320152984 -0.1340140558367004 0.001478653359218285 0.0005854255795879363
-0.1971725674827332 -0.2550561008137513 57 nil_vol 0.6 nil_bias 0.43 Left 0.005 0.01 0.001 -0.1893075335804697 -0.25194219179511185 -0.007865033902263495 -0.003113909018639477
-0.14018446777544274 -0.41047358383223015 57 nil_vol 0.6 nil_bias 0.43 Left 0.005 0.01 0.001 -0.1283907670499923 -0.4058042446394841 -0.011793700725450449 -0.004669339192746018
-0.04385134493193532 -0.5825589557650592 57 nil_vol 0.6 nil_bias 0.43 Left 0.005 0.01 0.001 -0.05643749105905582 -0.5875420384093535 0.012586146127120503 0.0049830826442942185
-0.008446185609443393 -0.6926217513717609 57 nil_vol 0.6 nil_bias 0.43 Left 0.005 0.01 0.001 -0.013968850370340069 -0.6948082741279984 0.005522664760896675 0.0021865227562375034
-0.022375080596100765 -0.7103366677515931 57 nil_vol 0.6 nil_bias 0.43 Left 0.005 0.01 0.001 -0.009793115803732488 -0.705355240573271 -0.012581964792368278 -0.004981427178322081
-0.002853808641719759 -0.7228823699019552 57 nil_vol 0.6 nil_bias 0.43 Home 0.005 0.01 0.001 0.0 -0.75 -0.002853808641719759 0.027117630098044826
-0.006413426859695874 -0.7127685121255234 58 nil_vol 0.6 nil_bias 0.43 Home 0.005 0.01 0.001 -0.006567029979891428 -0.7128252242787414 0.00015360312019555385 5.671215321804348e-05
-0.10604468817551121 -0.4639779699565234 58 nil_vol 0.6 nil_bias 0.43 Home 0.005 0.01 0.001 -0.09935623804176616 -0.46150851225089035 -0.006688450133745052 -0.002469457705633068
-0.10305140620697176 -0.4512776850402044 58 nil_vol 0.6 nil_bias 0.43 Home 0.005 0.01 0.001 -0.10312372624862459 -0.4513043864853165 7.232004165283733e-05 2.670144511211378e-05
-0.13007214975568349 -0.36458637790404325 58 nil_vol 0.6 nil_bias 0.43 Home 0.005 0.01 0.001 -0.13453298619775683 -0.3662333733521918 0.004460836442073349 0.0016469954481485756
-0.16859181718677482 -0.2690344410030585 58 nil_vol 0.6 nil_bias 0.43 Home 0.005 0.01 0.001 -0.17020070288545983 -0.26962846130771106 0.001608885698685009 0.000594020304652537
-0.22821462265934384 -0.12968129716515314 58 nil_vol 0.6 nil_bias 0.43 Home 0.005 0.01 0.001 -0.22263192965708206 -0.12762009853513512 -0.005582693002261777 -0.0020611986300180215
-0.3843206781722233 0.31285345776426654 58 nil_vol 0.6 nil_bias 0.43 Home 0.005 0.01 0.001 -0.38514745676462736 0.3125482009820467 0.0008267785924040267 0.00030525678221979697
-0.39959519832360985 0.35167946398852046 58 nil_vol 0.6 nil_bias 0.43 Left 0.005 0.01 0.001 -0.4 0.35 0.0004048016763901661 0.0016794639885204716
-0.2423221655406613 -0.05174401229152945 59 nil_vol 0.6 nil_bias 0.43 Left 0.005 0.01 0.001 -0.2532169818277369 -0.05565909409633152 0.010894816287075592 0.003915081804802067
-0.2450255360013563 -0.09703809227819973 59 nil_vol 0.6 nil_bias 0.43 Left 0.005 0.01 0.001 -0.23911108538841164 -0.09491271839671361 -0.0059144506129446515 -0.0021253738814861188
-0.22891516171513385 -0.11312286809281404 59 nil_vol 0.6 nil_bias 0.43 Left 0.005 0.01 0.001 -0.23214954819575043 -0.11428515365379055 0.0032343864806165857 0.0011622855609765205
-0.08637092273194687 -0.5025467714544072 59 nil_vol 0.6 nil_bias 0.43 Left 0.005 0.01 0.001 -0.09191123696558501 -0.5045376984124629 0.005540314233638138 0.0019909269580556522
-0.06076337557704375 -0.5567731363411665 59 nil_vol 0.6 nil_bias 0.43 Left 0.005 0.01 0.001 -0.07172479458777065 -0.560712152015494 0.010961419010726897 0.003939015674327413
-0.05481807721791965 -0.6464181671442629 59 nil_vol 0.6 nil_bias 0.43 Left 0.005 0.01 0.001 -0.042514872099893464 -0.6419969769902377 -0.01230320511802618 -0.004421190154025197
-0.04433858623531192 -0.6476743006867035 59 nil_vol 0.6 nil_bias 0.43 Left 0.005 0.01 0.001 -0.04091660572774103 -0.6464446027029503 -0.003421980507570896 -0.0012296979837531795
-0.002395962051198849 -0.7536391281407259 59 nil_vol 0.6 nil_bias 0.43 Home 0.005 0.01 0.001 0.0 -0.75 -0.002395962051198849 -0.003639128140725901
-0.008372955761451502 -0.7466867009358554 60 nil_vol 0.6 nil_bias 0.43 Home 0.005 0.01 0.001 -0.0008435294992525035 -0.749534317224553 -0.007529426262198999 0.00284761628869757
0.047275718846621954 -0.6420989963316691 60 nil_vol 0.6 nil_bias 0.43 Home 0.005 0.01 0.001 0.04072526471755832 -0.6396216256493988 0.006550454129063633 -0.0024773706822703006
0.1177094974395413 -0.4111490503374208 60 nil_vol 0.6 nil_bias 0.43 Home 0.005 0.01 0.001 0.12595396741124795 -0.4142670949487313 -0.008244469971706648 0.003118044611310566
0.17284062317720306 -0.27759662407610647 60 nil_vol 0.6 nil_bias 0.43 Home 0.005 0.01 0.001 0.17704162290669379 -0.2791854350747041 -0.0042009997294907234 0.0015888109985976642
0.18923234902271574 -0.2698812590002226 60 nil_vol 0.6 nil_bias 0.43 Home 0.005 0.01 0.001 0.18164560817576264 -0.2670119664324246 0.007586740846953092 -0.002869292567798021
0.2545954879110413 -0.05279321117606464 60 nil_vol 0.6 nil_bias 0.43 Home 0.005 0.01 0.001 0.2616532760196293 -0.05546245471206834 -0.0070577881085879994 0.002669243536003703
0.36279554416185694 0.183197480678274 60 nil_vol 0.6 nil_bias 0.43 Home 0.005 0.01 0.001 0.35327571864234236 0.1867978626025949 0.009519825519514568 -0.003600381924320918
0.3795729250606278 0.25633071273208613 60 nil_vol 0.6 nil_bias 0.43 Right 0.005 0.01 0.001 0.4 0.35 -0.020427074939372215 -0.09366928726791386
0.31941097763217957 0.126097109365578 61 nil_vol 0.6 nil_bias 0.43 Right 0.005 0.01 0.001 0.3308857829396343 0.12194001020391776 -0.01147480530745471 0.004157099161660231
0.2965809954657512 0.019746449806420343 61 nil_vol 0.6 nil_bias 0.43 Right 0.005 0.01 0.001 0.2941783772227359 0.020616871745286675 0.0024026182430152785 -0.0008704219388663308
0.2700765789535393 -0.019090387356621722 61 nil_vol 0.6 nil_bias 0.43 Right 0.005 0.01 0.001 0.27866588559963384 -0.02220212637972524 -0.008589306646094523 0.003111739023103519
0.27210549544823465 -0.03958511929765166 61 nil_vol 0.6 nil_bias 0.43 Right 0.005 0.01 0.001 0.2723378667020371 -0.03966930289105419 -0.0002323712538024249 8.418359340253321e-05
0.25871329984879066 -0.10895706731804435 61 nil_vol 0.6 nil_bias 0.43 Right 0.005 0.01 0.001 0.2485678208993204 -0.10528155728493865 0.010145478949470247 -0.003675510033105697
0.24004546143680996 -0.13619836935748478 61 nil_vol 0.6 nil_bias 0.43 Right 0.005 0.01 0.001 0.23767798490008832 -0.13534067857647764 0.002367476536721654 -0.0008576907810071532
0.12549183979675133 -0.4689317585542359 61 nil_vol 0.6 nil_bias 0.43 Right 0.005 0.01 0.001 0.1178300079532209 -0.46615602564373243 0.007661831843530414 -0.002775732910503472
0.026153228086507888 -0.7192106580390747 61 nil_vol 0.6 nil_bias 0.43 Home 0.005 0.01 0.001 0.0 -0.75 0.026153228086507888 0.03078934196092531
0.009765858531364361 -0.7139326084184618 62 nil_vol 0.6 nil_bias 0.43 Home 0.005 0.01 0.001 0.022862931975364854 -0.7094964864621236 -0.013097073444000493 -0.0044361219563382355
-0.013452650372782088 -0.5586038875038905 62 nil_vol 0.6 nil_bias 0.43 Home 0.005 0.01 0.001 -0.02672353713825124 -0.5630988819323858 0.01327088676546915 0.004494994428495318
-0.10962111392651612 -0.3373305350942245 62 nil_vol 0.6 nil_bias 0.43 Home 0.005 0.01 0.001 -0.10385523534637892 -0.3353775689849412 -0.005765878580137209 -0.0019529661092832797
-0.11142076596698842 -0.32239587400908 62 nil_vol 0.6 nil_bias 0.43 Home 0.005 0.01 0.001 -0.10857837134865769 -0.3214331238780016 -0.002842394618330731 -0.0009627501310783762
-0.15098957594284457 -0.23316672815998396 62 nil_vol 0.6 nil_bias 0.43 Home 0.005 0.01 0.001 -0.13976312068444993 -0.22936420503322952 -0.011226455258394639 -0.00380252312675444
-0.1801363130001262 -0.12200763995338709 62 nil_vol 0.6 nil_bias 0.43 Home 0.005 0.01 0.001 -0.17653869948364034 -0.1207890889252402 -0.003597613516485854 -0.001218551028146888
-0.3160900523773227 0.290239203576771 62 nil_vol 0.6 nil_bias 0.43 Home 0.005 0.01 0.001 -0.3157926007914967 0.29033995368071386 -0.0002974515858259876 -0.00010075010394285768
-0.34522421936703707 0.377232981837641 62 nil_vol 0.6 nil_bias 0.43 Left 0.005 0.01 0.001 -0.4 0.35 0.054775780632962956 0.027232981837640988
-0.12980465826893758 -0.21954884843773026 63 nil_vol 0.6 nil_bias 0.43 Left 0.005 0.01 0.001 -0.14091015752595198 -0.2233270050110311 0.011105499257014392 0.0037781565733008174
-0.06865988352844003 -0.40557247802348906 63 nil_vol 0.6 nil_bias 0.43 Left 0.005 0.01 0.001 -0.07784597067656085 -0.4086976392376205 0.009186087148120822 0.0031251612141314352
-0.06443215646308507 -0.4851344926777169 63 nil_vol 0.6 nil_bias 0.43 Left 0.005 0.01 0.001 -0.053147757811824126 -0.48129547347170687 -0.011284398651260946 -0.003839019206010035
-0.020465385488321695 -0.5132632172065382 63 nil_vol 0.6 nil_bias 0.43 Left 0.005 0.01 0.001 -0.04001004230993205 -0.5199124251290759 0.019544656821610353 0.006649207922537626
-0.020038937732998714 -0.590939807678778 63 nil_vol 0.6 nil_bias 0.43 Left 0.005 0.01 0.001 -0.016281045142407802 -0.5896613503789918 -0.0037578925905909118 -0.00127845729978613
-0.002140021722749354 -0.5929526801086773 63 nil_vol 0.6 nil_bias 0.43 Left 0.005 0.01 0.001 -0.013810565743772873 -0.5969230682548182 0.01167054402102352 0.003970388146140905
-0.007305905670091667 -0.6032559761278193 63 nil_vol 0.6 nil_bias 0.43 Left 0.005 0.01 0.001 -0.011204813188237184 -0.6045824075405332 0.003898907518145517 0.0013264314127137825
0.041777099617093576 -0.7603172432677753 63 nil_vol 0.6 nil_bias 0.43 Home 0.005 0.01 0.001 0.0 -0.75 0.041777099617093576 -0.01031724326777528
