x y trial vol omega bias theta state target_sigma moving_sigma staying_sigma x_mean y_mean x_noise y_noise
0.07076838773608113 -0.5056770796297665 0 nil_vol 0.6 nil_bias 0.21 Home 0.005 0.01 0.001 0.07953837845076082 -0.5085662818749666 -0.008769990714679689 0.0028892022452000872
0.11191251306095268 -0.4621901111755381 0 nil_vol 0.6 nil_bias 0.21 Home 0.005 0.01 0.001 0.09649042116230419 -0.45710942819777 0.01542209189864849 -0.005080682977768089
0.19433880226240333 -0.17731221942038652 0 nil_vol 0.6 nil_bias 0.21 Home 0.005 0.01 0.001 0.18922261046040836 -0.17562673156502817 0.005116191801994954 -0.0016854878553583487
0.2007823210540148 -0.14039179045122546 0 nil_vol 0.6 nil_bias 0.21 Home 0.005 0.01 0.001 0.20082576113262224 -0.14040610143247134 -4.3440078607426074e-05 1.4310981245870983e-05
0.28907842779125265 0.1304744402420067 0 nil_vol 0.6 nil_bias 0.21 Home 0.005 0.01 0.001 0.2899685498619628 0.1301811967519203 -0.0008901220707101536 0.00029324349008639236
0.284206854491943 0.1726682331518297 0 nil_vol 0.6 nil_bias 0.21 Home 0.005 0.01 0.001 0.3020310629275892 0.1667961923815945 -0.01782420843564619 0.005872040770235204
0.32869706315270225 0.18096107226413635 0 nil_vol 0.6 nil_bias 0.21 Home 0.005 0.01 0.001 0.30885145070143205 0.1874990481773383 0.019845612451270197 -0.006537975913201961
0.3520564509200369 0.318645094243995 0 nil_vol 0.6 nil_bias 0.21 Right 0.005 0.01 0.001 0.4 0.35 -0.047943549079963094 -0.031354905756005
0.30754545757404167 0.1880318702596314 1 nil_vol 0.6 nil_bias 0.21 Right 0.005 0.01 0.001 0.30909570460326447 0.18752394480568238 -0.0015502470292228204 0.0005079254539490161
0.308532135267547 0.18105965036807592 1 nil_vol 0.6 nil_bias 0.21 Right 0.005 0.01 0.001 0.307128420139504 0.18151956587198356 0.0014037151280430244 -0.00045991550390765224
0.2751788874556217 0.029576020594662817 1 nil_vol 0.6 nil_bias 0.21 Right 0.005 0.01 0.001 0.25907421162609695 0.034852582734255455 0.016104675829524732 -0.005276562139592638
0.20409579469262243 -0.15528526357872074 1 nil_vol 0.6 nil_bias 0.21 Right 0.005 0.01 0.001 0.19748662671001863 -0.1531198250489193 0.006609167982603797 -0.002165438529801454
0.15001884132898205 -0.34674374755797777 1 nil_vol 0.6 nil_bias 0.21 Right 0.005 0.01 0.001 0.1355956824951674 -0.3420181203773105 0.01442315883381465 -0.004725627180667283
0.08050949645799779 -0.5546403390016967 1 nil_vol 0.6 nil_bias 0.21 Right 0.005 0.01 0.001 0.0673449905195958 -0.5503270988994857 0.013164505938401988 -0.0043132401022110065
0.047695665835480176 -0.5892158357907543 1 nil_vol 0.6 nil_bias 0.21 Right 0.005 0.01 0.001 0.05393376743808981 -0.5912596975292761 -0.006238101602609629 0.002043861738521781
0.0046690780388532445 -0.7416212078512564 1 nil_vol 0.6 nil_bias 0.21 Home 0.005 0.01 0.001 0.0 -0.75 0.0046690780388532445 0.008378792148743595
0.02499006466897535 -0.6894094820447179 2 nil_vol 0.6 nil_bias 0.21 Home 0.005 0.01 0.001 0.026419967720504974 -0.690012121340078 -0.0014299030515296253 0.0006026392953601602
0.04440930157156514 -0.66236044408139 2 nil_vol 0.6 nil_bias 0.21 Home 0.005 0.01 0.001 0.039029481141903626 -0.660093093725415 0.005379820429661515 -0.002267350355974983
0.07155268382051297 -0.5652224815296599 2 nil_vol 0.6 nil_bias 0.21 Home 0.005 0.01 0.001 0.07788786225484652 -0.5678924719626222 -0.006335178434333548 0.0026699904329622677
0.13390001723968492 -0.42680056889028994 2 nil_vol 0.6 nil_bias 0.21 Home 0.005 0.01 0.001 0.13683107510382603 -0.4280358768673002 -0.002931057864141099 0.0012353079770102524
0.15064959213548432 -0.4056367796441164 2 nil_vol 0.6 nil_bias 0.21 Home 0.005 0.01 0.001 0.14693167098604212 -0.4040698444737161 0.0037179211494421886 -0.0015669351704002967
0.1688904625063516 -0.3129634040001369 2 nil_vol 0.6 nil_bias 0.21 Home 0.005 0.01 0.001 0.18284945234181602 -0.3188464852267872 -0.013958989835464421 0.005883081226650302
0.3348248669374683 0.010844805676822096 2 nil_vol 0.6 nil_bias 0.21 Home 0.005 0.01 0.001 0.32376404829487826 0.015506439167111141 0.01106081864259007 -0.004661633490289046
0.42735965123566233 0.26131130106472367 2 nil_vol 0.6 nil_bias 0.21 Right 0.005 0.01 0.001 0.4 0.35 0.02735965123566228 -0.08868869893527632
0.38364303244393927 0.16254689807078204 3 nil_vol 0.6 nil_bias 0.21 Right 0.005 0.01 0.001 0.386452954064151 0.16139647211299735 -0.00280992162021171 0.0011504259577846876
0.37305135291851316 0.11656682029724195 3 nil_vol 0.6 nil_bias 0.21 Right 0.005 0.01 0.001 0.3688099422213057 0.11830332032222324 0.004241410697207447 -0.0017365000249812883
0.2816163316702865 -0.13653314220526516 3 nil_vol 0.6 nil_bias 0.21 Right 0.005 0.01 0.001 0.2669365434602051 -0.13052300680142181 0.01467978821008138 -0.00601013540384334
0.23351338080110595 -0.2077695636020129 3 nil_vol 0.6 nil_bias 0.21 Right 0.005 0.01 0.001 0.23505258841951057 -0.2083997393285868 -0.0015392076184046208 0.0006301757265738996
0.22498235479939815 -0.25589485407103635 3 nil_vol 0.6 nil_bias 0.21 Right 0.005 0.01 0.001 0.2169532003991127 -0.25260759239985364 0.008029154400285453 -0.0032872616711826946
0.15571116592908954 -0.41113679742887504 3 nil_vol 0.6 nil_bias 0.21 Right 0.005 0.01 0.001 0.15257461181146714 -0.40985264300657576 0.0031365541176223938 -0.001284154422299288
0.015455992088331965 -0.7494227534735648 3 nil_vol 0.6 nil_bias 0.21 Right 0.005 0.01 0.001 0.01382300838951983 -0.7487541843497003 0.0016329836988121333 -0.0006685691238644541
0.013298173807270407 -0.7500360956536986 3 nil_vol 0.6 nil_bias 0.21 Home 0.005 0.01 0.001 0.0 -0.75 0.013298173807270407 -3.609565369858902e-05
0.10024024880722143 -0.5045714480152845 4 nil_vol 0.6 nil_bias 0.21 Home 0.005 0.01 0.001 0.10334752620496607 -0.5057167042957282 -0.0031072773977446275 0.001145256280443712
0.12925330906487573 -0.42438193209881053 4 nil_vol 0.6 nil_bias 0.21 Home 0.005 0.01 0.001 0.13283826723314973 -0.4257032482646359 -0.0035849581682740124 0.001321316165825381
0.2472647011312242 -0.15118185226989017 4 nil_vol 0.6 nil_bias 0.21 Home 0.005 0.01 0.001 0.23560337930096678 -0.1468838124250822 0.011661321830257412 -0.00429803984480798
0.34200678540597157 0.13013364411595185 4 nil_vol 0.6 nil_bias 0.21 Home 0.005 0.01 0.001 0.33821889913985265 0.13152975395121402 0.0037878862661189054 -0.0013961098352621836
0.3632217801913604 0.21480592506679197 4 nil_vol 0.6 nil_bias 0.21 Home 0.005 0.01 0.001 0.36823162192685815 0.21295943633174297 -0.005009841735497749 0.001846488735048999
0.41390162731584534 0.30628959934901895 4 nil_vol 0.6 nil_bias 0.21 Home 0.005 0.01 0.001 0.40397853893726954 0.3099469745467437 0.009923088378575787 -0.003657375197724759
0.4336267398813966 0.4070087665562836 4 nil_vol 0.6 nil_bias 0.21 Home 0.005 0.01 0.001 0.4390201528606592 0.40502090409765323 -0.005393412979262585 0.001987862458630336
0.44634974324240195 0.42490734429171334 4 nil_vol 0.6 nil_bias 0.21 Right 0.005 0.01 0.001 0.4 0.35 0.04634974324240194 0.07490734429171336
0.42808253260606605 0.39157675844492357 5 nil_vol 0.6 nil_bias 0.21 Right 0.005 0.01 0.001 0.4317915439963636 0.39002863556983813 -0.003709011390297565 0.001548122875085455
0.42446989432675675 0.37368995603123506 5 nil_vol 0.6 nil_bias 0.21 Right 0.005 0.01 0.001 0.4248973839213112 0.37351152400432835 -0.0004274895945544589 0.0001784320269066818
0.41336939787146254 0.33915118212742823 5 nil_vol 0.6 nil_bias 0.21 Right 0.005 0.01 0.001 0.4109730387474347 0.3401514104865354 0.002396359124027858 -0.0010002283591072061
0.40018106395364655 0.3352276458890695 5 nil_vol 0.6 nil_bias 0.21 Right 0.005 0.01 0.001 0.4076216035396925 0.33212200173648776 -0.007440539586045966 0.003105644152581718
0.3537146552837861 0.17264507812156454 5 nil_vol 0.6 nil_bias 0.21 Right 0.005 0.01 0.001 0.3429347842292261 0.17714454259171736 0.010779871054560044 -0.004499464470152811
0.22796359547182743 -0.0938954978019917 5 nil_vol 0.6 nil_bias 0.21 Right 0.005 0.01 0.001 0.22953095804399842 -0.09454970713062255 -0.0015673625721710055 0.0006542093286308407
0.18676998697058503 -0.1780446680161271 5 nil_vol 0.6 nil_bias 0.21 Right 0.005 0.01 0.001 0.19350688450138787 -0.18085661548057147 -0.006736897530802848 0.0028119474644443926
-0.04454240319157403 -0.7511779599388924 5 nil_vol 0.6 nil_bias 0.21 Home 0.005 0.01 0.001 0.0 -0.75 -0.04454240319157403 -0.001177959938892395
0.016307230308864815 -0.6358399778660186 6 nil_vol 0.6 nil_bias 0.21 Home 0.005 0.01 0.001 0.006426660952974957 -0.6316275023680751 0.009880569355889856 -0.004212475497943612
0.0013954578437533009 -0.616789145902046 6 nil_vol 0.6 nil_bias 0.21 Home 0.005 0.01 0.001 0.01100597772523939 -0.6208864886831205 -0.009610519881486089 0.004097342781074385
0.16171036409708658 -0.27208820900241437 6 nil_vol 0.6 nil_bias 0.21 Home 0.005 0.01 0.001 0.16001971088538963 -0.271367417014294 0.001690653211696948 -0.0007207919881203715
0.321539974589136 0.0767062252624684 6 nil_vol 0.6 nil_bias 0.21 Home 0.005 0.01 0.001 0.3104355914788976 0.08144046071862399 0.01110438311023841 -0.004734235456155591
0.4153040685563193 0.3022303787616585 6 nil_vol 0.6 nil_bias 0.21 Home 0.005 0.01 0.001 0.40621846763217234 0.3061039279366611 0.009085600924146954 -0.0038735491750025754
0.4584899996682651 0.42206274267046207 6 nil_vol 0.6 nil_bias 0.21 Home 0.005 0.01 0.001 0.4560921236248839 0.42308505157959675 0.002397876043381187 -0.0010223089091346716
0.4802940423835244 0.47161312774022324 6 nil_vol 0.6 nil_bias 0.21 Home 0.005 0.01 0.001 0.4773218019704593 0.4728803107802948 0.0029722404130650935 -0.0012671830400715705
0.4843873840405083 0.48945298253041636 6 nil_vol 0.6 nil_bias 0.21 Right 0.005 0.01 0.001 0.4 0.35 0.08438738404050826 0.1394529825304164
0.4474152493964846 0.4211688477108023 7 nil_vol 0.6 nil_bias 0.21 Right 0.005 0.01 0.001 0.4563456544978612 0.41767974756531173 -0.008930405101376602 0.0034891001454906124
0.35152159677083306 0.12803867706714253 7 nil_vol 0.6 nil_bias 0.21 Right 0.005 0.01 0.001 0.3442874462058001 0.13086505229899698 0.007234150565032942 -0.0028263752318544474
0.09001466074494423 -0.5001900235204743 7 nil_vol 0.6 nil_bias 0.21 Right 0.005 0.01 0.001 0.09671247984665282 -0.5028068545977833 -0.006697819101708595 0.0026168310773090155
0.07243901260597442 -0.5743803885293228 7 nil_vol 0.6 nil_bias 0.21 Right 0.005 0.01 0.001 0.06923747431890626 -0.5731295507928038 0.0032015382870681647 -0.0012508377365189618
0.06776538490898731 -0.5881055452782065 7 nil_vol 0.6 nil_bias 0.21 Right 0.005 0.01 0.001 0.0639662848371304 -0.5866212407631284 0.003799100071856903 -0.0014843045150780471
0.04255191423910851 -0.6529540362051802 7 nil_vol 0.6 nil_bias 0.21 Right 0.005 0.01 0.001 0.03864630402657515 -0.6514281182870021 0.003905610212533353 -0.0015259179181781083
0.026493248516818727 -0.6601183998102607 7 nil_vol 0.6 nil_bias 0.21 Right 0.005 0.01 0.001 0.03409122200213954 -0.6630869202852143 -0.007597973485320816 0.002968520474953617
0.01917075890377996 -0.7012760734227937 7 nil_vol 0.6 nil_bias 0.21 Home 0.005 0.01 0.001 0.0 -0.75 0.01917075890377996 0.04872392657720627
0.01493472052898713 -0.6501183312561153 8 nil_vol 0.6 nil_bias 0.21 Home 0.005 0.01 0.001 0.0316575173751405 -0.6545911576907161 -0.016722796846153368 0.004472826434600778
0.026003563252438147 -0.6364145479559252 8 nil_vol 0.6 nil_bias 0.21 Home 0.005 0.01 0.001 0.035817134810567024 -0.6390393721816134 -0.009813571558128875 0.002624824225688176
0.06736812343670809 -0.6023730678121088 8 nil_vol 0.6 nil_bias 0.21 Home 0.005 0.01 0.001 0.047075922434862576 -0.5969455371249699 0.02029220100184551 -0.005427530687138899
0.10718887493258596 -0.36752519148119245 8 nil_vol 0.6 nil_bias 0.21 Home 0.005 0.01 0.001 0.10835526439583121 -0.36783716427331803 -0.0011663894632452502 0.0003119727921255715
0.14001049257068393 -0.2332688654890346 8 nil_vol 0.6 nil_bias 0.21 Home 0.005 0.01 0.001 0.14405849380068284 -0.2343515795275658 -0.004048001229998911 0.001082714038531204
0.14824035854885034 -0.21605064010732547 8 nil_vol 0.6 nil_bias 0.21 Home 0.005 0.01 0.001 0.1489058174982087 -0.21622862961513417 -0.0006654589493583475 0.00017798950780869755
0.18424883863514824 -0.07513311842173408 8 nil_vol 0.6 nil_bias 0.21 Home 0.005 0.01 0.001 0.18648452480670563 -0.0757310947231632 -0.00223568617155738 0.000597976301429115
0.30618502296732314 0.371799598093006 8 nil_vol 0.6 nil_bias 0.21 Right 0.005 0.01 0.001 0.4 0.35 -0.0938149770326769 0.021799598093006033
0.27790773574850036 0.33470854070220013 9 nil_vol 0.6 nil_bias 0.21 Right 0.005 0.01 0.001 0.2955371495197119 0.33019648059514045 -0.017629413771211497 0.004512060107059674
0.21814386968772848 -0.023199332546847796 9 nil_vol 0.6 nil_bias 0.21 Right 0.005 0.01 0.001 0.20589183541865647 -0.020063555272955558 0.01225203426907201 -0.0031357772738922368
0.13688067663995804 -0.27808338305560343 9 nil_vol 0.6 nil_bias 0.21 Right 0.005 0.01 0.001 0.1396715979908889 -0.27879768955795803 -0.002790921350930866 0.0007143065023546085
0.12257827945867933 -0.2974536960061238 9 nil_vol 0.6 nil_bias 0.21 Right 0.005 0.01 0.001 0.13413947697981143 -0.3004126609950857 -0.01156119752113211 0.0029589649889618878
0.10704463091857797 -0.3163058539279213 9 nil_vol 0.6 nil_bias 0.21 Right 0.005 0.01 0.001 0.12865612458876746 -0.3218370848417065 -0.021611493670189493 0.00553123091378515
0.09939886584503115 -0.45467621726323804 9 nil_vol 0.6 nil_bias 0.21 Right 0.005 0.01 0.001 0.09494886487915566 -0.45353728705857677 0.00445000096587548 -0.00113893020466125
0.0390716404589339 -0.6935509180764325 9 nil_vol 0.6 nil_bias 0.21 Right 0.005 0.01 0.001 0.03386124675194524 -0.6922173734735049 0.005210393706988665 -0.001333544602927698
0.01765408219262904 -0.7555416207784668 9 nil_vol 0.6 nil_bias 0.21 Home 0.005 0.01 0.001 0.0 -0.75 0.01765408219262904 -0.005541620778466777
0.05674188933145047 -0.7161201567449764 10 nil_vol 0.6 nil_bias 0.21 Home 0.005 0.01 0.001 0.03609331840417833 -0.7080954090760402 0.020648570927272136 -0.008024747668936183
0.03889877088994726 -0.6815302872607678 10 nil_vol 0.6 nil_bias 0.21 Home 0.005 0.01 0.001 0.045430856719761305 -0.6840688813707776 -0.006532085829814043 0.0025385941100097356
0.1889086140277988 -0.3314744232214398 10 nil_vol 0.6 nil_bias 0.21 Home 0.005 0.01 0.001 0.18330725045849433 -0.32929753992021954 0.00560136356930445 -0.0021768833012202156
0.22116883145814129 -0.26557853219521266 10 nil_vol 0.6 nil_bias 0.21 Home 0.005 0.01 0.001 0.20978937394300584 -0.26115608206585617 0.011379457515135456 -0.004422450129356503
0.23496322424066235 -0.22760427425552024 10 nil_vol 0.6 nil_bias 0.21 Home 0.005 0.01 0.001 0.22442102503595385 -0.22350721161658915 0.010542199204708495 -0.004097062638931091
0.32988029005076536 0.040216365018789835 10 nil_vol 0.6 nil_bias 0.21 Home 0.005 0.01 0.001 0.32730246055190026 0.04121819857593012 0.0025778294988650914 -0.0010018335571402874
0.41503034040312853 0.23196263382275473 10 nil_vol 0.6 nil_bias 0.21 Home 0.005 0.01 0.001 0.40321663833655025 0.23655384637950694 0.01181370206657828 -0.004591212556752218
0.46096488184617257 0.385146518850652 10 nil_vol 0.6 nil_bias 0.21 Right 0.005 0.01 0.001 0.4 0.35 0.06096488184617252 0.03514651885065203
0.41599511903945313 0.3574560127413705 11 nil_vol 0.6 nil_bias 0.21 Right 0.005 0.01 0.001 0.4446382158570097 0.34562370152712973 -0.028643096817556578 0.01183231121424076
0.41647554146447424 0.24735152486036338 11 nil_vol 0.6 nil_bias 0.21 Right 0.005 0.01 0.001 0.4058548866993676 0.2517388609532514 0.010620654765106647 -0.004387336092887985
0.3690187401040605 0.14231165692479741 11 nil_vol 0.6 nil_bias 0.21 Right 0.005 0.01 0.001 0.36187085625283166 0.14526440979190866 0.0071478838512288425 -0.002952752867111256
0.34169994328750986 0.0629078548822011 11 nil_vol 0.6 nil_bias 0.21 Right 0.005 0.01 0.001 0.3298687593762404 0.06779525413804038 0.01183118391126946 -0.004887399255839281
0.18649163319543802 -0.337993098774788 11 nil_vol 0.6 nil_bias 0.21 Right 0.005 0.01 0.001 0.16577498399198504 -0.32943516098430226 0.02071664920345299 -0.008557937790485722
0.1426127455577394 -0.4163067124713071 11 nil_vol 0.6 nil_bias 0.21 Right 0.005 0.01 0.001 0.13174359729041818 -0.4118167250320355 0.010869148267321202 -0.004489987439271629
0.03129428631391066 -0.6335977533200748 11 nil_vol 0.6 nil_bias 0.21 Right 0.005 0.01 0.001 0.038839467787604776 -0.6367146277255669 -0.007545181473694118 0.003116874405492038
0.011171863535137064 -0.7036910495728455 11 nil_vol 0.6 nil_bias 0.21 Home 0.005 0.01 0.001 0.0 -0.75 0.011171863535137064 0.04630895042715455
0.056766380502027855 -0.5384710107194087 12 nil_vol 0.6 nil_bias 0.21 Home 0.005 0.01 0.001 0.07565869293739026 -0.5462070695146132 -0.018892312435362407 0.0077360587952044
0.13493224493803763 -0.4049605915286199 12 nil_vol 0.6 nil_bias 0.21 Home 0.005 0.01 0.001 0.13370272104695646 -0.40445712382745547 0.0012295238910811639 -0.0005034677011644455
0.1519891362134055 -0.39037826245810797 12 nil_vol 0.6 nil_bias 0.21 Home 0.005 0.01 0.001 0.14126579869408895 -0.38598725051533606 0.010723337519316572 -0.004391011942771895
0.2673371390635113 -0.07121874291543683 12 nil_vol 0.6 nil_bias 0.21 Home 0.005 0.01 0.001 0.2697527472999208 -0.07220789061278621 -0.0024156082364095058 0.0009891476973493889
0.3356550687113107 0.09144274885781999 12 nil_vol 0.6 nil_bias 0.21 Home 0.005 0.01 0.001 0.336605369657446 0.09105361788099575 -0.0009503009461353093 0.00038913097682423013
0.33756259835230057 0.09230203006968106 12 nil_vol 0.6 nil_bias 0.21 Home 0.005 0.01 0.001 0.33718062011707517 0.09245844321901375 0.00038197823522540566 -0.00015641314933268887
0.4080924785178039 0.2870561348927275 12 nil_vol 0.6 nil_bias 0.21 Home 0.005 0.01 0.001 0.4156051502679752 0.2839798322660776 -0.007512671750171292 0.003076302626649917
0.4634556558434381 0.40083606687511303 12 nil_vol 0.6 nil_bias 0.21 Right 0.005 0.01 0.001 0.4 0.35 0.06345565584343811 0.05083606687511304
0.4511087891393639 0.31493959725130316 13 nil_vol 0.6 nil_bias 0.21 Right 0.005 0.01 0.001 0.43300797421652143 0.3219236412131407 0.018100814922842483 -0.006984043961837532
0.3658831619217533 0.13094549507683925 13 nil_vol 0.6 nil_bias 0.21 Right 0.005 0.01 0.001 0.36017107572931184 0.1331494544704836 0.0057120861924414654 -0.0022039593936443408
0.29915333025376606 0.007234827662989271 13 nil_vol 0.6 nil_bias 0.21 Right 0.005 0.01 0.001 0.30997668656023075 0.0030587285988754043 -0.010823356306464678 0.004176099064113867
0.2228750768606245 -0.21511826543559617 13 nil_vol 0.6 nil_bias 0.21 Right 0.005 0.01 0.001 0.2254166015226653 -0.21609889089613205 -0.002541524662040798 0.0009806254605358841
0.2021917211020332 -0.27897452457682903 13 nil_vol 0.6 nil_bias 0.21 Right 0.005 0.01 0.001 0.2012907144352059 -0.2786268788935902 0.0009010066668272996 -0.00034764568323879567
0.20006026943599609 -0.30289410625960905 13 nil_vol 0.6 nil_bias 0.21 Right 0.005 0.01 0.001 0.1929812867876594 -0.3001627416093536 0.0070789826483366744 -0.002731364650255457
0.09014516659127275 -0.544064717724982 13 nil_vol 0.6 nil_bias 0.21 Right 0.005 0.01 0.001 0.09774272801334194 -0.546996171540773 -0.007597561422069183 0.0029314538157909323
0.005921656347352578 -0.7849723689021997 13 nil_vol 0.6 nil_bias 0.21 Home 0.005 0.01 0.001 0.0 -0.75 0.005921656347352578 -0.0349723689021997
0.01661599593295015 -0.7530442598238393 14 nil_vol 0.6 nil_bias 0.21 Home 0.005 0.01 0.001 0.01740178743751293 -0.7533293460344589 -0.0007857915045627826 0.00028508621061964747
0.09000102826046602 -0.5192128201346055 14 nil_vol 0.6 nil_bias 0.21 Home 0.005 0.01 0.001 0.10090441982537479 -0.5231685852021746 -0.010903391564908764 0.00395576506756916
0.13713322388390745 -0.4365593281193656 14 nil_vol 0.6 nil_bias 0.21 Home 0.005 0.01 0.001 0.1328854824923928 -0.43501824185161203 0.004247741391514647 -0.001541086267753593
0.2209920101710639 -0.20198218098874582 14 nil_vol 0.6 nil_bias 0.21 Home 0.005 0.01 0.001 0.21784544379201312 -0.20084060249081348 0.003146566379050781 -0.001141578497932337
0.22263392486631528 -0.2003687717924046 14 nil_vol 0.6 nil_bias 0.21 Home 0.005 0.01 0.001 0.21855368535997596 -0.19888845543300326 0.004080239506339321 -0.0014803163594013125
0.32481460303826976 0.029439802168055983 14 nil_vol 0.6 nil_bias 0.21 Home 0.005 0.01 0.001 0.30411594066638103 0.03694930460761281 0.02069866237188874 -0.007509502439556827
0.358415750575108 0.18621090472460536 14 nil_vol 0.6 nil_bias 0.21 Home 0.005 0.01 0.001 0.3582854057722602 0.18625819399370802 0.00013034480284781648 -4.72892691026543e-05
0.40054505149794123 0.30273969804434453 14 nil_vol 0.6 nil_bias 0.21 Right 0.005 0.01 0.001 0.4 0.35 0.0005450514979412119 -0.04726030195565546
0.31693130308056056 0.0769839279175262 15 nil_vol 0.6 nil_bias 0.21 Right 0.005 0.01 0.001 0.310293994059775 0.07966928701515841 0.00663730902078559 -0.0026853590976322005
0.30627968792466265 0.07153066903871844 15 nil_vol 0.6 nil_bias 0.21 Right 0.005 0.01 0.001 0.3068997323742758 0.07127980803488529 -0.0006200444496131688 0.00025086100383314675
0.21914075797493715 -0.13644166089342322 15 nil_vol 0.6 nil_bias 0.21 Right 0.005 0.01 0.001 0.22233566247359646 -0.13773427297983853 -0.0031949044986593 0.0012926120864153064
0.1976718038738846 -0.22556114636808322 15 nil_vol 0.6 nil_bias 0.21 Right 0.005 0.01 0.001 0.18833114824111882 -0.22178205238545468 0.00934065563276578 -0.003779093982628554
0.17719001383655264 -0.2768726159476086 15 nil_vol 0.6 nil_bias 0.21 Right 0.005 0.01 0.001 0.16761038776219833 -0.27299683798546737 0.009579626074354315 -0.0038757779621412334
0.0958779751247949 -0.44370807410303836 15 nil_vol 0.6 nil_bias 0.21 Right 0.005 0.01 0.001 0.09816820731816733 -0.444634668877653 -0.0022902321933724254 0.0009265947746146777
0.03247227075177976 -0.6329626603615417 15 nil_vol 0.6 nil_bias 0.21 Right 0.005 0.01 0.001 0.023450240682795054 -0.6293124776671714 0.00902203006898471 -0.003650182694370287
-0.03050979999598161 -0.7626836402334731 15 nil_vol 0.6 nil_bias 0.21 Home 0.005 0.01 0.001 0.0 -0.75 -0.03050979999598161 -0.012683640233473173
-0.01587850078119736 -0.7335741635456715 16 nil_vol 0.6 nil_bias 0.21 Home 0.005 0.01 0.001 -0.017992799490580035 -0.7326917685328468 0.0021142987093826764 -0.0008823950128247651
0.15532482409624182 -0.3469019325075317 16 nil_vol 0.6 nil_bias 0.21 Home 0.005 0.01 0.001 0.1448412233399456 -0.3425266391855665 0.010483600756296231 -0.00437529332196523
0.14528822412240483 -0.32694555183904234 16 nil_vol 0.6 nil_bias 0.21 Home 0.005 0.01 0.001 0.15044562798108127 -0.32909797591413814 -0.005157403858676428 0.0021524240750958137
0.2226040807332924 -0.16177108255516598 16 nil_vol 0.6 nil_bias 0.21 Home 0.005 0.01 0.001 0.22062382601877908 -0.16094463032471484 0.001980254714513333 -0.0008264522304511468
0.30777301821724146 0.05323852943559965 16 nil_vol 0.6 nil_bias 0.21 Home 0.005 0.01 0.001 0.30968021138584795 0.052442569180313314 -0.0019071931686064692 0.0007959602552863379
0.33460535559953214 0.13735235520297123 16 nil_vol 0.6 nil_bias 0.21 Home 0.005 0.01 0.001 0.3435577046234455 0.13361612432097147 -0.008952349023913361 0.003736230881999766
0.3697367471327255 0.18633623010618103 16 nil_vol 0.6 nil_bias 0.21 Home 0.005 0.01 0.001 0.36617979532171474 0.18782071123695288 0.003556951811010722 -0.001484481130771859
0.4021943823317979 0.2741149374368585 16 nil_vol 0.6 nil_bias 0.21 Right 0.005 0.01 0.001 0.4 0.35 0.0021943823317978743 -0.0758850625631415
0.32731232990959724 0.10993192169988299 17 nil_vol 0.6 nil_bias 0.21 Right 0.005 0.01 0.001 0.3334721171235878 0.10739287837869699 -0.006159787213990575 0.0025390433211859927
0.3196489311383891 0.07526535949535074 17 nil_vol 0.6 nil_bias 0.21 Right 0.005 0.01 0.001 0.3201449812906943 0.07506088931116595 -0.0004960501523051825 0.0002044701841847901
0.20163791159846958 -0.241339383606147 17 nil_vol 0.6 nil_bias 0.21 Right 0.005 0.01 0.001 0.19145585816100186 -0.23714237583976788 0.01018205343746772 -0.004197007766379128
0.15420612190912836 -0.28295399460502574 17 nil_vol 0.6 nil_bias 0.21 Right 0.005 0.01 0.001 0.1699051117548939 -0.2894250647788012 -0.015698989845765537 0.006471070173775437
0.12624905143906945 -0.33865911046621056 17 nil_vol 0.6 nil_bias 0.21 Right 0.005 0.01 0.001 0.1462181375088205 -0.34689029976775504 -0.019969086069751053 0.008231189301544473
0.11841007704165085 -0.41891977814299897 17 nil_vol 0.6 nil_bias 0.21 Right 0.005 0.01 0.001 0.116801191139146 -0.41825660085076605 0.0016088859025048577 -0.0006631772922329241
0.1069496198103929 -0.4426843143135489 17 nil_vol 0.6 nil_bias 0.21 Right 0.005 0.01 0.001 0.10676375103084607 -0.44260769983533227 0.00018586877954683746 -7.661447821663526e-05
-0.036717607705573495 -0.7906973254104328 17 nil_vol 0.6 nil_bias 0.21 Home 0.005 0.01 0.001 0.0 -0.75 -0.036717607705573495 -0.04069732541043275
-0.04692788402268637 -0.7922629259551041 18 nil_vol 0.6 nil_bias 0.21 Home 0.005 0.01 0.001 -0.036877162800728225 -0.7899913610783692 -0.010050721221958145 -0.0022715648767348963
-0.05931302282421147 -0.717402268248459 18 nil_vol 0.6 nil_bias 0.21 Home 0.005 0.01 0.001 -0.053576079969167564 -0.7161056610098777 -0.005736942855043906 -0.001296607238581234
-0.12688102351890157 -0.577639659536752 18 nil_vol 0.6 nil_bias 0.21 Home 0.005 0.01 0.001 -0.08691241943544026 -0.5686063498664212 -0.039968604083461305 -0.009033309670330813
-0.14929868353185852 -0.3227410790467407 18 nil_vol 0.6 nil_bias 0.21 Home 0.005 0.01 0.001 -0.1428118158641032 -0.32127498119876663 -0.006486867667755324 -0.0014660978479740753
-0.14225910644513332 -0.3135970649437008 18 nil_vol 0.6 nil_bias 0.21 Home 0.005 0.01 0.001 -0.14443591035568587 -0.3140890446929697 0.002176803910552549 0.0004919797492688761
-0.15125395409366868 -0.22470697493426378 18 nil_vol 0.6 nil_bias 0.21 Home 0.005 0.01 0.001 -0.1639867647768041 -0.22758471921660794 0.01273281068313542 0.0028777442823441717
-0.17647497546370325 -0.18468918816514074 18 nil_vol 0.6 nil_bias 0.21 Home 0.005 0.01 0.001 -0.17381734302259397 -0.18408853629397892 -0.002657632441109273 -0.0006006518711618273
-0.2920107525856145 0.3388676961945897 18 nil_vol 0.6 nil_bias 0.21 Left 0.005 0.01 0.001 -0.4 0.35 0.10798924741438551 -0.011132303805410323
-0.19121306238526772 -0.08543953684142111 19 nil_vol 0.6 nil_bias 0.21 Left 0.005 0.01 0.001 -0.19536966779019377 -0.0863841508582267 0.004156605404926035 0.0009446140168055989
-0.1475238789858791 -0.26023938834026433 19 nil_vol 0.6 nil_bias 0.21 Left 0.005 0.01 0.001 -0.1554506217178014 -0.262040789137971 0.007926742731922324 0.0018014007977066979
-0.15819431150699526 -0.28371867190079286 19 nil_vol 0.6 nil_bias 0.21 Left 0.005 0.01 0.001 -0.1509008628559133 -0.28206119105873384 -0.0072934486510819576 -0.0016574808420590263
-0.11289275747943919 -0.41258831892860737 19 nil_vol 0.6 nil_bias 0.21 Left 0.005 0.01 0.001 -0.12082795805388649 -0.4143916418227901 0.007935200574447297 0.0018033228941827205
-0.11467452320063648 -0.443372937698997 19 nil_vol 0.6 nil_bias 0.21 Left 0.005 0.01 0.001 -0.11426303276485858 -0.443279423979134 -0.0004114904357779013 -9.351371986299152e-05
-0.05007327724037851 -0.7240005514457375 19 nil_vol 0.6 nil_bias 0.21 Left 0.005 0.01 0.001 -0.05044808162581865 -0.7240857280361416 0.00037480438544014374 8.517659040412767e-05
-0.043211843195748806 -0.7408157818291334 19 nil_vol 0.6 nil_bias 0.21 Left 0.005 0.01 0.001 -0.04647742254389789 -0.7415579047214332 0.00326557934814908 0.000742122892299757
-0.04288667074205893 -0.7573583672190624 19 nil_vol 0.6 nil_bias 0.21 Home 0.005 0.01 0.001 0.0 -0.75 -0.04288667074205893 -0.007358367219062334
0.00839864428713958 -0.6147313114313756 20 nil_vol 0.6 nil_bias 0.21 Home 0.005 0.01 0.001 0.01167046494793779 -0.6159940142271413 -0.003271820660798209 0.0012627027957656618
0.025196658514438374 -0.5870756977077483 20 nil_vol 0.6 nil_bias 0.21 Home 0.005 0.01 0.001 0.02313766565278827 -0.5862810648985548 0.0020589928616501054 -0.0007946328091934127
0.02232581939709591 -0.5745613167413006 20 nil_vol 0.6 nil_bias 0.21 Home 0.005 0.01 0.001 0.026969109767079877 -0.5763533146346999 -0.00464329036998397 0.0017919978933992502
0.14950806489575327 -0.22826375712805033 20 nil_vol 0.6 nil_bias 0.21 Home 0.005 0.01 0.001 0.15977854754054685 -0.232227472897936 -0.01027048264479358 0.003963715769885654
0.17795887736516888 -0.18009245934059312 20 nil_vol 0.6 nil_bias 0.21 Home 0.005 0.01 0.001 0.17964762805079948 -0.18074420356289922 -0.001688750685630594 0.0006517442223060909
0.30516834438583057 0.1589651711048984 20 nil_vol 0.6 nil_bias 0.21 Home 0.005 0.01 0.001 0.31002868710525117 0.15708940559802786 -0.004860342719420613 0.001875765506870549
0.36785365440522105 0.27777131618872997 20 nil_vol 0.6 nil_bias 0.21 Home 0.005 0.01 0.001 0.3580621738554777 0.2815501693554038 0.009791480549743381 -0.0037788531666737963
0.36068737141184326 0.28835238412232833 20 nil_vol 0.6 nil_bias 0.21 Right 0.005 0.01 0.001 0.4 0.35 -0.03931262858815674 -0.06164761587767166
0.326397513836807 0.2128655527855227 21 nil_vol 0.6 nil_bias 0.21 Right 0.005 0.01 0.001 0.3300157240198974 0.21142297742085947 -0.003618210183090421 0.001442575364663227
0.29541808140154224 0.1349743880966023 21 nil_vol 0.6 nil_bias 0.21 Right 0.005 0.01 0.001 0.298971003317611 0.13355784307314125 -0.003552921916068748 0.001416545023461054
0.29522061631857627 0.10344432931766942 21 nil_vol 0.6 nil_bias 0.21 Right 0.005 0.01 0.001 0.2880971393274039 0.1062844496805593 0.007123476991172401 -0.002840120362889882
0.17157969960586297 -0.2235200943501693 21 nil_vol 0.6 nil_bias 0.21 Right 0.005 0.01 0.001 0.15865848963469903 -0.2183684259166564 0.012921209971163939 -0.005151668433512925
0.04129999727712064 -0.49252753411129224 21 nil_vol 0.6 nil_bias 0.21 Right 0.005 0.01 0.001 0.048247289182329234 -0.4952974097255989 -0.006947291905208595 0.002769875614306655
0.01718493416419833 -0.5921818959643923 21 nil_vol 0.6 nil_bias 0.21 Right 0.005 0.01 0.001 0.010657227404159031 -0.5895793083635429 0.0065277067600393 -0.002602587600849438
0.016361033480502093 -0.611476849466286 21 nil_vol 0.6 nil_bias 0.21 Right 0.005 0.01 0.001 0.003906489740645058 -0.6065112402097522 0.012454543739857033 -0.004965609256533722
-0.052299223227534455 -0.7474841751363099 21 nil_vol 0.6 nil_bias 0.21 Home 0.005 0.01 0.001 0.0 -0.75 -0.052299223227534455 0.0025158248636900984
0.026306878261542675 -0.6122069906736226 22 nil_vol 0.6 nil_bias 0.21 Home 0.005 0.01 0.001 0.016429325546435197 -0.60736214326124 0.009877552715107478 -0.004844847412382571
0.007617146924624042 -0.569205710104151 22 nil_vol 0.6 nil_bias 0.21 Home 0.005 0.01 0.001 0.02980638798545368 -0.5800893257361759 -0.02218924106082964 0.010883615632024883
0.14425093462292252 -0.33873512709797315 22 nil_vol 0.6 nil_bias 0.21 Home 0.005 0.01 0.001 0.1474247981296531 -0.3402918775240499 -0.0031738635067305706 0.0015567504260767453
0.2023389903855234 -0.20398574406961265 22 nil_vol 0.6 nil_bias 0.21 Home 0.005 0.01 0.001 0.21196568389227488 -0.2087075473817479 -0.009626693506751506 0.004721803312135262
0.2187108424819508 -0.17460555069123662 22 nil_vol 0.6 nil_bias 0.21 Home 0.005 0.01 0.001 0.22675671109866719 -0.17855197414979718 -0.008045868616716396 0.003946423458560547
0.31406648354213873 -0.036109285398435206 22 nil_vol 0.6 nil_bias 0.21 Home 0.005 0.01 0.001 0.30000616679168957 -0.029212831267493966 0.014060316750449145 -0.006896454130941244
0.33260020339970414 0.04371812517441162 22 nil_vol 0.6 nil_bias 0.21 Home 0.005 0.01 0.001 0.3351618390922509 0.04246166677682495 -0.002561635692546723 0.0012564583975866724
0.47529223400763654 0.3281559817779373 22 nil_vol 0.6 nil_bias 0.21 Right 0.005 0.01 0.001 0.4 0.35 0.07529223400763654 -0.021844018222062674
0.313662313235403 -0.02576841165155781 23 nil_vol 0.6 nil_bias 0.21 Right 0.005 0.01 0.001 0.32076577429239933 -0.028843132692507545 -0.007103461056996333 0.003074721040949736
0.2375278528469369 -0.24319917279513772 23 nil_vol 0.6 nil_bias 0.21 Right 0.005 0.01 0.001 0.22948838297710156 -0.23971930193098795 0.008039469869835324 -0.003479870864149775
0.21442214707909707 -0.2979253616625079 23 nil_vol 0.6 nil_bias 0.21 Right 0.005 0.01 0.001 0.20589214932528088 -0.2942331666377909 0.008529997753816186 -0.0036921950247169703
0.1359710475489113 -0.43985264595986484 23 nil_vol 0.6 nil_bias 0.21 Right 0.005 0.01 0.001 0.14177381282017637 -0.4423643630414526 -0.005802765271265083 0.0025117170815877627
0.12655007588161588 -0.4613293429926588 23 nil_vol 0.6 nil_bias 0.21 Right 0.005 0.01 0.001 0.13245796522571035 -0.4638865628504349 -0.005907889344094469 0.0025572198577760675
0.11841155193316967 -0.4678498909634165 23 nil_vol 0.6 nil_bias 0.21 Right 0.005 0.01 0.001 0.1287967071146176 -0.4723450877264756 -0.010385155181447935 0.004495196763059079
0.06339440622812847 -0.599210720072139 23 nil_vol 0.6 nil_bias 0.21 Right 0.005 0.01 0.001 0.07222807788722346 -0.6030343598304382 -0.008833671659094986 0.003823639758299127
-0.003968379193309268 -0.7790693751518509 23 nil_vol 0.6 nil_bias 0.21 Home 0.005 0.01 0.001 0.0 -0.75 -0.003968379193309268 -0.02906937515185091
0.02940701883156389 -0.6400187748508787 24 nil_vol 0.6 nil_bias 0.21 Home 0.005 0.01 0.001 0.04098511916630475 -0.6438684231461302 -0.011578100334740857 0.0038496482952516276
0.09233209646279496 -0.4620009064121325 24 nil_vol 0.6 nil_bias 0.21 Home 0.005 0.01 0.001 0.10054681272424196 -0.4647322498568741 -0.008214716261447002 0.0027313434447416266
0.13364741376256678 -0.3956221619401853 24 nil_vol 0.6 nil_bias 0.21 Home 0.005 0.01 0.001 0.12453310576488329 -0.39259170968711576 0.009114307997683499 -0.0030304522530695335
0.17404469604395112 -0.24618276620709792 24 nil_vol 0.6 nil_bias 0.21 Home 0.005 0.01 0.001 0.17329596711316347 -0.24593381836862016 0.0007487289307876518 -0.0002489478384777506
0.23378511911717098 -0.05218510033477277 24 nil_vol 0.6 nil_bias 0.21 Home 0.005 0.01 0.001 0.23732491144855264 -0.053362059863544475 -0.0035397923313816465 0.0011769595287717068
0.2483869728115642 -0.02557871770706608 24 nil_vol 0.6 nil_bias 0.21 Home 0.005 0.01 0.001 0.24674430514817441 -0.025032540649759127 0.0016426676633897676 -0.0005461770573069516
0.3619786128965987 0.340055506333448 24 nil_vol 0.6 nil_bias 0.21 Home 0.005 0.01 0.001 0.3675211334224647 0.33821265179972326 -0.005542520525865972 0.0018428545337247377
0.39564376166542886 0.4227935242589758 24 nil_vol 0.6 nil_bias 0.21 Right 0.005 0.01 0.001 0.4 0.35 -0.004356238334571164 0.07279352425897583
0.38978750781367744 0.413116815927777 25 nil_vol 0.6 nil_bias 0.21 Right 0.005 0.01 0.001 0.3929068243514585 0.4123029983994068 -0.0031193165377810987 0.0008138175283701704
0.400823385125961 0.393979826544655 25 nil_vol 0.6 nil_bias 0.21 Right 0.005 0.01 0.001 0.38893554704013134 0.3970813171729696 0.011887838085829647 -0.0031014906283145485
0.38134302124845165 0.37345980939175033 25 nil_vol 0.6 nil_bias 0.21 Right 0.005 0.01 0.001 0.3826816701969652 0.37311056109795276 -0.0013386489485135513 0.0003492482937975809
0.3802646194148028 0.3391656091365296 25 nil_vol 0.6 nil_bias 0.21 Right 0.005 0.01 0.001 0.374235918739109 0.3407384736482751 0.0060287006756937515 -0.0015728645117454789
0.299260322517038 0.05467711151034521 25 nil_vol 0.6 nil_bias 0.21 Right 0.005 0.01 0.001 0.29958174591678693 0.05459325339797483 -0.0003214233997489627 8.385811237038193e-05
0.2984789101960791 -0.011216247909281614 25 nil_vol 0.6 nil_bias 0.21 Right 0.005 0.01 0.001 0.2834362115028656 -0.007291666443356881 0.0150426986932135 -0.003924581465924732
0.16445554066571416 -0.5167436456584166 25 nil_vol 0.6 nil_bias 0.21 Right 0.005 0.01 0.001 0.1514101342797078 -0.5133401499717634 0.013045406386006384 -0.003403495686653261
0.08811805667204153 -0.7559351021688564 25 nil_vol 0.6 nil_bias 0.21 Home 0.005 0.01 0.001 0.0 -0.75 0.08811805667204153 -0.005935102168856381
0.11225110159996889 -0.5962822556596479 26 nil_vol 0.6 nil_bias 0.21 Home 0.005 0.01 0.001 0.13236046934970103 -0.6020642942321389 -0.020109367749732144 0.005782038572491078
0.14565859750142301 -0.48794690446724326 26 nil_vol 0.6 nil_bias 0.21 Home 0.005 0.01 0.001 0.16368250218090383 -0.4931293106662173 -0.018023904679480816 0.005182406198974041
0.1699286106700823 -0.43826339595114955 26 nil_vol 0.6 nil_bias 0.21 Home 0.005 0.01 0.001 0.17873040392037842 -0.4407941720905924 -0.008801793250296125 0.002530776139442857
0.21195048083091614 -0.3493782407673939 26 nil_vol 0.6 nil_bias 0.21 Home 0.005 0.01 0.001 0.20554477153398573 -0.3475364097013968 0.006405709296930412 -0.0018418310659970747
0.26855722166220997 -0.13422212101178985 26 nil_vol 0.6 nil_bias 0.21 Home 0.005 0.01 0.001 0.26700709852652815 -0.1337764147183763 0.0015501231356817977 -0.00044570629341354404
0.2644899173824586 -0.09842508342327987 26 nil_vol 0.6 nil_bias 0.21 Home 0.005 0.01 0.001 0.2762032715257985 -0.10179301951719022 -0.011713354143339929 0.003367936093910351
0.3624204385700956 0.23361325541366335 26 nil_vol 0.6 nil_bias 0.21 Home 0.005 0.01 0.001 0.37186194512373155 0.23089854276058763 -0.009441506553635978 0.002714712653075713
0.4206959139044857 0.4007383362139266 26 nil_vol 0.6 nil_bias 0.21 Right 0.005 0.01 0.001 0.4 0.35 0.020695913904485684 0.05073833621392664
0.41660884013022553 0.3640705145428954 27 nil_vol 0.6 nil_bias 0.21 Right 0.005 0.01 0.001 0.4081014496849645 0.3672721333524058 0.00850739044526108 -0.0032016188095104416
0.3995276334172845 0.3354108162927084 27 nil_vol 0.6 nil_bias 0.21 Right 0.005 0.01 0.001 0.39653482167868115 0.33653711258970903 0.002992811738603342 -0.0011262962970006313
0.24674178322631066 -0.026928722242913893 27 nil_vol 0.6 nil_bias 0.21 Right 0.005 0.01 0.001 0.25813652766162154 -0.031216950031257296 -0.011394744435310874 0.004288227788343404
0.2248332773731439 -0.11396713781015572 27 nil_vol 0.6 nil_bias 0.21 Right 0.005 0.01 0.001 0.22672667609257105 -0.11467968779749027 -0.001893398719427141 0.0007125499873345575
0.20648695953380136 -0.1917017979385676 27 nil_vol 0.6 nil_bias 0.21 Right 0.005 0.01 0.001 0.1988256938000556 -0.18881860448040422 0.007661265733745766 -0.0028831934581633645
0.12006765394437384 -0.42109655538444646 27 nil_vol 0.6 nil_bias 0.21 Right 0.005 0.01 0.001 0.11248548450648582 -0.41824312853805556 0.0075821694378880216 -0.002853426846390912
-0.026687727926346324 -0.7697614427331902 27 nil_vol 0.6 nil_bias 0.21 Right 0.005 0.01 0.001 -0.020656879968203368 -0.7720310548292054 -0.006030847958142955 0.002269612096015134
-0.022806540177600202 -0.777743164800466 27 nil_vol 0.6 nil_bias 0.21 Home 0.005 0.01 0.001 0.0 -0.75 -0.022806540177600202 -0.027743164800465996
0.008309706522429142 -0.6863659236024784 28 nil_vol 0.6 nil_bias 0.21 Home 0.005 0.01 0.001 0.013034432936970628 -0.6882582971037868 -0.004724726414541487 0.0018923735013084036
0.06033433346996346 -0.5562122352222886 28 nil_vol 0.6 nil_bias 0.21 Home 0.005 0.01 0.001 0.06514975690180987 -0.558140935193563 -0.004815423431846404 0.0019286999712744305
0.21291106331527618 -0.21520597863694732 28 nil_vol 0.6 nil_bias 0.21 Home 0.005 0.01 0.001 0.20394267376032585 -0.21161390975207706 0.008968389554950341 -0.0035920688848702577
0.30212363729678365 -0.023267635590476895 28 nil_vol 0.6 nil_bias 0.21 Home 0.005 0.01 0.001 0.2825243019787285 -0.015417601631897981 0.019599335318055147 -0.007850033958578913
0.3026585296972991 0.046307090548419264 28 nil_vol 0.6 nil_bias 0.21 Home 0.005 0.01 0.001 0.30661234292285167 0.044723487452559496 -0.003953813225552534 0.001583603095859768
0.31696685365553007 0.0429365555247217 28 nil_vol 0.6 nil_bias 0.21 Home 0.005 0.01 0.001 0.30742701810248235 0.0467575031148012 0.00953983555304771 -0.003820947590079507
0.3568751858953295 0.15040268921489697 28 nil_vol 0.6 nil_bias 0.21 Home 0.005 0.01 0.001 0.35003660929006747 0.15314171366182283 0.006838576605262068 -0.002739024446925864
0.4132082774603361 0.3108636692104256 28 nil_vol 0.6 nil_bias 0.21 Right 0.005 0.01 0.001 0.4 0.35 0.013208277460336112 -0.03913633078957442
0.41318149988890135 0.27523274495909544 29 nil_vol 0.6 nil_bias 0.21 Right 0.005 0.01 0.001 0.4014466820506187 0.2796552794313163 0.011734817838282677 -0.004422534472220865
0.3352427103640422 0.16368585349169634 29 nil_vol 0.6 nil_bias 0.21 Right 0.005 0.01 0.001 0.3549428750756185 0.15626139588647073 -0.019700164711576294 0.007424457605225627
0.30637044913246925 0.0011375854393265846 29 nil_vol 0.6 nil_bias 0.21 Right 0.005 0.01 0.001 0.29771086727274454 0.0044011469038013895 0.008659581859724682 -0.003263561464474805
0.11885773125611815 -0.5018238731687955 29 nil_vol 0.6 nil_bias 0.21 Right 0.005 0.01 0.001 0.1084120276197324 -0.49788717086500595 0.010445703636385745 -0.003936702303789608
0.09879955535174226 -0.530267522530286 29 nil_vol 0.6 nil_bias 0.21 Right 0.005 0.01 0.001 0.09653096642458242 -0.5294125529115048 0.0022685889271598435 -0.0008549696187811652
0.09717659205409351 -0.5364104850975576 29 nil_vol 0.6 nil_bias 0.21 Right 0.005 0.01 0.001 0.09430193260559339 -0.5353271039422565 0.0028746594485001315 -0.001083381155301152
0.03916544773886921 -0.6683815848923189 29 nil_vol 0.6 nil_bias 0.21 Right 0.005 0.01 0.001 0.04353647740938077 -0.6700289073870809 -0.004371029670511561 0.0016473224947620127
0.004698492447718364 -0.7730821863595345 29 nil_vol 0.6 nil_bias 0.21 Home 0.005 0.01 0.001 0.0 -0.75 0.004698492447718364 -0.023082186359534487
0.015640701743268117 -0.6899257270997395 30 nil_vol 0.6 nil_bias 0.21 Home 0.005 0.01 0.001 0.022540068180561812 -0.6914333489184636 -0.006899366437293695 0.0015076218187240753
0.053350112027930434 -0.5120339913996812 30 nil_vol 0.6 nil_bias 0.21 Home 0.005 0.01 0.001 0.06135926375186458 -0.5137841190379533 -0.008009151723934146 0.001750127638272108
0.060586245141259806 -0.5080243691128308 30 nil_vol 0.6 nil_bias 0.21 Home 0.005 0.01 0.001 0.06252527400930762 -0.5084480779062648 -0.0019390288680478079 0.00042370879343399636
0.08196488148458642 -0.36051569963993574 30 nil_vol 0.6 nil_bias 0.21 Home 0.005 0.01 0.001 0.09426360786807188 -0.3632031678889092 -0.01229872638348546 0.002687468248973485
0.1214289482738187 -0.31370438030620174 30 nil_vol 0.6 nil_bias 0.21 Home 0.005 0.01 0.001 0.10582496231717968 -0.3102946600223026 0.015603985956639026 -0.0034097202838991114
0.23651217856694137 0.24678217828472346 30 nil_vol 0.6 nil_bias 0.21 Home 0.005 0.01 0.001 0.2279633534464645 0.24865023318414448 0.008548825120476859 -0.0018680548994210128
0.2375389145721957 0.26498934510958655 30 nil_vol 0.6 nil_bias 0.21 Home 0.005 0.01 0.001 0.23180738657093294 0.26624177556792894 0.005731528001262748 -0.0012524304583423703
0.2513508522675352 0.3556790134885455 30 nil_vol 0.6 nil_bias 0.21 Right 0.005 0.01 0.001 0.4 0.35 -0.14864914773246482 0.00567901348854557
0.19499297718936973 0.1481655442644915 31 nil_vol 0.6 nil_bias 0.21 Right 0.005 0.01 0.001 0.20321601121587415 0.1462753460616999 -0.008223034026504436 0.001890198202791589
0.20142153852404004 0.11671847277737045 31 nil_vol 0.6 nil_bias 0.21 Right 0.005 0.01 0.001 0.19667279913403388 0.11781004781300616 0.00474873939000616 -0.0010915750356357142
0.1251978887080287 -0.2219903455044998 31 nil_vol 0.6 nil_bias 0.21 Right 0.005 0.01 0.001 0.11889707402419322 -0.2205420007021895 0.0063008146838354805 -0.0014483448023103293
0.05666325069553281 -0.46901700466618 31 nil_vol 0.6 nil_bias 0.21 Right 0.005 0.01 0.001 0.06152420482760865 -0.4701343740866016 -0.0048609541320758344 0.0011173694204215676
0.061899230384299696 -0.48916345236537906 31 nil_vol 0.6 nil_bias 0.21 Right 0.005 0.01 0.001 0.05738840666203901 -0.48812656611810773 0.004510823722260683 -0.0010368862472713506
0.029644808597506168 -0.6102643614591045 31 nil_vol 0.6 nil_bias 0.21 Right 0.005 0.01 0.001 0.029329696627029195 -0.6101919278441694 0.0003151119704769733 -7.24336149350567e-05
-0.008178672742887316 -0.6623295014601522 31 nil_vol 0.6 nil_bias 0.21 Right 0.005 0.01 0.001 0.016064076182279896 -0.6679020918570033 -0.02424274892516721 0.00557259039685114
-0.00038313962081290445 -0.7394533265319447 31 nil_vol 0.6 nil_bias 0.21 Home 0.005 0.01 0.001 0.0 -0.75 -0.00038313962081290445 0.0105466734680553
-0.014523522064922037 -0.7283861383799229 32 nil_vol 0.6 nil_bias 0.87 Home 0.005 0.01 0.001 -0.00760654698313187 -0.7249428291965218 -0.006916975081790168 -0.003443309183401155
-0.03925821532768902 -0.6654385265490371 32 nil_vol 0.6 nil_bias 0.87 Home 0.005 0.01 0.001 -0.03763129267574075 -0.6646286352827111 -0.0016269226519482678 -0.0008098912663260585
-0.04776520433092539 -0.638233498435994 32 nil_vol 0.6 nil_bias 0.87 Home 0.005 0.01 0.001 -0.050174012687732264 -0.6394326168133151 0.0024088083568068745 0.001199118377321078
-0.09811966052692023 -0.5384771530176392 32 nil_vol 0.6 nil_bias 0.87 Home 0.005 0.01 0.001 -0.09997134486952242 -0.5393989319204471 0.001851684342602195 0.0009217789028079207
-0.20818268207606028 -0.3048024265101703 32 nil_vol 0.6 nil_bias 0.87 Home 0.005 0.01 0.001 -0.21505241576289014 -0.30822221866088306 0.006869733686829868 0.00341979215071273
-0.4415253291045957 0.13719884527980492 32 nil_vol 0.6 nil_bias 0.87 Home 0.005 0.01 0.001 -0.43772683785177763 0.13908975563573933 -0.0037984912528180657 -0.0018909103559344265
-0.45569772652969576 0.19990695454082924 32 nil_vol 0.6 nil_bias 0.87 Home 0.005 0.01 0.001 -0.46555840345963867 0.19499825398517578 0.009860676929942934 0.004908700555653442
-0.5516298869459624 0.36790003968527624 32 nil_vol 0.6 nil_bias 0.87 Left 0.005 0.01 0.001 -0.4 0.35 -0.1516298869459624 0.017900039685276266
-0.48211513691404967 0.23598728602251395 33 nil_vol 0.6 nil_bias 0.87 Left 0.005 0.01 0.001 -0.48885127226671254 0.23285582824855197 0.006736135352662858 0.0031314577739619707
-0.43561425388979436 0.13470543529745937 33 nil_vol 0.6 nil_bias 0.87 Left 0.005 0.01 0.001 -0.44187142697983056 0.1317966348814948 0.006257173090036192 0.002908800415964587
-0.39502203918933065 0.013214744396474475 33 nil_vol 0.6 nil_bias 0.87 Left 0.005 0.01 0.001 -0.38821646692392675 0.01637848162279587 -0.006805572265403917 -0.0031637372263213946
-0.16845050724873897 -0.4195849607486128 33 nil_vol 0.6 nil_bias 0.87 Left 0.005 0.01 0.001 -0.18250982886610229 -0.4261207813149142 0.014059321617363315 0.006535820566301415
-0.10081950549401321 -0.5901026282330042 33 nil_vol 0.6 nil_bias 0.87 Left 0.005 0.01 0.001 -0.10530869349040617 -0.5921895374048225 0.004489187996392957 0.0020869091718182815
-0.08785629588257615 -0.6579097454459354 33 nil_vol 0.6 nil_bias 0.87 Left 0.005 0.01 0.001 -0.07708484316237624 -0.6529023713966298 -0.010771452720199907 -0.00500737404930557
-0.019906781722940282 -0.7490474213841449 33 nil_vol 0.6 nil_bias 0.87 Left 0.005 0.01 0.001 -0.030171226049308664 -0.7538191001433165 0.01026444432636838 0.004771678759171578
-0.014248435117693527 -0.7880709031851334 33 nil_vol 0.6 nil_bias 0.87 Home 0.005 0.01 0.001 0.0 -0.75 -0.014248435117693527 -0.038070903185133356
-0.03238201831859136 -0.7555945742746712 34 nil_vol 0.6 nil_bias 0.87 Home 0.005 0.01 0.001 -0.028492235488209894 -0.7539698365302108 -0.003889782830381464 -0.001624737744460486
-0.031391329235764896 -0.7448246431580807 34 nil_vol 0.6 nil_bias 0.87 Home 0.005 0.01 0.001 -0.03217534021332589 -0.7451521195964478 0.00078401097756099 0.00032747643836707023
-0.038078159785294836 -0.6923854756979796 34 nil_vol 0.6 nil_bias 0.87 Home 0.005 0.01 0.001 -0.05181840164652742 -0.6981246880251036 0.013740241861232587 0.005739212327123999
-0.09534854202302848 -0.574733040248766 34 nil_vol 0.6 nil_bias 0.87 Home 0.005 0.01 0.001 -0.10216845724716654 -0.5775816758055206 0.006819915224138066 0.002848635556754503
-0.15815263649199748 -0.44655525771776045 34 nil_vol 0.6 nil_bias 0.87 Home 0.005 0.01 0.001 -0.15708383671096335 -0.44610882679314584 -0.001068799781034141 -0.0004464309246146202
-0.3295695021541208 -0.0348441837118092 34 nil_vol 0.6 nil_bias 0.87 Home 0.005 0.01 0.001 -0.32897091707688303 -0.03459415850200498 -0.0005985850772377646 -0.0002500252098042234
-0.4309214495616132 0.19462643716565303 34 nil_vol 0.6 nil_bias 0.87 Home 0.005 0.01 0.001 -0.4256368986728432 0.19683376072738124 -0.005284550888770006 -0.0022073235617282062
-0.4771803963357118 0.32023399126330065 34 nil_vol 0.6 nil_bias 0.87 Left 0.005 0.01 0.001 -0.4 0.35 -0.07718039633571176 -0.029766008736699327
-0.43566821655200966 0.2260908816094559 35 nil_vol 0.6 nil_bias 0.87 Left 0.005 0.01 0.001 -0.44087811321802195 0.22412303984947637 0.005209896666012303 0.001967841759979529
-0.39585626052663464 0.12370502025559456 35 nil_vol 0.6 nil_bias 0.87 Left 0.005 0.01 0.001 -0.4020634407878029 0.1213604922711275 0.006207180261168239 0.002344527984467064
-0.3612468447445702 -0.005143907007573424 35 nil_vol 0.6 nil_bias 0.87 Left 0.005 0.01 0.001 -0.35515087166115517 -0.0028413833357484597 -0.006095973083415039 -0.002302523671824964
-0.3346543889411999 -0.01619035816614166 35 nil_vol 0.6 nil_bias 0.87 Left 0.005 0.01 0.001 -0.34817925464257815 -0.021298865538065814 0.013524865701378237 0.005108507371924154
-0.35100160939171193 -0.04222170479100214 35 nil_vol 0.6 nil_bias 0.87 Left 0.005 0.01 0.001 -0.3416155225994089 -0.038676464887650364 -0.009386086792303011 -0.0035452399033517714
-0.31116422866270255 -0.09083828939258914 35 nil_vol 0.6 nil_bias 0.87 Left 0.005 0.01 0.001 -0.3205712899451767 -0.0943914516176872 0.009407061282474148 0.003553162225098055
-0.14771923888526337 -0.5527762164612572 35 nil_vol 0.6 nil_bias 0.87 Left 0.005 0.01 0.001 -0.14746939607551957 -0.5526818477729775 -0.0002498428097437967 -9.436868827971926e-05
-0.07179321119824306 -0.7530359165334428 35 nil_vol 0.6 nil_bias 0.87 Home 0.005 0.01 0.001 0.0 -0.75 -0.07179321119824306 -0.003035916533442765
-0.12461266233416814 -0.5432181360368763 36 nil_vol 0.6 nil_bias 0.87 Home 0.005 0.01 0.001 -0.12338214463109648 -0.5429160175978646 -0.0012305177030716569 -0.0003021184390116921
-0.14169648750452216 -0.5267003429825237 36 nil_vol 0.6 nil_bias 0.87 Home 0.005 0.01 0.001 -0.12817832502618426 -0.5233813446974385 -0.013518162478337885 -0.0033189982850852493
-0.19612016922181852 -0.2728577214930991 36 nil_vol 0.6 nil_bias 0.87 Home 0.005 0.01 0.001 -0.19005297294299944 -0.271368094920187 -0.006067196278819069 -0.001489626572912151
-0.2571765711914652 0.01742646396980866 36 nil_vol 0.6 nil_bias 0.87 Home 0.005 0.01 0.001 -0.2607432193903672 0.016550775482218172 0.0035666481989020233 0.0008756884875904896
-0.30302839627068023 0.14446869212192126 36 nil_vol 0.6 nil_bias 0.87 Home 0.005 0.01 0.001 -0.2927682932185024 0.14698776706938876 -0.010260103052177857 -0.0025190749474675077
-0.3219437914959392 0.21090522323087285 36 nil_vol 0.6 nil_bias 0.87 Home 0.005 0.01 0.001 -0.3092279195008142 0.2140272420269047 -0.012715871995125031 -0.003122018796031861
-0.3278920918719105 0.2823995020705689 36 nil_vol 0.6 nil_bias 0.87 Home 0.005 0.01 0.001 -0.3261215053578849 0.28283421896445615 -0.0017705865140255732 -0.00043471689388723016
-0.3642181193059153 0.43800037844644574 36 nil_vol 0.6 nil_bias 0.87 Left 0.005 0.01 0.001 -0.4 0.35 0.03578188069408473 0.08800037844644576
-0.2225313554891454 0.029603115157843647 37 nil_vol 0.6 nil_bias 0.87 Left 0.005 0.01 0.001 -0.2273771975988557 0.027985832290791657 0.004845842109710278 0.00161728286705199
-0.1809282437146938 -0.08608610404237664 37 nil_vol 0.6 nil_bias 0.87 Left 0.005 0.01 0.001 -0.18846643326837553 -0.08860194845862995 0.007538189553681728 0.0025158444162533067
-0.16860849195626273 -0.10100510751880509 37 nil_vol 0.6 nil_bias 0.87 Left 0.005 0.01 0.001 -0.18275157096737654 -0.10572531070623509 0.014143079011113818 0.004720203187430001
-0.12624456775782414 -0.28770658918663844 37 nil_vol 0.6 nil_bias 0.87 Left 0.005 0.01 0.001 -0.1224397603808971 -0.2864367480230548 -0.0038048073769270285 -0.0012698411635836413
-0.0709430552210508 -0.42717940604947213 37 nil_vol 0.6 nil_bias 0.87 Left 0.005 0.01 0.001 -0.07501394687708474 -0.4285380519111967 0.004070891656033946 0.0013586458617245857
-0.009875675754508264 -0.6246273062319916 37 nil_vol 0.6 nil_bias 0.87 Left 0.005 0.01 0.001 -0.00960049508812777 -0.6245354656463915 -0.00027518066638049417 -9.184058560003949e-05
0.01490347100199996 -0.6284451723148725 37 nil_vol 0.6 nil_bias 0.87 Left 0.005 0.01 0.001 -0.005970554698681463 -0.6354118054341125 0.020874025700681424 0.006966633119239901
0.04289292693900831 -0.7818207743107736 37 nil_vol 0.6 nil_bias 0.87 Home 0.005 0.01 0.001 0.0 -0.75 0.04289292693900831 -0.03182077431077353
0.05268705960826862 -0.7454158541717485 38 nil_vol 0.6 nil_bias 0.87 Home 0.005 0.01 0.001 0.03155135449219934 -0.7540466152387898 0.021135705116069277 0.008630761067041354
0.015733609685434562 -0.7056843384551577 38 nil_vol 0.6 nil_bias 0.87 Home 0.005 0.01 0.001 0.012364436368016138 -0.7070601397230312 0.003369173317418426 0.0013758012678735465
-0.03546606481580411 -0.6069624777115291 38 nil_vol 0.6 nil_bias 0.87 Home 0.005 0.01 0.001 -0.02950451092458782 -0.604528078341325 -0.005961553891216292 -0.002434399370204093
-0.06514617644095885 -0.5555888673662863 38 nil_vol 0.6 nil_bias 0.87 Home 0.005 0.01 0.001 -0.05172654575175993 -0.5501089637884136 -0.013419630689198915 -0.0054799035778727466
-0.21889767471557628 -0.07802044959238413 38 nil_vol 0.6 nil_bias 0.87 Home 0.005 0.01 0.001 -0.2408442214734856 -0.0869823176859239 0.021946546757909323 0.008961868093539768
-0.2728036515113953 0.03623046167513931 38 nil_vol 0.6 nil_bias 0.87 Home 0.005 0.01 0.001 -0.2885349489454516 0.02980658943230252 0.01573129743405633 0.0064238722428367895
-0.38764404161835225 0.27590152047025257 38 nil_vol 0.6 nil_bias 0.87 Home 0.005 0.01 0.001 -0.3888300069034979 0.2754172317770821 0.0011859652851456143 0.0004842886931704587
-0.40378813455320417 0.31204790346836697 38 nil_vol 0.6 nil_bias 0.87 Left 0.005 0.01 0.001 -0.4 0.35 -0.0037881345532041542 -0.037952096531632985
-0.37639661154031334 0.16828459920458858 39 nil_vol 0.6 nil_bias 0.87 Left 0.005 0.01 0.001 -0.35803704903037414 0.17438629999371713 -0.018359562509939188 -0.006101700789128545
-0.33495918945444864 0.12185423567187352 39 nil_vol 0.6 nil_bias 0.87 Left 0.005 0.01 0.001 -0.34001938925399544 0.12017250577807415 0.005060199799546829 0.0016817298937993738
-0.32632491044770096 0.08333826539693534 39 nil_vol 0.6 nil_bias 0.87 Left 0.005 0.01 0.001 -0.32763322280555124 0.0829034548973932 0.0013083123578502803 0.0004348104995421334
-0.2532743114096756 -0.09824455009683286 39 nil_vol 0.6 nil_bias 0.87 Left 0.005 0.01 0.001 -0.2660216837894704 -0.10248107000666196 0.01274737237979479 0.0042365199098290994
-0.2680843819053403 -0.11214454599115152 39 nil_vol 0.6 nil_bias 0.87 Left 0.005 0.01 0.001 -0.26333469663560494 -0.11056601391323478 -0.004749685269735374 -0.0015785320779167385
-0.1928994387694727 -0.3432042060091835 39 nil_vol 0.6 nil_bias 0.87 Left 0.005 0.01 0.001 -0.1867030656561135 -0.34114487509130076 -0.006196373113359199 -0.002059330917882746
-0.10459502107939771 -0.5750500012491375 39 nil_vol 0.6 nil_bias 0.87 Left 0.005 0.01 0.001 -0.10853120556702589 -0.5763581707646864 0.003936184487628179 0.001308169515548873
-0.04634010833001824 -0.7634865431225881 39 nil_vol 0.6 nil_bias 0.87 Home 0.005 0.01 0.001 0.0 -0.75 -0.04634010833001824 -0.013486543122588079
-0.03815673393974703 -0.7518146533946766 40 nil_vol 0.6 nil_bias 0.87 Home 0.005 0.01 0.001 -0.04878849990243416 -0.7548173093089856 0.010631765962687134 0.0030026559143090364
-0.13511662773208813 -0.4901593258016155 40 nil_vol 0.6 nil_bias 0.87 Home 0.005 0.01 0.001 -0.12438963336696078 -0.4871297751901507 -0.010726994365127338 -0.003029550611464786
-0.16584800138462946 -0.3779518989141065 40 nil_vol 0.6 nil_bias 0.87 Home 0.005 0.01 0.001 -0.15600878683158928 -0.3751730777969443 -0.009839214553040184 -0.002778821117162231
-0.2517687998257081 -0.031015118562345637 40 nil_vol 0.6 nil_bias 0.87 Home 0.005 0.01 0.001 -0.25310069625833637 -0.03139127683320242 0.001331896432628275 0.0003761582708567833
-0.25178365864430097 0.016727972017735564 40 nil_vol 0.6 nil_bias 0.87 Home 0.005 0.01 0.001 -0.2655894903258687 0.012828886739137402 0.01380583168156773 0.0038990852785981615
-0.2707394775904504 0.040879926454773695 40 nil_vol 0.6 nil_bias 0.87 Home 0.005 0.01 0.001 -0.2733069612469987 0.04015480985483322 0.002567483656548324 0.0007251165999404797
-0.3765926539472035 0.35251593443025897 40 nil_vol 0.6 nil_bias 0.87 Home 0.005 0.01 0.001 -0.36263800840643173 0.3564570481748748 -0.01395464554077175 -0.003941113744615783
-0.36692574342015577 0.371639005907259 40 nil_vol 0.6 nil_bias 0.87 Left 0.005 0.01 0.001 -0.4 0.35 0.03307425657984427 0.02163900590725901
-0.3029944869168074 0.18626809547429637 41 nil_vol 0.6 nil_bias 0.87 Left 0.005 0.01 0.001 -0.30346162566510737 0.18610830225437994 0.0004671387482999801 0.00015979321991643725
-0.17462894684000388 -0.19869809318790535 41 nil_vol 0.6 nil_bias 0.87 Left 0.005 0.01 0.001 -0.17212469346793585 -0.1978414682316892 -0.002504253372068016 -0.0008566249562161639
-0.13273212228760048 -0.2884117396185466 41 nil_vol 0.6 nil_bias 0.87 Left 0.005 0.01 0.001 -0.14026238179475237 -0.29098760046895383 0.007530259507151889 0.0025758608504072482
-0.06347396496945709 -0.5245350539366166 41 nil_vol 0.6 nil_bias 0.87 Left 0.005 0.01 0.001 -0.06069807816062667 -0.5235855118724637 -0.0027758868088304297 -0.0009495420641529278
-0.04823530646792236 -0.5227352854440257 41 nil_vol 0.6 nil_bias 0.87 Left 0.005 0.01 0.001 -0.059652931207017645 -0.5266408895659214 0.011417624739095283 0.003905604121895715
-0.06236908725274709 -0.5481666230080776 41 nil_vol 0.6 nil_bias 0.87 Left 0.005 0.01 0.001 -0.0533455189272532 -0.5450799489886047 -0.009023568325493888 -0.0030866740194729074
-0.052971719300537415 -0.5542156379616932 41 nil_vol 0.6 nil_bias 0.87 Left 0.005 0.01 0.001 -0.05050869211425468 -0.5533731151646224 -0.002463027186282734 -0.0008425227970707764
0.014403789248108905 -0.7431379581818515 41 nil_vol 0.6 nil_bias 0.87 Home 0.005 0.01 0.001 0.0 -0.75 0.014403789248108905 0.006862041818148492
-0.058500106953421935 -0.4365545407398518 42 nil_vol 0.6 nil_bias 0.87 Home 0.005 0.01 0.001 -0.07058663733527086 -0.43994258509757617 0.012086530381848922 0.0033880443577243885
-0.09171357823369 -0.3750845803799177 42 nil_vol 0.6 nil_bias 0.87 Home 0.005 0.01 0.001 -0.08898199442478971 -0.37431887452232154 -0.0027315838089002863 -0.0007657058575961795
-0.11585531928999288 -0.2963095654230357 42 nil_vol 0.6 nil_bias 0.87 Home 0.005 0.01 0.001 -0.11121393495378902 -0.2950085124727266 -0.004641384336203852 -0.0013010529503091582
-0.1493321054814976 -0.1617773508285142 42 nil_vol 0.6 nil_bias 0.87 Home 0.005 0.01 0.001 -0.1486169198296944 -0.16157687305401935 -0.0007151856518031991 -0.00020047777449483395
-0.23337327832661206 0.11168287756571678 42 nil_vol 0.6 nil_bias 0.87 Home 0.005 0.01 0.001 -0.22581020403329824 0.11380292611372633 -0.007563074293313813 -0.002120048548009559
-0.2527573546248244 0.16133071236294838 42 nil_vol 0.6 nil_bias 0.87 Home 0.005 0.01 0.001 -0.24012555672221467 0.16487160377344967 -0.012631797902609734 -0.0035408914105012853
-0.27434920137385815 0.22983614301499702 42 nil_vol 0.6 nil_bias 0.87 Home 0.005 0.01 0.001 -0.2595027275848922 0.2339978428712559 -0.014846473788965997 -0.004161699856258882
-0.2892880974636991 0.3402543554679819 42 nil_vol 0.6 nil_bias 0.87 Left 0.005 0.01 0.001 -0.4 0.35 0.11071190253630095 -0.00974564453201809
-0.2318441171498567 0.08808411483249717 43 nil_vol 0.6 nil_bias 0.87 Left 0.005 0.01 0.001 -0.22156872579649978 0.09087440752370987 -0.010275391353356925 -0.0027902926912126923
-0.20256586332981324 0.008340357161689368 43 nil_vol 0.6 nil_bias 0.87 Left 0.005 0.01 0.001 -0.1993906619022453 0.009202586251735312 -0.003175201427567931 -0.0008622290900459442
-0.16803891896151424 -0.1493892863539796 43 nil_vol 0.6 nil_bias 0.87 Left 0.005 0.01 0.001 -0.1571293527042448 -0.14642678283998795 -0.010909566257269432 -0.002962503513991669
-0.1441694848314057 -0.1976380190404804 43 nil_vol 0.6 nil_bias 0.87 Left 0.005 0.01 0.001 -0.1432878989238818 -0.1973986235148164 -0.0008815859075239204 -0.00023939552566399047
-0.07168608230400428 -0.5013132053416287 43 nil_vol 0.6 nil_bias 0.87 Left 0.005 0.01 0.001 -0.06150997872222835 -0.49854987434305065 -0.010176103581775918 -0.0027633309985781074
-0.025549278835691764 -0.6616705943678054 43 nil_vol 0.6 nil_bias 0.87 Left 0.005 0.01 0.001 -0.01778679114118209 -0.6595626831520888 -0.007762487694509673 -0.0021079112157166356
-0.011314780352732149 -0.6612101339769156 43 nil_vol 0.6 nil_bias 0.87 Left 0.005 0.01 0.001 -0.0169256770532914 -0.662733778528868 0.005610896700559251 0.0015236445519522842
0.004532301056158473 -0.741753848151219 43 nil_vol 0.6 nil_bias 0.87 Home 0.005 0.01 0.001 0.0 -0.75 0.004532301056158473 0.008246151848781018
-0.02638711347326014 -0.6131385051863534 44 nil_vol 0.6 nil_bias 0.87 Home 0.005 0.01 0.001 -0.03021181011118085 -0.6141801437101501 0.0038246966379207113 0.001041638523796657
-0.01574286143902696 -0.5874316499775685 44 nil_vol 0.6 nil_bias 0.87 Home 0.005 0.01 0.001 -0.03599453203351412 -0.5929470992430887 0.020251670594487157 0.005515449265520307
-0.07731254655873757 -0.4818683133448263 44 nil_vol 0.6 nil_bias 0.87 Home 0.005 0.01 0.001 -0.06701045495859474 -0.47906258611930064 -0.010302091600142829 -0.0028057272255256915
-0.07714168538444434 -0.47977149159069077 44 nil_vol 0.6 nil_bias 0.87 Home 0.005 0.01 0.001 -0.06753028476917976 -0.47715387087556255 -0.009611400615264581 -0.002617620715128212
-0.11330504506117224 -0.2857386947308165 44 nil_vol 0.6 nil_bias 0.87 Home 0.005 0.01 0.001 -0.11922242303590895 -0.28735026538382974 0.005917377974736705 0.0016115706530132844
-0.16073341986266915 -0.1422887707543199 44 nil_vol 0.6 nil_bias 0.87 Home 0.005 0.01 0.001 -0.15886764187585742 -0.1417806347080134 -0.0018657779868117147 -0.0005081360463065157
-0.23964218722833866 0.1601247226682257 44 nil_vol 0.6 nil_bias 0.87 Home 0.005 0.01 0.001 -0.24099019201861838 0.15975759976862203 0.0013480047902797256 0.00036712289960365334
-0.30353865459322704 0.3894235434246347 44 nil_vol 0.6 nil_bias 0.87 Left 0.005 0.01 0.001 -0.4 0.35 0.096461345406773 0.03942354342463474
-0.2955772820377167 0.37302876546494407 45 nil_vol 0.6 nil_bias 0.87 Left 0.005 0.01 0.001 -0.29959122568865565 0.37211341922006536 0.004013943650938931 0.0009153462448787364
-0.23200570398758955 0.0494884950930107 45 nil_vol 0.6 nil_bias 0.87 Left 0.005 0.01 0.001 -0.22631523416746446 0.050786159094902916 -0.005690469820125083 -0.0012976640018922177
-0.1922084265048389 -0.11504758351679381 45 nil_vol 0.6 nil_bias 0.87 Left 0.005 0.01 0.001 -0.1886816408999475 -0.11424332958583128 -0.003526785604891428 -0.0008042539309625364
-0.1561194772711034 -0.22876617510925798 45 nil_vol 0.6 nil_bias 0.87 Left 0.005 0.01 0.001 -0.16224701453988985 -0.23016350868369073 0.006127537268786464 0.0013973335744327645
-0.14807872863931865 -0.2600575320356271 45 nil_vol 0.6 nil_bias 0.87 Left 0.005 0.01 0.001 -0.15506654546006382 -0.26165104515962756 0.0069878168207451775 0.0015935131240004748
-0.10195587958567032 -0.3834610657929843 45 nil_vol 0.6 nil_bias 0.87 Left 0.005 0.01 0.001 -0.12603652464533527 -0.3889524552957906 0.02408064505966495 0.005491389502806291
-0.05034487310976759 -0.7664754056915816 45 nil_vol 0.6 nil_bias 0.87 Left 0.005 0.01 0.001 -0.04045963814473019 -0.7642211606169467 -0.009885234965037395 -0.002254245074634863
-0.036392893538190495 -0.782054503775057 45 nil_vol 0.6 nil_bias 0.87 Home 0.005 0.01 0.001 0.0 -0.75 -0.036392893538190495 -0.03205450377505706
-0.07669773650508041 -0.6214196088718482 46 nil_vol 0.6 nil_bias 0.87 Home 0.005 0.01 0.001 -0.09164573894027321 -0.6267372383402097 0.014948002435192793 0.005317629468361462
-0.15141307724814934 -0.4711790031747785 46 nil_vol 0.6 nil_bias 0.87 Home 0.005 0.01 0.001 -0.14748181711367614 -0.4697804895720745 -0.003931260134473209 -0.001398513602703983
-0.16929802193248367 -0.43825473293308853 46 nil_vol 0.6 nil_bias 0.87 Home 0.005 0.01 0.001 -0.15988773922162897 -0.4349071019124352 -0.009410282710854688 -0.0033476310206533547
-0.17931794125880965 -0.4076064226133175 46 nil_vol 0.6 nil_bias 0.87 Home 0.005 0.01 0.001 -0.1706914358866735 -0.40453761396314963 -0.008626505372136165 -0.0030688086501678507
-0.18052027897655507 -0.4038787497118631 46 nil_vol 0.6 nil_bias 0.87 Home 0.005 0.01 0.001 -0.1720036232765525 -0.40084901918308036 -0.008516655700002571 -0.0030297305287827364
-0.20550966342630606 -0.3098094766014243 46 nil_vol 0.6 nil_bias 0.87 Home 0.005 0.01 0.001 -0.20451595155540594 -0.30945597174011136 -0.0009937118709001194 -0.0003535048613129907
-0.27963947367438674 -0.14185509527467044 46 nil_vol 0.6 nil_bias 0.87 Home 0.005 0.01 0.001 -0.26587989629303266 -0.13696023828809245 -0.01375957738135407 -0.00489485698657799
-0.4184225236512988 0.291841275391776 46 nil_vol 0.6 nil_bias 0.87 Left 0.005 0.01 0.001 -0.4 0.35 -0.01842252365129874 -0.058158724608223945
-0.41001584436247274 0.2594605599836137 47 nil_vol 0.6 nil_bias 0.87 Left 0.005 0.01 0.001 -0.40555171947635693 0.2613445972186008 -0.004464124886115792 -0.001884037234987115
-0.30216903501248227 0.03068807867620426 47 nil_vol 0.6 nil_bias 0.87 Left 0.005 0.01 0.001 -0.30729289829017925 0.02852560575072932 0.0051238632776970106 0.002162472925474938
-0.2830353824762716 -0.02754297133639048 47 nil_vol 0.6 nil_bias 0.87 Left 0.005 0.01 0.001 -0.283539881495101 -0.02775588987266292 0.0005044990188294484 0.0002129185362724398
-0.22762961213429697 -0.15373799337470495 47 nil_vol 0.6 nil_bias 0.87 Left 0.005 0.01 0.001 -0.22995606940845276 -0.15471985034374908 0.0023264572741557984 0.000981856969044136
-0.17656601538393252 -0.29283000122639424 47 nil_vol 0.6 nil_bias 0.87 Left 0.005 0.01 0.001 -0.17240862726289852 -0.29107541903612394 -0.004157388121033998 -0.0017545821902702936
-0.08047585165671545 -0.4764027881510856 47 nil_vol 0.6 nil_bias 0.87 Left 0.005 0.01 0.001 -0.09211925609509258 -0.48131676526049477 0.01164340443837714 0.004913977109409159
-0.048010431731011445 -0.550369477337409 47 nil_vol 0.6 nil_bias 0.87 Left 0.005 0.01 0.001 -0.06071362198793495 -0.5557307259712916 0.012703190256923505 0.005361248633882558
-0.00673864574157282 -0.6836215288781363 47 nil_vol 0.6 nil_bias 0.87 Home 0.005 0.01 0.001 0.0 -0.75 -0.00673864574157282 0.06637847112186365
-0.012087191019294534 -0.6445897284731669 48 nil_vol 0.6 nil_bias 0.87 Home 0.005 0.01 0.001 -0.01974958287933811 -0.6473373412885213 0.007662391860043577 0.0027476128153544597
-0.06676558476558773 -0.5426234362009745 48 nil_vol 0.6 nil_bias 0.87 Home 0.005 0.01 0.001 -0.05837696753149946 -0.5396154104256714 -0.008388617234088278 -0.0030080257753031634
-0.12001027896677777 -0.41785052570613074 48 nil_vol 0.6 nil_bias 0.87 Home 0.005 0.01 0.001 -0.1040873465885817 -0.41214081340487224 -0.01592293237819607 -0.005709712301258523
-0.1485371251790215 -0.3206829427546756 48 nil_vol 0.6 nil_bias 0.87 Home 0.005 0.01 0.001 -0.13821051829237702 -0.3169799844697008 -0.010326606886644482 -0.003702958284974821
-0.19035804023395908 -0.1441585244931332 48 nil_vol 0.6 nil_bias 0.87 Home 0.005 0.01 0.001 -0.19906234442955262 -0.1472797506315756 0.008704304195593529 0.00312122613844241
-0.20140250021532566 -0.10391059410890598 48 nil_vol 0.6 nil_bias 0.87 Home 0.005 0.01 0.001 -0.21310863400472604 -0.10810822897351435 0.011706133789400388 0.004197634864608379
-0.33020501531376795 0.24421637065473903 48 nil_vol 0.6 nil_bias 0.87 Home 0.005 0.01 0.001 -0.33839374726487603 0.24128002058790243 0.008188731951108112 0.0029363500668366
-0.3764860715812017 0.3475098045445256 48 nil_vol 0.6 nil_bias 0.87 Left 0.005 0.01 0.001 -0.4 0.35 0.023513928418798343 -0.002490195455474359
-0.31941558071827186 0.15156234982818773 49 nil_vol 0.6 nil_bias 0.87 Left 0.005 0.01 0.001 -0.31259622903 0.15381166051648157 -0.006819351688271873 -0.0022493106882938516
-0.30385962056792065 0.1386776658693815 49 nil_vol 0.6 nil_bias 0.87 Left 0.005 0.01 0.001 -0.30723695683460484 0.13756367748604584 0.00337733626668421 0.0011139883833356542
-0.2707197663700248 0.020708103771129676 49 nil_vol 0.6 nil_bias 0.87 Left 0.005 0.01 0.001 -0.2688919084324348 0.021311008648843333 -0.0018278579375900085 -0.0006029048777136553
-0.16498376731330577 -0.3151383824341468 49 nil_vol 0.6 nil_bias 0.87 Left 0.005 0.01 0.001 -0.1586100950374515 -0.3130360756711128 -0.006373672275854295 -0.002102306763033997
-0.12825540960731618 -0.399561220596272 49 nil_vol 0.6 nil_bias 0.87 Left 0.005 0.01 0.001 -0.12989234928085835 -0.40010115255345835 0.0016369396735421771 0.0005399319571863492
-0.07258610708725077 -0.5668872549950101 49 nil_vol 0.6 nil_bias 0.87 Left 0.005 0.01 0.001 -0.07465423288853207 -0.5675694103790122 0.002068125801281295 0.0006821553840020756
-0.05979884607647502 -0.5920771590054846 49 nil_vol 0.6 nil_bias 0.87 Left 0.005 0.01 0.001 -0.06590609646930051 -0.5940915885601731 0.006107250392825498 0.0020144295546884175
-0.0025039650620664595 -0.7863111134582261 49 nil_vol 0.6 nil_bias 0.87 Home 0.005 0.01 0.001 0.0 -0.75 -0.0025039650620664595 -0.036311113458226164
-0.011025908895698749 -0.7483782032400486 50 nil_vol 0.6 nil_bias 0.87 Home 0.005 0.01 0.001 -0.012733553353481595 -0.7488444443056771 0.0017076444577828463 0.00046624106562851195
-0.0611675183784708 -0.5998855865386109 50 nil_vol 0.6 nil_bias 0.87 Home 0.005 0.01 0.001 -0.05394263181807421 -0.5979129634942695 -0.007224886560396593 -0.0019726230443414612
-0.10149219526759186 -0.40331048717557677 50 nil_vol 0.6 nil_bias 0.87 Home 0.005 0.01 0.001 -0.10668795186123957 -0.40472909341994334 0.005195756593647708 0.0014186062443665487
-0.19976406853143508 -0.04808588724769846 50 nil_vol 0.6 nil_bias 0.87 Home 0.005 0.01 0.001 -0.20376462523588335 -0.04917816603704961 0.004000556704448268 0.00109227878935115
-0.1895128762718194 -0.03241930453285417 50 nil_vol 0.6 nil_bias 0.87 Home 0.005 0.01 0.001 -0.20703417733986945 -0.03720317511196303 0.01752130106805007 0.004783870579108854
-0.24543984163420976 0.11150897565034908 50 nil_vol 0.6 nil_bias 0.87 Home 0.005 0.01 0.001 -0.2474848597990324 0.11095062086867835 0.0020450181648226404 0.0005583547816707292
-0.2524436939206353 0.15554652592731483 50 nil_vol 0.6 nil_bias 0.87 Home 0.005 0.01 0.001 -0.2591602602516314 0.15371269041825686 0.0067165663309961075 0.00183383550905796
-0.359784532746884 0.5222569777244693 50 nil_vol 0.6 nil_bias 0.87 Left 0.005 0.01 0.001 -0.4 0.35 0.040215467253116026 0.17225697772446935
-0.35176715579029266 0.4842583248436482 51 nil_vol 0.6 nil_bias 0.87 Left 0.005 0.01 0.001 -0.3499053025201527 0.48474871484553866 -0.0018618532701399962 -0.0004903900018904304
-0.2912573544521524 0.3214206421075639 51 nil_vol 0.6 nil_bias 0.87 Left 0.005 0.01 0.001 -0.3058727154639559 0.3175711298881242 0.014615361011803512 0.003849512219439682
-0.15170402065861122 -0.2989843777546372 51 nil_vol 0.6 nil_bias 0.87 Left 0.005 0.01 0.001 -0.14401288872880963 -0.296958625101577 -0.007691131929801574 -0.0020257526530602196
-0.11492647379481845 -0.4237723212174644 51 nil_vol 0.6 nil_bias 0.87 Left 0.005 0.01 0.001 -0.11089158343738567 -0.4227095790982316 -0.00403489035743278 -0.0010627421192328224
-0.058118228558340035 -0.6271476352546482 51 nil_vol 0.6 nil_bias 0.87 Left 0.005 0.01 0.001 -0.057114652884464434 -0.6268833053611481 -0.0010035756738756005 -0.00026432989350016854
-0.04338678368442685 -0.7026508374114999 51 nil_vol 0.6 nil_bias 0.87 Left 0.005 0.01 0.001 -0.03756244019575017 -0.7011167746256565 -0.005824343488676677 -0.0015340627858434347
-0.04694422542736888 -0.7136991471054582 51 nil_vol 0.6 nil_bias 0.87 Left 0.005 0.01 0.001 -0.035072007803100214 -0.7105721462205975 -0.011872217624268672 -0.0031270008848607853
-0.021811387910414533 -0.7609184591880398 51 nil_vol 0.6 nil_bias 0.87 Home 0.005 0.01 0.001 0.0 -0.75 -0.021811387910414533 -0.010918459188039775
-0.04146307133834212 -0.7437608007378695 52 nil_vol 0.6 nil_bias 0.87 Home 0.005 0.01 0.001 -0.028861202592004455 -0.7395945465902742 -0.012601868746337666 -0.004166254147595297
-0.13676119047752366 -0.43644436598115344 52 nil_vol 0.6 nil_bias 0.87 Home 0.005 0.01 0.001 -0.12984088108168848 -0.4341564697727899 -0.006920309395835191 -0.00228789620836355
-0.15734056278368308 -0.3483578894977769 52 nil_vol 0.6 nil_bias 0.87 Home 0.005 0.01 0.001 -0.1581210986219571 -0.3486159393742685 0.0007805358382740249 0.00025804987649161106
-0.1971954113018361 -0.25299765065484375 52 nil_vol 0.6 nil_bias 0.87 Home 0.005 0.01 0.001 -0.19046835394068956 -0.25077364473983743 -0.006727057361146552 -0.002224005915006324
-0.27241913413930025 -0.03207809214512261 52 nil_vol 0.6 nil_bias 0.87 Home 0.005 0.01 0.001 -0.26372112412393706 -0.029202477342924027 -0.008698010015363184 -0.002875614802198584
-0.3039447524262488 0.040064757052758096 52 nil_vol 0.6 nil_bias 0.87 Home 0.005 0.01 0.001 -0.28832818766105245 0.04522768796672261 -0.015616564765196373 -0.005162930913964514
-0.3685048465802321 0.26919823457085107 52 nil_vol 0.6 nil_bias 0.87 Home 0.005 0.01 0.001 -0.3629782645779452 0.2710253560599354 -0.00552658200228691 -0.0018271214890842988
-0.3988130190733457 0.3794164567250063 52 nil_vol 0.6 nil_bias 0.87 Left 0.005 0.01 0.001 -0.4 0.35 0.0011869809266542883 0.029416456725006333
-0.36586715622842236 0.2263496701058837 53 nil_vol 0.6 nil_bias 0.87 Left 0.005 0.01 0.001 -0.3509328431306075 0.2311732122597726 -0.014934313097814853 -0.004823542153888919
-0.33371602373039655 0.17845517383864432 53 nil_vol 0.6 nil_bias 0.87 Left 0.005 0.01 0.001 -0.33388784338514516 0.1783996788626037 0.00017181965474858548 5.5494976040626e-05
-0.2948656564669958 0.013326253071758404 53 nil_vol 0.6 nil_bias 0.87 Left 0.005 0.01 0.001 -0.2819220491345832 0.01750682938500131 -0.012943607332412633 -0.004180576313242905
-0.2421896451327595 -0.12460466542378044 53 nil_vol 0.6 nil_bias 0.87 Left 0.005 0.01 0.001 -0.2366049199697768 -0.12280088931000172 -0.00558472516298269 -0.0018037761137787236
-0.2098053610612448 -0.21620045451851375 53 nil_vol 0.6 nil_bias 0.87 Left 0.005 0.01 0.001 -0.2067564278539153 -0.21521569828944437 -0.0030489332073295075 -0.0009847562290693811
-0.19282758557061797 -0.3072318222450141 53 nil_vol 0.6 nil_bias 0.87 Left 0.005 0.01 0.001 -0.17852837759000556 -0.30261340879606874 -0.014299207980612395 -0.0046184134489453445
-0.049303612526139455 -0.69570259699909 53 nil_vol 0.6 nil_bias 0.87 Left 0.005 0.01 0.001 -0.051353111756493985 -0.6963645521802375 0.0020494992303545286 0.0006619551811475303
-0.03253290243902794 -0.7546343650161932 53 nil_vol 0.6 nil_bias 0.87 Home 0.005 0.01 0.001 0.0 -0.75 -0.03253290243902794 -0.004634365016193215
-0.11218967236255606 -0.5738422429844156 54 nil_vol 0.6 nil_bias 0.87 Home 0.005 0.01 0.001 -0.11051311858338903 -0.5731219724605339 -0.001676553779167033 -0.000720270523881728
-0.12797860324838 -0.5542045175855226 54 nil_vol 0.6 nil_bias 0.87 Home 0.005 0.01 0.001 -0.12009531868088946 -0.5508177502918684 -0.007883284567490548 -0.0033867672936541433
-0.12027783725928606 -0.5108031265870762 54 nil_vol 0.6 nil_bias 0.87 Home 0.005 0.01 0.001 -0.13463607908604586 -0.5169716244253734 0.01435824182675979 0.006168497838297181
-0.13382405533091674 -0.5128871783176073 54 nil_vol 0.6 nil_bias 0.87 Home 0.005 0.01 0.001 -0.13599088575121818 -0.5138180784183896 0.0021668304203014445 0.0009309001007822101
-0.15777885892582869 -0.43922393144489535 54 nil_vol 0.6 nil_bias 0.87 Home 0.005 0.01 0.001 -0.16643914433450913 -0.44294450896873394 0.008660285408680428 0.003720577523838606
-0.2181276962526028 -0.28373755949789903 54 nil_vol 0.6 nil_bias 0.87 Home 0.005 0.01 0.001 -0.2322332099957789 -0.2897974818813409 0.014105513743176102 0.006059922383441873
-0.27152536096596375 -0.17051154299622215 54 nil_vol 0.6 nil_bias 0.87 Home 0.005 0.01 0.001 -0.28161741704749493 -0.17484722886041182 0.010092056081531213 0.004335685864189665
-0.5006692531403772 0.33503367207633655 54 nil_vol 0.6 nil_bias 0.87 Left 0.005 0.01 0.001 -0.4 0.35 -0.10066925314037725 -0.014966327923663423
-0.47898698830588404 0.2771963434076241 55 nil_vol 0.6 nil_bias 0.87 Left 0.005 0.01 0.001 -0.4736204291678581 0.2798256556499148 -0.005366559138025915 -0.0026293122422907014
-0.42520606524989174 0.17841890187473744 55 nil_vol 0.6 nil_bias 0.87 Left 0.005 0.01 0.001 -0.42418251858312017 0.17892038219243842 -0.0010235466667715884 -0.0005014803177009885
-0.3732375313193864 0.07573546892889443 55 nil_vol 0.6 nil_bias 0.87 Left 0.005 0.01 0.001 -0.3735521823019442 0.07558130763872511 0.00031465098255779 0.0001541612901693137
-0.24243347093593487 -0.15340787889389226 55 nil_vol 0.6 nil_bias 0.87 Left 0.005 0.01 0.001 -0.25769653509322843 -0.16088592216360692 0.015263064157293572 0.00747804326971466
-0.1791124582799742 -0.34306675663613617 55 nil_vol 0.6 nil_bias 0.87 Left 0.005 0.01 0.001 -0.1705044724562288 -0.3388493275673932 -0.008607985823745409 -0.004217429068742951
-0.13525899964547816 -0.4204769074348229 55 nil_vol 0.6 nil_bias 0.87 Left 0.005 0.01 0.001 -0.13143054811491067 -0.4186011814399277 -0.003828451530567477 -0.0018757259948952102
-0.03990611863282219 -0.5992944746056701 55 nil_vol 0.6 nil_bias 0.87 Left 0.005 0.01 0.001 -0.042321253216875576 -0.6004777547606648 0.002415134584053385 0.0011832801549946435
0.028780918688545317 -0.7456008802058541 55 nil_vol 0.6 nil_bias 0.87 Home 0.005 0.01 0.001 0.0 -0.75 0.028780918688545317 0.004399119794145834
0.02779287347071631 -0.720479486454801 56 nil_vol 0.6 nil_bias 0.87 Home 0.005 0.01 0.001 0.020436811924217774 -0.7232222740269211 0.0073560615464985345 0.002742787572120116
-0.0907721983319685 -0.4249473865618926 56 nil_vol 0.6 nil_bias 0.87 Home 0.005 0.01 0.001 -0.0907774891568822 -0.42494935930351907 5.290824913702185e-06 1.9727416264581586e-06
-0.23138577694842613 -0.05392552447119412 56 nil_vol 0.6 nil_bias 0.87 Home 0.005 0.01 0.001 -0.2293945877791701 -0.05318308792785453 -0.001991189169256034 -0.0007424365433395868
-0.2897022267118332 0.10093860636458905 56 nil_vol 0.6 nil_bias 0.87 Home 0.005 0.01 0.001 -0.28720738420747666 0.10186883553302273 -0.0024948425043565736 -0.0009302291684336711
-0.30575075648083716 0.12621592173819737 56 nil_vol 0.6 nil_bias 0.87 Home 0.005 0.01 0.001 -0.2974407594527794 0.1293143945322105 -0.008309997028057731 -0.003098472794013128
-0.358446505075724 0.2725158396199379 56 nil_vol 0.6 nil_bias 0.87 Home 0.005 0.01 0.001 -0.35176401136004976 0.27500748009878173 -0.006682493715674237 -0.0024916404788438
-0.3668978843583845 0.3287837080408325 56 nil_vol 0.6 nil_bias 0.87 Home 0.005 0.01 0.001 -0.37121489021183873 0.32717406544488925 0.004317005853454253 0.0016096425959432363
-0.4064616003799822 0.4217045248738136 56 nil_vol 0.6 nil_bias 0.87 Left 0.005 0.01 0.001 -0.4 0.35 -0.006461600379982181 0.07170452487381364
-0.3746508164355607 0.3311706968117411 57 nil_vol 0.6 nil_bias 0.87 Left 0.005 0.01 0.001 -0.37311881304757505 0.3317384806193033 -0.0015320033879856628 -0.0005677838075621765
-0.35945511972980637 0.2816132058409889 57 nil_vol 0.6 nil_bias 0.87 Left 0.005 0.01 0.001 -0.3551350132373641 0.283214303157476 -0.0043201064924422205 -0.0016010973164870563
-0.3666077791797963 0.252743089430744 57 nil_vol 0.6 nil_bias 0.87 Left 0.005 0.01 0.001 -0.34659129440508984 0.2601615037949161 -0.020016484774706474 -0.007418414364172109
-0.31904843767281954 0.2086356436458034 57 nil_vol 0.6 nil_bias 0.87 Left 0.005 0.01 0.001 -0.3264749515372343 0.2058832644070114 0.007426513864414777 0.002752379238791982
-0.3152375142809135 0.20663589238227134 57 nil_vol 0.6 nil_bias 0.87 Left 0.005 0.01 0.001 -0.32536308280763504 0.2028832023445601 0.010125568526721501 0.0037526900377112455
-0.18420031152447205 -0.20596208913185826 57 nil_vol 0.6 nil_bias 0.87 Left 0.005 0.01 0.001 -0.1750901219385462 -0.20258571400679315 -0.009110189585925849 -0.003376375125065112
-0.05012150092576912 -0.5093568796886231 57 nil_vol 0.6 nil_bias 0.87 Left 0.005 0.01 0.001 -0.06003445197838675 -0.5130307704495523 0.00991295105261763 0.0036738907609291773
0.02664997482689883 -0.7469240829789872 57 nil_vol 0.6 nil_bias 0.87 Home 0.005 0.01 0.001 0.0 -0.75 0.02664997482689883 0.003075917021012893
-0.07433809184138924 -0.5623627901700097 58 nil_vol 0.6 nil_bias 0.87 Home 0.005 0.01 0.001 -0.08027445438544092 -0.5658685779476887 0.005936362544051682 0.00350578777767908
-0.18572356422309114 -0.39159454061705296 58 nil_vol 0.6 nil_bias 0.87 Home 0.005 0.01 0.001 -0.18384810126443488 -0.39048696420655643 -0.0018754629586562469 -0.0011075764104965477
-0.3549276267157378 -0.08159325442701981 58 nil_vol 0.6 nil_bias 0.87 Home 0.005 0.01 0.001 -0.36333624911809964 -0.08655906394868673 0.008408622402361848 0.004965809521666914
-0.3805102547374264 -0.06811402249572647 58 nil_vol 0.6 nil_bias 0.87 Home 0.005 0.01 0.001 -0.3758533414409206 -0.06536382831613408 -0.0046569132965057925 -0.0027501941795923883
-0.3873812067196179 -0.04007947374513352 58 nil_vol 0.6 nil_bias 0.87 Home 0.005 0.01 0.001 -0.389905077600808 -0.041569974977505586 0.0025238708811901084 0.0014905012323720669
-0.41239816830235076 -0.0004877789315835244 58 nil_vol 0.6 nil_bias 0.87 Home 0.005 0.01 0.001 -0.41370935256935343 -0.0012621140136194198 0.0013111842670026734 0.0007743350820358953
-0.5609973491343995 0.24761470330397864 58 nil_vol 0.6 nil_bias 0.87 Home 0.005 0.01 0.001 -0.5607668383060196 0.2477508341482052 -0.00023051082837985466 -0.00013613084422657508
-0.562239272877763 0.2502441126905963 58 nil_vol 0.6 nil_bias 0.87 Left 0.005 0.01 0.001 -0.4 0.35 -0.16223927287776302 -0.09975588730940363
-0.5544408602591905 0.2273629237619358 59 nil_vol 0.6 nil_bias 0.87 Left 0.005 0.01 0.001 -0.5506283890313897 0.22949647567217674 -0.003812471227800768 -0.00213355191024095
-0.48633155882405166 0.12848499268335048 59 nil_vol 0.6 nil_bias 0.87 Left 0.005 0.01 0.001 -0.49224723158649597 0.12517443788345128 0.0059156727624443085 0.0033105547998991953
-0.3556035978122726 -0.13788817426733935 59 nil_vol 0.6 nil_bias 0.87 Left 0.005 0.01 0.001 -0.3475524349005425 -0.13338254708129715 -0.0080511629117301 -0.004505627186042205
-0.26994613479131546 -0.27318164335964684 59 nil_vol 0.6 nil_bias 0.87 Left 0.005 0.01 0.001 -0.2694673847033672 -0.27291372313057816 -0.0004787500879482873 -0.00026792022906866887
-0.15301548603175572 -0.5036884020481018 59 nil_vol 0.6 nil_bias 0.87 Left 0.005 0.01 0.001 -0.14334792566091287 -0.49827819940941076 -0.00966756037084285 -0.005410202638691062
-0.1426372568794291 -0.5127930524297606 59 nil_vol 0.6 nil_bias 0.87 Left 0.005 0.01 0.001 -0.13699279069835452 -0.5096342714493022 -0.005644466181074581 -0.0031587809804584422
-0.09776241816905737 -0.5531852013371042 59 nil_vol 0.6 nil_bias 0.87 Left 0.005 0.01 0.001 -0.1090771013977872 -0.5595171741111921 0.011314683228729827 0.006331972774087855
-0.03521093853282406 -0.691509566365156 59 nil_vol 0.6 nil_bias 0.87 Home 0.005 0.01 0.001 0.0 -0.75 -0.03521093853282406 0.05849043363484393
-0.028211589151480223 -0.6293913440009711 60 nil_vol 0.6 nil_bias 0.87 Home 0.005 0.01 0.001 -0.0563527502189582 -0.6412225260302975 0.028141161067477976 0.011831182029326382
-0.06003599009751774 -0.6417493532111329 60 nil_vol 0.6 nil_bias 0.87 Home 0.005 0.01 0.001 -0.05671777242498656 -0.6403542992827428 -0.003318217672531181 -0.0013950539283901153
-0.08226501985372899 -0.6022750765740271 60 nil_vol 0.6 nil_bias 0.87 Home 0.005 0.01 0.001 -0.0741597836570588 -0.5988674515437894 -0.008105236196670178 -0.003407625030237746
-0.1574910266894882 -0.38204988492257597 60 nil_vol 0.6 nil_bias 0.87 Home 0.005 0.01 0.001 -0.1641396285055419 -0.384845107839556 0.006648601816053714 0.0027952229169800587
-0.30618309387313725 -0.03607671388860181 60 nil_vol 0.6 nil_bias 0.87 Home 0.005 0.01 0.001 -0.31008082333330667 -0.03771540770915016 0.003897729460169394 0.0016386938205483566
-0.3476148969064081 0.09479155119593925 60 nil_vol 0.6 nil_bias 0.87 Home 0.005 0.01 0.001 -0.3630597875404554 0.08829816906162391 0.015444890634047314 0.006493382134315342
-0.43906581354481106 0.264996364924606 60 nil_vol 0.6 nil_bias 0.87 Home 0.005 0.01 0.001 -0.4376057826398523 0.2656101950136911 -0.0014600309049587526 -0.0006138300890851347
-0.46072109471916384 0.32059132189826856 60 nil_vol 0.6 nil_bias 0.87 Left 0.005 0.01 0.001 -0.4 0.35 -0.06072109471916381 -0.029408678101731412
-0.4055146061789484 0.17810000632632925 61 nil_vol 0.6 nil_bias 0.87 Left 0.005 0.01 0.001 -0.4027199865177658 0.17924678597573032 -0.0027946196611825904 -0.0011467796494010727
-0.38618013396384837 0.1402234529354801 61 nil_vol 0.6 nil_bias 0.87 Left 0.005 0.01 0.001 -0.38663077443462096 0.1400385314135082 0.0004506404707726142 0.000184921521971926
-0.396999948442072 0.1297569899048703 61 nil_vol 0.6 nil_bias 0.87 Left 0.005 0.01 0.001 -0.38451418548160016 0.13488055611647268 -0.012485762960471802 -0.005123566211602359
-0.36387090844848713 0.08472490261212406 61 nil_vol 0.6 nil_bias 0.87 Left 0.005 0.01 0.001 -0.36392377655095953 0.08470320804493128 5.2868102472400387e-05 2.1694567192783405e-05
-0.3133996530876603 -0.04397409167131249 61 nil_vol 0.6 nil_bias 0.87 Left 0.005 0.01 0.001 -0.3114491469828723 -0.04317369627652129 -0.0019505061047880514 -0.0008003953947912015
-0.17700628264765722 -0.35275916104961214 61 nil_vol 0.6 nil_bias 0.87 Left 0.005 0.01 0.001 -0.18334290442362372 -0.35535941073638166 0.006336621775966499 0.002600249686769553
-0.11811684823263409 -0.5280914847840504 61 nil_vol 0.6 nil_bias 0.87 Left 0.005 0.01 0.001 -0.1132768414692657 -0.526105375068911 -0.0048400067633683945 -0.0019861097151394383
-0.0047815006282641214 -0.7905007302004075 61 nil_vol 0.6 nil_bias 0.87 Home 0.005 0.01 0.001 0.0 -0.75 -0.0047815006282641214 -0.04050073020040751
-0.040495575707755756 -0.6927569492080091 62 nil_vol 0.6 nil_bias 0.87 Home 0.005 0.01 0.001 -0.04505459453354267 -0.6946729467046535 0.004559018825786914 0.0019159974966444315
-0.17793583641667432 -0.419868932939819 62 nil_vol 0.6 nil_bias 0.87 Home 0.005 0.01 0.001 -0.16315570159818443 -0.4136573548800583 -0.014780134818489894 -0.006211578059760667
-0.18054462667113613 -0.3799432403746097 62 nil_vol 0.6 nil_bias 0.87 Home 0.005 0.01 0.001 -0.177807936847985 -0.3787931045557814 -0.002736689823151133 -0.001150135818828255
-0.1823896190319544 -0.34705900155996977 62 nil_vol 0.6 nil_bias 0.87 Home 0.005 0.01 0.001 -0.18983045706442545 -0.3501861277219659 0.007440838032471047 0.0031271261619961444
-0.21803089855140373 -0.2821887794226261 62 nil_vol 0.6 nil_bias 0.87 Home 0.005 0.01 0.001 -0.21835086997814174 -0.28232325231603905 0.0003199714267380219 0.0001344728934129765
-0.28404130069102695 -0.12924824322830689 62 nil_vol 0.6 nil_bias 0.87 Home 0.005 0.01 0.001 -0.2828868838463942 -0.1287630818659783 -0.001154416844632733 -0.00048516136232859265
-0.45484241156086513 0.3016242885391111 62 nil_vol 0.6 nil_bias 0.87 Home 0.005 0.01 0.001 -0.4624245834639312 0.2984377646530434 0.007582171903066106 0.003186523886067718
-0.5123228356879838 0.4171681239889646 62 nil_vol 0.6 nil_bias 0.87 Left 0.005 0.01 0.001 -0.4 0.35 -0.11232283568798372 0.0671681239889646
-0.5047953422747209 0.41572555498743496 63 nil_vol 0.6 nil_bias 0.87 Left 0.005 0.01 0.001 -0.5106264743011579 0.4132200828283051 0.005831132026436983 0.002505472159129892
-0.4478275283921895 0.2714516196389033 63 nil_vol 0.6 nil_bias 0.87 Left 0.005 0.01 0.001 -0.44941880580496435 0.270767892836443 0.0015912774127748992 0.0006837268024603252
-0.43440037039435464 0.24765395670002502 63 nil_vol 0.6 nil_bias 0.87 Left 0.005 0.01 0.001 -0.4386946098220089 0.24580884373021977 0.004294239427654264 0.0018451129698052486
-0.32329071157118827 -0.05829881151400508 63 nil_vol 0.6 nil_bias 0.87 Left 0.005 0.01 0.001 -0.3104067732184082 -0.05276294837516948 -0.01288393835278004 -0.0055358631388356
-0.3007551025239163 -0.09414071937216016 63 nil_vol 0.6 nil_bias 0.87 Left 0.005 0.01 0.001 -0.29389450563909747 -0.09119291534165702 -0.00686059688481883 -0.002947804030503134
-0.17713161247856218 -0.3095827281775325 63 nil_vol 0.6 nil_bias 0.87 Left 0.005 0.01 0.001 -0.19648551864298602 -0.317898553105785 0.019353906164423836 0.008315824928252523
-0.10673813547293756 -0.5459106424308267 63 nil_vol 0.6 nil_bias 0.87 Left 0.005 0.01 0.001 -0.09979669874965313 -0.5429281038129903 -0.006941436723284433 -0.0029825386178364078
-0.02060249352652738 -0.7272414136624055 63 nil_vol 0.6 nil_bias 0.87 Home 0.005 0.01 0.001 0.0 -0.75 -0.02060249352652738 0.02275858633759451
