x y trial vol omega bias theta state target_sigma moving_sigma staying_sigma x_mean y_mean x_noise y_noise
-0.2099017112674848 -0.18025550216797936 0 nil_vol 0.6 nil_bias 0.65 Home 0.005 0.01 0.001 -0.21429959211866895 -0.18191452023156274 0.004397880851184156 0.001659018063583382
-0.2401355370413284 -0.1185012668763945 0 nil_vol 0.6 nil_bias 0.65 Home 0.005 0.01 0.001 -0.23845955107556363 -0.11786903260593506 -0.001675985965764763 -0.0006322342704594458
-0.2524627398919758 -0.07613722016136924 0 nil_vol 0.6 nil_bias 0.65 Home 0.005 0.01 0.001 -0.2539854130109909 -0.07671162003595855 0.0015226731190150918 0.0005743998745893052
-0.26221813479880496 -0.07451695956878646 0 nil_vol 0.6 nil_bias 0.65 Home 0.005 0.01 0.001 -0.2557357701163492 -0.07207160907684818 -0.006482364682455792 -0.002445350491938279
-0.2961635574057678 0.043969235090146185 0 nil_vol 0.6 nil_bias 0.65 Home 0.005 0.01 0.001 -0.29909311592268945 0.04286411408701829 0.0029295585169216683 0.001105121003127894
-0.3201316419879019 0.08848283240723653 0 nil_vol 0.6 nil_bias 0.65 Home 0.005 0.01 0.001 -0.31677901240213924 0.08974754903587978 -0.0033526295857626604 -0.0012647166286432483
-0.33724127810185356 0.14875635899573575 0 nil_vol 0.6 nil_bias 0.65 Home 0.005 0.01 0.001 -0.3388150290500781 0.14816269096810308 0.0015737509482245382 0.0005936680276326698
-0.3969992839437615 0.3024029768662847 0 nil_vol 0.6 nil_bias 0.65 Left 0.005 0.01 0.001 -0.4 0.35 0.0030007160562385156 -0.04759702313371526
-0.36281123732723447 0.2219114580004648 1 nil_vol 0.6 nil_bias 0.65 Left 0.005 0.01 0.001 -0.36825149295450854 0.22001322042273702 0.005440255627274077 0.0018982375777277882
-0.3380211416670575 0.14491666418910018 1 nil_vol 0.6 nil_bias 0.65 Left 0.005 0.01 0.001 -0.3416113728458933 0.1436639451620329 0.003590231178835847 0.0012527190270672916
-0.27824150675952153 0.049070165660172776 1 nil_vol 0.6 nil_bias 0.65 Left 0.005 0.01 0.001 -0.30530978704868594 0.03962538395694498 0.027068280289164387 0.009444781703227793
-0.11001398467177098 -0.5399099535214444 1 nil_vol 0.6 nil_bias 0.65 Left 0.005 0.01 0.001 -0.10384666477480958 -0.5377580255268134 -0.006167319896961394 -0.002151927994631087
-0.0911203332740697 -0.6256573552155309 1 nil_vol 0.6 nil_bias 0.65 Left 0.005 0.01 0.001 -0.07512397704766943 -0.6200758372546024 -0.015996356226400263 -0.005581517960928547
-0.03732636442311252 -0.7346816986637581 1 nil_vol 0.6 nil_bias 0.65 Left 0.005 0.01 0.001 -0.0353730192901614 -0.7340001290119479 -0.001953345132951116 -0.0006815696518101662
-0.018237446824731593 -0.7549048670031928 1 nil_vol 0.6 nil_bias 0.65 Left 0.005 0.01 0.001 -0.027010717629928516 -0.7579660746858824 0.008773270805196923 0.0030612076826896355
-0.024601909263444532 -0.7648696011066772 1 nil_vol 0.6 nil_bias 0.65 Home 0.005 0.01 0.001 0.0 -0.75 -0.024601909263444532 -0.01486960110667725
-0.029333043010548523 -0.7212879856057742 2 nil_vol 0.6 nil_bias 0.65 Home 0.005 0.01 0.001 -0.036472161798496994 -0.7233279412346981 0.007139118787948472 0.0020399556289239043
-0.04140016177478485 -0.6653735355623454 2 nil_vol 0.6 nil_bias 0.65 Home 0.005 0.01 0.001 -0.05215418880140531 -0.6684464271359647 0.010754027026620455 0.0030728915736193147
-0.06810953301136967 -0.556421508353037 2 nil_vol 0.6 nil_bias 0.65 Home 0.005 0.01 0.001 -0.08295263477286753 -0.5606628257884847 0.014843101761497866 0.00424131743544767
-0.11552285142010847 -0.4589858446402934 2 nil_vol 0.6 nil_bias 0.65 Home 0.005 0.01 0.001 -0.11227161568343723 -0.4580568256900587 -0.0032512357366712404 -0.0009290189502347476
-0.1967094620896302 -0.19304506080157566 2 nil_vol 0.6 nil_bias 0.65 Home 0.005 0.01 0.001 -0.1886546326670003 -0.19074344695975898 -0.008054829422629889 -0.0023016138418166803
-0.2814966498854237 0.16144427366185066 2 nil_vol 0.6 nil_bias 0.65 Home 0.005 0.01 0.001 -0.2887016448926234 0.1593854943421793 0.007204995007199658 0.0020587793196713586
-0.30480568176262973 0.23239393313153062 2 nil_vol 0.6 nil_bias 0.65 Home 0.005 0.01 0.001 -0.3092041853165053 0.23113709004625838 0.004398503553875535 0.001256843085272243
-0.3524254679721113 0.38239619915180173 2 nil_vol 0.6 nil_bias 0.65 Left 0.005 0.01 0.001 -0.4 0.35 0.04757453202788873 0.03239619915180177
-0.34154314652197326 0.3506042156752892 3 nil_vol 0.6 nil_bias 0.65 Left 0.005 0.01 0.001 -0.34515951255498245 0.3497981444358599 0.003616366033009193 0.000806071239429314
-0.27775002560351675 0.11715925060425146 3 nil_vol 0.6 nil_bias 0.65 Left 0.005 0.01 0.001 -0.2925691326044581 0.11385614028896496 0.014819107000941337 0.0033031103152865067
-0.29261899108360684 0.09055722319245053 3 nil_vol 0.6 nil_bias 0.65 Left 0.005 0.01 0.001 -0.28762407122641664 0.09167056769446852 -0.004994919857190187 -0.001113344502017988
-0.2634322428032489 0.023236172210483182 3 nil_vol 0.6 nil_bias 0.65 Left 0.005 0.01 0.001 -0.27194731278256323 0.02133820254994473 0.008515069979314338 0.0018979696605384538
-0.2642773138239695 -0.05092955514796803 3 nil_vol 0.6 nil_bias 0.65 Left 0.005 0.01 0.001 -0.2562385489924083 -0.04913775169883944 -0.008038764831561228 -0.0017918034491285879
-0.21349330495758767 -0.16882708633191346 3 nil_vol 0.6 nil_bias 0.65 Left 0.005 0.01 0.001 -0.22879988390762912 -0.17223885188691063 0.015306578950041446 0.0034117655549971795
-0.15033615046491489 -0.5515013748180054 3 nil_vol 0.6 nil_bias 0.65 Left 0.005 0.01 0.001 -0.1445514229442563 -0.5502119858458228 -0.005784727520658603 -0.0012893889721826977
-0.08952654411496257 -0.7970761499978478 3 nil_vol 0.6 nil_bias 0.65 Home 0.005 0.01 0.001 0.0 -0.75 -0.08952654411496257 -0.04707614999784786
-0.11194600346628542 -0.7446983876213717 4 nil_vol 0.6 nil_bias 0.65 Home 0.005 0.01 0.001 -0.10448752776293455 -0.742648224368831 -0.007458475703350876 -0.002050163252540709
-0.12983189313076127 -0.6390706522659215 4 nil_vol 0.6 nil_bias 0.65 Home 0.005 0.01 0.001 -0.13273896684900932 -0.6398697399007987 0.0029070737182480652 0.0007990876348771134
-0.15501495950600702 -0.6051640235727523 4 nil_vol 0.6 nil_bias 0.65 Home 0.005 0.01 0.001 -0.14317348006394473 -0.601909073503407 -0.011841479442062288 -0.003254950069345326
-0.19169154670959582 -0.4786558541265383 4 nil_vol 0.6 nil_bias 0.65 Home 0.005 0.01 0.001 -0.17808130612504638 -0.4749147123417437 -0.013610240584549434 -0.0037411417847946233
-0.1663911519997483 -0.44930360045882567 4 nil_vol 0.6 nil_bias 0.65 Home 0.005 0.01 0.001 -0.18380543408344385 -0.45409038567035764 0.017414282083695554 0.004786785211531996
-0.2174218198461132 -0.27689423323770074 4 nil_vol 0.6 nil_bias 0.65 Home 0.005 0.01 0.001 -0.2314524588238805 -0.28075093286185593 0.014030638977767306 0.003856699624155181
-0.23403799000262634 -0.23695279420247917 4 nil_vol 0.6 nil_bias 0.65 Home 0.005 0.01 0.001 -0.24282745040917797 -0.2393688145063434 0.008789460406551625 0.0024160203038642173
-0.3947088520552987 0.31317437568332346 4 nil_vol 0.6 nil_bias 0.65 Left 0.005 0.01 0.001 -0.4 0.35 0.00529114794470134 -0.036825624316676506
-0.3801772009855223 0.21132263596123416 5 nil_vol 0.6 nil_bias 0.65 Left 0.005 0.01 0.001 -0.3605595677804619 0.21839059789240864 -0.019617633205060457 -0.007067961931174487
-0.3553557359729734 0.17954021606829806 5 nil_vol 0.6 nil_bias 0.65 Left 0.005 0.01 0.001 -0.3475726099369007 0.18234436873816776 -0.007783126036072676 -0.0028041526698696947
-0.3375186647124215 0.18399751314471854 5 nil_vol 0.6 nil_bias 0.65 Left 0.005 0.01 0.001 -0.3469446627331246 0.18060145641976816 0.009425998020703081 0.0033960567249503803
-0.23293771222248144 -0.12208142718443545 5 nil_vol 0.6 nil_bias 0.65 Left 0.005 0.01 0.001 -0.23732297227494328 -0.12366137573302516 0.004385260052461844 0.001579948548589709
-0.19504592831663878 -0.2084064358788452 5 nil_vol 0.6 nil_bias 0.65 Left 0.005 0.01 0.001 -0.20544113733781538 -0.2121516859230414 0.010395209021176613 0.00374525004419622
-0.21164032968588403 -0.23787581020460674 5 nil_vol 0.6 nil_bias 0.65 Left 0.005 0.01 0.001 -0.19795015910803063 -0.23294343108098275 -0.013690170577853393 -0.0049323791236239815
-0.03402428972382981 -0.6915972437480928 5 nil_vol 0.6 nil_bias 0.65 Left 0.005 0.01 0.001 -0.03285527842903785 -0.6911760651460497 -0.0011690112947919603 -0.00042117860204314637
-0.01898592493357447 -0.7296714464617371 5 nil_vol 0.6 nil_bias 0.65 Home 0.005 0.01 0.001 0.0 -0.75 -0.01898592493357447 0.02032855353826291
-0.034796776851188586 -0.7214207054469496 6 nil_vol 0.6 nil_bias 0.65 Home 0.005 0.01 0.001 -0.023404235548132167 -0.717339099166917 -0.01139254130305642 -0.004081606280032616
-0.09948342012606595 -0.5873021121235482 6 nil_vol 0.6 nil_bias 0.65 Home 0.005 0.01 0.001 -0.073347351190828 -0.5779383415421053 -0.02613606893523795 -0.009363770581442877
-0.21655481094510334 -0.209655189000563 6 nil_vol 0.6 nil_bias 0.65 Home 0.005 0.01 0.001 -0.20657336531145515 -0.20607913602885486 -0.009981445633648207 -0.0035760529717081416
-0.20606148659173648 -0.17989039305017476 6 nil_vol 0.6 nil_bias 0.65 Home 0.005 0.01 0.001 -0.21483044633398923 -0.1830320486475725 0.008768959742252747 0.0031416555973977278
-0.26888825224123175 -0.032732946967648405 6 nil_vol 0.6 nil_bias 0.65 Home 0.005 0.01 0.001 -0.2687020168782839 -0.03266622441587075 -0.0001862353629478984 -6.672255177765855e-05
-0.36578166207996676 0.18868637697087998 6 nil_vol 0.6 nil_bias 0.65 Home 0.005 0.01 0.001 -0.3500281087699545 0.1943304032168699 -0.01575355331001224 -0.005644026245989914
-0.38798374968655597 0.2989257154517485 6 nil_vol 0.6 nil_bias 0.65 Home 0.005 0.01 0.001 -0.387556337473659 0.29907884444429866 -0.000427412212897015 -0.00015312899255015802
-0.3921180756571132 0.3118115254289813 6 nil_vol 0.6 nil_bias 0.65 Left 0.005 0.01 0.001 -0.4 0.35 0.007881924342886787 -0.038188474571018684
-0.3092910663318352 0.08877534746815594 7 nil_vol 0.6 nil_bias 0.65 Left 0.005 0.01 0.001 -0.3127842652104103 0.08753966512570441 0.003493198878575118 0.0012356823424515219
-0.27653334574595645 0.01358611481945691 7 nil_vol 0.6 nil_bias 0.65 Left 0.005 0.01 0.001 -0.2855017447697294 0.010413638044170614 0.008968399023772947 0.003172476775286296
-0.2636008203016845 -0.028571604814021916 7 nil_vol 0.6 nil_bias 0.65 Left 0.005 0.01 0.001 -0.2708091370408341 -0.031121471003432266 0.007208316739149559 0.0025498661894103494
-0.18864700228095954 -0.20823672269973129 7 nil_vol 0.6 nil_bias 0.65 Left 0.005 0.01 0.001 -0.20598673218883845 -0.21437046967917162 0.0173397299078789 0.0061337469794403385
-0.11684567350945227 -0.42099343312077037 7 nil_vol 0.6 nil_bias 0.65 Left 0.005 0.01 0.001 -0.13111099102708407 -0.4260396390708857 0.014265317517631793 0.005046205950115337
-0.08335125646754565 -0.5352291834196458 7 nil_vol 0.6 nil_bias 0.65 Left 0.005 0.01 0.001 -0.09147037974865174 -0.5381012378383573 0.008119123281106089 0.0028720544187115383
-0.08244509434277485 -0.6063891384326408 7 nil_vol 0.6 nil_bias 0.65 Left 0.005 0.01 0.001 -0.0689970314076791 -0.6016320276906801 -0.013448062935095748 -0.004757110741960653
-0.030657939123583892 -0.710014311366182 7 nil_vol 0.6 nil_bias 0.65 Home 0.005 0.01 0.001 0.0 -0.75 -0.030657939123583892 0.03998568863381804
-0.1819641311664367 -0.10030637034673197 8 nil_vol 0.6 nil_bias 0.65 Home 0.005 0.01 0.001 -0.18657217696722314 -0.10148702397371523 0.00460804580078644 0.0011806536269832594
-0.21092285853864212 0.014307397049345963 8 nil_vol 0.6 nil_bias 0.65 Home 0.005 0.01 0.001 -0.21591294279987114 0.01302885917522878 0.004990084261229008 0.0012785378741171827
-0.23560906031112208 0.039319433082626344 8 nil_vol 0.6 nil_bias 0.65 Home 0.005 0.01 0.001 -0.2234473722888209 0.04243544835125024 -0.012161688022301203 -0.0031160152686238963
-0.24950087073247945 0.14777072498085672 8 nil_vol 0.6 nil_bias 0.65 Home 0.005 0.01 0.001 -0.2503783211705391 0.14754590841284076 0.0008774504380596327 0.00022481656801595819
-0.261016681612886 0.18277877801971865 8 nil_vol 0.6 nil_bias 0.65 Home 0.005 0.01 0.001 -0.2595047857507653 0.1831661494588066 -0.0015118958621207152 -0.0003873714390879448
-0.2649194054164845 0.19298802134918852 8 nil_vol 0.6 nil_bias 0.65 Home 0.005 0.01 0.001 -0.2621998337243572 0.19368481828241413 -0.0027195716921273485 -0.0006967969332256127
-0.2707934134630042 0.24168173036829 8 nil_vol 0.6 nil_bias 0.65 Home 0.005 0.01 0.001 -0.2742692210644203 0.24079117393098037 0.0034758076014161387 0.0008905564373096243
-0.2925573625805464 0.3121690884958993 8 nil_vol 0.6 nil_bias 0.65 Left 0.005 0.01 0.001 -0.4 0.35 0.10744263741945365 -0.03783091150410066
-0.2580245225225778 0.1967042776709461 9 nil_vol 0.6 nil_bias 0.65 Left 0.005 0.01 0.001 -0.26162306361923016 0.19574810684563188 0.0035985410966523764 0.0009561708253142161
-0.23501277064919548 0.09825016896087203 9 nil_vol 0.6 nil_bias 0.65 Left 0.005 0.01 0.001 -0.23567039023880673 0.09807543240823788 0.0006576195896112535 0.00017473655263416067
-0.1811551020611675 -0.09859202626299311 9 nil_vol 0.6 nil_bias 0.65 Left 0.005 0.01 0.001 -0.1832647958210304 -0.09915259444030389 0.002109693759862885 0.0005605681773107767
-0.17464379507049918 -0.13865038954760844 9 nil_vol 0.6 nil_bias 0.65 Left 0.005 0.01 0.001 -0.17289339183164848 -0.13818528870130115 -0.0017504032388507141 -0.0004651008463072846
-0.17335905590432996 -0.1659662426650452 9 nil_vol 0.6 nil_bias 0.65 Left 0.005 0.01 0.001 -0.16602919925855877 -0.16401862142349766 -0.007329856645771175 -0.0019476212415475312
-0.0653929526581366 -0.5280982691904206 9 nil_vol 0.6 nil_bias 0.65 Left 0.005 0.01 0.001 -0.06903239366813071 -0.529065307559788 0.003639441009994115 0.0009670383693674521
-0.033703915235495305 -0.6842809121540141 9 nil_vol 0.6 nil_bias 0.65 Left 0.005 0.01 0.001 -0.028179952556780463 -0.6828131362382617 -0.005523962678714844 -0.0014677759157524313
-0.0126588837559907 -0.7412265519846127 9 nil_vol 0.6 nil_bias 0.65 Home 0.005 0.01 0.001 0.0 -0.75 -0.0126588837559907 0.008773448015387212
0.022000253996473006 -0.6960258508174442 10 nil_vol 0.6 nil_bias 0.65 Home 0.005 0.01 0.001 0.008331650767785175 -0.6903828458202111 0.013668603228687832 -0.005643004997233036
0.18922333340393527 -0.28409890701500196 10 nil_vol 0.6 nil_bias 0.65 Home 0.005 0.01 0.001 0.17797998247983357 -0.27945715361936685 0.011243350924101711 -0.0046417533956350995
0.27770044775076436 0.0010815020703596094 10 nil_vol 0.6 nil_bias 0.65 Home 0.005 0.01 0.001 0.2914545190607769 -0.004596787937488633 -0.01375407131001255 0.005678290007848243
0.3029013271233495 -0.009244581219227752 10 nil_vol 0.6 nil_bias 0.65 Home 0.005 0.01 0.001 0.29148201622082137 -0.004530183748630456 0.011419310902528136 -0.004714397470597297
0.3080343629053392 0.04530495811841991 10 nil_vol 0.6 nil_bias 0.65 Home 0.005 0.01 0.001 0.31147051202016296 0.043886363525997174 -0.0034361491148237875 0.0014185945924227357
0.3563472494501592 0.1368443322602281 10 nil_vol 0.6 nil_bias 0.65 Home 0.005 0.01 0.001 0.35079415221996196 0.13913689682559316 0.005553097230197262 -0.002292564565365053
0.43766889423486094 0.3774589000158742 10 nil_vol 0.6 nil_bias 0.65 Home 0.005 0.01 0.001 0.4475071905794106 0.3733972154013093 -0.009838296344549654 0.004061684614564879
0.46996625613822296 0.42779802776298914 10 nil_vol 0.6 nil_bias 0.65 Right 0.005 0.01 0.001 0.4 0.35 0.06996625613822297 0.07779802776298916
0.43748771912239715 0.3927866147756227 11 nil_vol 0.6 nil_bias 0.65 Right 0.005 0.01 0.001 0.4540783584326392 0.38641680787012755 -0.01659063931024209 0.006369806905495143
0.20405937545991412 -0.21955250426555994 11 nil_vol 0.6 nil_bias 0.65 Right 0.005 0.01 0.001 0.21919192941566357 -0.2253624941570046 -0.015132553955749454 0.005809989891444645
0.17474617021480202 -0.36677256956241455 11 nil_vol 0.6 nil_bias 0.65 Right 0.005 0.01 0.001 0.16616405902715914 -0.36347755542314464 0.008582111187642889 -0.0032950141392699053
0.16316202245840725 -0.3647474650412985 11 nil_vol 0.6 nil_bias 0.65 Right 0.005 0.01 0.001 0.16535345202431795 -0.36558884209258713 -0.0021914295659107076 0.0008413770512886015
0.1310062249844312 -0.42157616222172994 11 nil_vol 0.6 nil_bias 0.65 Right 0.005 0.01 0.001 0.1422066402442309 -0.42587644752913467 -0.0112004152597997 0.004300285307404723
0.06896176452064118 -0.6063285164969174 11 nil_vol 0.6 nil_bias 0.65 Right 0.005 0.01 0.001 0.07241488363866488 -0.6076543063951949 -0.003453119118023705 0.0013257898982775085
0.03746328751519891 -0.728097438371476 11 nil_vol 0.6 nil_bias 0.65 Right 0.005 0.01 0.001 0.02762258604206924 -0.724319201317057 0.009840701473129671 -0.0037782370544190277
0.013360809636645564 -0.7614650664549129 11 nil_vol 0.6 nil_bias 0.65 Home 0.005 0.01 0.001 0.0 -0.75 0.013360809636645564 -0.011465066454912834
-0.0210567128066996 -0.7183977488023627 12 nil_vol 0.6 nil_bias 0.65 Home 0.005 0.01 0.001 -0.012779231833546189 -0.7138532144712627 -0.008277480973153412 -0.004544534331100074
-0.09063996887274658 -0.6040982348119295 12 nil_vol 0.6 nil_bias 0.65 Home 0.005 0.01 0.001 -0.07711432730181877 -0.5966723352334713 -0.013525641570927813 -0.007425899578458211
-0.09166358708325993 -0.5826233775492723 12 nil_vol 0.6 nil_bias 0.65 Home 0.005 0.01 0.001 -0.08641085581511429 -0.5797395028949478 -0.005252731268145635 -0.0028838746543245293
-0.26432229613848 -0.24877141574211248 12 nil_vol 0.6 nil_bias 0.65 Home 0.005 0.01 0.001 -0.26724057505671606 -0.2503736204194368 0.0029182789182360383 0.001602204677324296
-0.2928928869068776 -0.2214219162163009 12 nil_vol 0.6 nil_bias 0.65 Home 0.005 0.01 0.001 -0.2853956281518626 -0.21730574247796053 -0.007497258755014987 -0.004116173738340375
-0.4224760780681795 0.040955937730539564 12 nil_vol 0.6 nil_bias 0.65 Home 0.005 0.01 0.001 -0.42609623274840214 0.038968386532110544 0.0036201546802226555 0.001987551198429019
-0.4727060504158715 0.12240811665417378 12 nil_vol 0.6 nil_bias 0.65 Home 0.005 0.01 0.001 -0.47209178844716704 0.12274536111467094 -0.0006142619687044805 -0.0003372444604971602
-0.49894258663782604 0.1716517957335425 12 nil_vol 0.6 nil_bias 0.65 Left 0.005 0.01 0.001 -0.4 0.35 -0.098942586637826 -0.17834820426645748
-0.45686375412150987 0.10456808712127391 13 nil_vol 0.6 nil_bias 0.65 Left 0.005 0.01 0.001 -0.4619488463074165 0.101872218400491 0.005085092185906653 0.002695868720782907
-0.31639078070472776 -0.1455322045091162 13 nil_vol 0.6 nil_bias 0.65 Left 0.005 0.01 0.001 -0.32762855238610666 -0.15148992485312363 0.011237771681378905 0.005957720344007439
-0.2951488713410759 -0.2076717994627778 13 nil_vol 0.6 nil_bias 0.65 Left 0.005 0.01 0.001 -0.2972524267854675 -0.2087870023180347 0.002103555444391535 0.0011152028552569148
-0.28179218017917873 -0.2429915210235977 13 nil_vol 0.6 nil_bias 0.65 Left 0.005 0.01 0.001 -0.2797053726263051 -0.24188519708640788 -0.0020868075528736037 -0.0011063239371898266
-0.13993952488916034 -0.48214128383167365 13 nil_vol 0.6 nil_bias 0.65 Left 0.005 0.01 0.001 -0.14961412491285303 -0.48727028653928306 0.00967460002369268 0.005129002707609407
-0.049719583522241005 -0.6921287986337594 13 nil_vol 0.6 nil_bias 0.65 Left 0.005 0.01 0.001 -0.04291937014717234 -0.6885236560203559 -0.006800213375068665 -0.0036051426134034894
-0.02191328100068543 -0.7139880576899401 13 nil_vol 0.6 nil_bias 0.65 Left 0.005 0.01 0.001 -0.027772567927113634 -0.7170943668331309 0.0058592869264282015 0.0031063091431908153
0.004804311022516465 -0.778542623311986 13 nil_vol 0.6 nil_bias 0.65 Home 0.005 0.01 0.001 0.0 -0.75 0.004804311022516465 -0.028542623311986027
-0.001561906402635975 -0.7339037454302599 14 nil_vol 0.6 nil_bias 0.65 Home 0.005 0.01 0.001 -0.011857098198835713 -0.7381504161518899 0.010295191796199738 0.004246670721629951
-0.03105924170958643 -0.6907616563513237 14 nil_vol 0.6 nil_bias 0.65 Home 0.005 0.01 0.001 -0.03135431407537035 -0.6908833709537655 0.00029507236578392047 0.00012171460244181228
-0.07709007464759868 -0.5816367080070963 14 nil_vol 0.6 nil_bias 0.65 Home 0.005 0.01 0.001 -0.07651533593343965 -0.5813996336408949 -0.000574738714159034 -0.00023707436620144944
-0.10877571326822331 -0.5143836635480469 14 nil_vol 0.6 nil_bias 0.65 Home 0.005 0.01 0.001 -0.10483013402676261 -0.512756148861942 -0.003945579241460704 -0.0016275146861049316
-0.13855373307153435 -0.42172972532441294 14 nil_vol 0.6 nil_bias 0.65 Home 0.005 0.01 0.001 -0.14182165384109996 -0.42307771220289375 0.003267920769565617 0.0013479868784808291
-0.15565996827922457 -0.38423619853984275 14 nil_vol 0.6 nil_bias 0.65 Home 0.005 0.01 0.001 -0.15752592634958953 -0.3850058888634493 0.0018659580703649647 0.0007696903236065054
-0.2957257864048188 -0.06733970537045941 14 nil_vol 0.6 nil_bias 0.65 Home 0.005 0.01 0.001 -0.28960218939471105 -0.06481377864187876 -0.006123597010107715 -0.002525926728580649
-0.45174801545557336 0.32827588798739615 14 nil_vol 0.6 nil_bias 0.65 Left 0.005 0.01 0.001 -0.4 0.35 -0.05174801545557336 -0.02172411201260384
-0.2781231925188882 -0.011481826204547546 15 nil_vol 0.6 nil_bias 0.65 Left 0.005 0.01 0.001 -0.2908875924041782 -0.01742137785401554 0.012764399885290023 0.0059395516494679945
-0.14012957172420876 -0.3614228139951896 15 nil_vol 0.6 nil_bias 0.65 Left 0.005 0.01 0.001 -0.1324739116202956 -0.35786046958365436 -0.007655660103913153 -0.003562344411535218
-0.07590857980940191 -0.47337072790874574 15 nil_vol 0.6 nil_bias 0.65 Left 0.005 0.01 0.001 -0.0782232953059614 -0.4744478151489757 0.002314715496559478 0.0010770872402299859
-0.059643683224176326 -0.5096758160184134 15 nil_vol 0.6 nil_bias 0.65 Left 0.005 0.01 0.001 -0.06144164205284247 -0.5105124451919311 0.0017979588286661443 0.0008366291735176941
-0.03460268485816602 -0.5555922384567228 15 nil_vol 0.6 nil_bias 0.65 Left 0.005 0.01 0.001 -0.0394216215449269 -0.5578345940397312 0.004818936686760884 0.0022423555830084455
-0.03824883431354539 -0.6011142264560435 15 nil_vol 0.6 nil_bias 0.65 Left 0.005 0.01 0.001 -0.022658382253589515 -0.5938596515382382 -0.015590452059955882 -0.007254574917805364
0.01429051142925572 -0.6480219870630476 15 nil_vol 0.6 nil_bias 0.65 Left 0.005 0.01 0.001 0.004635145908430005 -0.652514837703956 0.009655365520825715 0.004492850640908431
0.02803501591272472 -0.702802353601789 15 nil_vol 0.6 nil_bias 0.65 Home 0.005 0.01 0.001 0.0 -0.75 0.02803501591272472 0.047197646398211
0.008000542612351353 -0.6301058948461012 16 nil_vol 0.6 nil_bias 0.65 Home 0.005 0.01 0.001 -0.0006609328749187134 -0.6337028720051945 0.008661475487270066 0.0035969771590931934
-0.0318883291436977 -0.5497924010417082 16 nil_vol 0.6 nil_bias 0.65 Home 0.005 0.01 0.001 -0.03497527794106751 -0.5510743632583939 0.00308694879736981 0.0012819622166856794
-0.10475171109522351 -0.3888942873174605 16 nil_vol 0.6 nil_bias 0.65 Home 0.005 0.01 0.001 -0.10268294393786756 -0.3880351602295379 -0.0020687671573559455 -0.0008591270879226203
-0.20193035153222055 -0.12713704368929243 16 nil_vol 0.6 nil_bias 0.65 Home 0.005 0.01 0.001 -0.20969142287816153 -0.13036009689800632 0.0077610713459409855 0.003223053208713879
-0.21219957756423835 -0.11280873889532568 16 nil_vol 0.6 nil_bias 0.65 Home 0.005 0.01 0.001 -0.21627702868284726 -0.11450204144666476 0.004077451118608922 0.001693302551339078
-0.300112435837513 0.07600198701267474 16 nil_vol 0.6 nil_bias 0.65 Home 0.005 0.01 0.001 -0.2960849912507278 0.07767452262274155 -0.004027444586785195 -0.0016725356100667998
-0.3735690912263101 0.25319146515037294 16 nil_vol 0.6 nil_bias 0.65 Home 0.005 0.01 0.001 -0.3696503082924808 0.2548188752521674 -0.003918782933829319 -0.0016274101017944458
-0.3810664797467978 0.28230887166764834 16 nil_vol 0.6 nil_bias 0.65 Left 0.005 0.01 0.001 -0.4 0.35 0.018933520253202243 -0.06769112833235165
-0.353798116182928 0.2124461312903836 17 nil_vol 0.6 nil_bias 0.65 Left 0.005 0.01 0.001 -0.3556779559691685 0.2117695391620513 0.0018798397862405385 0.0006765921283322963
-0.31193896464495985 0.1027420779261913 17 nil_vol 0.6 nil_bias 0.65 Left 0.005 0.01 0.001 -0.3159209453075624 0.10130888303840976 0.0039819806626025045 0.0014331948877815367
-0.2958864413938925 0.051361685607131585 17 nil_vol 0.6 nil_bias 0.65 Left 0.005 0.01 0.001 -0.2977079784644982 0.05070607779817993 0.0018215370706057426 0.0006556078089516597
-0.25463636143046275 -0.09023104327198231 17 nil_vol 0.6 nil_bias 0.65 Left 0.005 0.01 0.001 -0.24785973625140048 -0.0877919996437051 -0.006776625179062276 -0.002439043628277208
-0.24186160036397827 -0.11078267882197697 17 nil_vol 0.6 nil_bias 0.65 Left 0.005 0.01 0.001 -0.23984603055899612 -0.11005723473140239 -0.002015569804982165 -0.0007254440905745875
-0.13017071449013376 -0.42615241037250795 17 nil_vol 0.6 nil_bias 0.65 Left 0.005 0.01 0.001 -0.12654651090008862 -0.4248479866453125 -0.003624203590045133 -0.0013044237271954524
-0.08798969124342663 -0.5772415979743091 17 nil_vol 0.6 nil_bias 0.65 Left 0.005 0.01 0.001 -0.07356552852019105 -0.572050051850135 -0.014424162723235589 -0.0051915461241741016
-0.021684293073552414 -0.7161965863247497 17 nil_vol 0.6 nil_bias 0.65 Home 0.005 0.01 0.001 0.0 -0.75 -0.021684293073552414 0.03380341367525026
-0.0235427800099626 -0.6545901734321209 18 nil_vol 0.6 nil_bias 0.65 Home 0.005 0.01 0.001 -0.007129373863136598 -0.6587486481864203 -0.016413406146826 0.004158474754299375
0.029039537628921797 -0.5255785356476137 18 nil_vol 0.6 nil_bias 0.65 Home 0.005 0.01 0.001 0.026756918732535537 -0.5250002149158048 0.00228261889638626 -0.0005783207318088912
0.1389893790092356 -0.06627613718375219 18 nil_vol 0.6 nil_bias 0.65 Home 0.005 0.01 0.001 0.14273790924733726 -0.06722585890643606 -0.0037485302381016533 0.0009497217226838665
0.15924614814379195 0.004921218078251724 18 nil_vol 0.6 nil_bias 0.65 Home 0.005 0.01 0.001 0.16091016507999878 0.00449962536568238 -0.0016640169362068346 0.0004215927125693439
0.19511550721107968 0.08075583365811952 18 nil_vol 0.6 nil_bias 0.65 Home 0.005 0.01 0.001 0.18112817195660347 0.08429964290863934 0.013987335254476202 -0.003543809250519824
0.1945486474794549 0.1144529037009746 18 nil_vol 0.6 nil_bias 0.65 Home 0.005 0.01 0.001 0.1891164500883486 0.11582919668423541 0.005432197391106303 -0.0013762929832608112
0.21216943087818532 0.18854642823704987 18 nil_vol 0.6 nil_bias 0.65 Home 0.005 0.01 0.001 0.20781921589284902 0.1896485918605214 0.004350214985336294 -0.0011021636234715409
0.2556049125900023 0.3782576599060872 18 nil_vol 0.6 nil_bias 0.65 Right 0.005 0.01 0.001 0.4 0.35 -0.1443950874099977 0.028257659906087203
0.22898075668150417 0.19879911550280868 19 nil_vol 0.6 nil_bias 0.65 Right 0.005 0.01 0.001 0.21228473734930778 0.20292425342027273 0.016696019332196388 -0.004125137917464054
0.19119322158857316 0.11878765497517947 19 nil_vol 0.6 nil_bias 0.65 Right 0.005 0.01 0.001 0.19147937550037514 0.11871695402974342 -0.0002861539118019742 7.07009454360581e-05
0.1296172079870122 -0.15782603039641027 19 nil_vol 0.6 nil_bias 0.65 Right 0.005 0.01 0.001 0.1235249356617624 -0.1563207935448967 0.00609227232524981 -0.001505236851513564
0.1153700405464387 -0.16530945636388694 19 nil_vol 0.6 nil_bias 0.65 Right 0.005 0.01 0.001 0.12096267536203462 -0.16669124620716147 -0.005592634815595914 0.001381789843274537
0.05904047499770161 -0.378087814124036 19 nil_vol 0.6 nil_bias 0.65 Right 0.005 0.01 0.001 0.06817466379688819 -0.3803446268295735 -0.009134188799186578 0.0022568127055374683
0.047951794939448164 -0.41753661772020795 19 nil_vol 0.6 nil_bias 0.65 Right 0.005 0.01 0.001 0.058350718149068226 -0.42010591232746075 -0.010398923209620065 0.002569294607252803
0.0022394060403075275 -0.6662736798768433 19 nil_vol 0.6 nil_bias 0.65 Right 0.005 0.01 0.001 -0.0021997369890217056 -0.665176886870859 0.004439143029329233 -0.0010967930059843358
-0.022526901925439817 -0.7474487394822302 19 nil_vol 0.6 nil_bias 0.65 Home 0.005 0.01 0.001 0.0 -0.75 -0.022526901925439817 0.0025512605177698154
-0.06073966132998215 -0.6853654012859876 20 nil_vol 0.6 nil_bias 0.65 Home 0.005 0.01 0.001 -0.051618442208559004 -0.6813508935546356 -0.009121219121423153 -0.00401450773135195
-0.20123848785799275 -0.3476024314351713 20 nil_vol 0.6 nil_bias 0.65 Home 0.005 0.01 0.001 -0.1989532958993734 -0.3465966535163014 -0.0022851919586193473 -0.0010057779188698299
-0.29178917975526464 -0.1022524393926274 20 nil_vol 0.6 nil_bias 0.65 Home 0.005 0.01 0.001 -0.30410951804243413 -0.10767497037760787 0.012320338287169505 0.005422530984980473
-0.3442576971556817 -0.009124435311465262 20 nil_vol 0.6 nil_bias 0.65 Home 0.005 0.01 0.001 -0.3469607855855784 -0.010314141342631755 0.0027030884298966896 0.0011897060311664928
-0.40877010391079693 0.09857542115505089 20 nil_vol 0.6 nil_bias 0.65 Home 0.005 0.01 0.001 -0.39713922839520055 0.1036944999819247 -0.011630875515596405 -0.005119078826873817
-0.416510652524231 0.13781507623681094 20 nil_vol 0.6 nil_bias 0.65 Home 0.005 0.01 0.001 -0.4128632189818808 0.13942041538725036 -0.0036474335423502045 -0.0016053391504394297
-0.4419994554381722 0.22482256151642432 20 nil_vol 0.6 nil_bias 0.65 Home 0.005 0.01 0.001 -0.44907961184713474 0.22170638348533167 0.007080156408962522 0.003116178031092658
-0.5066209805411843 0.35244406479707585 20 nil_vol 0.6 nil_bias 0.65 Left 0.005 0.01 0.001 -0.4 0.35 -0.10662098054118431 0.002444064797075885
-0.43040753641872237 0.22221654533063018 21 nil_vol 0.6 nil_bias 0.65 Left 0.005 0.01 0.001 -0.4397374409231718 0.21758922144629309 0.009329904504449406 0.004627323884337102
-0.2757791577307865 -0.09381029833090633 21 nil_vol 0.6 nil_bias 0.65 Left 0.005 0.01 0.001 -0.2834152370738213 -0.09759754098809187 0.007636079343034835 0.003787242657185535
-0.2943028175513697 -0.12071208828539597 21 nil_vol 0.6 nil_bias 0.65 Left 0.005 0.01 0.001 -0.27636386661110657 -0.11181496226376902 -0.01793895094026317 -0.008897126021626947
-0.2108015646375572 -0.23648549541274144 21 nil_vol 0.6 nil_bias 0.65 Left 0.005 0.01 0.001 -0.21379505866794762 -0.2379701693896123 0.0029934940303904165 0.0014846739768708448
-0.14559205481219875 -0.30522212363376744 21 nil_vol 0.6 nil_bias 0.65 Left 0.005 0.01 0.001 -0.17356053852190767 -0.31909356600672095 0.027968483709708922 0.013871442372953503
-0.08671248922215583 -0.4980473619144144 21 nil_vol 0.6 nil_bias 0.65 Left 0.005 0.01 0.001 -0.08518188151998812 -0.4972882311457754 -0.001530607702167703 -0.000759130768638978
-0.041890345995125866 -0.5965622269129655 21 nil_vol 0.6 nil_bias 0.65 Left 0.005 0.01 0.001 -0.037118948372640015 -0.5941957715896908 -0.004771397622485852 -0.0023664553232746084
0.014938096602144747 -0.6991564941452393 21 nil_vol 0.6 nil_bias 0.65 Home 0.005 0.01 0.001 0.0 -0.75 0.014938096602144747 0.050843505854760704
-0.011753323349365945 -0.6297687568260955 22 nil_vol 0.6 nil_bias 0.65 Home 0.005 0.01 0.001 -0.012403433161219947 -0.6300258787491162 0.0006501098118540015 0.0002571219230207871
-0.06970920902308923 -0.4987509220738181 22 nil_vol 0.6 nil_bias 0.65 Home 0.005 0.01 0.001 -0.06505190084410893 -0.49690893166966654 -0.004657308178980298 -0.0018419904041515715
-0.07945346330269577 -0.49509492274937583 22 nil_vol 0.6 nil_bias 0.65 Home 0.005 0.01 0.001 -0.06762034130161998 -0.4904148594296432 -0.01183312200107579 -0.004680063319732626
-0.15189441462252337 -0.2685092218250795 22 nil_vol 0.6 nil_bias 0.65 Home 0.005 0.01 0.001 -0.15491302798236556 -0.269703099625086 0.0030186133598421932 0.001193877800006452
-0.3225306683194863 0.14736210185300364 22 nil_vol 0.6 nil_bias 0.65 Home 0.005 0.01 0.001 -0.3202251891010244 0.14827393126909083 -0.0023054792184619196 -0.0009118294160871944
-0.3389464056903188 0.18935291386256245 22 nil_vol 0.6 nil_bias 0.65 Home 0.005 0.01 0.001 -0.33680682952601537 0.19019912772948788 -0.0021395761643034565 -0.000846213866925439
-0.3483194671079336 0.23152023419345658 22 nil_vol 0.6 nil_bias 0.65 Home 0.005 0.01 0.001 -0.3524962049814924 0.2298683119267544 0.004176737873558826 0.0016519222667021928
-0.3679423095459326 0.26892240740912826 22 nil_vol 0.6 nil_bias 0.65 Left 0.005 0.01 0.001 -0.4 0.35 0.03205769045406744 -0.08107759259087172
-0.3162487696717779 0.07907205512841087 23 nil_vol 0.6 nil_bias 0.65 Left 0.005 0.01 0.001 -0.3041412447889879 0.08323206126295224 -0.012107524882790002 -0.004160006134541378
-0.29930225575562436 0.06538028834925567 23 nil_vol 0.6 nil_bias 0.65 Left 0.005 0.01 0.001 -0.2981442833461416 0.06577815433538511 -0.0011579724094827595 -0.000397865986129437
-0.2744170042747699 0.034037160001483484 23 nil_vol 0.6 nil_bias 0.65 Left 0.005 0.01 0.001 -0.2858846523798531 0.030097008159737704 0.011467648105083189 0.003940151841745779
-0.24929188811303502 -0.04706738801394932 23 nil_vol 0.6 nil_bias 0.65 Left 0.005 0.01 0.001 -0.2583075303457368 -0.05016505887219225 0.009015642232701763 0.003097670858242924
-0.22561081304014044 -0.09815239370991631 23 nil_vol 0.6 nil_bias 0.65 Left 0.005 0.01 0.001 -0.24010817670143117 -0.103133520930342 0.014497363661290723 0.004981127220425692
-0.15102506688971987 -0.2958521888808078 23 nil_vol 0.6 nil_bias 0.65 Left 0.005 0.01 0.001 -0.1714777588882189 -0.3028794983437502 0.020452691998499035 0.007027309462942449
-0.11624410052881778 -0.41761513292641034 23 nil_vol 0.6 nil_bias 0.65 Left 0.005 0.01 0.001 -0.13038637714909596 -0.42247425632828445 0.014142276620278164 0.004859123401874134
-0.036903975977440974 -0.6945508979685135 23 nil_vol 0.6 nil_bias 0.65 Home 0.005 0.01 0.001 0.0 -0.75 -0.036903975977440974 0.05544910203148648
-0.06575100409260191 -0.6732806963023182 24 nil_vol 0.6 nil_bias 0.65 Home 0.005 0.01 0.001 -0.04665207536570988 -0.6666159813800571 -0.019098928726892034 -0.006664714922261189
-0.16763994922528058 -0.3626628903516553 24 nil_vol 0.6 nil_bias 0.65 Home 0.005 0.01 0.001 -0.15433852638631196 -0.35802125874237256 -0.013301422838968619 -0.004641631609282726
-0.21509950729868577 -0.1594364405109734 24 nil_vol 0.6 nil_bias 0.65 Home 0.005 0.01 0.001 -0.22270951264105007 -0.16209200914987454 0.007610005342364318 0.0026555686389011547
-0.23344489742565688 -0.11316983985952199 24 nil_vol 0.6 nil_bias 0.65 Home 0.005 0.01 0.001 -0.23909344100815624 -0.11514094165489752 0.005648543582499369 0.0019711017953755326
-0.2755845016997872 -0.014047005904687016 24 nil_vol 0.6 nil_bias 0.65 Home 0.005 0.01 0.001 -0.2745026671981168 -0.0136694916131892 -0.0010818345016704335 -0.00037751429149781625
-0.30064163069973543 0.07062078750103683 24 nil_vol 0.6 nil_bias 0.65 Home 0.005 0.01 0.001 -0.3035609098993205 0.0696020830531624 0.0029192791995850914 0.0010187044478744205
-0.3295363345808047 0.15204185778546916 24 nil_vol 0.6 nil_bias 0.65 Home 0.005 0.01 0.001 -0.33202575023549996 0.1511731574568378 0.002489415654695249 0.0008687003286313601
-0.37715019576541653 0.28048530044704384 24 nil_vol 0.6 nil_bias 0.65 Left 0.005 0.01 0.001 -0.4 0.35 0.022849804234583465 -0.06951469955295615
-0.3698515919953228 0.22112737312853778 25 nil_vol 0.6 nil_bias 0.65 Left 0.005 0.01 0.001 -0.35451414353114186 0.22770521994657364 -0.015337448464180923 -0.006577846818035868
-0.3342523444673215 0.22053911049455777 25 nil_vol 0.6 nil_bias 0.65 Left 0.005 0.01 0.001 -0.3487704164678686 0.21431267368299556 0.014518072000547118 0.006226436811562217
-0.33685050536500155 0.19806735467878447 25 nil_vol 0.6 nil_bias 0.65 Left 0.005 0.01 0.001 -0.3410337644786796 0.1962732598060819 0.0041832591136780695 0.0017940948727025656
-0.30064821613869336 0.1159713225343411 25 nil_vol 0.6 nil_bias 0.65 Left 0.005 0.01 0.001 -0.30567050948353003 0.11381738693190185 0.005022293344836643 0.002153935602439246
-0.21276643801783757 -0.06781690373184372 25 nil_vol 0.6 nil_bias 0.65 Left 0.005 0.01 0.001 -0.225440865392872 -0.07325264762196992 0.012674427375034438 0.0054357438901262035
-0.20037035333243092 -0.15878227970815662 25 nil_vol 0.6 nil_bias 0.65 Left 0.005 0.01 0.001 -0.19056321526576878 -0.154576244259921 -0.009807138066662129 -0.004206035448235619
0.0027380831328439876 -0.5964130378445075 25 nil_vol 0.6 nil_bias 0.65 Left 0.005 0.01 0.001 -0.00047880620042622946 -0.5977926809653462 0.003216889333270217 0.0013796431208386822
0.06286618978066795 -0.7454930817499729 25 nil_vol 0.6 nil_bias 0.65 Home 0.005 0.01 0.001 0.0 -0.75 0.06286618978066795 0.004506918250027112
0.03466435619314043 -0.6367998978091736 26 nil_vol 0.6 nil_bias 0.65 Home 0.005 0.01 0.001 0.021588286546446733 -0.6420160580570965 0.013076069646693694 0.005216160247922917
-0.07282304281018076 -0.42853607020890677 26 nil_vol 0.6 nil_bias 0.65 Home 0.005 0.01 0.001 -0.06484095197530228 -0.4253519433242101 -0.007982090834878481 -0.0031841268846966317
-0.1598707554124582 -0.20422617409050114 26 nil_vol 0.6 nil_bias 0.65 Home 0.005 0.01 0.001 -0.15398635816117062 -0.2018788357958543 -0.00588439725128759 -0.002347338294646834
-0.19920779510670764 -0.14482633532606096 26 nil_vol 0.6 nil_bias 0.65 Home 0.005 0.01 0.001 -0.17982884606114125 -0.13709590054028675 -0.0193789490455664 -0.007730434785774209
-0.25157169778779165 0.05026127645167229 26 nil_vol 0.6 nil_bias 0.65 Home 0.005 0.01 0.001 -0.25415604433323136 0.049230357675510206 0.002584346545439726 0.0010309187761620821
-0.32184180589586764 0.17832905516784908 26 nil_vol 0.6 nil_bias 0.65 Home 0.005 0.01 0.001 -0.307876876090322 0.1838997896228418 -0.013964929805545638 -0.005570734454992721
-0.34713931998629355 0.28599391768990756 26 nil_vol 0.6 nil_bias 0.65 Home 0.005 0.01 0.001 -0.3484021741578009 0.28549015395154254 0.0012628541715073392 0.0005037637383650529
-0.3621116872402851 0.31985768473440274 26 nil_vol 0.6 nil_bias 0.65 Left 0.005 0.01 0.001 -0.4 0.35 0.03788831275971495 -0.03014231526559725
-0.32818422123385804 0.18687285166170756 27 nil_vol 0.6 nil_bias 0.65 Left 0.005 0.01 0.001 -0.3211139758519218 0.18908947510897986 -0.007070245381936253 -0.0022166234472722926
-0.30927805504851175 0.1135749547307354 27 nil_vol 0.6 nil_bias 0.65 Left 0.005 0.01 0.001 -0.298498614169903 0.11695446422570374 -0.010779440878608765 -0.003379509494968341
-0.2631441477805413 -0.008211377241637086 27 nil_vol 0.6 nil_bias 0.65 Left 0.005 0.01 0.001 -0.2596051756480101 -0.0071018586627976665 -0.0035389721325311987 -0.0011095185788394198
-0.18602506122879578 -0.2148640377123862 27 nil_vol 0.6 nil_bias 0.65 Left 0.005 0.01 0.001 -0.1937130839216187 -0.2172743432171445 0.007688022692822937 0.002410305504758285
-0.07418323886627783 -0.574028379886786 27 nil_vol 0.6 nil_bias 0.65 Left 0.005 0.01 0.001 -0.08117804282904495 -0.5762213513659027 0.00699480396276712 0.002192971479116698
-0.06593032825777861 -0.6590598896356984 27 nil_vol 0.6 nil_bias 0.65 Left 0.005 0.01 0.001 -0.05616665527475562 -0.655998837961175 -0.009763672983022999 -0.0030610516745234687
-0.030755866873153064 -0.7173520859093708 27 nil_vol 0.6 nil_bias 0.65 Left 0.005 0.01 0.001 -0.03637884183070961 -0.7191149692975753 0.005622974957556545 0.001762883388204466
-0.02721215114406037 -0.748353472830809 27 nil_vol 0.6 nil_bias 0.65 Home 0.005 0.01 0.001 0.0 -0.75 -0.02721215114406037 0.0016465271691909972
-0.0340100426931628 -0.7112956270761678 28 nil_vol 0.6 nil_bias 0.65 Home 0.005 0.01 0.001 -0.040490802096726605 -0.7137850599065585 0.0064807594035638 0.00248943283039075
-0.06487686924808915 -0.6303387780084323 28 nil_vol 0.6 nil_bias 0.65 Home 0.005 0.01 0.001 -0.07155880628074443 -0.6329054885409277 0.006681937032655285 0.0025667105324954005
-0.1766857585726973 -0.2995539005834337 28 nil_vol 0.6 nil_bias 0.65 Home 0.005 0.01 0.001 -0.19666068954793783 -0.30722680523210927 0.019974930975240533 0.007672904648675617
-0.26830479989183065 -0.1338931164111561 28 nil_vol 0.6 nil_bias 0.65 Home 0.005 0.01 0.001 -0.26389366758156235 -0.13219868264057966 -0.0044111323102683135 -0.0016944337705764407
-0.28596195624869086 -0.08859175709360732 28 nil_vol 0.6 nil_bias 0.65 Home 0.005 0.01 0.001 -0.2813280073253233 -0.08681173350905003 -0.0046339489233675575 -0.0017800235845573003
-0.3778166126777346 0.19692755095431064 28 nil_vol 0.6 nil_bias 0.65 Home 0.005 0.01 0.001 -0.38871217105235356 0.1927422758909747 0.01089555837461898 0.004185275063335924
-0.4048954228338015 0.26904949282160884 28 nil_vol 0.6 nil_bias 0.65 Home 0.005 0.01 0.001 -0.41633575289383534 0.2646549563994893 0.011440330060033867 0.004394536422119487
-0.44294683768474663 0.33393179564269226 28 nil_vol 0.6 nil_bias 0.65 Left 0.005 0.01 0.001 -0.4 0.35 -0.042946837684746636 -0.016068204357307724
-0.43412074982681165 0.2854160975013123 29 nil_vol 0.6 nil_bias 0.65 Left 0.005 0.01 0.001 -0.42745831160124714 0.28764551282604534 -0.006662438225564501 -0.0022294153247330345
-0.3793419530700308 0.16422289992240363 29 nil_vol 0.6 nil_bias 0.65 Left 0.005 0.01 0.001 -0.38547170615259024 0.1621717341184716 0.006129753082559434 0.0020511658039320396
-0.297471026583806 -0.06046005956008795 29 nil_vol 0.6 nil_bias 0.65 Left 0.005 0.01 0.001 -0.30961395721670637 -0.06452338213413922 0.012142930632900367 0.004063322574051264
-0.24964924243230532 -0.25655714523474066 29 nil_vol 0.6 nil_bias 0.65 Left 0.005 0.01 0.001 -0.2457871949217539 -0.2552648093640931 -0.003862047510551423 -0.0012923358706475486
-0.12402593854081626 -0.6461169515333519 29 nil_vol 0.6 nil_bias 0.65 Left 0.005 0.01 0.001 -0.11590752463452708 -0.6434003310165931 -0.008118413906289167 -0.002716620516758835
-0.08928131951690789 -0.7166370530225918 29 nil_vol 0.6 nil_bias 0.65 Left 0.005 0.01 0.001 -0.0911873007002238 -0.7172748410987998 0.0019059811833159088 0.00063778807620798
-0.09066099088092777 -0.7584986692584474 29 nil_vol 0.6 nil_bias 0.65 Left 0.005 0.01 0.001 -0.07872887764334907 -0.7545058913582735 -0.011932113237578694 -0.003992777900173914
-0.06157424525183512 -0.8057712062248137 29 nil_vol 0.6 nil_bias 0.65 Home 0.005 0.01 0.001 0.0 -0.75 -0.06157424525183512 -0.05577120622481363
-0.057564905423882186 -0.7895933848115724 30 nil_vol 0.6 nil_bias 0.65 Home 0.005 0.01 0.001 -0.05655892712421036 -0.7899115056473149 -0.0010059782996718256 0.00031812083574259554
-0.01655568172411944 -0.6514075444808544 30 nil_vol 0.6 nil_bias 0.65 Home 0.005 0.01 0.001 -0.013104863122679222 -0.6524987979381549 -0.0034508186014402175 0.0010912534573005977
0.13574904884637906 -0.19233101363442495 30 nil_vol 0.6 nil_bias 0.65 Home 0.005 0.01 0.001 0.13271731869352815 -0.19137228864971545 0.003031730152850918 -0.000958724984709501
0.1753662387934938 -0.07400366710641504 30 nil_vol 0.6 nil_bias 0.65 Home 0.005 0.01 0.001 0.1703358790750119 -0.07241291486230461 0.005030359718481888 -0.0015907522441104243
0.18305380396781096 -0.0005072754743227176 30 nil_vol 0.6 nil_bias 0.65 Home 0.005 0.01 0.001 0.19216362532313686 -0.0033880771615633076 -0.009109821355325887 0.00288080168724059
0.2722960610730701 0.24078108465057949 30 nil_vol 0.6 nil_bias 0.65 Home 0.005 0.01 0.001 0.26964266085751787 0.24162017023960902 0.0026534002155522156 -0.000839085589029525
0.2967151378008852 0.32638813426506663 30 nil_vol 0.6 nil_bias 0.65 Home 0.005 0.01 0.001 0.29647306826451464 0.32646468399108275 0.00024206953637057494 -7.654972601610947e-05
0.3033556775587156 0.3482292300916977 30 nil_vol 0.6 nil_bias 0.65 Right 0.005 0.01 0.001 0.4 0.35 -0.09664432244128439 -0.0017707699083022962
0.23866960069115054 0.10680475003882674 31 nil_vol 0.6 nil_bias 0.65 Right 0.005 0.01 0.001 0.23840210049403676 0.1068767405730976 0.00026750019711377186 -7.199053427086004e-05
0.17507259298933658 -0.10738724572742843 31 nil_vol 0.6 nil_bias 0.65 Right 0.005 0.01 0.001 0.18035600699079926 -0.10880913550860744 -0.005283414001462672 0.0014218897811789993
0.1842437035787049 -0.11550678906152984 31 nil_vol 0.6 nil_bias 0.65 Right 0.005 0.01 0.001 0.178937804592452 -0.114078848047172 0.00530589898625288 -0.0014279410143578323
0.09881383302187122 -0.373939280592014 31 nil_vol 0.6 nil_bias 0.65 Right 0.005 0.01 0.001 0.10831515349042115 -0.3764963072566285 -0.009501320468549936 0.00255702666461457
0.05153296490679374 -0.5543037742483823 31 nil_vol 0.6 nil_bias 0.65 Right 0.005 0.01 0.001 0.05985992275411153 -0.5565447525756781 -0.008326957847317799 0.0022409783272958807
0.05273241412030729 -0.623169551159396 31 nil_vol 0.6 nil_bias 0.65 Right 0.005 0.01 0.001 0.04265921273521972 -0.6204586180185804 0.01007320138508757 -0.0027109331408155697
0.026907584896488118 -0.7639726484950937 31 nil_vol 0.6 nil_bias 0.65 Right 0.005 0.01 0.001 0.005580880693339063 -0.7582331356035638 0.021326704203149055 -0.005739512891529953
-0.003080381801838054 -0.790416386473697 31 nil_vol 0.6 nil_bias 0.65 Home 0.005 0.01 0.001 0.0 -0.75 -0.003080381801838054 -0.04041638647369705
0.009728536582098029 -0.7152114874903327 32 nil_vol 0.6 nil_bias 0.43 Home 0.005 0.01 0.001 0.027512960847852742 -0.7233205610751303 -0.017784424265754713 0.008109073584797608
0.046157595235819575 -0.6702720080252095 32 nil_vol 0.6 nil_bias 0.43 Home 0.005 0.01 0.001 0.050747069907607335 -0.672364647476055 -0.0045894746717877605 0.00209263945084547
0.07649497716487895 -0.6044813123104891 32 nil_vol 0.6 nil_bias 0.43 Home 0.005 0.01 0.001 0.08080369059341654 -0.6064459344835608 -0.004308713428537581 0.001964622173071741
0.1497038988224217 -0.4726524047661869 32 nil_vol 0.6 nil_bias 0.43 Home 0.005 0.01 0.001 0.14316774021816256 -0.4696721457321115 0.006536158604259118 -0.0029802590340753977
0.3169030088637596 -0.07666229974885394 32 nil_vol 0.6 nil_bias 0.43 Home 0.005 0.01 0.001 0.3214260787758565 -0.07872466095876973 -0.004523069912096869 0.0020623612099157857
0.4018381720640819 0.12986337948911103 32 nil_vol 0.6 nil_bias 0.43 Home 0.005 0.01 0.001 0.41400531097248167 0.12431559097201783 -0.012167138908399738 0.005547788517093191
0.4332374098317591 0.1757262160887772 32 nil_vol 0.6 nil_bias 0.43 Home 0.005 0.01 0.001 0.43672224196483056 0.17413725488455323 -0.0034848321330714633 0.0015889612042239757
0.5450894452393614 0.4118029141456341 32 nil_vol 0.6 nil_bias 0.43 Right 0.005 0.01 0.001 0.4 0.35 0.1450894452393614 0.061802914145634116
0.4559468408936277 0.2794187393229326 33 nil_vol 0.6 nil_bias 0.43 Right 0.005 0.01 0.001 0.47555374654144167 0.26981655043721176 -0.019606905647813963 0.009602188885720864
0.4486858538757354 0.20724054973439443 33 nil_vol 0.6 nil_bias 0.43 Right 0.005 0.01 0.001 0.4456388745940791 0.20873276228026366 0.003046979281656337 -0.0014922125458692282
0.2771459503288121 -0.13706705398843438 33 nil_vol 0.6 nil_bias 0.43 Right 0.005 0.01 0.001 0.27645443756028504 -0.13672839594929476 0.0006915127685270575 -0.0003386580391396383
0.16278173062735976 -0.3646708451485404 33 nil_vol 0.6 nil_bias 0.43 Right 0.005 0.01 0.001 0.16442815263531796 -0.3654771557102371 -0.0016464220079581912 0.000806310561696664
0.15737214038973657 -0.3922371879978153 33 nil_vol 0.6 nil_bias 0.43 Right 0.005 0.01 0.001 0.15249303387314989 -0.38984771853193656 0.0048791065165866825 -0.00238946946587874
0.10846117356415581 -0.46020428978474 33 nil_vol 0.6 nil_bias 0.43 Right 0.005 0.01 0.001 0.1161845719530088 -0.4639867086682473 -0.007723398388852988 0.0037824188835073576
0.06322038731607421 -0.5809036455733104 33 nil_vol 0.6 nil_bias 0.43 Right 0.005 0.01 0.001 0.059756927783692904 -0.5792074680517093 0.0034634595323813134 -0.0016961775216011066
-0.018991163148709838 -0.7400048036626701 33 nil_vol 0.6 nil_bias 0.43 Home 0.005 0.01 0.001 0.0 -0.75 -0.018991163148709838 0.009995196337329966
0.017542903094920327 -0.5930142440245278 34 nil_vol 0.6 nil_bias 0.43 Home 0.005 0.01 0.001 0.028607473999900348 -0.5966890565007607 -0.011064570904980022 0.0036748124762328235
0.05639914641089185 -0.522789985308823 34 nil_vol 0.6 nil_bias 0.43 Home 0.005 0.01 0.001 0.0534738301595311 -0.5218184167997733 0.002925316251360756 -0.0009715685090497913
0.09610521163009653 -0.4212436510743106 34 nil_vol 0.6 nil_bias 0.43 Home 0.005 0.01 0.001 0.08779393800550642 -0.4184832754328764 0.008311273624590105 -0.0027603756414342094
0.20123023019132302 -0.06346607351631285 34 nil_vol 0.6 nil_bias 0.43 Home 0.005 0.01 0.001 0.20525932923126528 -0.06480423507242827 -0.004029099039942252 0.001338161556115421
0.2537285367557913 0.09638884481095593 34 nil_vol 0.6 nil_bias 0.43 Home 0.005 0.01 0.001 0.25829207437817175 0.09487318323361149 -0.004563537622380411 0.0015156615773444394
0.2793676870214254 0.16119137326270938 34 nil_vol 0.6 nil_bias 0.43 Home 0.005 0.01 0.001 0.28022354748362616 0.16090712123600004 -0.0008558604622007538 0.0002842520267093357
0.312704065738332 0.25892876477199667 34 nil_vol 0.6 nil_bias 0.43 Home 0.005 0.01 0.001 0.31277147778110426 0.2589063755968578 -6.7412042772284e-05 2.238917513885978e-05
0.33301149278428843 0.3198474664876146 34 nil_vol 0.6 nil_bias 0.43 Right 0.005 0.01 0.001 0.4 0.35 -0.06698850721571156 -0.0301525335123854
0.2863771157698542 0.20097459415055244 35 nil_vol 0.6 nil_bias 0.43 Right 0.005 0.01 0.001 0.2921251616456393 0.19902938443455737 -0.005748045875785116 0.0019452097159950725
0.22582938695861468 -0.005863433569879706 35 nil_vol 0.6 nil_bias 0.43 Right 0.005 0.01 0.001 0.22309953240257835 -0.004939617072863667 0.0027298545560363375 -0.0009238164970160396
0.1806804173915535 -0.12278719239522709 35 nil_vol 0.6 nil_bias 0.43 Right 0.005 0.01 0.001 0.1829576608597506 -0.12355783971011447 -0.002277243468197094 0.0007706473148873842
0.16307639537281146 -0.16669283486300873 35 nil_vol 0.6 nil_bias 0.43 Right 0.005 0.01 0.001 0.16781730315978283 -0.16829721661102215 -0.004740907786971358 0.0016043817480134075
0.11976664086325375 -0.28788667327513395 35 nil_vol 0.6 nil_bias 0.43 Right 0.005 0.01 0.001 0.12656785870667644 -0.2901882893922492 -0.006801217843422693 0.0023016161171152518
0.06581989766475835 -0.46920944081664157 35 nil_vol 0.6 nil_bias 0.43 Right 0.005 0.01 0.001 0.06596793624184705 -0.46925953889948885 -0.00014803857708869795 5.0098082847275115e-05
0.039161867452165475 -0.5879593926481249 35 nil_vol 0.6 nil_bias 0.43 Right 0.005 0.01 0.001 0.027171600135617757 -0.5839017381015976 0.011990267316547714 -0.004057654546527266
-0.027301723863858464 -0.7448690429535179 35 nil_vol 0.6 nil_bias 0.43 Home 0.005 0.01 0.001 0.0 -0.75 -0.027301723863858464 0.005130957046482098
-0.06221311474121872 -0.6421932352761788 36 nil_vol 0.6 nil_bias 0.43 Home 0.005 0.01 0.001 -0.054523641797018546 -0.6401935110087471 -0.007689472944200174 -0.001999724267431621
-0.056985662982364 -0.5745523710812541 36 nil_vol 0.6 nil_bias 0.43 Home 0.005 0.01 0.001 -0.0706688647371359 -0.5781108244113772 0.013683201754771904 0.003558453330123065
-0.13371251319027755 -0.3239425953492799 36 nil_vol 0.6 nil_bias 0.43 Home 0.005 0.01 0.001 -0.13657430572995874 -0.32468683309242347 0.002861792539681184 0.00074423774314359
-0.19894340530119065 -0.07274768300952053 36 nil_vol 0.6 nil_bias 0.43 Home 0.005 0.01 0.001 -0.2018940437100438 -0.07351502600863336 0.0029506384088531386 0.0007673429991128199
-0.20804101718100812 -0.036131458108280175 36 nil_vol 0.6 nil_bias 0.43 Home 0.005 0.01 0.001 -0.21138954884362757 -0.03700227722352967 0.0033485316626194585 0.0008708191152494897
-0.22022853120428512 -0.02238824886574712 36 nil_vol 0.6 nil_bias 0.43 Home 0.005 0.01 0.001 -0.21550924398561244 -0.021160951072433765 -0.004719287218672673 -0.0012272977933133554
-0.295369701288638 0.2768840825815025 36 nil_vol 0.6 nil_bias 0.43 Home 0.005 0.01 0.001 -0.29316775324884553 0.2774567211697061 -0.0022019480397924593 -0.0005726385882035873
-0.3127611664424536 0.35279861859554 36 nil_vol 0.6 nil_bias 0.43 Left 0.005 0.01 0.001 -0.4 0.35 0.08723883355754641 0.0027986185955400484
-0.24350869796770264 0.1331836314463855 37 nil_vol 0.6 nil_bias 0.43 Left 0.005 0.01 0.001 -0.24280543246123737 0.13340787725725403 -0.0007032655064652626 -0.00022424581086851793
-0.23961273959796725 0.11941720877470015 37 nil_vol 0.6 nil_bias 0.43 Left 0.005 0.01 0.001 -0.23846138011275614 0.11978433547007872 -0.0011513594852111096 -0.0003671266953785649
-0.2304592442910283 0.10415306656404914 37 nil_vol 0.6 nil_bias 0.43 Left 0.005 0.01 0.001 -0.23319861381125784 0.10327958118237598 0.0027393695202295476 0.0008734853816731596
-0.1312514404055993 -0.22110314558137945 37 nil_vol 0.6 nil_bias 0.43 Left 0.005 0.01 0.001 -0.12990195870128182 -0.22067284491078648 -0.0013494817043174913 -0.0004303006705929674
-0.10945613702882628 -0.26836498501466266 37 nil_vol 0.6 nil_bias 0.43 Left 0.005 0.01 0.001 -0.11421120190654982 -0.26988120238837826 0.004755064877723541 0.0015162173737155909
-0.06777178318183144 -0.43299074768178575 37 nil_vol 0.6 nil_bias 0.43 Left 0.005 0.01 0.001 -0.06271558040713399 -0.43137850837713604 -0.005056202774697456 -0.0016122393046497099
-0.029964783792198576 -0.5240705570855968 37 nil_vol 0.6 nil_bias 0.43 Left 0.005 0.01 0.001 -0.032864617087628445 -0.5249952085333631 0.00289983329542987 0.0009246514477662891
0.02810320465042002 -0.716198628863174 37 nil_vol 0.6 nil_bias 0.43 Home 0.005 0.01 0.001 0.0 -0.75 0.02810320465042002 0.03380137113682597
0.013674027291407417 -0.7090171132144639 38 nil_vol 0.6 nil_bias 0.43 Home 0.005 0.01 0.001 0.024643953418412336 -0.7054775644379047 -0.010969926127004918 -0.003539548776559259
0.009075475315490834 -0.6401148294089748 38 nil_vol 0.6 nil_bias 0.43 Home 0.005 0.01 0.001 0.00407468587738034 -0.6417283806701743 0.0050007894381104935 0.0016135512611995303
-0.0583222411170876 -0.44867231636358695 38 nil_vol 0.6 nil_bias 0.43 Home 0.005 0.01 0.001 -0.058226606706178324 -0.4486414590307105 -9.563441090927603e-05 -3.085733287643512e-05
-0.1213665732712486 -0.2448065384436375 38 nil_vol 0.6 nil_bias 0.43 Home 0.005 0.01 0.001 -0.12374792135842733 -0.2455749025703371 0.0023813480871787275 0.0007683641266995944
-0.1565308618945974 -0.15007176862539617 38 nil_vol 0.6 nil_bias 0.43 Home 0.005 0.01 0.001 -0.15474846057180297 -0.1494966602474187 -0.0017824013227944182 -0.000575108377977481
-0.22882159045193062 0.1009851299903571 38 nil_vol 0.6 nil_bias 0.43 Home 0.005 0.01 0.001 -0.2349325370416613 0.09901337619047934 0.006110946589730681 0.001971753799877755
-0.2479054506630273 0.16869929541318332 38 nil_vol 0.6 nil_bias 0.43 Home 0.005 0.01 0.001 -0.2565204484787318 0.16591958617671254 0.008614997815704501 0.002779709236470767
-0.3000829867544572 0.3009305316266774 38 nil_vol 0.6 nil_bias 0.43 Left 0.005 0.01 0.001 -0.4 0.35 0.09991701324554278 -0.049069468373322586
-0.28825327989357313 0.25537500536551644 39 nil_vol 0.6 nil_bias 0.43 Left 0.005 0.01 0.001 -0.2864341913531301 0.25592669988449973 -0.0018190885404430399 -0.0005516945189832943
-0.278031575883567 0.24823699532077825 39 nil_vol 0.6 nil_bias 0.43 Left 0.005 0.01 0.001 -0.28359072585351736 0.2465510122031666 0.005559149969950365 0.0016859831176116388
-0.28353981573422926 0.2308385380249189 39 nil_vol 0.6 nil_bias 0.43 Left 0.005 0.01 0.001 -0.27922253510503103 0.2321478860896708 -0.004317280629198217 -0.0013093480647518737
-0.27829347601068744 0.16703021129632073 39 nil_vol 0.6 nil_bias 0.43 Left 0.005 0.01 0.001 -0.26105882777891853 0.1722571481686493 -0.01723464823176893 -0.005226936872328547
-0.20355145580411144 0.030716748820631534 39 nil_vol 0.6 nil_bias 0.43 Left 0.005 0.01 0.001 -0.21690417790549293 0.026667125378418477 0.013352722101381493 0.004049623442213056
-0.019174763736178248 -0.5921846511029798 39 nil_vol 0.6 nil_bias 0.43 Left 0.005 0.01 0.001 -0.02837236500351259 -0.5949741064231405 0.009197601267334342 0.002789455320160677
-0.009172986936613283 -0.6645220660628542 39 nil_vol 0.6 nil_bias 0.43 Left 0.005 0.01 0.001 -0.00743927387934884 -0.6639962642836018 -0.0017337130572644421 -0.0005258017792523788
0.022738810032463953 -0.7635017056602444 39 nil_vol 0.6 nil_bias 0.43 Home 0.005 0.01 0.001 0.0 -0.75 0.022738810032463953 -0.013501705660244437
-0.01759236465576298 -0.6791644239028001 40 nil_vol 0.6 nil_bias 0.43 Home 0.005 0.01 0.001 -0.011760679259996236 -0.6768427912217104 -0.005831685395766746 -0.002321632681089639
-0.11695521080270309 -0.4481329855025766 40 nil_vol 0.6 nil_bias 0.43 Home 0.005 0.01 0.001 -0.10474651447109873 -0.44327262242168625 -0.012208696331604365 -0.004860363080890308
-0.19432221709065645 -0.2274731098285952 40 nil_vol 0.6 nil_bias 0.43 Home 0.005 0.01 0.001 -0.19115905889501802 -0.22621383554610708 -0.003163158195638422 -0.001259274282488133
-0.2487914856809019 -0.0361090681546223 40 nil_vol 0.6 nil_bias 0.43 Home 0.005 0.01 0.001 -0.26437173296557803 -0.04231166805855735 0.015580247284676142 0.006202599903935046
-0.3560952016591403 0.17731073718242005 40 nil_vol 0.6 nil_bias 0.43 Home 0.005 0.01 0.001 -0.35239181633947175 0.17878507947033762 -0.0037033853196685716 -0.0014743422879175579
-0.3814386182439782 0.22503303383376771 40 nil_vol 0.6 nil_bias 0.43 Home 0.005 0.01 0.001 -0.37225839718964376 0.22868774079632803 -0.009180221054334442 -0.0036547069625603125
-0.41892308638658776 0.3419958985872684 40 nil_vol 0.6 nil_bias 0.43 Home 0.005 0.01 0.001 -0.4175799926662853 0.34253059311607204 -0.0013430937203024302 -0.0005346945288036089
-0.43345176628323157 0.3823987389949539 40 nil_vol 0.6 nil_bias 0.43 Left 0.005 0.01 0.001 -0.4 0.35 -0.03345176628323154 0.032398738994953914
-0.4236322699917876 0.37203131747310886 41 nil_vol 0.6 nil_bias 0.43 Left 0.005 0.01 0.001 -0.42887836882983726 0.370083173473936 0.005246098838049661 0.0019481439991728582
-0.4098116815212568 0.2902670719904783 41 nil_vol 0.6 nil_bias 0.43 Left 0.005 0.01 0.001 -0.40051992780920925 0.29371757393387043 -0.009291753712047561 -0.0034505019433921365
-0.2716551284426142 -0.035119904472918635 41 nil_vol 0.6 nil_bias 0.43 Left 0.005 0.01 0.001 -0.2775876944333726 -0.03732296872911739 0.005932565990758428 0.002203064256198752
-0.16699219271400037 -0.3448015264233124 41 nil_vol 0.6 nil_bias 0.43 Left 0.005 0.01 0.001 -0.16383992951738868 -0.3436309303632932 -0.0031522631966116785 -0.001170596060019249
-0.08220910875958054 -0.5883258332920976 41 nil_vol 0.6 nil_bias 0.43 Left 0.005 0.01 0.001 -0.0740916457665915 -0.5853114053702291 -0.00811746299298905 -0.003014427921868609
-0.07369365573229081 -0.6148677816241007 41 nil_vol 0.6 nil_bias 0.43 Left 0.005 0.01 0.001 -0.06439777289878384 -0.6114157463273652 -0.009295882833506956 -0.0034520352967355077
-0.037884156433563694 -0.6809972251438796 41 nil_vol 0.6 nil_bias 0.43 Left 0.005 0.01 0.001 -0.03847688380035885 -0.681217335038568 0.0005927273667951595 0.0002201098946882992
-0.001677613521630365 -0.7803129917930375 41 nil_vol 0.6 nil_bias 0.43 Home 0.005 0.01 0.001 0.0 -0.75 -0.001677613521630365 -0.03031299179303751
0.031827498510705994 -0.691884227382189 42 nil_vol 0.6 nil_bias 0.43 Home 0.005 0.01 0.001 0.029266319406565135 -0.6909968962252258 0.002561179104140861 -0.000887331156963296
0.06921165416505833 -0.5972112544720122 42 nil_vol 0.6 nil_bias 0.43 Home 0.005 0.01 0.001 0.06255745228885284 -0.59490587854577 0.006654201876205487 -0.0023053759262421387
0.21844596275032183 -0.18156215593603073 42 nil_vol 0.6 nil_bias 0.43 Home 0.005 0.01 0.001 0.20712139781856434 -0.17763871329714775 0.011324564931757482 -0.0039234426388829674
0.21539737401400252 -0.1792313076810301 42 nil_vol 0.6 nil_bias 0.43 Home 0.005 0.01 0.001 0.20751568038107251 -0.17650066212842863 0.007881693632930013 -0.0027306455526014584
0.22208080356024432 -0.16230597630465765 42 nil_vol 0.6 nil_bias 0.43 Home 0.005 0.01 0.001 0.21346736371141872 -0.15932181423097247 0.008613439848825595 -0.002984162073685191
0.32488612817279583 0.1719928248773603 42 nil_vol 0.6 nil_bias 0.43 Home 0.005 0.01 0.001 0.3278919131106259 0.1709514581794377 -0.00300578493783005 0.0010413666979226216
0.35552105589869243 0.2888400725099444 42 nil_vol 0.6 nil_bias 0.43 Home 0.005 0.01 0.001 0.36731882240495567 0.28475268721671754 -0.011797766506263229 0.004087385293226888
0.3980527339358294 0.37346258022979895 42 nil_vol 0.6 nil_bias 0.43 Right 0.005 0.01 0.001 0.4 0.35 -0.0019472660641705888 0.023462580229798975
0.35700143775302484 0.29066825366563065 43 nil_vol 0.6 nil_bias 0.43 Right 0.005 0.01 0.001 0.3679427733140645 0.2868639976038938 -0.010941335561039633 0.0038042560617368576
0.3178134822003469 0.1990939822724928 43 nil_vol 0.6 nil_bias 0.43 Right 0.005 0.01 0.001 0.33531028138882873 0.1930104192556713 -0.017496799188481866 0.0060835630168215036
0.32240090640030244 0.1711770513416666 43 nil_vol 0.6 nil_bias 0.43 Right 0.005 0.01 0.001 0.3271453454165762 0.1695274299781221 -0.004744439016273742 0.00164962136354451
0.21847761624422327 -0.16066294089777025 43 nil_vol 0.6 nil_bias 0.43 Right 0.005 0.01 0.001 0.21300156391866557 -0.15875894068338403 0.005476052325557695 -0.0019040002143862237
0.15579094090907689 -0.31128922874590703 43 nil_vol 0.6 nil_bias 0.43 Right 0.005 0.01 0.001 0.15951697891653535 -0.31258475638940697 -0.003726038007458466 0.0012955276434999418
0.09862040367029593 -0.4601943868916508 43 nil_vol 0.6 nil_bias 0.43 Right 0.005 0.01 0.001 0.10716121631589248 -0.4631639912966986 -0.008540812645596557 0.0029696044050478063
0.03618828261291695 -0.6804379993313996 43 nil_vol 0.6 nil_bias 0.43 Right 0.005 0.01 0.001 0.03210910478594703 -0.679019686467437 0.004079177826969917 -0.0014183128639625017
0.00726483533509096 -0.7504737327827624 43 nil_vol 0.6 nil_bias 0.43 Home 0.005 0.01 0.001 0.0 -0.75 0.00726483533509096 -0.0004737327827623642
-0.0037169258714423127 -0.7310956964424081 44 nil_vol 0.6 nil_bias 0.43 Home 0.005 0.01 0.001 0.0018708476817247905 -0.7296484021772406 -0.005587773553167103 -0.0014472942651675208
-0.016676419284734272 -0.6836656748231932 44 nil_vol 0.6 nil_bias 0.43 Home 0.005 0.01 0.001 -0.010456456434458104 -0.6820546366382872 -0.006219962850276169 -0.0016110381849059367
-0.10722230392227264 -0.39047605768476545 44 nil_vol 0.6 nil_bias 0.43 Home 0.005 0.01 0.001 -0.08731406407645646 -0.3853196065357925 -0.019908239845816182 -0.005156451148972971
-0.1016907481907052 -0.33623650248219833 44 nil_vol 0.6 nil_bias 0.43 Home 0.005 0.01 0.001 -0.10013171351309343 -0.33583269550494066 -0.0015590346776117774 -0.000403806977257681
-0.16182563256666124 -0.03649220111419743 44 nil_vol 0.6 nil_bias 0.43 Home 0.005 0.01 0.001 -0.1766684124719841 -0.04033664291766703 0.014842779905322841 0.0038444418034695987
-0.18593540038638284 0.0068909041971931505 44 nil_vol 0.6 nil_bias 0.43 Home 0.005 0.01 0.001 -0.18871442648117506 0.006171106143196492 0.0027790260947922214 0.0007197980539966582
-0.2256378434292573 0.07380707114187847 44 nil_vol 0.6 nil_bias 0.43 Home 0.005 0.01 0.001 -0.20745284904689484 0.07851718292992316 -0.01818499438236245 -0.004710111788044693
-0.2541089130308231 0.2586488442642482 44 nil_vol 0.6 nil_bias 0.43 Left 0.005 0.01 0.001 -0.4 0.35 0.1458910869691769 -0.09135115573575175
-0.24285293250584405 0.23004451717630225 45 nil_vol 0.6 nil_bias 0.43 Left 0.005 0.01 0.001 -0.2457928181523107 0.22921392650940725 0.002939885646466621 0.0008305906668950156
-0.14052670406977052 -0.18526113918486145 45 nil_vol 0.6 nil_bias 0.43 Left 0.005 0.01 0.001 -0.12956804728058496 -0.18216504663386618 -0.010958656789185565 -0.0030960925509952737
-0.08403578066655631 -0.28729485892901424 45 nil_vol 0.6 nil_bias 0.43 Left 0.005 0.01 0.001 -0.09869607697165758 -0.2914367565227412 0.014660296305101269 0.0041418975937269845
-0.07987130990192189 -0.33591622204038496 45 nil_vol 0.6 nil_bias 0.43 Left 0.005 0.01 0.001 -0.08566691697655199 -0.3375536248934395 0.005795607074630105 0.0016374028530545244
-0.04602248129537035 -0.434809786602436 45 nil_vol 0.6 nil_bias 0.43 Left 0.005 0.01 0.001 -0.057290241551588295 -0.43799320855521623 0.011267760256217946 0.003183421952780188
-0.0456530547297212 -0.4814966762139018 45 nil_vol 0.6 nil_bias 0.43 Left 0.005 0.01 0.001 -0.045047747884266076 -0.4813256620055611 -0.0006053068454551257 -0.00017101420834070505
-0.032331445589050836 -0.5525060450496101 45 nil_vol 0.6 nil_bias 0.43 Left 0.005 0.01 0.001 -0.025484081377066453 -0.550571494699279 -0.006847364211984385 -0.001934550350331032
0.034963126109871186 -0.7645251119776436 45 nil_vol 0.6 nil_bias 0.43 Home 0.005 0.01 0.001 0.0 -0.75 0.034963126109871186 -0.014525111977643656
0.006540185349019007 -0.7328407975853135 46 nil_vol 0.6 nil_bias 0.43 Home 0.005 0.01 0.001 0.022054264342100338 -0.7274404726806513 -0.015514078993081331 -0.005400324904662262
-0.13269523088113439 -0.3240702795370464 46 nil_vol 0.6 nil_bias 0.43 Home 0.005 0.01 0.001 -0.11990534801013647 -0.319618225178759 -0.012789882870997901 -0.004452054358287433
-0.12594572312623445 -0.2974232332367684 46 nil_vol 0.6 nil_bias 0.43 Home 0.005 0.01 0.001 -0.12744908515146777 -0.297946541348659 0.0015033620252333227 0.0005233081118905998
-0.17369368346541328 -0.19357233789959385 46 nil_vol 0.6 nil_bias 0.43 Home 0.005 0.01 0.001 -0.16485220197058745 -0.19049468999462238 -0.008841481494825843 -0.003077647904971462
-0.21565029134175911 -0.04358379644259393 46 nil_vol 0.6 nil_bias 0.43 Home 0.005 0.01 0.001 -0.21595390292887517 -0.04368948117038074 0.0003036115871160499 0.00010568472778680824
-0.26244524133479896 0.08018248093272427 46 nil_vol 0.6 nil_bias 0.43 Home 0.005 0.01 0.001 -0.2594372046105791 0.08122955408757848 -0.0030080367242198433 -0.001047073154854211
-0.2977349291690743 0.20972175777488342 46 nil_vol 0.6 nil_bias 0.43 Home 0.005 0.01 0.001 -0.3034694562755103 0.2077256154603343 0.005734527106436025 0.0019961423145491222
-0.33439723354710305 0.29657508065782184 46 nil_vol 0.6 nil_bias 0.43 Left 0.005 0.01 0.001 -0.4 0.35 0.06560276645289696 -0.053424919342178155
-0.2731936997778662 0.111905525801963 47 nil_vol 0.6 nil_bias 0.43 Left 0.005 0.01 0.001 -0.2736975409347553 0.11174006471120598 0.0005038411568890988 0.00016546109075701857
-0.20616335790000528 -0.03596930465798458 47 nil_vol 0.6 nil_bias 0.43 Left 0.005 0.01 0.001 -0.22333769931103387 -0.04160934661177779 0.017174341411028592 0.0056400419537932095
-0.22818299055923696 -0.06601584665124693 47 nil_vol 0.6 nil_bias 0.43 Left 0.005 0.01 0.001 -0.2165745469095132 -0.0622036417092488 -0.011608443649723762 -0.0038122049419981327
-0.19395341405447128 -0.10394983980259673 47 nil_vol 0.6 nil_bias 0.43 Left 0.005 0.01 0.001 -0.2019975908759052 -0.10659154195994897 0.008044176821433909 0.0026417021573522403
-0.14570046385135285 -0.23792793853153693 47 nil_vol 0.6 nil_bias 0.43 Left 0.005 0.01 0.001 -0.1575850967849033 -0.24183084384513537 0.011884632933550448 0.003902905313598427
-0.15055369191157433 -0.24165823395320304 47 nil_vol 0.6 nil_bias 0.43 Left 0.005 0.01 0.001 -0.156951773539792 -0.2437593595767899 0.006398081628217677 0.0021011256235868706
-0.06841648586211213 -0.4666372801101808 47 nil_vol 0.6 nil_bias 0.43 Left 0.005 0.01 0.001 -0.08226527868798672 -0.47118521418683573 0.013848792825874595 0.004547934076654947
0.0015843183104109182 -0.7265133868893677 47 nil_vol 0.6 nil_bias 0.43 Home 0.005 0.01 0.001 0.0 -0.75 0.0015843183104109182 0.02348661311063225
-0.06503120410089792 -0.5821426796381837 48 nil_vol 0.6 nil_bias 0.43 Home 0.005 0.01 0.001 -0.05063150045593774 -0.5771100457617296 -0.014399703644960187 -0.0050326338764540455
-0.05147214289854533 -0.5497232029011069 48 nil_vol 0.6 nil_bias 0.43 Home 0.005 0.01 0.001 -0.059252708648390856 -0.5524424768345225 0.007780565749845528 0.002719273933415658
-0.05024838400728919 -0.5400214006963427 48 nil_vol 0.6 nil_bias 0.43 Home 0.005 0.01 0.001 -0.0621411522950194 -0.5441778715547272 0.011892768287730211 0.004156470858384455
-0.0990046207310434 -0.48216253322065317 48 nil_vol 0.6 nil_bias 0.43 Home 0.005 0.01 0.001 -0.08546862752514466 -0.47743176239098406 -0.013535993205898739 -0.004730770829669123
-0.07462705135685174 -0.45487209762263175 48 nil_vol 0.6 nil_bias 0.43 Home 0.005 0.01 0.001 -0.09131477359417216 -0.46070438405873404 0.016687722237320415 0.005832286436102305
-0.21986876378823395 -0.09885988262016523 48 nil_vol 0.6 nil_bias 0.43 Home 0.005 0.01 0.001 -0.218005453300863 -0.09820866369842185 -0.0018633104873709582 -0.0006512189217433794
-0.2310004866879555 -0.03531096850122044 48 nil_vol 0.6 nil_bias 0.43 Home 0.005 0.01 0.001 -0.23900963002264985 -0.038110129307676766 0.008009143334694342 0.0027991608064563273
-0.3981567614964044 0.41725212938742107 48 nil_vol 0.6 nil_bias 0.43 Left 0.005 0.01 0.001 -0.4 0.35 0.0018432385035956082 0.06725212938742109
-0.38376162991798485 0.36138719914482426 49 nil_vol 0.6 nil_bias 0.43 Left 0.005 0.01 0.001 -0.37941260936578525 0.36288665639900824 -0.004349020552199576 -0.0014994572541839675
-0.36063215821109196 0.32684629713119207 49 nil_vol 0.6 nil_bias 0.43 Left 0.005 0.01 0.001 -0.36631147729069385 0.3248881789548069 0.005679319079601872 0.00195811817638512
-0.3120800522984867 0.1794959276640093 49 nil_vol 0.6 nil_bias 0.43 Left 0.005 0.01 0.001 -0.31574715072545523 0.17823158382563778 0.0036670984269685254 0.0012643438383715044
-0.22743605346639262 -0.00628324801708792 49 nil_vol 0.6 nil_bias 0.43 Left 0.005 0.01 0.001 -0.24950645697143528 -0.013892691624261932 0.02207040350504265 0.007609443607174013
-0.24013191347367682 -0.015276029647810736 49 nil_vol 0.6 nil_bias 0.43 Left 0.005 0.01 0.001 -0.24808419327892253 -0.01801782024138371 0.007952279805245703 0.0027417905935729734
-0.1785365580307641 -0.21546603668961617 49 nil_vol 0.6 nil_bias 0.43 Left 0.005 0.01 0.001 -0.1798515866345 -0.21591943284069526 0.0013150286037358877 0.0004533961510791002
-0.10993192402210396 -0.3906793080426912 49 nil_vol 0.6 nil_bias 0.43 Left 0.005 0.01 0.001 -0.11857085778848381 -0.39365784349657895 0.008638933766379855 0.002978535453887792
0.006856133001319303 -0.7574458469380401 49 nil_vol 0.6 nil_bias 0.43 Home 0.005 0.01 0.001 0.0 -0.75 0.006856133001319303 -0.007445846938040121
-0.02279822348329246 -0.6512842995519983 50 nil_vol 0.6 nil_bias 0.43 Home 0.005 0.01 0.001 -0.029667280105215337 -0.6537025906450219 0.006869056621922876 0.0024182910930235636
-0.1360641669240533 -0.38333659978878937 50 nil_vol 0.6 nil_bias 0.43 Home 0.005 0.01 0.001 -0.12608770543170938 -0.3798243288475616 -0.009976461492343908 -0.0035122709412277607
-0.13203613027931826 -0.3125858094317641 50 nil_vol 0.6 nil_bias 0.43 Home 0.005 0.01 0.001 -0.1478049729240723 -0.3181373216428287 0.015768842644754037 0.0055515122110645744
-0.2300919469215698 -0.048789995369159726 50 nil_vol 0.6 nil_bias 0.43 Home 0.005 0.01 0.001 -0.24124758937058374 -0.05271740378290113 0.011155642449013943 0.003927408413741402
-0.30176476286548 0.09306003649400774 50 nil_vol 0.6 nil_bias 0.43 Home 0.005 0.01 0.001 -0.2935834043006899 0.09594033107229372 -0.008181358564790077 -0.002880294578285983
-0.3394048915822508 0.19545546652397994 50 nil_vol 0.6 nil_bias 0.43 Home 0.005 0.01 0.001 -0.32980778039345926 0.19883418499785888 -0.009597111188791526 -0.0033787184738789462
-0.3954893260772983 0.34069268535005864 50 nil_vol 0.6 nil_bias 0.43 Home 0.005 0.01 0.001 -0.3814855583194215 0.3456227927434905 -0.01400376775787682 -0.004930107393431865
-0.4366092480484983 0.5021993715725173 50 nil_vol 0.6 nil_bias 0.43 Left 0.005 0.01 0.001 -0.4 0.35 -0.03660924804849827 0.15219937157251726
-0.40299128989904415 0.41030181797985793 51 nil_vol 0.6 nil_bias 0.43 Left 0.005 0.01 0.001 -0.4049721409100628 0.40962486706347734 0.001980851011018653 0.0006769509163806104
-0.3740364987919314 0.3121069334739402 51 nil_vol 0.6 nil_bias 0.43 Left 0.005 0.01 0.001 -0.37189566057330886 0.31283855962141804 -0.0021408382186225254 -0.0007316261474778353
-0.18731929191500438 -0.1914895257881198 51 nil_vol 0.6 nil_bias 0.43 Left 0.005 0.01 0.001 -0.19826448510458053 -0.1952300183937884 0.01094519318957616 0.003740492605668577
-0.1778672736893513 -0.27400703003409155 51 nil_vol 0.6 nil_bias 0.43 Left 0.005 0.01 0.001 -0.17202496779368648 -0.2720104364953315 -0.005842305895664808 -0.0019965935387600393
-0.09535500481306293 -0.5050997022842112 51 nil_vol 0.6 nil_bias 0.43 Left 0.005 0.01 0.001 -0.09267973784112704 -0.5041854364367846 -0.0026752669719358846 -0.0009142658474265857
-0.08634319340588133 -0.5130929798285749 51 nil_vol 0.6 nil_bias 0.43 Left 0.005 0.01 0.001 -0.08929129426928589 -0.5141004859812148 0.0029481008634045618 0.0010075061526398634
-0.03673997072531532 -0.6866873735258404 51 nil_vol 0.6 nil_bias 0.43 Left 0.005 0.01 0.001 -0.030982568675747224 -0.6847197956657456 -0.005757402049568093 -0.001967577860094811
-0.01226529331030646 -0.7394891045388013 51 nil_vol 0.6 nil_bias 0.43 Home 0.005 0.01 0.001 0.0 -0.75 -0.01226529331030646 0.01051089546119865
-0.028995551727400492 -0.6889279534585138 52 nil_vol 0.6 nil_bias 0.43 Home 0.005 0.01 0.001 -0.0285471342348442 -0.6887839628878564 -0.00044841749255629143 -0.00014399057065735566
-0.07919116774113368 -0.5068113847538327 52 nil_vol 0.6 nil_bias 0.43 Home 0.005 0.01 0.001 -0.08625199095678718 -0.5090786735661776 0.007060823215653505 0.0022672888123449475
-0.09078474859319875 -0.46182422244980775 52 nil_vol 0.6 nil_bias 0.43 Home 0.005 0.01 0.001 -0.10043114186137551 -0.46492175921973133 0.009646393268176765 0.0030975367699235816
-0.18175327502615798 -0.18691921134302691 52 nil_vol 0.6 nil_bias 0.43 Home 0.005 0.01 0.001 -0.18895725610568634 -0.18923246933109672 0.007203981079528342 0.0023132579880698174
-0.28495382343655584 0.09701043639559448 52 nil_vol 0.6 nil_bias 0.43 Home 0.005 0.01 0.001 -0.28125374123322855 0.09819856343519551 -0.003700082203327278 -0.0011881270396010238
-0.35664120139023525 0.3514833228097263 52 nil_vol 0.6 nil_bias 0.43 Home 0.005 0.01 0.001 -0.36202993953537355 0.3497529543617467 0.005388738145138279 0.0017303684479795713
-0.356610580493386 0.36391679203451555 52 nil_vol 0.6 nil_bias 0.43 Home 0.005 0.01 0.001 -0.3656463791407004 0.3610153222543008 0.009035798647314434 0.0029014697802147845
-0.3820746417301097 0.41217645234614064 52 nil_vol 0.6 nil_bias 0.43 Left 0.005 0.01 0.001 -0.4 0.35 0.01792535826989034 0.062176452346140686
-0.3629702227249031 0.3648908980020128 53 nil_vol 0.6 nil_bias 0.43 Left 0.005 0.01 0.001 -0.36501204223823425 0.36416525994044835 0.002041819513331128 0.0007256380615644643
-0.3029128395182975 0.22025460458720816 53 nil_vol 0.6 nil_bias 0.43 Left 0.005 0.01 0.001 -0.3126394517631391 0.21679788375128017 0.009726612244841622 0.00345672083592799
-0.2260907826430372 0.006671690088966037 53 nil_vol 0.6 nil_bias 0.43 Left 0.005 0.01 0.001 -0.2366317970506015 0.002925540533783688 0.010541014407564294 0.0037461495551823487
-0.21669092329041773 -0.08407857795300247 53 nil_vol 0.6 nil_bias 0.43 Left 0.005 0.01 0.001 -0.2069427778939098 -0.08061420449433654 -0.009748145396507917 -0.0034643734586659375
-0.22060617690051987 -0.08728486320830398 53 nil_vol 0.6 nil_bias 0.43 Left 0.005 0.01 0.001 -0.20637012767389853 -0.08222554278468408 -0.014236049226621335 -0.005059320423619889
-0.18213499955949936 -0.12429283423312142 53 nil_vol 0.6 nil_bias 0.43 Left 0.005 0.01 0.001 -0.1903787307981524 -0.1272225570205755 0.008243731238653048 0.0029297227874540864
-0.16503406134962312 -0.22423497815034227 53 nil_vol 0.6 nil_bias 0.43 Left 0.005 0.01 0.001 -0.15692576723266768 -0.22135338808461547 -0.008108294116955446 -0.002881590065726796
0.017180121305644197 -0.7112571285760425 53 nil_vol 0.6 nil_bias 0.43 Home 0.005 0.01 0.001 0.0 -0.75 0.017180121305644197 0.03874287142395751
0.08936495020871275 -0.55239614807036 54 nil_vol 0.6 nil_bias 0.43 Home 0.005 0.01 0.001 0.0817140375034543 -0.5493466641405875 0.007650912705258464 -0.0030494839297724274
0.07998600987402388 -0.5354245218112517 54 nil_vol 0.6 nil_bias 0.43 Home 0.005 0.01 0.001 0.08626550670257191 -0.5379273898223522 -0.006279496828548029 0.002502868011100544
0.16076703713479315 -0.3665581002349671 54 nil_vol 0.6 nil_bias 0.43 Home 0.005 0.01 0.001 0.1554190971231372 -0.36442653008756193 0.00534794001165594 -0.002131570147405155
0.19023382789052454 -0.2545895501394414 54 nil_vol 0.6 nil_bias 0.43 Home 0.005 0.01 0.001 0.19796885866059982 -0.2576725616621618 -0.007735030770075273 0.003083011522720405
0.28466526885103777 -0.05096681014133695 54 nil_vol 0.6 nil_bias 0.43 Home 0.005 0.01 0.001 0.2809477608510227 -0.04948509399300671 0.0037175080000150977 -0.0014817161483302412
0.29314142624681716 -0.00721637404379459 54 nil_vol 0.6 nil_bias 0.43 Home 0.005 0.01 0.001 0.2971571751454307 -0.008816962392411698 -0.004015748898613534 0.001600588348617108
0.383808152138211 0.23783178628916493 54 nil_vol 0.6 nil_bias 0.43 Home 0.005 0.01 0.001 0.3938677753812774 0.2338222438200407 -0.010059623243066381 0.00400954246912425
0.4764842823894245 0.4411004907921038 54 nil_vol 0.6 nil_bias 0.43 Right 0.005 0.01 0.001 0.4 0.35 0.07648428238942444 0.09110049079210378
0.4393107255541148 0.3731097749495971 55 nil_vol 0.6 nil_bias 0.43 Right 0.005 0.01 0.001 0.4494118485406852 0.369301080918103 -0.010101122986570387 0.003808694031494111
0.40661334725966397 0.2398672375940229 55 nil_vol 0.6 nil_bias 0.43 Right 0.005 0.01 0.001 0.40135549454524966 0.2418497451111068 0.005257852714414287 -0.001982507517083904
0.3035979322638078 0.00412286787136943 55 nil_vol 0.6 nil_bias 0.43 Right 0.005 0.01 0.001 0.31070815906005 0.0014419106750833133 -0.007110226796242155 0.0026809571962861174
0.1758026708652553 -0.3581472580816863 55 nil_vol 0.6 nil_bias 0.43 Right 0.005 0.01 0.001 0.17520736319932934 -0.35792279345957156 0.0005953076659259679 -0.00022446462211472897
0.11410847337387149 -0.5356141803624469 55 nil_vol 0.6 nil_bias 0.43 Right 0.005 0.01 0.001 0.10894217283319518 -0.5336661931871259 0.005166300540676307 -0.0019479871753209387
0.09295251754652736 -0.5763553078298735 55 nil_vol 0.6 nil_bias 0.43 Right 0.005 0.01 0.001 0.09285922800389718 -0.5763201324018851 9.328954263018848e-05 -3.517542798843324e-05
0.048497546832617304 -0.6627610379002981 55 nil_vol 0.6 nil_bias 0.43 Right 0.005 0.01 0.001 0.058801231752376615 -0.6666461092243933 -0.010303684919759313 0.0038850713240951703
0.03566151464984732 -0.7280154726844984 55 nil_vol 0.6 nil_bias 0.43 Home 0.005 0.01 0.001 0.0 -0.75 0.03566151464984732 0.02198452731550161
-0.011347318182742209 -0.6701082386767411 56 nil_vol 0.6 nil_bias 0.43 Home 0.005 0.01 0.001 0.0029008573987027164 -0.6629358050483525 -0.014248175581444925 -0.007172433628388587
-0.08955913350551972 -0.45350094278784037 56 nil_vol 0.6 nil_bias 0.43 Home 0.005 0.01 0.001 -0.09990541630474911 -0.4587091904160245 0.01034628279922939 0.005208247628184109
-0.12405935453496586 -0.4018393617593474 56 nil_vol 0.6 nil_bias 0.43 Home 0.005 0.01 0.001 -0.12762878645437792 -0.4036361892469575 0.003569431919412063 0.0017968274876100608
-0.23449325494782766 -0.15384181961417923 56 nil_vol 0.6 nil_bias 0.43 Home 0.005 0.01 0.001 -0.24955646695088782 -0.161424536973656 0.015063212003060164 0.007582717359476761
-0.40444065437691507 0.14201773748814892 56 nil_vol 0.6 nil_bias 0.43 Home 0.005 0.01 0.001 -0.40273854427705 0.14287456801004328 -0.001702110099865051 -0.0008568305218943611
-0.45129190235512606 0.2035432129884011 56 nil_vol 0.6 nil_bias 0.43 Home 0.005 0.01 0.001 -0.43692050244253067 0.21077767689789673 -0.014371399912595376 -0.007234463909495605
-0.45055711670828097 0.2458933263237203 56 nil_vol 0.6 nil_bias 0.43 Home 0.005 0.01 0.001 -0.4537806265826867 0.244270633615277 0.0032235098744057464 0.0016226927084432921
-0.4948003117028611 0.32575701692240805 56 nil_vol 0.6 nil_bias 0.43 Left 0.005 0.01 0.001 -0.4 0.35 -0.09480031170286109 -0.02424298307759191
-0.4407495581322316 0.1921835501004388 57 nil_vol 0.6 nil_bias 0.43 Left 0.005 0.01 0.001 -0.4293345384730073 0.19803445930853905 -0.011415019659224306 -0.0058509092081002545
-0.4161343804145224 0.1632830322073071 57 nil_vol 0.6 nil_bias 0.43 Left 0.005 0.01 0.001 -0.41248185710472973 0.1651551781084136 -0.0036525233097926754 -0.0018721459011064895
-0.3221565237581304 0.025837265158928688 57 nil_vol 0.6 nil_bias 0.43 Left 0.005 0.01 0.001 -0.3371370541383763 0.018158809425987577 0.014980530380245907 0.007678455732941112
-0.3144671297291852 -0.019455123514479655 57 nil_vol 0.6 nil_bias 0.43 Left 0.005 0.01 0.001 -0.3171521576397612 -0.020831367708093462 0.002685027910575934 0.001376244193613808
-0.15355312892262624 -0.31548696764606354 57 nil_vol 0.6 nil_bias 0.43 Left 0.005 0.01 0.001 -0.16350756288778923 -0.3205892356304321 0.009954433965162999 0.00510226798436858
-0.14717084057937688 -0.34490085823345734 57 nil_vol 0.6 nil_bias 0.43 Left 0.005 0.01 0.001 -0.15024000842417679 -0.34647399809133167 0.003069167844799907 0.0015731398578743459
-0.00673916276520063 -0.5975061412126679 57 nil_vol 0.6 nil_bias 0.43 Left 0.005 0.01 0.001 -0.018484617580985796 -0.6035264190384244 0.011745454815785166 0.006020277825756527
0.027113606497708515 -0.6924877421031204 57 nil_vol 0.6 nil_bias 0.43 Home 0.005 0.01 0.001 0.0 -0.75 0.027113606497708515 0.0575122578968796
0.04074321334655768 -0.6854155715611776 58 nil_vol 0.6 nil_bias 0.43 Home 0.005 0.01 0.001 0.03098116638049372 -0.6818622844859258 0.00976204696606396 -0.003553287075251868
0.03839608068982167 -0.6479161725110146 58 nil_vol 0.6 nil_bias 0.43 Home 0.005 0.01 0.001 0.04275915260405788 -0.6495042868783337 -0.004363071914236207 0.0015881143673190934
0.04782538471962469 -0.6371606534743618 58 nil_vol 0.6 nil_bias 0.43 Home 0.005 0.01 0.001 0.04731917789966812 -0.6369763992747037 0.0005062068199565735 -0.00018425419965801228
0.2670879413884198 -0.008265184536644139 58 nil_vol 0.6 nil_bias 0.43 Home 0.005 0.01 0.001 0.2751019779832312 -0.011182213388475248 -0.008014036594811423 0.0029170288518311095
0.29071620187679775 0.02178599264978814 58 nil_vol 0.6 nil_bias 0.43 Home 0.005 0.01 0.001 0.28752488706778323 0.022947599196381452 0.0031913148090145435 -0.0011616065465933107
0.3345239204722911 0.17668739080846074 58 nil_vol 0.6 nil_bias 0.43 Home 0.005 0.01 0.001 0.3424363235920645 0.1738073555210451 -0.007912403119773355 0.0028800352874156633
0.3807357774026179 0.28830518669509025 58 nil_vol 0.6 nil_bias 0.43 Home 0.005 0.01 0.001 0.3837173586729646 0.2872199210506444 -0.002981581270346685 0.0010852656444458359
0.4365521135318102 0.4323743505829015 58 nil_vol 0.6 nil_bias 0.43 Right 0.005 0.01 0.001 0.4 0.35 0.036552113531810204 0.08237435058290152
0.37052147172569244 0.2918560032624023 59 nil_vol 0.6 nil_bias 0.43 Right 0.005 0.01 0.001 0.38201551567309144 0.28752833132672356 -0.011494043947398992 0.004327671935678711
0.32328026138822274 0.12757779395675917 59 nil_vol 0.6 nil_bias 0.43 Right 0.005 0.01 0.001 0.32197665403276293 0.1280686207704712 0.0013036073554598356 -0.0004908268137120283
0.2507322778773187 -0.08964912673020813 59 nil_vol 0.6 nil_bias 0.43 Right 0.005 0.01 0.001 0.2413349954079795 -0.08611091547920557 0.009397282469339211 -0.003538211251002547
0.24002205161187992 -0.11675585847296353 59 nil_vol 0.6 nil_bias 0.43 Right 0.005 0.01 0.001 0.23106632669097815 -0.11338389995416776 0.008955724920901773 -0.003371958518795775
0.14244559874640916 -0.37699836201125647 59 nil_vol 0.6 nil_bias 0.43 Right 0.005 0.01 0.001 0.13313203096700116 -0.37349167053831267 0.009313567779408007 -0.0035066914729438158
0.08354962972214168 -0.5245974859675828 59 nil_vol 0.6 nil_bias 0.43 Right 0.005 0.01 0.001 0.07714628745647989 -0.5221865360230317 0.0064033422656617845 -0.0024109499445511286
0.03270601691552514 -0.6549522503806197 59 nil_vol 0.6 nil_bias 0.43 Right 0.005 0.01 0.001 0.027846935255536998 -0.6531227366403437 0.004859081659988142 -0.0018295137402759266
-0.008810952211249829 -0.7504839451202038 59 nil_vol 0.6 nil_bias 0.43 Home 0.005 0.01 0.001 0.0 -0.75 -0.008810952211249829 -0.00048394512020375694
-0.019814836972618755 -0.6321825058244342 60 nil_vol 0.6 nil_bias 0.43 Home 0.005 0.01 0.001 -0.032814392559700416 -0.6348817101890977 0.01299955558708166 0.0026992043646633726
-0.024815626059714144 -0.577911615262788 60 nil_vol 0.6 nil_bias 0.43 Home 0.005 0.01 0.001 -0.04382403914329714 -0.5818584880013852 0.019008413083582996 0.003946872738597204
-0.08419998325478403 -0.43588384061777075 60 nil_vol 0.6 nil_bias 0.43 Home 0.005 0.01 0.001 -0.07454999845156081 -0.433880135112201 -0.009649984803223224 -0.002003705505569736
-0.08454840733836894 -0.34608129403813565 60 nil_vol 0.6 nil_bias 0.43 Home 0.005 0.01 0.001 -0.09244015041699971 -0.3477199213911977 0.00789174307863077 0.001638627353062014
-0.15048753317711258 -0.0895601514250883 60 nil_vol 0.6 nil_bias 0.43 Home 0.005 0.01 0.001 -0.1462276405990082 -0.0886756349842922 -0.004259892578104388 -0.0008845164407960957
-0.1980340222411122 0.12835383651616095 60 nil_vol 0.6 nil_bias 0.43 Home 0.005 0.01 0.001 -0.19156994010844286 0.12969602691560678 -0.006464082132669322 -0.0013421903994458415
-0.19046059366154866 0.23856107770284388 60 nil_vol 0.6 nil_bias 0.43 Home 0.005 0.01 0.001 -0.2131943490763682 0.23384068157623705 0.022733755414819534 0.004720396126606832
-0.24570365263366176 0.3904077441606417 60 nil_vol 0.6 nil_bias 0.43 Left 0.005 0.01 0.001 -0.4 0.35 0.15429634736633827 0.04040774416064173
-0.19358149947063152 0.18256083924876615 61 nil_vol 0.6 nil_bias 0.43 Left 0.005 0.01 0.001 -0.20420372166986683 0.18046115527537585 0.010622222199235302 0.0020996839733903004
-0.16114693284026002 0.05035874506921947 61 nil_vol 0.6 nil_bias 0.43 Left 0.005 0.01 0.001 -0.17783447625872162 0.04706013515372354 0.016687543418461587 0.003298609915495933
-0.1728982717067689 -0.04061349188215752 61 nil_vol 0.6 nil_bias 0.43 Left 0.005 0.01 0.001 -0.16097018512300793 -0.038255679009919 -0.011928086583760988 -0.0023578128722385244
-0.118863104392779 -0.2166295079476448 61 nil_vol 0.6 nil_bias 0.43 Left 0.005 0.01 0.001 -0.12545369547727542 -0.21793226345545957 0.006590591084496411 0.0013027555078147703
-0.10136314160553864 -0.28457500330364155 61 nil_vol 0.6 nil_bias 0.43 Left 0.005 0.01 0.001 -0.11186995895076338 -0.28665187531566705 0.010506817345224736 0.002076872012025485
-0.11060653956755497 -0.2988320181407457 61 nil_vol 0.6 nil_bias 0.43 Left 0.005 0.01 0.001 -0.10950534921963356 -0.29861434695275746 -0.0011011903479214071 -0.000217671187988246
-0.05121697498312949 -0.5928066007537978 61 nil_vol 0.6 nil_bias 0.43 Left 0.005 0.01 0.001 -0.051347560089192584 -0.5928324133803105 0.0001305851060630937 2.5812626512735652e-05
-0.008566988276245965 -0.8092577161241872 61 nil_vol 0.6 nil_bias 0.43 Home 0.005 0.01 0.001 0.0 -0.75 -0.008566988276245965 -0.05925771612418723
-0.014849825008048585 -0.7709636745776246 62 nil_vol 0.6 nil_bias 0.43 Home 0.005 0.01 0.001 -0.015531407698092779 -0.7710880357900473 0.0006815826900441936 0.00012436121242264365
-0.0367474731644254 -0.553285517145652 62 nil_vol 0.6 nil_bias 0.43 Home 0.005 0.01 0.001 -0.054674714577923555 -0.5565565120082585 0.017927241413498156 0.0032709948626064743
-0.13076825833121403 -0.11303830318310318 62 nil_vol 0.6 nil_bias 0.43 Home 0.005 0.01 0.001 -0.13544317454819754 -0.11389128589115971 0.004674916216983515 0.0008529827080565267
-0.15015581774368192 0.0053507656581899005 62 nil_vol 0.6 nil_bias 0.43 Home 0.005 0.01 0.001 -0.156973059478377 0.0041068953840637246 0.006817241734695086 0.0012438702741261755
-0.18733079978018607 0.21162490888584495 62 nil_vol 0.6 nil_bias 0.43 Home 0.005 0.01 0.001 -0.19459485408566418 0.21029951342946296 0.007264054305478108 0.0013253954563819809
-0.23309571928355532 0.4069045155183227 62 nil_vol 0.6 nil_bias 0.43 Home 0.005 0.01 0.001 -0.23055198213621317 0.407368644435252 -0.00254373714734215 -0.000464128916929324
-0.22258317229476715 0.41801807955905235 62 nil_vol 0.6 nil_bias 0.43 Home 0.005 0.01 0.001 -0.23217572240225914 0.4162678280062799 0.009592550107491979 0.0017502515527724348
-0.23720573310704243 0.4438356536999206 62 nil_vol 0.6 nil_bias 0.43 Left 0.005 0.01 0.001 -0.4 0.35 0.1627942668929576 0.09383565369992064
-0.1659179363346981 0.10401830452524422 63 nil_vol 0.6 nil_bias 0.43 Left 0.005 0.01 0.001 -0.18122230497602004 0.1015154112815691 0.015304368641321958 0.0025028932436751182
-0.157443985733469 -0.020890410760215573 63 nil_vol 0.6 nil_bias 0.43 Left 0.005 0.01 0.001 -0.16110597993883166 -0.021489297311486466 0.003661994205362684 0.000598886551270892
-0.15420222316771667 -0.1138862964106073 63 nil_vol 0.6 nil_bias 0.43 Left 0.005 0.01 0.001 -0.14620905607691642 -0.11257908509232306 -0.007993167090800264 -0.0013072113182842284
-0.10612404945320562 -0.35133777150126716 63 nil_vol 0.6 nil_bias 0.43 Left 0.005 0.01 0.001 -0.10713515573553933 -0.35150312893233804 0.0010111062823337032 0.00016535743107086426
-0.07505918874329712 -0.483375420479316 63 nil_vol 0.6 nil_bias 0.43 Left 0.005 0.01 0.001 -0.08529485644902032 -0.4850493728092401 0.010235667705723213 0.0016739523299241002
-0.09993917236644877 -0.4921455675170436 63 nil_vol 0.6 nil_bias 0.43 Left 0.005 0.01 0.001 -0.08454603701356933 -0.4896281572679416 -0.015393135352879441 -0.0025174102491019616
-0.04478847488873512 -0.676246555755183 63 nil_vol 0.6 nil_bias 0.43 Left 0.005 0.01 0.001 -0.053785624341813 -0.6777179594508338 0.008997149453077875 0.0014714036956508362
-0.04322061432989571 -0.742319519397602 63 nil_vol 0.6 nil_bias 0.43 Home 0.005 0.01 0.001 0.0 -0.75 -0.04322061432989571 0.007680480602397992
