x y trial vol omega bias theta state target_sigma moving_sigma staying_sigma x_mean y_mean x_noise y_noise
0.010801961980385886 -0.6701211860384684 0 nil_vol 0.6 nil_bias 0.54 Home 0.04 0.01 0.001 0.016397999535863194 -0.6712869884829281 -0.005596037555477308 0.001165802444459738
0.01527702052527688 -0.6492049804141571 0 nil_vol 0.6 nil_bias 0.54 Home 0.04 0.01 0.001 0.020760291725667738 -0.6503472906480823 -0.005483271200390858 0.0011423102339251743
0.03452508486769251 -0.6470066340763276 0 nil_vol 0.6 nil_bias 0.54 Home 0.04 0.01 0.001 0.021999833340046394 -0.6443972933234031 0.012525251527646117 -0.0026093407529244952
0.1643935726692027 -0.03041578397191075 0 nil_vol 0.6 nil_bias 0.54 Home 0.04 0.01 0.001 0.15051090657027758 -0.027523657907119747 0.013882666098925134 -0.002892126064791004
0.22103223596224356 0.240723102575494 0 nil_vol 0.6 nil_bias 0.54 Home 0.04 0.01 0.001 0.2070026741431685 0.24364583089910363 0.01402956181907505 -0.0029227283236096264
0.252082589772441 0.3737638331633046 0 nil_vol 0.6 nil_bias 0.54 Home 0.04 0.01 0.001 0.2348572682858701 0.37735232264297114 0.017225321486570917 -0.0035884894796665476
0.22793444564086476 0.41268232959487566 0 nil_vol 0.6 nil_bias 0.54 Home 0.04 0.01 0.001 0.24162334518302572 0.40983057022228264 -0.013688899542160954 0.0028517593725930347
0.2620751202224755 0.5080023503046042 0 nil_vol 0.6 nil_bias 0.54 Right 0.04 0.01 0.001 0.4 0.35 -0.13792487977752452 0.15800235030460416
0.2527549638788303 0.41787230494776206 1 nil_vol 0.6 nil_bias 0.54 Right 0.04 0.01 0.001 0.24519349134233337 0.4193115749580849 0.007561472536496914 -0.0014392700103228655
0.2197992272137462 0.2854810878875774 1 nil_vol 0.6 nil_bias 0.54 Right 0.04 0.01 0.001 0.21972262950890567 0.2854956676905066 7.659770484052371e-05 -1.4579802929179542e-05
0.0901051327407893 -0.48145615019765287 1 nil_vol 0.6 nil_bias 0.54 Right 0.04 0.01 0.001 0.07431127608765989 -0.4784499071519407 0.015793856653129407 -0.003006243045712171
0.06747839732839263 -0.4942764865056869 1 nil_vol 0.6 nil_bias 0.54 Right 0.04 0.01 0.001 0.0711652295247733 -0.4949782475697827 -0.0036868321963806766 0.0007017610640958327
0.07450195377225083 -0.5073639050063591 1 nil_vol 0.6 nil_bias 0.54 Right 0.04 0.01 0.001 0.06900680273775087 -0.5063179439124087 0.00549515103449996 -0.0010459610939504325
0.0645045608763127 -0.5409737535245598 1 nil_vol 0.6 nil_bias 0.54 Right 0.04 0.01 0.001 0.06248354918993687 -0.5405890689943081 0.0020210116863758334 -0.00038468453025161165
0.06193434968043726 -0.5548766046009742 1 nil_vol 0.6 nil_bias 0.54 Right 0.04 0.01 0.001 0.0598399054611225 -0.5544779427347036 0.0020944442193147612 -0.0003986618662706099
0.023640390654116532 -0.7446588226838985 1 nil_vol 0.6 nil_bias 0.54 Home 0.04 0.01 0.001 0.0 -0.75 0.023640390654116532 0.005341177316101497
0.02226597988975549 -0.7417743436081866 2 nil_vol 0.6 nil_bias 0.54 Home 0.04 0.01 0.001 0.02327333309171916 -0.7416513957785555 -0.0010073532019636688 -0.00012294782963105847
0.02110861661693414 -0.653316044524199 2 nil_vol 0.6 nil_bias 0.54 Home 0.04 0.01 0.001 0.012618443018012395 -0.6543522733416024 0.008490173598921746 0.0010362288174034005
0.006166052357399381 -0.6339434085637349 2 nil_vol 0.6 nil_bias 0.54 Home 0.04 0.01 0.001 0.010069388314671482 -0.6334670049712988 -0.003903335957272101 -0.00047640359243607505
0.0002581642835935297 -0.5777517250454645 2 nil_vol 0.6 nil_bias 0.54 Home 0.04 0.01 0.001 0.0032251212038484807 -0.5773896068596651 -0.002966956920254951 -0.0003621181857992961
-0.03656497094415248 -0.3266618557255651 2 nil_vol 0.6 nil_bias 0.54 Home 0.04 0.01 0.001 -0.027511161439981686 -0.3255568349381581 -0.009053809504170797 -0.0011050207874069933
-0.06897274672767496 -0.0334315331214189 2 nil_vol 0.6 nil_bias 0.54 Home 0.04 0.01 0.001 -0.06325040390258763 -0.03273311907024212 -0.005722342825087334 -0.0006984140511767804
-0.10686703459727195 0.2805145106334389 2 nil_vol 0.6 nil_bias 0.54 Home 0.04 0.01 0.001 -0.10156142646800949 0.2811620620613732 -0.005305608129262465 -0.0006475514279342578
-0.10967484819182943 0.34763807369083716 2 nil_vol 0.6 nil_bias 0.54 Left 0.04 0.01 0.001 -0.4 0.35 0.2903251518081706 -0.0023619263091628024
-0.09124323358507663 0.1967171783371635 3 nil_vol 0.6 nil_bias 0.54 Left 0.04 0.01 0.001 -0.09957196976323192 0.19616168444474533 0.008328736178155285 0.0005554938924181922
-0.10087602620571053 0.14488459032217257 3 nil_vol 0.6 nil_bias 0.54 Left 0.04 0.01 0.001 -0.09617291076070847 0.14519826959465193 -0.0047031154450020585 -0.0003136792724793643
-0.07102595911771863 0.014662834785033725 3 nil_vol 0.6 nil_bias 0.54 Left 0.04 0.01 0.001 -0.08739390092596296 0.013571157547161372 0.016367941808244326 0.0010916772378723534
-0.08746370217297854 -0.21953115750135638 3 nil_vol 0.6 nil_bias 0.54 Left 0.04 0.01 0.001 -0.07191605640322628 -0.21849419077773374 -0.015547645769752266 -0.0010369667236226267
-0.0617419322360783 -0.3148463425658399 3 nil_vol 0.6 nil_bias 0.54 Left 0.04 0.01 0.001 -0.06547314963872582 -0.31509520006764086 0.003731217402647516 0.0002488575018009799
-0.06858083575112461 -0.4261175428604359 3 nil_vol 0.6 nil_bias 0.54 Left 0.04 0.01 0.001 -0.058114952803833594 -0.42541950969770564 -0.01046588294729102 -0.0006980331627302836
-0.04429417000771953 -0.487271633712241 3 nil_vol 0.6 nil_bias 0.54 Left 0.04 0.01 0.001 -0.053946721727268755 -0.4879154208861611 0.009652551719549231 0.0006437871739200556
-0.03430657537768441 -0.7823877808502945 3 nil_vol 0.6 nil_bias 0.54 Home 0.04 0.01 0.001 0.0 -0.75 -0.03430657537768441 -0.03238778085029452
-0.07438458752581897 -0.6596803675756991 4 nil_vol 0.6 nil_bias 0.54 Home 0.04 0.01 0.001 -0.0723330086477331 -0.6590478536035633 -0.002051578878085875 -0.0006325139721358274
-0.08276531806241562 -0.6484083016138515 4 nil_vol 0.6 nil_bias 0.54 Home 0.04 0.01 0.001 -0.07623405872335985 -0.6463946755077719 -0.006531259339055763 -0.0020136261060796803
-0.08645390040406939 -0.5976761869986901 4 nil_vol 0.6 nil_bias 0.54 Home 0.04 0.01 0.001 -0.09083757870208499 -0.5990277010947167 0.004383678298015602 0.0013515140960265876
-0.13078474373035323 -0.43665519801329306 4 nil_vol 0.6 nil_bias 0.54 Home 0.04 0.01 0.001 -0.14002013931702645 -0.43950252541033785 0.009235395586673205 0.0028473273970448065
-0.1510109481235475 -0.42690819782997086 4 nil_vol 0.6 nil_bias 0.54 Home 0.04 0.01 0.001 -0.14452002433790243 -0.42490700741494775 -0.006490923785645075 -0.0020011904150230952
-0.28624335971539805 0.044938142186841175 4 nil_vol 0.6 nil_bias 0.54 Home 0.04 0.01 0.001 -0.2891041531474895 0.0440561425540118 0.002860793432091446 0.000881999632829377
-0.32689668331026434 0.11859329344452853 4 nil_vol 0.6 nil_bias 0.54 Home 0.04 0.01 0.001 -0.31337013333409247 0.12276360926621643 -0.013526549976171866 -0.004170315821687906
-0.3951901979858776 0.3881495514556111 4 nil_vol 0.6 nil_bias 0.54 Left 0.04 0.01 0.001 -0.4 0.35 0.004809802014122417 0.038149551455611115
-0.3264881325583275 0.21655578598351483 5 nil_vol 0.6 nil_bias 0.54 Left 0.04 0.01 0.001 -0.33832664612223895 0.21271849545259372 0.011838513563911445 0.0038372905309211045
-0.3254202766967622 0.12803903250786297 5 nil_vol 0.6 nil_bias 0.54 Left 0.04 0.01 0.001 -0.3122614872101565 0.1323042722292806 -0.013158789486605729 -0.004265239721417617
-0.2847061021705333 0.07371445802109114 5 nil_vol 0.6 nil_bias 0.54 Left 0.04 0.01 0.001 -0.29245615520868457 0.07120238545582491 0.007750053038151222 0.002512072565266224
-0.27758534688780134 -0.032851714953248526 5 nil_vol 0.6 nil_bias 0.54 Left 0.04 0.01 0.001 -0.2605212804153998 -0.027320633678555084 -0.01706406647240158 -0.005531081274693438
-0.2681544721348322 -0.03860999482776582 5 nil_vol 0.6 nil_bias 0.54 Left 0.04 0.01 0.001 -0.2579356256112825 -0.0352976969797244 -0.01021884652354963 -0.0033122978480414193
-0.07543901561639783 -0.5986695240380228 5 nil_vol 0.6 nil_bias 0.54 Left 0.04 0.01 0.001 -0.07533713882812482 -0.5986365020853215 -0.00010187678827301132 -3.302195270125762e-05
-0.0013596526690424666 -0.7572560520682851 5 nil_vol 0.6 nil_bias 0.54 Left 0.04 0.01 0.001 -0.02177760697150638 -0.7638742497231381 0.020417954302463914 0.0066181976548530365
-0.021042693659811255 -0.7661415477394584 5 nil_vol 0.6 nil_bias 0.54 Home 0.04 0.01 0.001 0.0 -0.75 -0.021042693659811255 -0.016141547739458452
-0.17355946708806635 -0.4554051662437876 6 nil_vol 0.6 nil_bias 0.54 Home 0.04 0.01 0.001 -0.17096722436652517 -0.45415945125601875 -0.002592242721541195 -0.001245714987768819
-0.18429053339205614 -0.4537051548207575 6 nil_vol 0.6 nil_bias 0.54 Home 0.04 0.01 0.001 -0.17364414213333554 -0.44858897914537393 -0.01064639125872062 -0.005116175675383589
-0.347391498170946 -0.11276168405881952 6 nil_vol 0.6 nil_bias 0.54 Home 0.04 0.01 0.001 -0.3373471679049443 -0.10793483175425633 -0.010044330266001685 -0.004826852304563188
-0.48514587143129645 0.2175493060244807 6 nil_vol 0.6 nil_bias 0.54 Home 0.04 0.01 0.001 -0.49214405843378606 0.21418629284528767 0.006998187002489592 0.0033630131791930235
-0.5129363786254846 0.2554372221531048 6 nil_vol 0.6 nil_bias 0.54 Home 0.04 0.01 0.001 -0.5121491844976264 0.2558155121624499 -0.0007871941278582196 -0.0003782900093451008
-0.5479936361132873 0.3383302519916122 6 nil_vol 0.6 nil_bias 0.54 Home 0.04 0.01 0.001 -0.5510875594253859 0.33684345192892473 0.0030939233120985702 0.0014868000626874498
-0.5547881790673641 0.3495112340718929 6 nil_vol 0.6 nil_bias 0.54 Home 0.04 0.01 0.001 -0.55672731410342 0.34857937319418686 0.0019391350360558873 0.0009318608777060308
-0.6068700381554011 0.45292275248900093 6 nil_vol 0.6 nil_bias 0.54 Left 0.04 0.01 0.001 -0.4 0.35 -0.20687003815540106 0.10292275248900096
-0.5883141541084179 0.4366869245041326 7 nil_vol 0.6 nil_bias 0.54 Left 0.04 0.01 0.001 -0.5964112489582926 0.4325334760729241 0.008097094849874609 0.004153448431208516
-0.5816827665837734 0.43225043660908485 7 nil_vol 0.6 nil_bias 0.54 Left 0.04 0.01 0.001 -0.5932281925628344 0.42632814814520353 0.011545425979061018 0.005922288463881293
-0.4411308190624379 0.09225529889595982 7 nil_vol 0.6 nil_bias 0.54 Left 0.04 0.01 0.001 -0.4258772839520899 0.1000796819184015 -0.015253535110347983 -0.007824383022441678
-0.3958895845167741 0.042160170652876125 7 nil_vol 0.6 nil_bias 0.54 Left 0.04 0.01 0.001 -0.3961093366746412 0.04204744759945134 0.00021975215786714338 0.0001127230534247857
-0.34978276026048827 -0.04724905903946612 7 nil_vol 0.6 nil_bias 0.54 Left 0.04 0.01 0.001 -0.35019558791075894 -0.04746082120702955 0.000412827650270648 0.00021176216756342846
-0.2954713670083191 -0.15274338305802296 7 nil_vol 0.6 nil_bias 0.54 Left 0.04 0.01 0.001 -0.2960405620881897 -0.15303535474112318 0.0005691950798705649 0.0002919716831002189
-0.1328185140208001 -0.5127123744610219 7 nil_vol 0.6 nil_bias 0.54 Left 0.04 0.01 0.001 -0.11597437984158843 -0.5040720850758981 -0.01684413417921169 -0.008640289385123845
-0.02265270926766986 -0.6860014940239002 7 nil_vol 0.6 nil_bias 0.54 Home 0.04 0.01 0.001 0.0 -0.75 -0.02265270926766986 0.06399850597609982
-0.008040064261027456 -0.6829709594014984 8 nil_vol 0.6 nil_bias 0.54 Home 0.04 0.01 0.001 -0.018224060783399047 -0.6776016515052509 0.010183996522371591 -0.005369307896247595
0.05305033683431569 -0.5295460486703445 8 nil_vol 0.6 nil_bias 0.54 Home 0.04 0.01 0.001 0.05835949259584392 -0.5323451945547879 -0.005309155761528233 0.0027991458844433617
0.19537310943203112 -0.23854315658530462 8 nil_vol 0.6 nil_bias 0.54 Home 0.04 0.01 0.001 0.20936999109101778 -0.2459227316911432 -0.01399688165898667 0.0073795751058385985
0.24937601393573 -0.1655306066009881 8 nil_vol 0.6 nil_bias 0.54 Home 0.04 0.01 0.001 0.25123764603898047 -0.16651211478688865 -0.0018616321032504585 0.0009815081859005747
0.26471803890942314 -0.1577025846641907 8 nil_vol 0.6 nil_bias 0.54 Home 0.04 0.01 0.001 0.2578041559125514 -0.1540573785324637 0.006913882996871738 -0.003645206131727003
0.2630685051046593 -0.14885004328090656 8 nil_vol 0.6 nil_bias 0.54 Home 0.04 0.01 0.001 0.26109750160175976 -0.14781087121830794 0.0019710035028995287 -0.0010391720625986247
0.3800929131432443 0.06917663351560585 8 nil_vol 0.6 nil_bias 0.54 Home 0.04 0.01 0.001 0.3764988562227294 0.07107152793750515 0.0035940569205148718 -0.0018948944218993016
0.3972333584059336 0.11039877498817821 8 nil_vol 0.6 nil_bias 0.54 Right 0.04 0.01 0.001 0.4 0.35 -0.002766641594066444 -0.23960122501182177
0.37022025407943826 0.00408988264807021 9 nil_vol 0.6 nil_bias 0.54 Right 0.04 0.01 0.001 0.35515622504964617 0.010430399381730807 0.015064029029792115 -0.006340516733660597
0.315794129988382 -0.07643919248153408 9 nil_vol 0.6 nil_bias 0.54 Right 0.04 0.01 0.001 0.3181712891357896 -0.07743974932611422 -0.0023771591474076245 0.0010005568445801383
0.2706786331992137 -0.17656375797837628 9 nil_vol 0.6 nil_bias 0.54 Right 0.04 0.01 0.001 0.2755810404242146 -0.17862720295606868 -0.004902407225000903 0.002063444977692385
0.25942533035834775 -0.20601244978665956 9 nil_vol 0.6 nil_bias 0.54 Right 0.04 0.01 0.001 0.2633577914242107 -0.20766764011743102 -0.0039324610658629435 0.0016551903307714796
0.22555732717951574 -0.29234120797877594 9 nil_vol 0.6 nil_bias 0.54 Right 0.04 0.01 0.001 0.2273930864646041 -0.293113887216386 -0.0018357592850883544 0.0007726792376100562
0.14250339602903445 -0.5073091557856896 9 nil_vol 0.6 nil_bias 0.54 Right 0.04 0.01 0.001 0.13802987746589124 -0.5054262319509137 0.004473518563143204 -0.0018829238347758432
0.07382015034824137 -0.6386288916225794 9 nil_vol 0.6 nil_bias 0.54 Right 0.04 0.01 0.001 0.08073860847609066 -0.6415409013806597 -0.006918458127849283 0.002912009758080233
0.038012436868132674 -0.7430512855449753 9 nil_vol 0.6 nil_bias 0.54 Home 0.04 0.01 0.001 0.0 -0.75 0.038012436868132674 0.006948714455024697
0.10313467524059054 -0.5839589161348421 10 nil_vol 0.6 nil_bias 0.54 Home 0.04 0.01 0.001 0.10324431760020297 -0.5840038849762054 -0.00010964235961243458 4.496884136329274e-05
0.15541628831414303 -0.47129333501867415 10 nil_vol 0.6 nil_bias 0.54 Home 0.04 0.01 0.001 0.15032755508414264 -0.4692062362169985 0.005088733230000386 -0.0020870988016756568
0.20179243530495447 -0.3204787756611507 10 nil_vol 0.6 nil_bias 0.54 Home 0.04 0.01 0.001 0.20995391460905766 -0.32382613401255184 -0.008161479304103174 0.003347358351401163
0.21700470211220096 -0.27595662941551946 10 nil_vol 0.6 nil_bias 0.54 Home 0.04 0.01 0.001 0.22777537120864316 -0.28037412381901916 -0.01077066909644221 0.004417494403499682
0.30391870530403525 -0.08741228357864525 10 nil_vol 0.6 nil_bias 0.54 Home 0.04 0.01 0.001 0.3064852288966938 -0.08846492046735666 -0.0025665235926585284 0.0010526368887113994
0.33675461245486404 -0.0343775091934319 10 nil_vol 0.6 nil_bias 0.54 Home 0.04 0.01 0.001 0.3298330215147556 -0.03153868005779881 0.006921590940108447 -0.0028388291356330982
0.40486412449309733 0.19160572704327167 10 nil_vol 0.6 nil_bias 0.54 Home 0.04 0.01 0.001 0.41897932242432945 0.18581650380122583 -0.014115197931232091 0.005789223242045834
0.5359393275659711 0.4709866472881756 10 nil_vol 0.6 nil_bias 0.54 Right 0.04 0.01 0.001 0.4 0.35 0.13593932756597102 0.12098664728817561
0.5144733795208666 0.435163150266152 11 nil_vol 0.6 nil_bias 0.54 Right 0.04 0.01 0.001 0.5192593633956245 0.4330583862369496 -0.004785983874757915 0.0021047640292023917
0.4237471097794128 0.2334041663615443 11 nil_vol 0.6 nil_bias 0.54 Right 0.04 0.01 0.001 0.4302067744797976 0.2305633565598677 -0.006459664700384798 0.0028408098016765855
0.4086671160122749 0.22044896657286145 11 nil_vol 0.6 nil_bias 0.54 Right 0.04 0.01 0.001 0.422988831630675 0.21415061023508558 -0.014321715618400094 0.006298356337775864
0.1823217047412951 -0.37272025035014555 11 nil_vol 0.6 nil_bias 0.54 Right 0.04 0.01 0.001 0.1677206222186634 -0.36629903496679755 0.014601082522631707 -0.006421215383347988
0.1470681959847223 -0.39279532398066486 11 nil_vol 0.6 nil_bias 0.54 Right 0.04 0.01 0.001 0.15460963229596708 -0.39611187169411316 -0.007541436311244783 0.0033165477134482983
0.08176961238500324 -0.5231567054034403 11 nil_vol 0.6 nil_bias 0.54 Right 0.04 0.01 0.001 0.09598832915897793 -0.5294097652528724 -0.014218716773974684 0.006253059849432184
0.011365344861211 -0.717443697205019 11 nil_vol 0.6 nil_bias 0.54 Right 0.04 0.01 0.001 0.012982609007630708 -0.7181549322384373 -0.0016172641464197088 0.0007112350334183046
-0.007879182807299922 -0.7655921735821385 11 nil_vol 0.6 nil_bias 0.54 Home 0.04 0.01 0.001 0.0 -0.75 -0.007879182807299922 -0.015592173582138465
-0.10387445474962104 -0.47944161485800896 12 nil_vol 0.6 nil_bias 0.54 Home 0.04 0.01 0.001 -0.1041717012137396 -0.47954167624886207 0.00029724646411855943 0.0001000613908530891
-0.21922604652736222 -0.12252578712492738 12 nil_vol 0.6 nil_bias 0.54 Home 0.04 0.01 0.001 -0.2238312789367456 -0.12407603587709026 0.00460523240938337 0.001550248752162872
-0.25725794715436107 -0.03344509038892505 12 nil_vol 0.6 nil_bias 0.54 Home 0.04 0.01 0.001 -0.25463714898077605 -0.03256285715135976 -0.0026207981735850054 -0.0008822332375652893
-0.28785038814917985 0.025628906435863234 12 nil_vol 0.6 nil_bias 0.54 Home 0.04 0.01 0.001 -0.2756128444417375 0.029748402516744266 -0.012237543707442344 -0.004119496080881031
-0.31506229279220466 0.07738442016390387 12 nil_vol 0.6 nil_bias 0.54 Home 0.04 0.01 0.001 -0.2940316066177883 0.08446393148945353 -0.021030686174416332 -0.007079511325549653
-0.3148771076422997 0.12230446905336845 12 nil_vol 0.6 nil_bias 0.54 Home 0.04 0.01 0.001 -0.3075949773186408 0.12475583576926697 -0.007282130323658857 -0.0024513667158985227
-0.3458471706974374 0.16660313054622577 12 nil_vol 0.6 nil_bias 0.54 Home 0.04 0.01 0.001 -0.32414157465448445 0.17390983522240622 -0.021705596042952958 -0.007306704676180443
-0.3297425879906968 0.19054843474091984 12 nil_vol 0.6 nil_bias 0.54 Left 0.04 0.01 0.001 -0.4 0.35 0.07025741200930327 -0.15945156525908014
-0.2837165250250312 0.04534014593301027 13 nil_vol 0.6 nil_bias 0.54 Left 0.04 0.01 0.001 -0.28403256214353867 0.04524072887340291 0.00031603711850749605 9.941705960735551e-05
-0.2648647489896503 0.009590523321727527 13 nil_vol 0.6 nil_bias 0.54 Left 0.04 0.01 0.001 -0.2721017809619339 0.007313941246917255 0.0072370319722835875 0.0022765820748102718
-0.23238327965321887 -0.1214539314986909 13 nil_vol 0.6 nil_bias 0.54 Left 0.04 0.01 0.001 -0.231665759982001 -0.12122821846770329 -0.0007175196712178582 -0.00022571303098760528
-0.22019042227689453 -0.1408039386247866 13 nil_vol 0.6 nil_bias 0.54 Left 0.04 0.01 0.001 -0.22502894292702733 -0.14232601140584908 0.00483852065013279 0.0015220727810624645
-0.20972551680731755 -0.1977262027825601 13 nil_vol 0.6 nil_bias 0.54 Left 0.04 0.01 0.001 -0.20779274426925892 -0.1971182027997382 -0.0019327725380586247 -0.0006079999828218801
-0.11607321981667054 -0.5380534318494786 13 nil_vol 0.6 nil_bias 0.54 Left 0.04 0.01 0.001 -0.1019417877953824 -0.533608050793505 -0.01413143202128814 -0.004445381055973565
-0.040012725138610726 -0.72133366504934 13 nil_vol 0.6 nil_bias 0.54 Left 0.04 0.01 0.001 -0.04262926640691744 -0.7221567608947421 0.002616541268306716 0.000823095845402047
-0.033465473821886194 -0.7512875621336009 13 nil_vol 0.6 nil_bias 0.54 Home 0.04 0.01 0.001 0.0 -0.75 -0.033465473821886194 -0.0012875621336009581
-0.1001439346490056 -0.6350136058304884 14 nil_vol 0.6 nil_bias 0.54 Home 0.04 0.01 0.001 -0.09511066450731329 -0.6324036900182343 -0.005033270141692311 -0.002609915812254096
-0.12490062451626995 -0.5547142545380632 14 nil_vol 0.6 nil_bias 0.54 Home 0.04 0.01 0.001 -0.1331713778493539 -0.5590029116726098 0.008270753333083957 0.0042886571345465965
-0.1760970239360117 -0.4815439463728201 14 nil_vol 0.6 nil_bias 0.54 Home 0.04 0.01 0.001 -0.1739213748314834 -0.48041580088490166 -0.002175649104528291 -0.0011281454879184527
-0.34179650936624917 -0.16658746756189374 14 nil_vol 0.6 nil_bias 0.54 Home 0.04 0.01 0.001 -0.3377418661806675 -0.16448500195500304 -0.004054643185581708 -0.0021024656068907113
-0.485585546511314 0.1508476400287329 14 nil_vol 0.6 nil_bias 0.54 Home 0.04 0.01 0.001 -0.4979324136191626 0.14444538408191832 0.012346867107848568 0.006402255946814603
-0.5316911443048622 0.2187972607017521 14 nil_vol 0.6 nil_bias 0.54 Home 0.04 0.01 0.001 -0.5354702032652132 0.21683769456315727 0.0037790589603509863 0.001959566138594812
-0.5450271859847889 0.23629108814434957 14 nil_vol 0.6 nil_bias 0.54 Home 0.04 0.01 0.001 -0.5454450679443761 0.23607440262911206 0.0004178819595871211 0.00021668551523750621
-0.6728490553554372 0.48177531097174675 14 nil_vol 0.6 nil_bias 0.54 Left 0.04 0.01 0.001 -0.4 0.35 -0.2728490553554372 0.1317753109717468
-0.6678796954827906 0.47600041972800217 15 nil_vol 0.6 nil_bias 0.54 Left 0.04 0.01 0.001 -0.6693880936292542 0.4752057666993729 0.0015083981464635908 0.000794653028629253
-0.35823034654249586 -0.08453332853348496 15 nil_vol 0.6 nil_bias 0.54 Left 0.04 0.01 0.001 -0.3709708424729024 -0.09124526576376624 0.012740495930406562 0.006711937230281278
-0.21791929780856112 -0.37226653990119296 15 nil_vol 0.6 nil_bias 0.54 Left 0.04 0.01 0.001 -0.22183632759625482 -0.37433010620251694 0.0039170297876937035 0.002063566301323968
-0.2146499742894929 -0.38115700170130556 15 nil_vol 0.6 nil_bias 0.54 Left 0.04 0.01 0.001 -0.21745992033933886 -0.3826373350894299 0.0028099460498459696 0.0014803333881243292
-0.19200012092144927 -0.44110879471283726 15 nil_vol 0.6 nil_bias 0.54 Left 0.04 0.01 0.001 -0.1878170097578976 -0.4389050516473857 -0.00418311116355166 -0.002203743065451587
-0.17302640334342018 -0.45427533465133263 15 nil_vol 0.6 nil_bias 0.54 Left 0.04 0.01 0.001 -0.17826557807933718 -0.45703543222979703 0.0052391747359170114 0.0027600975784643823
-0.12925405145131877 -0.5490956959388956 15 nil_vol 0.6 nil_bias 0.54 Left 0.04 0.01 0.001 -0.12965514842922365 -0.549307001507663 0.0004010969779048993 0.00021130556876739192
-0.019761492705978104 -0.7579054471550508 15 nil_vol 0.6 nil_bias 0.54 Home 0.04 0.01 0.001 0.0 -0.75 -0.019761492705978104 -0.007905447155050843
0.009541053181574624 -0.7361576647916944 16 nil_vol 0.6 nil_bias 0.54 Home 0.04 0.01 0.001 -0.008588704958834615 -0.7291206249802383 0.01812975814040924 -0.007037039811456078
0.025965567535313372 -0.6554399039459964 16 nil_vol 0.6 nil_bias 0.54 Home 0.04 0.01 0.001 0.020790095150084186 -0.6534310517078205 0.005175472385229186 -0.0020088522381759267
0.08780769305029054 -0.4525056145321855 16 nil_vol 0.6 nil_bias 0.54 Home 0.04 0.01 0.001 0.09734250871944923 -0.4562065396597642 -0.009534815669158685 0.003700925127578692
0.20674639356531516 -0.17503636261291486 16 nil_vol 0.6 nil_bias 0.54 Home 0.04 0.01 0.001 0.20651341329575607 -0.1749459316529719 0.00023298026955908223 -9.043095994296713e-05
0.23823242011940524 -0.05627663316035874 16 nil_vol 0.6 nil_bias 0.54 Home 0.04 0.01 0.001 0.2506968500552786 -0.06111468389476671 -0.01246442993587336 0.0048380507344079685
0.35211707799174446 0.20339132392139103 16 nil_vol 0.6 nil_bias 0.54 Home 0.04 0.01 0.001 0.35320115423399806 0.2029705412713242 -0.0010840762422535777 0.0004207826500668325
0.4534033359324014 0.45760567356874504 16 nil_vol 0.6 nil_bias 0.54 Home 0.04 0.01 0.001 0.45221626205890747 0.45806643460274343 0.0011870738734938997 -0.0004607610339984042
0.47728283415526357 0.522646272388546 16 nil_vol 0.6 nil_bias 0.54 Right 0.04 0.01 0.001 0.4 0.35 0.07728283415526353 0.17264627238854605
0.2997905845214524 0.04793872439435711 17 nil_vol 0.6 nil_bias 0.54 Right 0.04 0.01 0.001 0.30178543208220104 0.04720237974914637 -0.0019948475607486273 0.0007363446452107357
0.24323044723260126 -0.09333021673784493 17 nil_vol 0.6 nil_bias 0.54 Right 0.04 0.01 0.001 0.2491104228499908 -0.09550065253706441 -0.005879975617389529 0.0021704357992194763
0.23588867023707122 -0.12091238134691404 17 nil_vol 0.6 nil_bias 0.54 Right 0.04 0.01 0.001 0.23926969165759324 -0.12216039501338682 -0.003381021420522019 0.001248013666472784
0.17877363238592156 -0.31683602535151356 17 nil_vol 0.6 nil_bias 0.54 Right 0.04 0.01 0.001 0.16877299414235925 -0.313144557108911 0.010000638243562303 -0.0036914682426025906
0.18480832263979044 -0.32458258658394706 17 nil_vol 0.6 nil_bias 0.54 Right 0.04 0.01 0.001 0.1669800842263971 -0.3180017690079334 0.017828238413393347 -0.006580817576013655
0.04623096552789323 -0.6245314392592259 17 nil_vol 0.6 nil_bias 0.54 Right 0.04 0.01 0.001 0.05292128249446609 -0.627000990903187 -0.0066903169665728625 0.0024695516439610485
0.018284792951927767 -0.7221333384854854 17 nil_vol 0.6 nil_bias 0.54 Right 0.04 0.01 0.001 0.01786316708894764 -0.7219777065702472 0.00042162586298012504 -0.0001556319152383053
0.0164892712415364 -0.7256997581907172 17 nil_vol 0.6 nil_bias 0.54 Home 0.04 0.01 0.001 0.0 -0.75 0.0164892712415364 0.0243002418092828
-0.03452332708784603 -0.6599576033417546 18 nil_vol 0.6 nil_bias 0.54 Home 0.04 0.01 0.001 -0.015507462473784036 -0.6517318039083897 -0.01901586461406199 -0.008225799433364846
-0.07270239420703946 -0.5232958160465874 18 nil_vol 0.6 nil_bias 0.54 Home 0.04 0.01 0.001 -0.0713237195152435 -0.5226994349864181 -0.0013786746917959672 -0.0005963810601692766
-0.16937950090400977 -0.27477698486411695 18 nil_vol 0.6 nil_bias 0.54 Home 0.04 0.01 0.001 -0.17712043137716993 -0.2781255226662188 0.0077409304731601595 0.0033485378021018515
-0.1815827821346209 -0.2530377052919706 18 nil_vol 0.6 nil_bias 0.54 Home 0.04 0.01 0.001 -0.18696557278186296 -0.2553661692958247 0.005382790647242055 0.002328464003854048
-0.22667656073495587 -0.13385845123275394 18 nil_vol 0.6 nil_bias 0.54 Home 0.04 0.01 0.001 -0.23750130509572057 -0.13854097174056468 0.010824744360764697 0.004682520507810726
-0.2826857987904187 -0.044223188485185465 18 nil_vol 0.6 nil_bias 0.54 Home 0.04 0.01 0.001 -0.27899205769693114 -0.04262536613997703 -0.003693741093487587 -0.001597822345208436
-0.2830136354867884 -0.038594285082713536 18 nil_vol 0.6 nil_bias 0.54 Home 0.04 0.01 0.001 -0.2810948512011491 -0.03776426577988945 -0.0019187842856392787 -0.0008300193028240865
-0.35544614228731125 0.13411618141900644 18 nil_vol 0.6 nil_bias 0.54 Left 0.04 0.01 0.001 -0.4 0.35 0.04455385771268875 -0.21588381858099354
-0.28708051083962366 -0.026819909041612786 19 nil_vol 0.6 nil_bias 0.54 Left 0.04 0.01 0.001 -0.285251519889374 -0.026018173968515385 -0.0018289909502496654 -0.0008017350730973994
-0.25564202637572986 -0.08013138882785165 19 nil_vol 0.6 nil_bias 0.54 Left 0.04 0.01 0.001 -0.26058189265670656 -0.08229677081256273 0.0049398662809766935 0.002165381984711082
-0.212962937314084 -0.20717866516303673 19 nil_vol 0.6 nil_bias 0.54 Left 0.04 0.01 0.001 -0.206988172987898 -0.20455963737990823 -0.00597476432618598 -0.0026190277831284895
-0.18485002726521474 -0.23267258702509386 19 nil_vol 0.6 nil_bias 0.54 Left 0.04 0.01 0.001 -0.19308295799745462 -0.2362814782126184 0.008232930732239883 0.0036088911875245488
-0.18498906202400708 -0.28839621809048965 19 nil_vol 0.6 nil_bias 0.54 Left 0.04 0.01 0.001 -0.172616020759763 -0.2829725164909428 -0.01237304126424407 -0.00542370159954687
-0.05003607686119351 -0.5682613863856298 19 nil_vol 0.6 nil_bias 0.54 Left 0.04 0.01 0.001 -0.047959200024205395 -0.5673509909555761 -0.0020768768369881186 -0.0009103954300537522
-0.026852135330236337 -0.609778170143266 19 nil_vol 0.6 nil_bias 0.54 Left 0.04 0.01 0.001 -0.02895689098635229 -0.6107007862062803 0.002104755656115954 0.0009226160630143871
0.021442284999094702 -0.7256759692443615 19 nil_vol 0.6 nil_bias 0.54 Home 0.04 0.01 0.001 0.0 -0.75 0.021442284999094702 0.024324030755638475
-0.11928254909670703 -0.5839987776160146 20 nil_vol 0.6 nil_bias 0.54 Home 0.04 0.01 0.001 -0.10619090189046787 -0.5730508506315632 -0.013091647206239166 -0.010947926984451357
-0.2746447413536183 -0.3880871221239089 20 nil_vol 0.6 nil_bias 0.54 Home 0.04 0.01 0.001 -0.26653714040790966 -0.38130711791401956 -0.008107600945708686 -0.006780004209889333
-0.3043096896679557 -0.36277893847907083 20 nil_vol 0.6 nil_bias 0.54 Home 0.04 0.01 0.001 -0.29119954991283203 -0.351815547048339 -0.013110139755123675 -0.010963391430731847
-0.34688354589984366 -0.29078766824233176 20 nil_vol 0.6 nil_bias 0.54 Home 0.04 0.01 0.001 -0.3441475908545054 -0.28849971810151 -0.0027359550453382297 -0.0022879501408218012
-0.4628378639189958 -0.1250569025274188 20 nil_vol 0.6 nil_bias 0.54 Home 0.04 0.01 0.001 -0.4734240138458806 -0.13390960032932386 0.010586149926884827 0.008852697801905075
-0.47575933346633953 -0.10813969209781321 20 nil_vol 0.6 nil_bias 0.54 Home 0.04 0.01 0.001 -0.48706671092503107 -0.11759551846199978 0.01130737745869151 0.009455826364186574
-0.5376210428539469 -0.05917259823585958 20 nil_vol 0.6 nil_bias 0.54 Home 0.04 0.01 0.001 -0.5366218190790774 -0.05833699452946073 -0.000999223774869547 -0.0008356037063988551
-0.623219605195077 0.04521755659991361 20 nil_vol 0.6 nil_bias 0.54 Left 0.04 0.01 0.001 -0.4 0.35 -0.223219605195077 -0.30478244340008637
-0.46542384254466496 -0.17397369950206135 21 nil_vol 0.6 nil_bias 0.54 Left 0.04 0.01 0.001 -0.4540642027350561 -0.1648253573481808 -0.011359639809608834 -0.009148342153880553
-0.3751874547666572 -0.2834206323351621 21 nil_vol 0.6 nil_bias 0.54 Left 0.04 0.01 0.001 -0.36509842391665376 -0.27529555902616376 -0.01008903085000347 -0.008125073308998372
-0.3214712824577655 -0.3361833703684044 21 nil_vol 0.6 nil_bias 0.54 Left 0.04 0.01 0.001 -0.31819080750383477 -0.33354148138171236 -0.0032804749539307237 -0.002641888986692019
-0.2033004178502484 -0.48054673458024455 21 nil_vol 0.6 nil_bias 0.54 Left 0.04 0.01 0.001 -0.20117831550606158 -0.478837726314529 -0.0021221023441868425 -0.001709008265715578
-0.10053863663763882 -0.6143315100411512 21 nil_vol 0.6 nil_bias 0.54 Left 0.04 0.01 0.001 -0.0953956738763716 -0.610189690070333 -0.005142962761267214 -0.004141819970818152
-0.06436918469356664 -0.6295219709979563 21 nil_vol 0.6 nil_bias 0.54 Left 0.04 0.01 0.001 -0.07374549138909281 -0.6370730609293322 0.009376306695526167 0.007551089931375935
-0.02335126731963446 -0.7099005808685639 21 nil_vol 0.6 nil_bias 0.54 Left 0.04 0.01 0.001 -0.018342983631625343 -0.7058672229849055 -0.005008283688009118 -0.004033357883658451
-0.0016488772468340913 -0.7265965564843175 21 nil_vol 0.6 nil_bias 0.54 Home 0.04 0.01 0.001 0.0 -0.75 -0.0016488772468340913 0.02340344351568249
-0.0017872803875232943 -0.7115102916947592 22 nil_vol 0.6 nil_bias 0.54 Home 0.04 0.01 0.001 -0.006936893188379428 -0.71360662578765 0.005149612800856134 0.002096334092890828
-0.055506364790786356 -0.5651869364041662 22 nil_vol 0.6 nil_bias 0.54 Home 0.04 0.01 0.001 -0.06567182811335338 -0.569325151869528 0.010165463322567028 0.004138215465361914
-0.1385941890732929 -0.38948245068379195 22 nil_vol 0.6 nil_bias 0.54 Home 0.04 0.01 0.001 -0.13884214213702614 -0.38958338884769705 0.0002479530637332316 0.00010093816390511711
-0.24262330929609133 -0.14277906545301675 22 nil_vol 0.6 nil_bias 0.54 Home 0.04 0.01 0.001 -0.23978331132187808 -0.1416229426905259 -0.00283999797421325 -0.0011561227624908665
-0.4481372591598024 0.3334618142141605 22 nil_vol 0.6 nil_bias 0.54 Home 0.04 0.01 0.001 -0.4353093770093378 0.33868386249847693 -0.012827882150464615 -0.005222048284316426
-0.4922095750207267 0.4591665974153223 22 nil_vol 0.6 nil_bias 0.54 Home 0.04 0.01 0.001 -0.48547262360715027 0.4619091144698242 -0.006736951413576423 -0.002742517054501913
-0.468281944994091 0.4719127670385986 22 nil_vol 0.6 nil_bias 0.54 Home 0.04 0.01 0.001 -0.4865222125277029 0.4644874136823611 0.01824026753361193 0.007425353356237441
-0.49036086876062607 0.47391701430860866 22 nil_vol 0.6 nil_bias 0.54 Left 0.04 0.01 0.001 -0.4 0.35 -0.09036086876062605 0.12391701430860869
-0.48376574788068044 0.4647763248919659 23 nil_vol 0.6 nil_bias 0.54 Left 0.04 0.01 0.001 -0.4863656783913565 0.4637542400665422 0.0025999305106760725 0.0010220848254237128
-0.44534384822498985 0.3576134918590867 23 nil_vol 0.6 nil_bias 0.54 Left 0.04 0.01 0.001 -0.4447338870722141 0.3578532798210303 -0.0006099611527757169 -0.00023978796194360643
-0.42561996095775356 0.3158965075481938 23 nil_vol 0.6 nil_bias 0.54 Left 0.04 0.01 0.001 -0.42788915026712504 0.31500444372202674 0.002269189309371456 0.0008920638261671003
-0.34393238261330283 0.1384919791029553 23 nil_vol 0.6 nil_bias 0.54 Left 0.04 0.01 0.001 -0.3565487798241743 0.13353222033717327 0.012616397210871478 0.004959758765782027
-0.24446378099756025 -0.13354068134722774 23 nil_vol 0.6 nil_bias 0.54 Left 0.04 0.01 0.001 -0.2506075822244431 -0.13595593282361573 0.0061438012268828866 0.002415251476387999
-0.26085389637514916 -0.14072488170500916 23 nil_vol 0.6 nil_bias 0.54 Left 0.04 0.01 0.001 -0.2503553011453189 -0.13659767337055062 -0.01049859522983027 -0.004127208334458525
-0.18178611940707054 -0.36640212752644713 23 nil_vol 0.6 nil_bias 0.54 Left 0.04 0.01 0.001 -0.16292883058952995 -0.35898894910883294 -0.018857288817540584 -0.00741317841761419
0.012889548611181488 -0.8062273358367097 23 nil_vol 0.6 nil_bias 0.54 Home 0.04 0.01 0.001 0.0 -0.75 0.012889548611181488 -0.056227335836709726
-0.015165694342494006 -0.7549109231538768 24 nil_vol 0.6 nil_bias 0.54 Home 0.04 0.01 0.001 -0.011788252304572942 -0.7533351177659313 -0.0033774420379210643 -0.0015758053879454078
-0.03707964805099065 -0.6822191600609054 24 nil_vol 0.6 nil_bias 0.54 Home 0.04 0.01 0.001 -0.04355834396286505 -0.6852419103583689 0.006478695911874401 0.0030227502974634825
-0.08996177665826986 -0.5818326995095169 24 nil_vol 0.6 nil_bias 0.54 Home 0.04 0.01 0.001 -0.09147609692408859 -0.5825392324439564 0.0015143202658187244 0.0007065329344396106
-0.2113329087766434 -0.32724147185215574 24 nil_vol 0.6 nil_bias 0.54 Home 0.04 0.01 0.001 -0.21072263537106506 -0.32695673798852976 -0.0006102734055783306 -0.0002847338636259972
-0.33906178545730364 -0.056065073556965404 24 nil_vol 0.6 nil_bias 0.54 Home 0.04 0.01 0.001 -0.3374605120387922 -0.05531797108943726 -0.0016012734185114651 -0.0007471024675281494
-0.40957530863356395 0.13556764174438732 24 nil_vol 0.6 nil_bias 0.54 Home 0.04 0.01 0.001 -0.42349209352311173 0.12907451932641523 0.013916784889547784 0.006493122417972099
-0.4274521444368908 0.17335146529435902 24 nil_vol 0.6 nil_bias 0.54 Home 0.04 0.01 0.001 -0.44116516251283017 0.16695341389142238 0.013713018075939389 0.0063980514029366425
-0.44496370346287606 0.17509487094290324 24 nil_vol 0.6 nil_bias 0.54 Left 0.04 0.01 0.001 -0.4 0.35 -0.044963703462876065 -0.17490512905709674
-0.3658151490600031 0.0035526036837749565 25 nil_vol 0.6 nil_bias 0.54 Left 0.04 0.01 0.001 -0.3676712046315117 0.002720350906153357 0.001856055571508591 0.0008322527776215992
-0.33555063747891856 -0.052604542169569855 25 nil_vol 0.6 nil_bias 0.54 Left 0.04 0.01 0.001 -0.3416393863470424 -0.05533472882751442 0.006088748868123824 0.0027301866579445603
-0.2759191059030068 -0.19895814759688468 25 nil_vol 0.6 nil_bias 0.54 Left 0.04 0.01 0.001 -0.2770179141234369 -0.19945085169883306 0.0010988082204301396 0.0004927041019483814
-0.23111102205141956 -0.2867162232245819 25 nil_vol 0.6 nil_bias 0.54 Left 0.04 0.01 0.001 -0.23675371385176244 -0.2892463985039142 0.0056426918003428805 0.0025301752793322804
-0.19339570534661646 -0.36180789481171455 25 nil_vol 0.6 nil_bias 0.54 Left 0.04 0.01 0.001 -0.20240568060236483 -0.3658479553831788 0.009009975255748372 0.004040060571464281
-0.14035303878152863 -0.4967769189882093 25 nil_vol 0.6 nil_bias 0.54 Left 0.04 0.01 0.001 -0.14313747090904472 -0.4980254545427458 0.002784432127516087 0.0012485355545365233
-0.1046131235205649 -0.5795865970087035 25 nil_vol 0.6 nil_bias 0.54 Left 0.04 0.01 0.001 -0.10623872139652285 -0.5803155128711 0.0016255978759579567 0.000728915862396375
-0.028311575974369195 -0.7541053953703697 25 nil_vol 0.6 nil_bias 0.54 Home 0.04 0.01 0.001 0.0 -0.75 -0.028311575974369195 -0.00410539537036965
-0.05786349188444383 -0.6528122015471918 26 nil_vol 0.6 nil_bias 0.54 Home 0.04 0.01 0.001 -0.05192634435104231 -0.6514464716261501 -0.005937147533401514 -0.0013657299210416407
-0.07369382766277965 -0.5920843672985014 26 nil_vol 0.6 nil_bias 0.54 Home 0.04 0.01 0.001 -0.06598917508961441 -0.5903120558490715 -0.007704652573165248 -0.001772311449429943
-0.06148625002508187 -0.5256918578021559 26 nil_vol 0.6 nil_bias 0.54 Home 0.04 0.01 0.001 -0.07988052283439633 -0.5299231167712405 0.018394272809314455 0.004231258969084561
-0.10813045309834862 -0.492510543739085 26 nil_vol 0.6 nil_bias 0.54 Home 0.04 0.01 0.001 -0.08947379281686463 -0.48821892743179507 -0.018656660281484 -0.004291616307289887
-0.09621171559080385 -0.4396958585844496 26 nil_vol 0.6 nil_bias 0.54 Home 0.04 0.01 0.001 -0.10041329461626358 -0.44066235337987264 0.004201579025459723 0.0009664947954230432
-0.22707212752945988 0.08504571659552025 26 nil_vol 0.6 nil_bias 0.54 Home 0.04 0.01 0.001 -0.22163055667163337 0.08629744835663822 -0.0054415708578265005 -0.0012517317611179686
-0.2703306285828821 0.3535880218976993 26 nil_vol 0.6 nil_bias 0.54 Home 0.04 0.01 0.001 -0.28247324252289074 0.35079484030936403 0.012142613940008647 0.0027931815883352473
-0.28845932682041175 0.37681774943231405 26 nil_vol 0.6 nil_bias 0.54 Left 0.04 0.01 0.001 -0.4 0.35 0.11154067317958825 0.0268177494323141
-0.25221277913862095 0.17311739581123364 27 nil_vol 0.6 nil_bias 0.54 Left 0.04 0.01 0.001 -0.24266963318492496 0.17528567463221997 -0.009543145953696014 -0.0021682788209863254
-0.23157140673127907 0.12882075190871647 27 nil_vol 0.6 nil_bias 0.54 Left 0.04 0.01 0.001 -0.23208587383681367 0.1287038608819589 0.0005144671055346063 0.00011689102675756446
-0.12854066249670665 -0.3207319769716658 27 nil_vol 0.6 nil_bias 0.54 Left 0.04 0.01 0.001 -0.12990028118220212 -0.3210408931733755 0.001359618685495484 0.00030891620170970635
-0.12784024578473113 -0.33606113784906455 27 nil_vol 0.6 nil_bias 0.54 Left 0.04 0.01 0.001 -0.12655396418707143 -0.3357688844182187 -0.001286281597659693 -0.0002922534308458096
-0.1349533032179919 -0.3545545217350343 27 nil_vol 0.6 nil_bias 0.54 Left 0.04 0.01 0.001 -0.12290756059717126 -0.35181763300520597 -0.012045742620820655 -0.0027368887298283603
-0.10750317613350571 -0.38214011874262577 27 nil_vol 0.6 nil_bias 0.54 Left 0.04 0.01 0.001 -0.11560006094016004 -0.3839797955040857 0.008096884806654329 0.0018396767614598903
-0.10876339821004094 -0.4654122584842942 27 nil_vol 0.6 nil_bias 0.54 Left 0.04 0.01 0.001 -0.09767060472187569 -0.4628918873925528 -0.011092793488165241 -0.002520371091741334
-0.03501710393445609 -0.7386458618064015 27 nil_vol 0.6 nil_bias 0.54 Home 0.04 0.01 0.001 0.0 -0.75 -0.03501710393445609 0.01135413819359856
0.05999143608497018 -0.38190719154697217 28 nil_vol 0.6 nil_bias 0.54 Home 0.04 0.01 0.001 0.07399531676124656 -0.3862391089098118 -0.014003880676276378 0.004331917362839601
0.1004993117592494 -0.3470316373383624 28 nil_vol 0.6 nil_bias 0.54 Home 0.04 0.01 0.001 0.08737909971580576 -0.34297307131163135 0.013120212043443635 -0.0040585660267310475
0.11038964241741756 -0.2913002373432348 28 nil_vol 0.6 nil_bias 0.54 Home 0.04 0.01 0.001 0.10397703346251636 -0.28931658061871723 0.006412608954901205 -0.0019836567245175656
0.1171231502176482 -0.27103659735702684 28 nil_vol 0.6 nil_bias 0.54 Home 0.04 0.01 0.001 0.11028595398409224 -0.26892160011005245 0.006837196233555957 -0.0021149972469744023
0.1941918868779047 0.02300309245340957 28 nil_vol 0.6 nil_bias 0.54 Home 0.04 0.01 0.001 0.20003036057228082 0.021197036963948257 -0.005838473694376111 0.0018060554894613117
0.23934761341926813 0.13726744375540245 28 nil_vol 0.6 nil_bias 0.54 Home 0.04 0.01 0.001 0.23623323581021446 0.13823083574302153 0.0031143776090536736 -0.0009633919876190916
0.2842233884602936 0.29936556382879836 28 nil_vol 0.6 nil_bias 0.54 Home 0.04 0.01 0.001 0.2859161752023449 0.29884192238618745 -0.001692786742051312 0.0005236414426109349
0.34518028911960674 0.49042627411042317 28 nil_vol 0.6 nil_bias 0.54 Right 0.04 0.01 0.001 0.4 0.35 -0.05481971088039328 0.14042627411042322
0.28376086029329084 0.24087236263088946 29 nil_vol 0.6 nil_bias 0.54 Right 0.04 0.01 0.001 0.2777830727759657 0.24249736976600672 0.005977787517325139 -0.0016250071351172515
0.271959257625109 0.2113558368483169 29 nil_vol 0.6 nil_bias 0.54 Right 0.04 0.01 0.001 0.26949931407497874 0.21202455011545157 0.0024599435501302586 -0.0006687132671346684
0.2644864643168404 0.19940772445149696 29 nil_vol 0.6 nil_bias 0.54 Right 0.04 0.01 0.001 0.26596060925113024 0.19900699156671725 -0.0014741449342898008 0.00040073288477971575
0.1888115074714572 -0.07517214742491334 29 nil_vol 0.6 nil_bias 0.54 Right 0.04 0.01 0.001 0.19124749237881183 -0.07583434775304754 -0.0024359849073546493 0.0006622003281342016
0.18929921417898612 -0.11462449801299875 29 nil_vol 0.6 nil_bias 0.54 Right 0.04 0.01 0.001 0.18129428695078287 -0.11244843139567184 0.008004927228203262 -0.0021760666173268966
0.03560743028471422 -0.6065446321537802 29 nil_vol 0.6 nil_bias 0.54 Right 0.04 0.01 0.001 0.046196244703383016 -0.6094231049889051 -0.010588814418668793 0.002878472835124915
8.459948329877327e-05 -0.7737265231188561 29 nil_vol 0.6 nil_bias 0.54 Right 0.04 0.01 0.001 0.0014322665518909372 -0.7740928741468708 -0.001347667068592164 0.00036635102801458463
-0.008342573004286554 -0.8100508171121842 29 nil_vol 0.6 nil_bias 0.54 Home 0.04 0.01 0.001 0.0 -0.75 -0.008342573004286554 -0.060050817112184206
0.17982489669383134 -0.4306672680171051 30 nil_vol 0.6 nil_bias 0.54 Home 0.04 0.01 0.001 0.16347379536839848 -0.42340129029369633 0.01635110132543284 -0.007265977723408751
0.20196558164196107 -0.358542874800256 30 nil_vol 0.6 nil_bias 0.54 Home 0.04 0.01 0.001 0.19388978521195627 -0.3549542139638187 0.00807579643000481 -0.0035886608364373
0.206459397974372 -0.34457527912456587 30 nil_vol 0.6 nil_bias 0.54 Home 0.04 0.01 0.001 0.19981411912955022 -0.3416223007843722 0.006645278844821766 -0.0029529783401936213
0.25814806235708976 -0.23238872468209917 30 nil_vol 0.6 nil_bias 0.54 Home 0.04 0.01 0.001 0.2499694977668754 -0.22875439651427565 0.008178564590214354 -0.0036343281678235238
0.2627823189047423 -0.16000273686220734 30 nil_vol 0.6 nil_bias 0.54 Home 0.04 0.01 0.001 0.2775956874352987 -0.16658538861204708 -0.01481336853055645 0.006582651749839741
0.38303209712454983 0.07297486176556624 30 nil_vol 0.6 nil_bias 0.54 Home 0.04 0.01 0.001 0.3838818473022451 0.07259725626128177 -0.0008497501776952671 0.0003776055042844642
0.4413168049218385 0.20188818884037613 30 nil_vol 0.6 nil_bias 0.54 Home 0.04 0.01 0.001 0.4413321382116745 0.20188137514996118 -1.533328983598457e-05 6.813690414941177e-06
0.4564477526334719 0.23589702347912112 30 nil_vol 0.6 nil_bias 0.54 Right 0.04 0.01 0.001 0.4 0.35 0.056447752633471876 -0.11410297652087885
0.2627857856764416 -0.18770190724583424 31 nil_vol 0.6 nil_bias 0.54 Right 0.04 0.01 0.001 0.25354069892038666 -0.18322615064055203 0.009245086756054966 -0.004475756605282223
0.25253726126721127 -0.20587435085549294 31 nil_vol 0.6 nil_bias 0.54 Right 0.04 0.01 0.001 0.24446753182456385 -0.20196761143716196 0.008069729442647432 -0.0039067394183309855
0.2001120595595107 -0.28773521242446637 31 nil_vol 0.6 nil_bias 0.54 Right 0.04 0.01 0.001 0.20240749479836811 -0.28884648479036223 -0.002295435238857427 0.0011112723658958626
0.1595182547075162 -0.37844986153474586 31 nil_vol 0.6 nil_bias 0.54 Right 0.04 0.01 0.001 0.15912146198353178 -0.3782577651594319 0.000396792723984424 -0.00019209637531395523
0.14328069859159076 -0.3912537904398965 31 nil_vol 0.6 nil_bias 0.54 Right 0.04 0.01 0.001 0.15101667318596096 -0.3949989515511615 -0.007735974594370208 0.003745161111264976
0.11836682415919272 -0.4810981177367174 31 nil_vol 0.6 nil_bias 0.54 Right 0.04 0.01 0.001 0.11104918130360791 -0.47755548052733376 0.0073176428555848105 -0.0035426372093836154
0.10617686219515281 -0.4940928573785045 31 nil_vol 0.6 nil_bias 0.54 Right 0.04 0.01 0.001 0.10363808643366695 -0.49286377833537287 0.0025387757614858566 -0.001229079043131607
-0.010780027462889398 -0.7292049118522034 31 nil_vol 0.6 nil_bias 0.54 Home 0.04 0.01 0.001 0.0 -0.75 -0.010780027462889398 0.020795088147796674
0.041891114492768715 -0.585256377678005 32 nil_vol 0.6 nil_bias 0.43 Home 0.04 0.01 0.001 0.025819396368561454 -0.5812799321545397 0.01607171812420726 -0.003976445523465309
0.03569766801634841 -0.5072984804870856 32 nil_vol 0.6 nil_bias 0.43 Home 0.04 0.01 0.001 0.04363773978838247 -0.5092630036705991 -0.007940071772034065 0.001964523183513429
0.11610157556977294 -0.288145657764851 32 nil_vol 0.6 nil_bias 0.43 Home 0.04 0.01 0.001 0.09937054069224457 -0.28400608486869117 0.016731034877528358 -0.004139572896159862
0.09864642681721628 -0.2449208147554377 32 nil_vol 0.6 nil_bias 0.43 Home 0.04 0.01 0.001 0.10844136446804994 -0.24734426666476494 -0.009794937650833665 0.0024234519093272425
0.19320803417322174 0.0876443310846292 32 nil_vol 0.6 nil_bias 0.43 Home 0.04 0.01 0.001 0.19143253679946573 0.08808362254863034 0.0017754973737560149 -0.000439291464001131
0.2111295775788844 0.15717321769397746 32 nil_vol 0.6 nil_bias 0.43 Home 0.04 0.01 0.001 0.20867675502335745 0.15778009215477884 0.0024528225555269525 -0.0006068744608013701
0.2844580365655055 0.47650030742173743 32 nil_vol 0.6 nil_bias 0.43 Home 0.04 0.01 0.001 0.2873566902023561 0.47578312596115857 -0.0028986536368505755 0.000717181460578873
0.325020298807961 0.6280092529073761 32 nil_vol 0.6 nil_bias 0.43 Right 0.04 0.01 0.001 0.4 0.35 -0.07497970119203903 0.2780092529073761
0.300766023429548 0.5094374217409371 33 nil_vol 0.6 nil_bias 0.43 Right 0.04 0.01 0.001 0.30252010835901055 0.5091054957704978 -0.0017540849294625496 0.00033192597043933377
0.28216983371160376 0.33798893945671576 33 nil_vol 0.6 nil_bias 0.43 Right 0.04 0.01 0.001 0.27055556066437736 0.34018671151860175 0.011614273047226408 -0.0021977720618859753
0.2376540269088127 0.1532663479047981 33 nil_vol 0.6 nil_bias 0.43 Right 0.04 0.01 0.001 0.23526993884385927 0.1537174895406908 0.002384088064953439 -0.0004511416358927214
0.22011215939706685 0.1223050732273944 33 nil_vol 0.6 nil_bias 0.43 Right 0.04 0.01 0.001 0.22900724272233663 0.12062185417950966 -0.008895083325269785 0.0016832190478847317
0.21755233319112952 0.041099561814204585 33 nil_vol 0.6 nil_bias 0.43 Right 0.04 0.01 0.001 0.21408343234708016 0.04175598286866955 0.003468900844049351 -0.0006564210544649618
0.13222682893066423 -0.36291654196425893 33 nil_vol 0.6 nil_bias 0.43 Right 0.04 0.01 0.001 0.13732459848830134 -0.36388119429042265 -0.005097769557637094 0.000964652326163727
0.09616134548858182 -0.5627842339572936 33 nil_vol 0.6 nil_bias 0.43 Right 0.04 0.01 0.001 0.09956426971116891 -0.5634281702376537 -0.0034029242225870906 0.0006439362803600504
0.06262532640465157 -0.7586344798809543 33 nil_vol 0.6 nil_bias 0.43 Home 0.04 0.01 0.001 0.0 -0.75 0.06262532640465157 -0.008634479880954298
0.020218488823323878 -0.6223518656517925 34 nil_vol 0.6 nil_bias 0.43 Home 0.04 0.01 0.001 0.026821836423638966 -0.6206386050922931 -0.006603347600315089 -0.0017132605594993564
-0.08009524538801549 -0.31573205873916604 34 nil_vol 0.6 nil_bias 0.43 Home 0.04 0.01 0.001 -0.05404104914363868 -0.30897221062321695 -0.026054196244376805 -0.006759848115949111
-0.0719954105110865 -0.18699304296305283 34 nil_vol 0.6 nil_bias 0.43 Home 0.04 0.01 0.001 -0.08482529416416523 -0.19032179906923397 0.012829883653078732 0.0033287561061811225
-0.11963166151861061 -0.028791405127533528 34 nil_vol 0.6 nil_bias 0.43 Home 0.04 0.01 0.001 -0.12628689005068394 -0.030518126367819587 0.006655228532073335 0.0017267212402860591
-0.1551266938061014 0.12575064276234815 34 nil_vol 0.6 nil_bias 0.43 Home 0.04 0.01 0.001 -0.166093126657177 0.12290536518204187 0.01096643285107559 0.0028452775803062937
-0.2258116332061298 0.39139957914311146 34 nil_vol 0.6 nil_bias 0.43 Home 0.04 0.01 0.001 -0.23512772373675234 0.3889824883823465 0.009316090530622548 0.002417090760764956
-0.2794722829879088 0.5508418975737919 34 nil_vol 0.6 nil_bias 0.43 Home 0.04 0.01 0.001 -0.27727087721632915 0.5514130596437277 -0.0022014057715796526 -0.0005711620699358158
-0.27729256194113167 0.5514966381599633 34 nil_vol 0.6 nil_bias 0.43 Left 0.04 0.01 0.001 -0.4 0.35 0.12270743805886837 0.20149663815996333
-0.2902761716408672 0.5109968260938491 35 nil_vol 0.6 nil_bias 0.43 Left 0.04 0.01 0.001 -0.2704900903690614 0.514649610720665 -0.0197860812718058 -0.003652784626815857
-0.2680507979400814 0.46481822606416073 35 nil_vol 0.6 nil_bias 0.43 Left 0.04 0.01 0.001 -0.2615133381226166 0.46602513168592674 -0.0065374598174647745 -0.001206905621766017
-0.24090065986058068 0.36066204241494454 35 nil_vol 0.6 nil_bias 0.43 Left 0.04 0.01 0.001 -0.24202358093170484 0.3604547356335065 0.0011229210711241637 0.00020730678143806016
-0.1946564620848179 0.06440380291654474 35 nil_vol 0.6 nil_bias 0.43 Left 0.04 0.01 0.001 -0.1876086829781538 0.06570492054667904 -0.007047779106664105 -0.0013011176301343007
-0.052674422003986913 -0.664891386535363 35 nil_vol 0.6 nil_bias 0.43 Left 0.04 0.01 0.001 -0.05272863859416532 -0.6649013956687735 5.421659017841112e-05 1.0009133410579649e-05
-0.04694860814673288 -0.6897252831144364 35 nil_vol 0.6 nil_bias 0.43 Left 0.04 0.01 0.001 -0.04810634681173048 -0.6899390177059039 0.0011577386649976023 0.00021373459146757022
-0.04233367969297572 -0.7476796306998308 35 nil_vol 0.6 nil_bias 0.43 Left 0.04 0.01 0.001 -0.037607702046119684 -0.7468071497745801 -0.0047259776468560315 -0.0008724809252507212
-0.02521234717841032 -0.813949213668766 35 nil_vol 0.6 nil_bias 0.43 Home 0.04 0.01 0.001 0.0 -0.75 -0.02521234717841032 -0.0639492136687661
-0.026508285162753824 -0.47159455088312335 36 nil_vol 0.6 nil_bias 0.43 Home 0.04 0.01 0.001 -0.02985583394854652 -0.47163996098634847 0.0033475487857926975 4.5410103225095545e-05
-0.024934686548266808 -0.30576166689541956 36 nil_vol 0.6 nil_bias 0.43 Home 0.04 0.01 0.001 -0.03210468355402648 -0.305858929198373 0.007169997005759671 9.726230295343495e-05
-0.026185902397357547 -0.21181287125288337 36 nil_vol 0.6 nil_bias 0.43 Home 0.04 0.01 0.001 -0.0333791116452475 -0.21191044843408913 0.007193209247889949 9.75771812057536e-05
-0.02839002969012806 -0.15111256946334534 36 nil_vol 0.6 nil_bias 0.43 Home 0.04 0.01 0.001 -0.034202776214860446 -0.15119142041865619 0.005812746524732386 7.885095531084488e-05
-0.04184493979548543 0.032414748691632786 36 nil_vol 0.6 nil_bias 0.43 Home 0.04 0.01 0.001 -0.036694374800711374 0.0324846170350227 -0.005150564994774061 -6.986834338991399e-05
-0.033740396342242636 0.0763474522430059 36 nil_vol 0.6 nil_bias 0.43 Home 0.04 0.01 0.001 -0.037288729130457964 0.07629931846856364 0.0035483327882153267 4.813377444227256e-05
-0.031335337817669645 0.3152110775711846 36 nil_vol 0.6 nil_bias 0.43 Home 0.04 0.01 0.001 -0.040527918681118144 0.31508637855329846 0.009192580863448496 0.00012469901788612336
-0.041444613636371475 0.3826634344606428 36 nil_vol 0.6 nil_bias 0.43 Right 0.04 0.01 0.001 0.4 0.35 -0.4414446136363715 0.03266343446064284
-0.030975121378513222 0.07624830819938648 37 nil_vol 0.6 nil_bias 0.43 Right 0.04 0.01 0.001 -0.02826215622008208 0.07636506869069043 -0.0027129651584311414 -0.00011676049130394578
-0.026685358262668386 0.0029136092964295894 37 nil_vol 0.6 nil_bias 0.43 Right 0.04 0.01 0.001 -0.025103884414823894 0.0029816727077435212 -0.001581473847844492 -6.806341131393163e-05
0.00588320934578615 -0.07782765188000368 37 nil_vol 0.6 nil_bias 0.43 Right 0.04 0.01 0.001 -0.021575155576275207 -0.07900940394517098 0.027458364922061357 0.0011817520651672935
-0.016961003363038064 -0.08520828843442059 37 nil_vol 0.6 nil_bias 0.43 Right 0.04 0.01 0.001 -0.02130033063229231 -0.08539504423639327 0.004339327269254248 0.00018675580197267583
-0.023159277929670954 -0.1394314141641481 37 nil_vol 0.6 nil_bias 0.43 Right 0.04 0.01 0.001 -0.01898245199193812 -0.13925165208830087 -0.004176825937732834 -0.00017976207584721477
-0.011165026802939708 -0.27050814445118404 37 nil_vol 0.6 nil_bias 0.43 Right 0.04 0.01 0.001 -0.013329431013121965 -0.2706012959972612 0.0021644042101822566 9.315154607711609e-05
-0.006415897413118063 -0.43136603509250027 37 nil_vol 0.6 nil_bias 0.43 Right 0.04 0.01 0.001 -0.006410454368416751 -0.4313658008349494 -5.443044701311138e-06 -2.342575508348748e-07
0.0050196655178833165 -0.6969480766708774 37 nil_vol 0.6 nil_bias 0.43 Home 0.04 0.01 0.001 0.0 -0.75 0.0050196655178833165 0.053051923329122584
0.07528221321518519 -0.39654764370011425 38 nil_vol 0.6 nil_bias 0.43 Home 0.04 0.01 0.001 0.07870077101137263 -0.397388488485428 -0.003418557796187434 0.0008408447853137737
0.1013462239784084 -0.3305272656700757 38 nil_vol 0.6 nil_bias 0.43 Home 0.04 0.01 0.001 0.09549996712227801 -0.32908929244155094 0.005846256856130377 -0.0014379732285247574
0.14561279331754282 -0.162046798525396 38 nil_vol 0.6 nil_bias 0.43 Home 0.04 0.01 0.001 0.1371014601983264 -0.15995331042426075 0.008511333119216428 -0.002093488101135254
0.1931101984376181 0.020636717281155972 38 nil_vol 0.6 nil_bias 0.43 Home 0.04 0.01 0.001 0.18218142145480545 0.02332481140848175 0.010928776982812628 -0.002688094127325778
0.20073048903766935 0.08187551609430134 38 nil_vol 0.6 nil_bias 0.43 Home 0.04 0.01 0.001 0.1968194450741563 0.0828374951269567 0.0039110439635130605 -0.0009619790326553727
0.23487797370034297 0.24435712531869852 38 nil_vol 0.6 nil_bias 0.43 Home 0.04 0.01 0.001 0.23645233703256013 0.24396988740229986 -0.0015743633322171707 0.00038723791639866216
0.2992062493778567 0.4700482400634807 38 nil_vol 0.6 nil_bias 0.43 Home 0.04 0.01 0.001 0.29246734217456904 0.4717057738301812 0.0067389072032876945 -0.0016575337667004905
0.3014694052912581 0.5083047675883992 38 nil_vol 0.6 nil_bias 0.43 Right 0.04 0.01 0.001 0.4 0.35 -0.09853059470874191 0.15830476758839912
0.24315231140451402 0.31476036835629256 39 nil_vol 0.6 nil_bias 0.43 Right 0.04 0.01 0.001 0.24890039508854198 0.31321151382644585 -0.005748083684027957 0.0015488545298466925
0.24556161416381084 0.234796838280919 39 nil_vol 0.6 nil_bias 0.43 Right 0.04 0.01 0.001 0.2289753731620423 0.23926609724110104 0.016586241001768524 -0.004469258960182037
0.22852076496514673 0.23836113861001168 39 nil_vol 0.6 nil_bias 0.43 Right 0.04 0.01 0.001 0.22871726000006132 0.23830819188173674 -0.00019649503491459594 5.294672827494202e-05
0.2038182200513271 0.2153015432178948 39 nil_vol 0.6 nil_bias 0.43 Right 0.04 0.01 0.001 0.22125216814116244 0.21060386465989378 -0.017433948089835345 0.004697678558001006
0.10474172861031664 -0.24983968395087633 39 nil_vol 0.6 nil_bias 0.43 Right 0.04 0.01 0.001 0.09769464369925229 -0.24794080599663826 0.007047084911064346 -0.0018988779542380792
0.024665082673486428 -0.4578799790223303 39 nil_vol 0.6 nil_bias 0.43 Right 0.04 0.01 0.001 0.04001109512404333 -0.462015051196936 -0.0153460124505569 0.00413507217460566
0.040994374295913336 -0.523845571180973 39 nil_vol 0.6 nil_bias 0.43 Right 0.04 0.01 0.001 0.02454484413718644 -0.5194131497513774 0.0164495301587269 -0.004432421429595531
-0.03418600007404219 -0.7373741014446046 39 nil_vol 0.6 nil_bias 0.43 Home 0.04 0.01 0.001 0.0 -0.75 -0.03418600007404219 0.012625898555395448
-0.028253750437167817 -0.7351706715936158 40 nil_vol 0.6 nil_bias 0.43 Home 0.04 0.01 0.001 -0.034322011512519415 -0.736895622316496 0.006068261075351598 0.0017249507228801943
-0.045703357066810134 -0.7066869076341084 40 nil_vol 0.6 nil_bias 0.43 Home 0.04 0.01 0.001 -0.04311798013858172 -0.7059519939997264 -0.002585376928228408 -0.0007349136343819839
-0.08347653821255258 -0.585076373534976 40 nil_vol 0.6 nil_bias 0.43 Home 0.04 0.01 0.001 -0.07792629524959574 -0.5834986735164318 -0.005550242962956838 -0.0015777000185441745
-0.1780861357552475 -0.3131291656081838 40 nil_vol 0.6 nil_bias 0.43 Home 0.04 0.01 0.001 -0.15652327788319279 -0.30699975442895094 -0.02156285787205473 -0.006129411179232858
-0.2214664472534812 -0.10976643079935283 40 nil_vol 0.6 nil_bias 0.43 Home 0.04 0.01 0.001 -0.2132521317305655 -0.10743144729694998 -0.008214315522915681 -0.0023349835024028573
-0.2563589319739267 0.004032250130903046 40 nil_vol 0.6 nil_bias 0.43 Home 0.04 0.01 0.001 -0.2457905150932607 0.007036405375978383 -0.01056841688066597 -0.0030041552450753373
-0.24903486655006374 0.022866545727972216 40 nil_vol 0.6 nil_bias 0.43 Home 0.04 0.01 0.001 -0.25019649401336364 0.02253634402642124 0.0011616274632999018 0.0003302017015509758
-0.3328275766503363 0.3132269566503326 40 nil_vol 0.6 nil_bias 0.43 Left 0.04 0.01 0.001 -0.4 0.35 0.06717242334966374 -0.03677304334966733
-0.27808180947771516 0.13894715047542527 41 nil_vol 0.6 nil_bias 0.43 Left 0.04 0.01 0.001 -0.2762562803242818 0.139541746587861 -0.001825529153433369 -0.0005945961124357404
-0.27191777138119927 0.12192960116422598 41 nil_vol 0.6 nil_bias 0.43 Left 0.04 0.01 0.001 -0.27065388288336534 0.12234126437209691 -0.0012638884978339341 -0.00041166320787094153
-0.18812526373361987 -0.07537357367133406 41 nil_vol 0.6 nil_bias 0.43 Left 0.04 0.01 0.001 -0.20451689962142525 -0.08071252044028632 0.016391635887805376 0.005338946768952262
-0.17372313037887316 -0.1307242553729747 41 nil_vol 0.6 nil_bias 0.43 Left 0.04 0.01 0.001 -0.18683633973574107 -0.13499538042758435 0.013113209356867914 0.004271125054609667
-0.16977109182330477 -0.15759453117748778 41 nil_vol 0.6 nil_bias 0.43 Left 0.04 0.01 0.001 -0.17854475227740463 -0.16045221459932058 0.008773660454099868 0.0028576834218327833
-0.15509296955896773 -0.281835648449106 41 nil_vol 0.6 nil_bias 0.43 Left 0.04 0.01 0.001 -0.14055143702268358 -0.2770993018951927 -0.014541532536284157 -0.004736346553913294
-0.14602595096676085 -0.30114805626770297 41 nil_vol 0.6 nil_bias 0.43 Left 0.04 0.01 0.001 -0.13399483548666521 -0.29722938179500225 -0.01203111548009564 -0.003918674472700733
0.01227840236643183 -0.7463175182344753 41 nil_vol 0.6 nil_bias 0.43 Home 0.04 0.01 0.001 0.0 -0.75 0.01227840236643183 0.003682481765524658
0.09107315757108084 -0.5222477980604411 42 nil_vol 0.6 nil_bias 0.43 Home 0.04 0.01 0.001 0.0846409555412086 -0.520189448725797 0.006432202029872236 -0.0020583493346440726
0.11417875767552124 -0.36410652196628496 42 nil_vol 0.6 nil_bias 0.43 Home 0.04 0.01 0.001 0.13269266953559505 -0.37003110237931636 -0.018513911860073805 0.005924580413031409
0.16229993842375878 -0.30811459791355045 42 nil_vol 0.6 nil_bias 0.43 Home 0.04 0.01 0.001 0.15341612327452847 -0.30527171534913533 0.008883815149230312 -0.0028428825644150925
0.23024560578032385 -0.03174762125609363 42 nil_vol 0.6 nil_bias 0.43 Home 0.04 0.01 0.001 0.2399517783537723 -0.03485366390924938 -0.00970617257344845 0.00310604265315575
0.2930756909143317 0.1366442848197084 42 nil_vol 0.6 nil_bias 0.43 Home 0.04 0.01 0.001 0.29466913735808575 0.1361343708878916 -0.0015934464437540592 0.0005099139318167965
0.33247035555275956 0.20305057882431432 42 nil_vol 0.6 nil_bias 0.43 Home 0.04 0.01 0.001 0.317605061024227 0.2078075763439804 0.014865294528532596 -0.004756997519666063
0.39313195231888626 0.49327035051858364 42 nil_vol 0.6 nil_bias 0.43 Home 0.04 0.01 0.001 0.4074852866432182 0.4886771838208953 -0.01435333432433195 0.004593166697688357
0.4386003281827531 0.5859095777501613 42 nil_vol 0.6 nil_bias 0.43 Right 0.04 0.01 0.001 0.4 0.35 0.03860032818275305 0.23590957775016125
0.3058183164900229 0.13323004326305515 43 nil_vol 0.6 nil_bias 0.43 Right 0.04 0.01 0.001 0.3013018373217252 0.13460406986583145 0.004516479168297666 -0.0013740266027763032
0.2624589294025038 0.027853686900165875 43 nil_vol 0.6 nil_bias 0.43 Right 0.04 0.01 0.001 0.26828634075781005 0.026080841741548788 -0.005827411355306212 0.0017728451586170875
0.18345287692882462 -0.2601668982489175 43 nil_vol 0.6 nil_bias 0.43 Right 0.04 0.01 0.001 0.18139320467285697 -0.25954029412494306 0.002059672255967649 -0.0006266041239744105
0.15146729582064664 -0.31805839310917655 43 nil_vol 0.6 nil_bias 0.43 Right 0.04 0.01 0.001 0.16256353676132806 -0.3214341487974417 -0.011096240940681434 0.0033757556882651374
0.04769427454227614 -0.7270248403708515 43 nil_vol 0.6 nil_bias 0.43 Right 0.04 0.01 0.001 0.03989453239385554 -0.724651962558871 0.007799742148420602 -0.0023728778119804627
0.025909550789545308 -0.7893724941498702 43 nil_vol 0.6 nil_bias 0.43 Right 0.04 0.01 0.001 0.02068817222370095 -0.7877840194142853 0.0052213785658443545 -0.0015884747355848516
0.007806748074699578 -0.8135566267397716 43 nil_vol 0.6 nil_bias 0.43 Right 0.04 0.01 0.001 0.012420481933953287 -0.8149602406665759 -0.004613733859253709 0.0014036139268043598
0.011406424152616538 -0.8182934882438816 43 nil_vol 0.6 nil_bias 0.43 Home 0.04 0.01 0.001 0.0 -0.75 0.011406424152616538 -0.06829348824388155
0.011336797537470798 -0.8117378125143213 44 nil_vol 0.6 nil_bias 0.43 Home 0.04 0.01 0.001 0.00912251966269854 -0.8126309026172474 0.0022142778747722587 0.0008930901029260633
-0.009321461559882456 -0.7892518317284074 44 nil_vol 0.6 nil_bias 0.43 Home 0.04 0.01 0.001 -0.0015682824672198243 -0.7861247230702032 -0.007753179092662632 -0.0031271086582041756
-0.08152634371147942 -0.5925812185477487 44 nil_vol 0.6 nil_bias 0.43 Home 0.04 0.01 0.001 -0.07989589363933566 -0.591923605138277 -0.0016304500721437568 -0.000657613409471673
-0.1981609066696881 -0.2910876254946105 44 nil_vol 0.6 nil_bias 0.43 Home 0.04 0.01 0.001 -0.2008029965907907 -0.2921532660749826 0.002642089921102609 0.0010656405803721152
-0.24029958164467374 -0.18243895358654272 44 nil_vol 0.6 nil_bias 0.43 Home 0.04 0.01 0.001 -0.24438907193702689 -0.18408837769348252 0.004089490292353155 0.0016494241069398114
-0.26741668095685484 -0.16802933147372956 44 nil_vol 0.6 nil_bias 0.43 Home 0.04 0.01 0.001 -0.2531818815672299 -0.16228797507178316 -0.014234799389624932 -0.005741356401946408
-0.3714051752545999 0.10189344694851481 44 nil_vol 0.6 nil_bias 0.43 Home 0.04 0.01 0.001 -0.3613676885145929 0.10594189098884277 -0.010037486740006972 -0.004048444040327965
-0.4119578851588142 0.23137240773363654 44 nil_vol 0.6 nil_bias 0.43 Left 0.04 0.01 0.001 -0.4 0.35 -0.011957885158814177 -0.11862759226636342
-0.3849346337610703 0.155673639368217 45 nil_vol 0.6 nil_bias 0.43 Left 0.04 0.01 0.001 -0.3805653736944251 0.15753116563448538 -0.0043692600666451736 -0.0018575262662683825
-0.2984238593829784 -0.0643252836231279 45 nil_vol 0.6 nil_bias 0.43 Left 0.04 0.01 0.001 -0.28811043480729925 -0.05994068377045503 -0.010313424575679141 -0.004384599852672863
-0.23654641538847437 -0.18373871910337197 45 nil_vol 0.6 nil_bias 0.43 Left 0.04 0.01 0.001 -0.23564284344075537 -0.1833545788597723 -0.0009035719477190144 -0.0003841402435996617
-0.19403710026042373 -0.2897497888702759 45 nil_vol 0.6 nil_bias 0.43 Left 0.04 0.01 0.001 -0.19096563132717506 -0.28844399930121567 -0.0030714689332486597 -0.0013057895690602396
-0.10161324159760006 -0.5230362753090216 45 nil_vol 0.6 nil_bias 0.43 Left 0.04 0.01 0.001 -0.09282125884190279 -0.5192984939336442 -0.008791982755697274 -0.0037377813753773576
-0.0706198250724807 -0.5739070487111985 45 nil_vol 0.6 nil_bias 0.43 Left 0.04 0.01 0.001 -0.06976054588052621 -0.5735417388773211 -0.0008592791919544905 -0.0003653098338774072
-0.03747311551144808 -0.6585854674893574 45 nil_vol 0.6 nil_bias 0.43 Left 0.04 0.01 0.001 -0.034197497959255085 -0.6571928871556992 -0.003275617552192992 -0.0013925803336582098
-0.017080065593060804 -0.6974563897716597 45 nil_vol 0.6 nil_bias 0.43 Home 0.04 0.01 0.001 0.0 -0.75 -0.017080065593060804 0.0525436102283403
0.018705331675091964 -0.3670693535475043 46 nil_vol 0.6 nil_bias 0.43 Home 0.04 0.01 0.001 0.020924207088700086 -0.36732478727644224 -0.0022188754136081225 0.000255433728937961
0.039597035032619604 -0.08675988081284743 46 nil_vol 0.6 nil_bias 0.43 Home 0.04 0.01 0.001 0.05304422742248101 -0.08830790215502049 -0.0134471923898614 0.0015480213421730689
0.061822565872660676 -0.08489612157348023 46 nil_vol 0.6 nil_bias 0.43 Home 0.04 0.01 0.001 0.05354666128619574 -0.08394341140512607 0.008275904586464931 -0.0009527101683541648
0.06206876103767978 -0.07788194237426445 46 nil_vol 0.6 nil_bias 0.43 Home 0.04 0.01 0.001 0.05434678266641885 -0.07699299939078164 0.007721978371260938 -0.0008889429834828125
0.08481576698335797 0.1430204796560485 46 nil_vol 0.6 nil_bias 0.43 Home 0.04 0.01 0.001 0.07974165971434512 0.14360460354728022 0.005074107269012845 -0.0005841238912317182
0.08463977158901002 0.25397488584555533 46 nil_vol 0.6 nil_bias 0.43 Home 0.04 0.01 0.001 0.09234521233844892 0.25308784664918194 -0.00770544074943889 0.0008870391963734217
0.09023750828325627 0.2697188611304831 46 nil_vol 0.6 nil_bias 0.43 Home 0.04 0.01 0.001 0.09420714394663039 0.2692618824133356 -0.0039696356633741135 0.0004569787171474991
0.10467113490848273 0.36015940158595416 46 nil_vol 0.6 nil_bias 0.43 Right 0.04 0.01 0.001 0.4 0.35 -0.2953288650915173 0.010159401585954169
0.10908178057395121 0.28917472085309553 47 nil_vol 0.6 nil_bias 0.43 Right 0.04 0.01 0.001 0.09721888152095595 0.2904427877424604 0.011862899052995254 -0.0012680668893648853
0.07673990997435107 0.014007353158518402 47 nil_vol 0.6 nil_bias 0.43 Right 0.04 0.01 0.001 0.06777219540706492 0.014965943623231115 0.008967714567286154 -0.0009585904647127129
0.04891485538443879 -0.10254268664046445 47 nil_vol 0.6 nil_bias 0.43 Right 0.04 0.01 0.001 0.055140154107049 -0.1032081306564071 -0.006225298722610204 0.0006654440159426581
0.051021456967218236 -0.1295179086696391 47 nil_vol 0.6 nil_bias 0.43 Right 0.04 0.01 0.001 0.05231305160560885 -0.12965597175085625 -0.00129159463839061 0.00013806308121713394
0.0143151755419333 -0.41319463010972124 47 nil_vol 0.6 nil_bias 0.43 Right 0.04 0.01 0.001 0.021917741286886186 -0.414007295028501 -0.007602565744952886 0.0008126649187797229
0.022290628384795105 -0.44040818185983943 47 nil_vol 0.6 nil_bias 0.43 Right 0.04 0.01 0.001 0.019131751914993583 -0.4400705184740975 0.003158876469801521 -0.0003376633857419328
-0.0009741165510403211 -0.660420753441998 47 nil_vol 0.6 nil_bias 0.43 Right 0.04 0.01 0.001 -0.004383303461614488 -0.660056333495268 0.0034091869105741667 -0.0003644199467299468
-0.010449860752384448 -0.7168096146850809 47 nil_vol 0.6 nil_bias 0.43 Home 0.04 0.01 0.001 0.0 -0.75 -0.010449860752384448 0.03319038531491915
-0.05099239232676578 -0.6228348890347042 48 nil_vol 0.6 nil_bias 0.43 Home 0.04 0.01 0.001 -0.0470042617971831 -0.6213083776787548 -0.003988130529582676 -0.001526511355949385
-0.16654047856390725 -0.3188786813158348 48 nil_vol 0.6 nil_bias 0.43 Home 0.04 0.01 0.001 -0.16324601789827553 -0.31761768156156106 -0.003294460665631708 -0.0012609997542737442
-0.19233111195096747 -0.20861959979544148 48 nil_vol 0.6 nil_bias 0.43 Home 0.04 0.01 0.001 -0.20335188840664697 -0.21283795230075297 0.011020776455679492 0.0042183525053115
-0.26715619843400107 -0.08828323387684124 48 nil_vol 0.6 nil_bias 0.43 Home 0.04 0.01 0.001 -0.2530880082022913 -0.08289844218382503 -0.014068190231709757 -0.0053847916930162155
-0.39953229665462947 0.3099526462601519 48 nil_vol 0.6 nil_bias 0.43 Home 0.04 0.01 0.001 -0.4029555818777227 0.3086423371494187 0.0034232852230932235 0.001310309110733232
-0.42722749880204247 0.3635427752141194 48 nil_vol 0.6 nil_bias 0.43 Home 0.04 0.01 0.001 -0.4243858043393549 0.3646304725287519 -0.0028416944626875654 -0.001087697314632522
-0.46626878138170524 0.4802441659463926 48 nil_vol 0.6 nil_bias 0.43 Home 0.04 0.01 0.001 -0.4683357019861704 0.4794530238934538 0.0020669206044651627 0.0007911420529387739
-0.46958947284439534 0.48272859850172634 48 nil_vol 0.6 nil_bias 0.43 Left 0.04 0.01 0.001 -0.4 0.35 -0.06958947284439529 0.13272859850172633
-0.40582266636331377 0.38601813471456026 49 nil_vol 0.6 nil_bias 0.43 Left 0.04 0.01 0.001 -0.42661026849577594 0.3775256485233241 0.02078760213246215 0.008492486191236139
-0.35472425603501356 0.1833669070376184 49 nil_vol 0.6 nil_bias 0.43 Left 0.04 0.01 0.001 -0.34835281541154184 0.18596987062949016 -0.006371440623471715 -0.002602963591871749
-0.3260290978835267 0.13538158728582778 49 nil_vol 0.6 nil_bias 0.43 Left 0.04 0.01 0.001 -0.3274487348289923 0.13480161432506438 0.0014196369454656241 0.0005799729607633915
-0.2531150370249433 -0.015938886918688944 49 nil_vol 0.6 nil_bias 0.43 Left 0.04 0.01 0.001 -0.2640420573664237 -0.020402969344841648 0.010927020341480412 0.004464082426152705
-0.13809792633393778 -0.3330586151558834 49 nil_vol 0.6 nil_bias 0.43 Left 0.04 0.01 0.001 -0.1365665279386173 -0.33243298360671925 -0.001531398395320482 -0.0006256315491641543
-0.02942057670865084 -0.5629210861094956 49 nil_vol 0.6 nil_bias 0.43 Left 0.04 0.01 0.001 -0.04054682403585058 -0.5674665599541661 0.011126247327199742 0.004545473844670422
-0.020157502875292818 -0.6129711412526528 49 nil_vol 0.6 nil_bias 0.43 Left 0.04 0.01 0.001 -0.02169924051109129 -0.613600996754942 0.00154173763579847 0.0006298555022890827
0.042161088946373645 -0.7699160134551934 49 nil_vol 0.6 nil_bias 0.43 Home 0.04 0.01 0.001 0.0 -0.75 0.042161088946373645 -0.019916013455193456
-0.06324453273986894 -0.4474229142153381 50 nil_vol 0.6 nil_bias 0.43 Home 0.04 0.01 0.001 -0.08068599461884021 -0.4542097051944265 0.017441461878971276 0.006786790979088404
-0.08294590497914006 -0.45399861152251425 50 nil_vol 0.6 nil_bias 0.43 Home 0.04 0.01 0.001 -0.08105451592026033 -0.45326263753754525 -0.0018913890588797238 -0.0007359739849690014
-0.11604606540633311 -0.34566950443120786 50 nil_vol 0.6 nil_bias 0.43 Home 0.04 0.01 0.001 -0.12201690406429468 -0.3479928666712907 0.0059708386579615655 0.0023233622400828232
-0.18986995198081763 -0.1690286492426277 50 nil_vol 0.6 nil_bias 0.43 Home 0.04 0.01 0.001 -0.191420389302494 -0.1696319526871103 0.001550437321676371 0.0006033034444825915
-0.22270716364328944 -0.1437444798714555 50 nil_vol 0.6 nil_bias 0.43 Home 0.04 0.01 0.001 -0.20428329112701565 -0.13657541499254888 -0.018423872516273778 -0.007169064878906621
-0.2711792599047998 0.04450431635282841 50 nil_vol 0.6 nil_bias 0.43 Home 0.04 0.01 0.001 -0.27427585328428716 0.04329937538173079 0.0030965933794873716 0.0012049409710976201
-0.29884618573585825 0.12978188805752872 50 nil_vol 0.6 nil_bias 0.43 Home 0.04 0.01 0.001 -0.3067335300436125 0.12671277850878326 0.007887344307754241 0.0030691095487454653
-0.32409647941069475 0.17133404656103005 50 nil_vol 0.6 nil_bias 0.43 Left 0.04 0.01 0.001 -0.4 0.35 0.07590352058930527 -0.17866595343896993
-0.32618228771481167 0.142165606768678 51 nil_vol 0.6 nil_bias 0.43 Left 0.04 0.01 0.001 -0.31619857482664854 0.14518051129207626 -0.009983712888163139 -0.003014904523398266
-0.27016597439864753 -0.04008362500874438 51 nil_vol 0.6 nil_bias 0.43 Left 0.04 0.01 0.001 -0.26108061028869384 -0.03734000591045325 -0.009085364109953692 -0.002743619098291126
-0.24579724909518158 -0.09000403230836329 51 nil_vol 0.6 nil_bias 0.43 Left 0.04 0.01 0.001 -0.2452288417188747 -0.08983238334478058 -0.0005684073763068629 -0.0001716489635827054
-0.2416120612780593 -0.10697390138083006 51 nil_vol 0.6 nil_bias 0.43 Left 0.04 0.01 0.001 -0.24018275036266987 -0.10654227479136161 -0.001429310915389429 -0.00043162658946845414
-0.23047402613650542 -0.1409046548237454 51 nil_vol 0.6 nil_bias 0.43 Left 0.04 0.01 0.001 -0.22986175502998413 -0.14071975979027687 -0.0006122711065212826 -0.00018489503346852583
-0.2182106017432503 -0.14600226474279202 51 nil_vol 0.6 nil_bias 0.43 Left 0.04 0.01 0.001 -0.22742613694292274 -0.14878519320540531 0.009215535199672447 0.002782928462613297
-0.22739872840626998 -0.20790497737797964 51 nil_vol 0.6 nil_bias 0.43 Left 0.04 0.01 0.001 -0.21106274153195892 -0.20297179858235057 -0.01633598687431107 -0.004933178795629079
-0.04731838278202428 -0.7452034520653883 51 nil_vol 0.6 nil_bias 0.43 Home 0.04 0.01 0.001 0.0 -0.75 -0.04731838278202428 0.00479654793461168
-0.035857425352069844 -0.6853481093370709 52 nil_vol 0.6 nil_bias 0.43 Home 0.04 0.01 0.001 -0.030544491151188874 -0.6868760107945253 -0.005312934200880968 0.0015279014574543814
0.06995840447687868 -0.31771470623040143 52 nil_vol 0.6 nil_bias 0.43 Home 0.04 0.01 0.001 0.07518703738642879 -0.31921836419809674 -0.005228632909550119 0.0015036579676953074
0.11435496555354852 -0.19802962559312293 52 nil_vol 0.6 nil_bias 0.43 Home 0.04 0.01 0.001 0.11036837692366339 -0.1968831565521808 0.003986588629885125 -0.0011464690409421117
0.160750686064598 -0.0847511809128477 52 nil_vol 0.6 nil_bias 0.43 Home 0.04 0.01 0.001 0.14400072937333122 -0.07993420365070869 0.016749956691266773 -0.0048169772621390015
0.176021668780384 0.08331687176758532 52 nil_vol 0.6 nil_bias 0.43 Home 0.04 0.01 0.001 0.189808500729445 0.07935203429130788 -0.013786831949060994 0.003964837476277426
0.23102994475285046 0.2102698489836158 52 nil_vol 0.6 nil_bias 0.43 Home 0.04 0.01 0.001 0.22773088181488638 0.21121859837153656 0.003299062937964099 -0.000948749387920758
0.2334186037932928 0.22694790341684762 52 nil_vol 0.6 nil_bias 0.43 Home 0.04 0.01 0.001 0.2323432718604601 0.22725714896089177 0.0010753319328326901 -0.0003092455440441684
0.2580686279200124 0.3167112975722506 52 nil_vol 0.6 nil_bias 0.43 Right 0.04 0.01 0.001 0.4 0.35 -0.14193137207998763 -0.033288702427749395
0.24337155208136943 0.2841223931271046 53 nil_vol 0.6 nil_bias 0.43 Right 0.04 0.01 0.001 0.24995374278936844 0.2825584329135981 -0.006582190707999017 0.001563960213506477
0.18654597776368065 0.06616553771859898 53 nil_vol 0.6 nil_bias 0.43 Right 0.04 0.01 0.001 0.1978969193822901 0.0634684993213726 -0.011350941618609459 0.0026970383972263747
0.19277640878238494 0.0371202511649678 53 nil_vol 0.6 nil_bias 0.43 Right 0.04 0.01 0.001 0.19169736714836916 0.03737663665411306 0.0010790416340157771 -0.0002563854891452569
0.1419016229501974 -0.18798428354435648 53 nil_vol 0.6 nil_bias 0.43 Right 0.04 0.01 0.001 0.13835098226461995 -0.1871406342167926 0.003550640685577455 -0.0008436493275638664
0.11312166311821145 -0.34471097987094224 53 nil_vol 0.6 nil_bias 0.43 Right 0.04 0.01 0.001 0.10156400874180108 -0.341964825526888 0.011557654376410372 -0.002746154344054222
0.037740396637734264 -0.5786688541512011 53 nil_vol 0.6 nil_bias 0.43 Right 0.04 0.01 0.001 0.0449168379988098 -0.5803740111819211 -0.007176441361075536 0.0017051570307200046
0.005869009782441516 -0.6384459535220851 53 nil_vol 0.6 nil_bias 0.43 Right 0.04 0.01 0.001 0.029769346252003448 -0.6441247885765583 -0.023900336469561932 0.00567883505447322
0.003642827004394095 -0.7540826575420396 53 nil_vol 0.6 nil_bias 0.43 Home 0.04 0.01 0.001 0.0 -0.75 0.003642827004394095 -0.004082657542039612
-0.01884257962320041 -0.6711560172556374 54 nil_vol 0.6 nil_bias 0.43 Home 0.04 0.01 0.001 -0.025740558914040687 -0.673676803714736 0.006897979290840277 0.0025207864590986355
-0.049779173639035335 -0.6102053985552174 54 nil_vol 0.6 nil_bias 0.43 Home 0.04 0.01 0.001 -0.04903484824195358 -0.6099333934790905 -0.0007443253970817525 -0.00027200507612691556
-0.059895056947907255 -0.6010783167740378 54 nil_vol 0.6 nil_bias 0.43 Home 0.04 0.01 0.001 -0.05316905820308083 -0.5986203786091049 -0.006725998744826427 -0.0024579381649328675
-0.09479185314392552 -0.46813903918882577 54 nil_vol 0.6 nil_bias 0.43 Home 0.04 0.01 0.001 -0.10013799708821274 -0.4700927254344552 0.005346143944287214 0.0019536862456294413
-0.11824037811327999 -0.4083073961808322 54 nil_vol 0.6 nil_bias 0.43 Home 0.04 0.01 0.001 -0.12218936070842869 -0.40975050602986957 0.003948982595148703 0.0014431098490373154
-0.1560902471062649 -0.326007247252297 54 nil_vol 0.6 nil_bias 0.43 Home 0.04 0.01 0.001 -0.153180892871135 -0.3249440575192726 -0.0029093542351298846 -0.0010631897330244532
-0.18205299533353864 -0.21830941833136172 54 nil_vol 0.6 nil_bias 0.43 Home 0.04 0.01 0.001 -0.1909598200777667 -0.22156431404243304 0.008906824744228086 0.003254895711071323
-0.3269840408217703 0.1506577178389709 54 nil_vol 0.6 nil_bias 0.43 Left 0.04 0.01 0.001 -0.4 0.35 0.07301595917822974 -0.1993422821610291
-0.31673745843877316 0.14485496145501608 55 nil_vol 0.6 nil_bias 0.43 Left 0.04 0.01 0.001 -0.3240280455861604 0.1422819505225927 0.007290587147387231 0.002573010932423368
-0.2217687124354577 -0.12116642772327671 55 nil_vol 0.6 nil_bias 0.43 Left 0.04 0.01 0.001 -0.23002311272671827 -0.12407958982677389 0.00825440029126056 0.0029131621034971743
-0.18747434200970703 -0.21807987755251207 55 nil_vol 0.6 nil_bias 0.43 Left 0.04 0.01 0.001 -0.19581006416736813 -0.22102173995779065 0.00833572215766111 0.0029418624052785854
-0.17385707336505402 -0.31191226368092057 55 nil_vol 0.6 nil_bias 0.43 Left 0.04 0.01 0.001 -0.1648541244221242 -0.30873492205041697 -0.009002948942929816 -0.0031773416305035844
-0.17551746937103174 -0.3131568500166158 55 nil_vol 0.6 nil_bias 0.43 Left 0.04 0.01 0.001 -0.16464743534648466 -0.3093205723869057 -0.010870034024547085 -0.003836277629710103
-0.12576219438697486 -0.41717838429350335 55 nil_vol 0.6 nil_bias 0.43 Left 0.04 0.01 0.001 -0.1264912048204485 -0.4174356683472096 0.0007290104334736618 0.0002572840537062442
-0.07939598560510464 -0.5573679170337703 55 nil_vol 0.6 nil_bias 0.43 Left 0.04 0.01 0.001 -0.07735962777617228 -0.5566492409038174 -0.0020363578289323606 -0.000718676129952937
-0.012800134548774255 -0.739577578142633 55 nil_vol 0.6 nil_bias 0.43 Home 0.04 0.01 0.001 0.0 -0.75 -0.012800134548774255 0.010422421857366972
-0.046210458329859476 -0.5583338733718247 56 nil_vol 0.6 nil_bias 0.43 Home 0.04 0.01 0.001 -0.055270025904201235 -0.5604822196712116 0.009059567574341757 0.002148346299386872
-0.07901709116487045 -0.4913110021018809 56 nil_vol 0.6 nil_bias 0.43 Home 0.04 0.01 0.001 -0.07206398272300729 -0.4896621723241089 -0.006953108441863157 -0.0016488297777719992
-0.19128202474393438 0.06917848391508083 56 nil_vol 0.6 nil_bias 0.43 Home 0.04 0.01 0.001 -0.20387677168165916 0.06619182061649165 0.012594746937724777 0.0029866632985891834
-0.2645576430902205 0.3409555782851138 56 nil_vol 0.6 nil_bias 0.43 Home 0.04 0.01 0.001 -0.2687947812252435 0.3399508018476436 0.004237138135022953 0.0010047764374701892
-0.25714596199344397 0.3614749525574371 56 nil_vol 0.6 nil_bias 0.43 Home 0.04 0.01 0.001 -0.2730070053951085 0.35771373397644357 0.015861043401664533 0.003761218580993515
-0.2870063215043269 0.4639975926090961 56 nil_vol 0.6 nil_bias 0.43 Home 0.04 0.01 0.001 -0.29761418056778904 0.46148209122601136 0.010607859063462115 0.0025155013830847365
-0.29250850597564193 0.49910854934425763 56 nil_vol 0.6 nil_bias 0.43 Home 0.04 0.01 0.001 -0.305789897947421 0.49595905804026996 0.01328139197177906 0.003149491303987672
-0.3113137417242642 0.5192530846972853 56 nil_vol 0.6 nil_bias 0.43 Left 0.04 0.01 0.001 -0.4 0.35 0.08868625827573581 0.16925308469728526
-0.22655278814933927 0.17743215694595893 57 nil_vol 0.6 nil_bias 0.43 Left 0.04 0.01 0.001 -0.23017637600047722 0.17657418648369022 0.003623587851137954 0.0008579704622687134
-0.20887972355193815 0.09076587711071973 57 nil_vol 0.6 nil_bias 0.43 Left 0.04 0.01 0.001 -0.20980722397432844 0.09054626936313809 0.0009275004223902876 0.00021960774758164576
-0.18588165310754426 0.005179362825027028 57 nil_vol 0.6 nil_bias 0.43 Left 0.04 0.01 0.001 -0.1893974783845236 0.004346907710906178 0.0035158252769793156 0.0008324551141208499
-0.14605755826900388 -0.16517379603802923 57 nil_vol 0.6 nil_bias 0.43 Left 0.04 0.01 0.001 -0.14908945316726116 -0.16589166914453912 0.003031894898257283 0.0007178731065099052
-0.15045648689916974 -0.17862940205432826 57 nil_vol 0.6 nil_bias 0.43 Left 0.04 0.01 0.001 -0.14630616689054368 -0.1776467152470398 -0.00415032000862606 -0.0009826868072884555
-0.09720407516109644 -0.3854637054520583 57 nil_vol 0.6 nil_bias 0.43 Left 0.04 0.01 0.001 -0.0971060552251101 -0.38544049690482707 -9.801993598635041e-05 -2.3208547231261e-05
-0.07259290326258573 -0.4862325814585871 57 nil_vol 0.6 nil_bias 0.43 Left 0.04 0.01 0.001 -0.07320672409429146 -0.48637791811506237 0.0006138208317057398 0.00014533665647525375
-0.015112890935960592 -0.7317338100905517 57 nil_vol 0.6 nil_bias 0.43 Home 0.04 0.01 0.001 0.0 -0.75 -0.015112890935960592 0.01826618990944825
-0.09179860366000689 -0.592577370624367 58 nil_vol 0.6 nil_bias 0.43 Home 0.04 0.01 0.001 -0.08365062271450366 -0.5886738049014291 -0.008147980945503227 -0.003903565722937918
-0.09916330284710087 -0.5494306040460976 58 nil_vol 0.6 nil_bias 0.43 Home 0.04 0.01 0.001 -0.10183759723519975 -0.5507118151800275 0.0026742943880988853 0.0012812111339299778
-0.14729460030121821 -0.46519738617829454 58 nil_vol 0.6 nil_bias 0.43 Home 0.04 0.01 0.001 -0.14364405356156631 -0.46344846835212405 -0.0036505467396518916 -0.0017489178261704678
-0.20092513036984067 -0.35727513334237215 58 nil_vol 0.6 nil_bias 0.43 Home 0.04 0.01 0.001 -0.19570752949791412 -0.35477546525823606 -0.0052176008719265485 -0.0024996680841360966
-0.24401260640283481 -0.22359323157617333 58 nil_vol 0.6 nil_bias 0.43 Home 0.04 0.01 0.001 -0.25584014202420835 -0.2292596123577707 0.011827535621373538 0.005666380781597361
-0.4269426541794005 0.1046933403240279 58 nil_vol 0.6 nil_bias 0.43 Home 0.04 0.01 0.001 -0.41790575452876544 0.10902277260348325 -0.009036899650635102 -0.004329432279455355
-0.4306826944550577 0.15730867950465036 58 nil_vol 0.6 nil_bias 0.43 Home 0.04 0.01 0.001 -0.43910553038911393 0.15327343520768655 0.008422835934056253 0.00403524429696382
-0.6067151952998631 0.5031280176347298 58 nil_vol 0.6 nil_bias 0.43 Left 0.04 0.01 0.001 -0.4 0.35 -0.20671519529986304 0.1531280176347298
-0.5999407743244406 0.453857663562253 59 nil_vol 0.6 nil_bias 0.43 Left 0.04 0.01 0.001 -0.5863348572626889 0.4603379856394852 -0.013605917061751715 -0.006480322077232186
-0.5719016623667151 0.39656731983585636 59 nil_vol 0.6 nil_bias 0.43 Left 0.04 0.01 0.001 -0.5589090750872263 0.4027555208814386 -0.012992587279488807 -0.006188201045582253
-0.531593587727397 0.3341980447411542 59 nil_vol 0.6 nil_bias 0.43 Left 0.04 0.01 0.001 -0.5272429715887244 0.3362701868602811 -0.0043506161386725785 -0.002072142119126864
-0.454287832376079 0.17813128071989948 59 nil_vol 0.6 nil_bias 0.43 Left 0.04 0.01 0.001 -0.45236064089553507 0.17904917706174406 -0.0019271914805439516 -0.0009178963418445871
-0.4393565583344951 0.1547837758072714 59 nil_vol 0.6 nil_bias 0.43 Left 0.04 0.01 0.001 -0.4405358279962832 0.15422210494086735 0.0011792696617881286 0.0005616708664040507
-0.19180335264261414 -0.37967968126547447 59 nil_vol 0.6 nil_bias 0.43 Left 0.04 0.01 0.001 -0.18727302421362302 -0.3775219445100423 -0.0045303284289911335 -0.0021577367554322067
-0.1369735975890556 -0.41612455140315097 59 nil_vol 0.6 nil_bias 0.43 Left 0.04 0.01 0.001 -0.1629861678094175 -0.42851400169301335 0.02601257022036187 0.012389450289862398
-0.01721555761852997 -0.7345702144337946 59 nil_vol 0.6 nil_bias 0.43 Home 0.04 0.01 0.001 0.0 -0.75 -0.01721555761852997 0.015429785566205438
-0.02600858602022313 -0.7151213273534991 60 nil_vol 0.6 nil_bias 0.43 Home 0.04 0.01 0.001 -0.023127595779543 -0.7142818073188361 -0.0028809902406801285 -0.0008395200346630027
-0.14937830126279 -0.3048180340109186 60 nil_vol 0.6 nil_bias 0.43 Home 0.04 0.01 0.001 -0.14298789890306737 -0.3029558719199848 -0.006390402359722633 -0.0018621620909338344
-0.15171349138790263 -0.2883633921559543 60 nil_vol 0.6 nil_bias 0.43 Home 0.04 0.01 0.001 -0.1475902639958871 -0.28716188444024227 -0.004123227392015534 -0.0012015077157120615
-0.17558117145781924 -0.1560005846229649 60 nil_vol 0.6 nil_bias 0.43 Home 0.04 0.01 0.001 -0.18501000446751056 -0.15874814485533106 0.009428833009691339 0.0027475602323661615
-0.22393686539627705 -0.03666140904904764 60 nil_vol 0.6 nil_bias 0.43 Home 0.04 0.01 0.001 -0.22084831767510144 -0.03576140680213702 -0.0030885477211756098 -0.0009000022469106208
-0.22791998356649357 0.024337957993883965 60 nil_vol 0.6 nil_bias 0.43 Home 0.04 0.01 0.001 -0.23754404550332076 0.021533508087487663 0.009624061936827194 0.0028044499063963036
-0.3449183755469695 0.38937551608953846 60 nil_vol 0.6 nil_bias 0.43 Home 0.04 0.01 0.001 -0.3447476380344835 0.3894252689697727 -0.00017073751248603206 -4.9752880234231594e-05
-0.35764217737374904 0.43367560304238617 60 nil_vol 0.6 nil_bias 0.43 Left 0.04 0.01 0.001 -0.4 0.35 0.042357822626251 0.08367560304238618
-0.3276706254948815 0.3148524188755495 61 nil_vol 0.6 nil_bias 0.43 Left 0.04 0.01 0.001 -0.31938692277132197 0.31758207276746003 -0.008283702723559548 -0.0027296538919105657
-0.22950201307246526 0.04245170901628727 61 nil_vol 0.6 nil_bias 0.43 Left 0.04 0.01 0.001 -0.2288017331868356 0.04268246593490521 -0.0007002798856296646 -0.00023075691861794737
-0.20933419343388648 0.0002183660305855352 61 nil_vol 0.6 nil_bias 0.43 Left 0.04 0.01 0.001 -0.2142726800724882 -0.0014089689575313424 0.004938486638601724 0.0016273349881168776
-0.21304969723557604 -0.03327045837074453 61 nil_vol 0.6 nil_bias 0.43 Left 0.04 0.01 0.001 -0.20468222493993285 -0.03051320064681673 -0.008367472295643202 -0.0027572577239277983
-0.1892431810160065 -0.031280683990069315 61 nil_vol 0.6 nil_bias 0.43 Left 0.04 0.01 0.001 -0.20294186415943993 -0.035794687570880446 0.013698683143433431 0.004514003580811132
-0.13839740570099388 -0.30008386633742157 61 nil_vol 0.6 nil_bias 0.43 Left 0.04 0.01 0.001 -0.11806121938698644 -0.29338266616509145 -0.02033618631400743 -0.006701200172330125
-0.05486330913102585 -0.4666617758797829 61 nil_vol 0.6 nil_bias 0.43 Left 0.04 0.01 0.001 -0.060364747606012514 -0.4684746153122802 0.005501438474986666 0.001812839432497282
0.022753232427455833 -0.7207134209793572 61 nil_vol 0.6 nil_bias 0.43 Home 0.04 0.01 0.001 0.0 -0.75 0.022753232427455833 0.029286579020642807
0.06541926654849575 -0.6527103119692106 62 nil_vol 0.6 nil_bias 0.43 Home 0.04 0.01 0.001 0.0692748614202644 -0.6554590721257705 -0.003855594871768647 0.002748760156559852
0.15994735789067754 -0.5362334198319336 62 nil_vol 0.6 nil_bias 0.43 Home 0.04 0.01 0.001 0.1561859297959325 -0.5335517937735772 0.003761428094745051 -0.0026816260583563812
0.3404800588064728 -0.279962168425038 62 nil_vol 0.6 nil_bias 0.43 Home 0.04 0.01 0.001 0.3381574737682692 -0.2783063333527428 0.002322585038203582 -0.0016558350722952024
0.34631023002946076 -0.25995490750394207 62 nil_vol 0.6 nil_bias 0.43 Home 0.04 0.01 0.001 0.34957920450893754 -0.2622854497680661 -0.00326897447947675 0.0023305422641240227
0.4558612315981441 -0.12718172663438423 62 nil_vol 0.6 nil_bias 0.43 Home 0.04 0.01 0.001 0.44925573253736584 -0.1224724837713933 0.0066054990607783 -0.004709242862990926
0.45228260982384 -0.10977246553179987 62 nil_vol 0.6 nil_bias 0.43 Home 0.04 0.01 0.001 0.45627879980081243 -0.11262145982504801 -0.003996189976972447 0.0028489942932481468
0.5661234176886268 0.05710696223595077 62 nil_vol 0.6 nil_bias 0.43 Home 0.04 0.01 0.001 0.5735222896276932 0.05183210191841303 -0.00739887193906639 0.005274860317537735
0.6278640536866871 0.12805549533769844 62 nil_vol 0.6 nil_bias 0.43 Right 0.04 0.01 0.001 0.4 0.35 0.22786405368668705 -0.22194450466230153
0.6286329187424863 0.12279319900298416 63 nil_vol 0.6 nil_bias 0.43 Right 0.04 0.01 0.001 0.625608681543789 0.12510472184730062 0.0030242371986972886 -0.0023115228443164647
0.5783084931927385 0.024561100109878088 63 nil_vol 0.6 nil_bias 0.43 Right 0.04 0.01 0.001 0.5596564964847163 0.03881742778856699 0.018651996708022173 -0.014256327678688903
0.41903863380564504 -0.13753490041706345 63 nil_vol 0.6 nil_bias 0.43 Right 0.04 0.01 0.001 0.4227162171242907 -0.14034579694878668 -0.003677583318645635 0.002810896531723215
0.40958341373168267 -0.1542530313034396 63 nil_vol 0.6 nil_bias 0.43 Right 0.04 0.01 0.001 0.4111634195683416 -0.15546068114888284 -0.0015800058366589624 0.0012076498454432606
0.20964384292551033 -0.3870444902177251 63 nil_vol 0.6 nil_bias 0.43 Right 0.04 0.01 0.001 0.2251169364908539 -0.3988710788411123 -0.015473093565343569 0.011826588623387209
0.18336352797294084 -0.43289569953166734 63 nil_vol 0.6 nil_bias 0.43 Right 0.04 0.01 0.001 0.19330371393398993 -0.44049330693349953 -0.009940185961049083 0.00759760740183219
0.1811886954933829 -0.438248666348204 63 nil_vol 0.6 nil_bias 0.43 Right 0.04 0.01 0.001 0.18991905374319928 -0.4449215630846802 -0.008730358249816373 0.006672896736476263
-0.017993397983871243 -0.7169398873384882 63 nil_vol 0.6 nil_bias 0.43 Home 0.04 0.01 0.001 0.0 -0.75 -0.017993397983871243 0.03306011266151179
