x y trial vol omega bias theta state target_sigma moving_sigma staying_sigma x_mean y_mean x_noise y_noise
-0.044070938033321155 -0.6043003944897323 0 nil_vol 0.6 nil_bias 0.43 Home 0.04 0.01 0.001 -0.04660981584906642 -0.6051171691674159 0.002538877815745264 0.0008167746776835675
-0.05073976379259453 -0.6017651743208712 0 nil_vol 0.6 nil_bias 0.43 Home 0.04 0.01 0.001 -0.04797438032850021 -0.600875531198406 -0.002765383464094322 -0.0008896431224651465
-0.10589228586720426 -0.39881859237336725 0 nil_vol 0.6 nil_bias 0.43 Home 0.04 0.01 0.001 -0.11231299163156644 -0.40088417814069516 0.006420705764362177 0.0020655857673278913
-0.16021190711990652 -0.2518306670513498 0 nil_vol 0.6 nil_bias 0.43 Home 0.04 0.01 0.001 -0.16025960759172891 -0.2518460126253891 4.770047182239123e-05 1.5345574039234017e-05
-0.2216024889228342 -0.062407521179960644 0 nil_vol 0.6 nil_bias 0.43 Home 0.04 0.01 0.001 -0.2212407301659511 -0.06229114086806853 -0.0003617587568830961 -0.00011638031189211239
-0.2717458855832542 0.09818215227347507 0 nil_vol 0.6 nil_bias 0.43 Home 0.04 0.01 0.001 -0.2727610423111856 0.09785556928310335 0.0010151567279314258 0.0003265829903717146
-0.29334805714351436 0.13081654186699707 0 nil_vol 0.6 nil_bias 0.43 Home 0.04 0.01 0.001 -0.28430113169019094 0.1337270008009952 -0.009046925453323421 -0.002910458933998145
-0.3009517324394462 0.185484042266834 0 nil_vol 0.6 nil_bias 0.43 Left 0.04 0.01 0.001 -0.4 0.35 0.09904826756055388 -0.164515957733166
-0.2939426105367725 0.13794485221497774 1 nil_vol 0.6 nil_bias 0.43 Left 0.04 0.01 0.001 -0.28720996649032604 0.13997795191641477 -0.006732644046446451 -0.002033099701437036
-0.15512639247093962 -0.2989641103803703 1 nil_vol 0.6 nil_bias 0.43 Left 0.04 0.01 0.001 -0.15469880816214973 -0.2988349900044017 -0.00042758430878988565 -0.00012912037596859343
-0.07381561746596514 -0.563809467435256 1 nil_vol 0.6 nil_bias 0.43 Left 0.04 0.01 0.001 -0.07461029902503813 -0.5640494425222118 0.0007946815590729812 0.00023997508695585348
-0.0804387136080492 -0.5831866645745807 1 nil_vol 0.6 nil_bias 0.43 Left 0.04 0.01 0.001 -0.06980132976637837 -0.579974425554758 -0.010637383841670832 -0.0032122390198226756
-0.042369421281080254 -0.6460222273016419 1 nil_vol 0.6 nil_bias 0.43 Left 0.04 0.01 0.001 -0.04923076705152063 -0.6480941918880813 0.006861345770440374 0.0020719645864393237
-0.03616762841490298 -0.6555045328466975 1 nil_vol 0.6 nil_bias 0.43 Left 0.04 0.01 0.001 -0.046088350645397624 -0.6585003569635991 0.009920722230494648 0.0029958241169016266
-0.01808703431822051 -0.7764835026318359 1 nil_vol 0.6 nil_bias 0.43 Left 0.04 0.01 0.001 -0.011097589259033702 -0.7743728550816296 -0.006989445059186808 -0.002110647550206305
-0.004150497105621244 -0.7973782682415094 1 nil_vol 0.6 nil_bias 0.43 Home 0.04 0.01 0.001 0.0 -0.75 -0.004150497105621244 -0.047378268241509376
0.04210538385052696 -0.6542517299314151 2 nil_vol 0.6 nil_bias 0.43 Home 0.04 0.01 0.001 0.054575527694591223 -0.659565625387468 -0.012470143844064266 0.005313895456052924
0.12992941183650142 -0.47943318542733715 2 nil_vol 0.6 nil_bias 0.43 Home 0.04 0.01 0.001 0.13111921256718617 -0.4799401945505241 -0.0011898007306847533 0.0005070091231869495
0.14192727442728179 -0.46503529455810194 2 nil_vol 0.6 nil_bias 0.43 Home 0.04 0.01 0.001 0.13815552697906244 -0.4634280419171461 0.0037717474482193303 -0.0016072526409558726
0.21068252994497336 -0.28956598405624046 2 nil_vol 0.6 nil_bias 0.43 Home 0.04 0.01 0.001 0.21200341440731563 -0.2901288518170444 -0.0013208844623422615 0.000562867760803937
0.26472501937102827 -0.1820607158413848 2 nil_vol 0.6 nil_bias 0.43 Home 0.04 0.01 0.001 0.25907956604203874 -0.17965502195626126 0.005645453328989526 -0.0024056938851235343
0.3891834351646449 0.09693087675462041 2 nil_vol 0.6 nil_bias 0.43 Home 0.04 0.01 0.001 0.3788223857760254 0.10134602496418432 0.010361049388619467 -0.004415148209563922
0.43370234500383054 0.26319842803615917 2 nil_vol 0.6 nil_bias 0.43 Home 0.04 0.01 0.001 0.44562708988626987 0.25811694313608347 -0.011924744882439333 0.005081484900075717
0.49472636206037535 0.373338439628366 2 nil_vol 0.6 nil_bias 0.43 Right 0.04 0.01 0.001 0.4 0.35 0.09472636206037535 0.023338439628365997
0.46662389221725076 0.30228643531134064 3 nil_vol 0.6 nil_bias 0.43 Right 0.04 0.01 0.001 0.4613644680131596 0.30484832855848737 0.005259424204091136 -0.0025618932471467124
0.3534934369881385 0.05619137356955907 3 nil_vol 0.6 nil_bias 0.43 Right 0.04 0.01 0.001 0.342783514624319 0.06140823319460925 0.010709922363819499 -0.005216859625050181
0.2316809541287982 -0.19609690785080544 3 nil_vol 0.6 nil_bias 0.43 Right 0.04 0.01 0.001 0.22009938108086863 -0.19045546258389823 0.011581573047929571 -0.005641445266907206
0.11350159057894768 -0.43732963776835754 3 nil_vol 0.6 nil_bias 0.43 Right 0.04 0.01 0.001 0.10246446511491186 -0.4319533957888212 0.011037125464035815 -0.005376241979536361
0.06163952582013213 -0.5049076790029212 3 nil_vol 0.6 nil_bias 0.43 Right 0.04 0.01 0.001 0.06591386922925063 -0.5069897342034294 -0.004274343409118506 0.0020820552005082205
0.012815988729565669 -0.6269156415004884 3 nil_vol 0.6 nil_bias 0.43 Right 0.04 0.01 0.001 0.00851728729779383 -0.6248217213787782 0.004298701431771838 -0.0020939201217102174
-0.0034818367584454855 -0.6388513680158161 3 nil_vol 0.6 nil_bias 0.43 Right 0.04 0.01 0.001 0.0006928403908927905 -0.640884875255941 -0.004174677149338276 0.002033507240124891
-0.04663491558217589 -0.7380461233162593 3 nil_vol 0.6 nil_bias 0.43 Home 0.04 0.01 0.001 0.0 -0.75 -0.04663491558217589 0.011953876683740738
-0.12287600647899088 -0.5993486444446953 4 nil_vol 0.6 nil_bias 0.43 Home 0.04 0.01 0.001 -0.1280154039043897 -0.6024327553885653 0.005139397425398824 0.0030841109438701116
-0.24406314998458065 -0.4118591210284686 4 nil_vol 0.6 nil_bias 0.43 Home 0.04 0.01 0.001 -0.2428235114719933 -0.41111522395520095 -0.001239638512587357 -0.0007438970732676604
-0.2786652509616964 -0.3107720370660906 4 nil_vol 0.6 nil_bias 0.43 Home 0.04 0.01 0.001 -0.29658541311342523 -0.32152578184070973 0.017920162151728796 0.010753744774619154
-0.345573283928624 -0.2733839147304529 4 nil_vol 0.6 nil_bias 0.43 Home 0.04 0.01 0.001 -0.3307963028260683 -0.2645163675525428 -0.014776981102555715 -0.008867547177910124
-0.34588855902764265 -0.23962000083264845 4 nil_vol 0.6 nil_bias 0.43 Home 0.04 0.01 0.001 -0.34577669506493924 -0.23955287217085375 -0.00011186396270338958 -6.712866179471015e-05
-0.3883329165637882 -0.17642998521608966 4 nil_vol 0.6 nil_bias 0.43 Home 0.04 0.01 0.001 -0.384894455695461 -0.1743665925814455 -0.0034384608683272378 -0.002063392634644173
-0.3894138904193386 -0.16555971303756997 4 nil_vol 0.6 nil_bias 0.43 Home 0.04 0.01 0.001 -0.3899767143629691 -0.16589745914676257 0.0005628239436304735 0.0003377461091925921
-0.6748559092933579 0.3088284594797859 4 nil_vol 0.6 nil_bias 0.43 Left 0.04 0.01 0.001 -0.4 0.35 -0.2748559092933579 -0.041171540520214114
-0.655272044477977 0.282130261891485 5 nil_vol 0.6 nil_bias 0.43 Left 0.04 0.01 0.001 -0.6578989932134457 0.2805547706453843 0.00262694873546869 0.0015754912461006794
-0.6645972307120052 0.256898721323287 5 nil_vol 0.6 nil_bias 0.43 Left 0.04 0.01 0.001 -0.6492365557187061 0.26611116184768213 -0.015360674993299071 -0.00921244052439513
-0.2780245451979476 -0.3396190516921338 5 nil_vol 0.6 nil_bias 0.43 Left 0.04 0.01 0.001 -0.28385691479048086 -0.34311696815810566 0.005832369592533266 0.0034979164659718837
-0.1977353489698219 -0.47497270556369714 5 nil_vol 0.6 nil_bias 0.43 Left 0.04 0.01 0.001 -0.20291458282578628 -0.4780789091570171 0.005179233855964384 0.003106203593319954
-0.16828707937268647 -0.5618422881468177 5 nil_vol 0.6 nil_bias 0.43 Left 0.04 0.01 0.001 -0.15680732944868336 -0.5549574010272124 -0.011479749924003097 -0.006884887119605303
-0.10056325371086428 -0.6398511197732766 5 nil_vol 0.6 nil_bias 0.43 Left 0.04 0.01 0.001 -0.10448308360471004 -0.6422020060317615 0.003919829893845766 0.002350886258484951
-0.08287989604932519 -0.6729348891987754 5 nil_vol 0.6 nil_bias 0.43 Left 0.04 0.01 0.001 -0.08521233119623695 -0.6743337483034246 0.002332435146911755 0.0013988591046491781
-0.0502322677809162 -0.7326589427993764 5 nil_vol 0.6 nil_bias 0.43 Home 0.04 0.01 0.001 0.0 -0.75 -0.0502322677809162 0.01734105720062358
0.06275190428670414 -0.5353721542445476 6 nil_vol 0.6 nil_bias 0.43 Home 0.04 0.01 0.001 0.06095675385750294 -0.5343655597889667 0.0017951504292012099 -0.0010065944555809631
0.061470157155435516 -0.5158399395606257 6 nil_vol 0.6 nil_bias 0.43 Home 0.04 0.01 0.001 0.06898258117739964 -0.5200523800589115 -0.007512424021964121 0.004212440498285805
0.14822433528548265 -0.3931072869972526 6 nil_vol 0.6 nil_bias 0.43 Home 0.04 0.01 0.001 0.1420924582923257 -0.38966896044633353 0.006131876993156965 -0.003438326550919061
0.27802722661833695 -0.1822687350596042 6 nil_vol 0.6 nil_bias 0.43 Home 0.04 0.01 0.001 0.26308580881975013 -0.1738906358931357 0.01494141779858684 -0.008378099166468502
0.3813475505161947 0.010772479171532004 6 nil_vol 0.6 nil_bias 0.43 Home 0.04 0.01 0.001 0.3701520110691552 0.017050152480304503 0.01119553944703951 -0.0062776733087725
0.43597600284214916 0.1071566693450129 6 nil_vol 0.6 nil_bias 0.43 Home 0.04 0.01 0.001 0.42433695264668536 0.11368303237532207 0.011639050195463818 -0.0065263630303091635
0.4337560667449835 0.15427144464608358 6 nil_vol 0.6 nil_bias 0.43 Home 0.04 0.01 0.001 0.44390506119434225 0.1485806003712713 -0.010148994449358765 0.005690844274812274
0.5377125983186386 0.3158760186972111 6 nil_vol 0.6 nil_bias 0.43 Right 0.04 0.01 0.001 0.4 0.35 0.13771259831863858 -0.03412398130278889
0.5226866488985867 0.3015283714884382 7 nil_vol 0.6 nil_bias 0.43 Right 0.04 0.01 0.001 0.5281883713026161 0.29851085571755287 -0.005501722404029318 0.003017515770885301
0.52880748301881 0.29705516064818926 7 nil_vol 0.6 nil_bias 0.43 Right 0.04 0.01 0.001 0.5277177727971161 0.2976528312571695 0.0010897102216939397 -0.0005976706089802305
0.49526810120259307 0.25053352333175527 7 nil_vol 0.6 nil_bias 0.43 Right 0.04 0.01 0.001 0.5003466527303989 0.24774810302098413 -0.005078551527805865 0.0027854203107711304
0.472636888710822 0.1912168192129087 7 nil_vol 0.6 nil_bias 0.43 Right 0.04 0.01 0.001 0.470103244609251 0.19260644058469978 0.002533644101570973 -0.001389621371791078
0.30475390320774615 -0.12157290663408 7 nil_vol 0.6 nil_bias 0.43 Right 0.04 0.01 0.001 0.29939741355113997 -0.11863504630082228 0.0053564896566061625 -0.0029378603332577287
0.05259019812447409 -0.5826602779460789 7 nil_vol 0.6 nil_bias 0.43 Right 0.04 0.01 0.001 0.04667427587375267 -0.5794155870329551 0.005915922250721421 -0.0032446909131237265
0.024674320973371286 -0.6194792282389741 7 nil_vol 0.6 nil_bias 0.43 Right 0.04 0.01 0.001 0.024694578206976514 -0.6194903386726509 -2.02572336052269e-05 1.1110433676826806e-05
-0.03162294412409125 -0.7221719476099765 7 nil_vol 0.6 nil_bias 0.43 Home 0.04 0.01 0.001 0.0 -0.75 -0.03162294412409125 0.02782805239002353
-0.04770982454417981 -0.6560873485297176 8 nil_vol 0.6 nil_bias 0.43 Home 0.04 0.01 0.001 -0.04142056400248162 -0.6551677084461542 -0.006289260541698194 -0.0009196400835633833
-0.039874650332401965 -0.550549955600013 8 nil_vol 0.6 nil_bias 0.43 Home 0.04 0.01 0.001 -0.05636557830900542 -0.5529613230862049 0.01649092797660345 0.0024113674861920035
-0.07849523137028887 -0.5190438125467913 8 nil_vol 0.6 nil_bias 0.43 Home 0.04 0.01 0.001 -0.061684564314430396 -0.5165856915715977 -0.016810667055858475 -0.0024581209751936175
-0.06983663756385161 -0.43272348055399223 8 nil_vol 0.6 nil_bias 0.43 Home 0.04 0.01 0.001 -0.07386117198507361 -0.43331196359534463 0.004024534421221993 0.0005884830413524176
-0.07966583376002122 -0.40019307584889263 8 nil_vol 0.6 nil_bias 0.43 Home 0.04 0.01 0.001 -0.07872408030727798 -0.40005536900430655 -0.0009417534527432312 -0.00013770684458606273
-0.08486065242800735 -0.2214508368405078 8 nil_vol 0.6 nil_bias 0.43 Home 0.04 0.01 0.001 -0.10442207702313674 -0.22431118425814334 0.019561424595129395 0.0028603474176355547
-0.15292246073627108 0.2252485057521563 8 nil_vol 0.6 nil_bias 0.43 Home 0.04 0.01 0.001 -0.16979762451288363 0.22278095381615726 0.016875163776612544 0.002467551935999038
-0.17724792238534365 0.27373226104017656 8 nil_vol 0.6 nil_bias 0.43 Left 0.04 0.01 0.001 -0.4 0.35 0.22275207761465637 -0.07626773895982342
-0.15691109442555273 0.2373095959241454 9 nil_vol 0.6 nil_bias 0.43 Left 0.04 0.01 0.001 -0.17095036210855252 0.2350254224378025 0.014039267682999785 0.0022841734863428996
-0.13551289543878955 -0.057526703585709646 9 nil_vol 0.6 nil_bias 0.43 Left 0.04 0.01 0.001 -0.12366604849841556 -0.05559923455463389 -0.011846846940373986 -0.0019274690310757555
-0.11447286621003526 -0.10205822190544961 9 nil_vol 0.6 nil_bias 0.43 Left 0.04 0.01 0.001 -0.11606507485508472 -0.10231727250936051 0.0015922086450494493 0.00025905060391090206
-0.0846870200919482 -0.14459949362469726 9 nil_vol 0.6 nil_bias 0.43 Left 0.04 0.01 0.001 -0.10855402192958716 -0.14848262870175305 0.023867001837638964 0.0038831350770557865
-0.08441405159979463 -0.352824063891487 9 nil_vol 0.6 nil_bias 0.43 Left 0.04 0.01 0.001 -0.0755427263358828 -0.3513807089805262 -0.008871325263911834 -0.0014433549109608248
-0.05720547176074394 -0.4719570148550859 9 nil_vol 0.6 nil_bias 0.43 Left 0.04 0.01 0.001 -0.05595811211303656 -0.4717540708056126 -0.0012473596477073823 -0.00020294404947327236
-0.0263825217790611 -0.7408090692129113 9 nil_vol 0.6 nil_bias 0.43 Left 0.04 0.01 0.001 -0.012549335700884873 -0.7385584249781213 -0.013833186078176225 -0.0022506442347900585
-0.01209329664252956 -0.7413613882610915 9 nil_vol 0.6 nil_bias 0.43 Home 0.04 0.01 0.001 0.0 -0.75 -0.01209329664252956 0.00863861173890842
0.09752420334948557 -0.5650604616255297 10 nil_vol 0.6 nil_bias 0.43 Home 0.04 0.01 0.001 0.1004378290937108 -0.5669402427959688 -0.00291362574422523 0.001879781170439096
0.11979652210011421 -0.5394773030990662 10 nil_vol 0.6 nil_bias 0.43 Home 0.04 0.01 0.001 0.11863820816403628 -0.5387299947905739 0.0011583139360779272 -0.000747308308492268
0.3026183016055081 -0.2612399082086143 10 nil_vol 0.6 nil_bias 0.43 Home 0.04 0.01 0.001 0.29912167292460556 -0.2589839915839739 0.003496628680902569 -0.0022559166246403964
0.32534316879138736 -0.20262447686109253 10 nil_vol 0.6 nil_bias 0.43 Home 0.04 0.01 0.001 0.33250289931931976 -0.2072437134457844 -0.007159730527932407 0.004619236584691887
0.3508754841124572 -0.18289171288350806 10 nil_vol 0.6 nil_bias 0.43 Home 0.04 0.01 0.001 0.34899626749849866 -0.18167930047498337 0.0018792166139585667 -0.0012124124085246817
0.5104289194331071 0.05286829401693252 10 nil_vol 0.6 nil_bias 0.43 Home 0.04 0.01 0.001 0.5032904544522145 0.057473810728719044 0.0071384649808925674 -0.004605516711786519
0.5055693633377125 0.08567932283329949 10 nil_vol 0.6 nil_bias 0.43 Home 0.04 0.01 0.001 0.5168092518914816 0.07842769454744791 -0.01123988855376908 0.00725162828585158
0.6355150944061136 0.26241953582107197 10 nil_vol 0.6 nil_bias 0.43 Right 0.04 0.01 0.001 0.4 0.35 0.23551509440611365 -0.08758046417892801
0.6067009255199309 0.23935620934235516 11 nil_vol 0.6 nil_bias 0.43 Right 0.04 0.01 0.001 0.6155423662935275 0.23329335781828384 -0.008841440773596564 0.006062851524071327
0.5753258527077079 0.15499733987114572 11 nil_vol 0.6 nil_bias 0.43 Right 0.04 0.01 0.001 0.566161618738898 0.1612815407505623 0.009164233968809882 -0.006284200879416589
0.49337670724517063 0.06329050172094944 11 nil_vol 0.6 nil_bias 0.43 Right 0.04 0.01 0.001 0.49717843362614256 0.060683539442605544 -0.003801726380971938 0.002606962278343892
0.42602366829948146 -0.0391590757769485 11 nil_vol 0.6 nil_bias 0.43 Right 0.04 0.01 0.001 0.4278530263278899 -0.04041352359768491 -0.0018293580284084365 0.0012544478207364052
0.2885524731471747 -0.23992423406759256 11 nil_vol 0.6 nil_bias 0.43 Right 0.04 0.01 0.001 0.2902459802778447 -0.2410855246933094 -0.0016935071306700212 0.001161290625716847
0.1981500342483345 -0.3886745238320604 11 nil_vol 0.6 nil_bias 0.43 Right 0.04 0.01 0.001 0.19195342003545657 -0.3844253123192917 0.0061966142128779145 -0.004249211512768676
0.17886063589423445 -0.3879216987273992 11 nil_vol 0.6 nil_bias 0.43 Right 0.04 0.01 0.001 0.18613515967473804 -0.3929100664288749 -0.007274523780503588 0.004988367701475684
-0.031852839120425046 -0.7108014040363039 11 nil_vol 0.6 nil_bias 0.43 Home 0.04 0.01 0.001 0.0 -0.75 -0.031852839120425046 0.03919859596369614
-0.013828348366586151 -0.6039846078876426 12 nil_vol 0.6 nil_bias 0.43 Home 0.04 0.01 0.001 -0.01427116526799831 -0.6039117714286986 0.000442816901412158 -7.28364589440718e-05
0.031202279250751183 -0.3726112662291027 12 nil_vol 0.6 nil_bias 0.43 Home 0.04 0.01 0.001 0.023969827320257833 -0.3714216409315578 0.007232451930493348 -0.0011896252975449055
0.05028635985559514 -0.21931451349452408 12 nil_vol 0.6 nil_bias 0.43 Home 0.04 0.01 0.001 0.04902324599326865 -0.21910675100695498 0.001263113862326493 -0.0002077624875691016
0.055324268933771556 -0.1700654527143707 12 nil_vol 0.6 nil_bias 0.43 Home 0.04 0.01 0.001 0.05704326539986063 -0.17034820076470036 -0.0017189964660890796 0.0002827480503296438
0.09353394181690962 0.02648769589620513 12 nil_vol 0.6 nil_bias 0.43 Home 0.04 0.01 0.001 0.08952807301912011 0.027146598700716562 0.0040058687977895125 -0.000658902804511434
0.10629254280910644 0.0621285602679746 12 nil_vol 0.6 nil_bias 0.43 Home 0.04 0.01 0.001 0.095572101613386 0.06389190528151023 0.010720441195720434 -0.0017633450135356298
0.09823929686983685 0.09593389461392479 12 nil_vol 0.6 nil_bias 0.43 Home 0.04 0.01 0.001 0.10077393317559061 0.09551698655862373 -0.00253463630575376 0.00041690805530106805
0.10996810483158598 0.15141391871022072 12 nil_vol 0.6 nil_bias 0.43 Right 0.04 0.01 0.001 0.4 0.35 -0.29003189516841404 -0.19858608128977925
0.10956825208684488 0.1376890308392119 13 nil_vol 0.6 nil_bias 0.43 Right 0.04 0.01 0.001 0.10783832914772046 0.13796294011538326 0.0017299229391244254 -0.00027390927617135984
0.10689343884537224 0.09668367290097528 13 nil_vol 0.6 nil_bias 0.43 Right 0.04 0.01 0.001 0.10143907309935916 0.09754729597901855 0.005454365746013079 -0.0008636230780432728
0.07140364397126449 0.023148935084298442 13 nil_vol 0.6 nil_bias 0.43 Right 0.04 0.01 0.001 0.08921264820160979 0.020329126555407834 -0.017809004230345298 0.0028198085288906097
0.08956884251405081 -0.04048053760454213 13 nil_vol 0.6 nil_bias 0.43 Right 0.04 0.01 0.001 0.07982847641290541 -0.0389382858844978 0.009740366101145394 -0.0015422517200443288
0.06707838290488614 -0.16556541284044338 13 nil_vol 0.6 nil_bias 0.43 Right 0.04 0.01 0.001 0.05995735563775509 -0.16443789705333925 0.007121027267131054 -0.00112751578710414
0.01669526154875547 -0.44829358447539897 13 nil_vol 0.6 nil_bias 0.43 Right 0.04 0.01 0.001 0.015053898580466893 -0.44803369744088983 0.0016413629682885766 -0.0002598870345091494
0.01243597443699127 -0.5332488579468222 13 nil_vol 0.6 nil_bias 0.43 Right 0.04 0.01 0.001 0.001827225961866366 -0.5315691099359795 0.010608748475124904 -0.0016797480108427401
-0.030986346911560735 -0.7388090881573083 13 nil_vol 0.6 nil_bias 0.43 Home 0.04 0.01 0.001 0.0 -0.75 -0.030986346911560735 0.011190911842691673
-0.010168213638841853 -0.5232598143341706 14 nil_vol 0.6 nil_bias 0.43 Home 0.04 0.01 0.001 -0.004678418129222223 -0.5239319432819955 -0.00548979550961963 0.0006721289478249577
0.03997337243587961 -0.2783578539982631 14 nil_vol 0.6 nil_bias 0.43 Home 0.04 0.01 0.001 0.025603216128508195 -0.2765984809902833 0.014370156307371417 -0.0017593730079798443
0.05374865491520778 -0.0797117898518049 14 nil_vol 0.6 nil_bias 0.43 Home 0.04 0.01 0.001 0.04976819600315987 -0.07922445263574152 0.003980458912047912 -0.0004873372160633735
0.049915219175240874 -0.029414839122756747 14 nil_vol 0.6 nil_bias 0.43 Home 0.04 0.01 0.001 0.055778616950852324 -0.030132709100007316 -0.00586339777561145 0.0007178699772505693
0.06338968691989984 0.1495766047165885 14 nil_vol 0.6 nil_bias 0.43 Home 0.04 0.01 0.001 0.07756832951958476 0.1478406791952438 -0.014178642599684918 0.001735925521344718
0.09899387618187759 0.2856199936525118 14 nil_vol 0.6 nil_bias 0.43 Home 0.04 0.01 0.001 0.09450428202904448 0.286169665528052 0.004489594152833111 -0.000549671875540202
0.09553216078605409 0.37621149055625314 14 nil_vol 0.6 nil_bias 0.43 Home 0.04 0.01 0.001 0.10538069400747857 0.37500571080359457 -0.009848533221424477 0.0012057797526585498
0.10770436347602846 0.39398491152923787 14 nil_vol 0.6 nil_bias 0.43 Right 0.04 0.01 0.001 0.4 0.35 -0.29229563652397156 0.04398491152923792
0.09557989901000222 0.33787608152418475 15 nil_vol 0.6 nil_bias 0.43 Right 0.04 0.01 0.001 0.10139259827874386 0.33722964995242516 -0.00581269926874164 0.0006464315717595799
0.058439901294235604 -0.08523074036897604 15 nil_vol 0.6 nil_bias 0.43 Right 0.04 0.01 0.001 0.054459908213464116 -0.08478812445787415 0.0039799930807714904 -0.00044261591110188945
0.012310147457178521 -0.231817711842998 15 nil_vol 0.6 nil_bias 0.43 Right 0.04 0.01 0.001 0.03779354392773622 -0.2346517260027915 -0.0254833964705577 0.002834014159793503
-0.010745170369747432 -0.5717844846957922 15 nil_vol 0.6 nil_bias 0.43 Right 0.04 0.01 0.001 0.0001659891487057058 -0.5729979171599768 -0.010911159518453138 0.0012134324641845952
0.0023595206627849267 -0.5834554544611266 15 nil_vol 0.6 nil_bias 0.43 Right 0.04 0.01 0.001 -0.0009559905956025433 -0.5830867357205113 0.00331551125838747 -0.0003687187406153176
-0.015537609896378849 -0.7194907041265476 15 nil_vol 0.6 nil_bias 0.43 Right 0.04 0.01 0.001 -0.01611832399645255 -0.7194261227829931 0.0005807141000737008 -6.45813435544996e-05
-0.01125373231133128 -0.7499721654765332 15 nil_vol 0.6 nil_bias 0.43 Right 0.04 0.01 0.001 -0.01941442703013091 -0.7490646128112693 0.008160694718799629 -0.0009075526652638569
-0.021279178156101333 -0.7658324162104894 15 nil_vol 0.6 nil_bias 0.43 Home 0.04 0.01 0.001 0.0 -0.75 -0.021279178156101333 -0.015832416210489413
0.1637133853880504 -0.2806245110036857 16 nil_vol 0.6 nil_bias 0.43 Home 0.04 0.01 0.001 0.1489884229183601 -0.27551116131590864 0.0147249624696903 -0.005113349687777027
0.16793190909488653 -0.21679388701919142 16 nil_vol 0.6 nil_bias 0.43 Home 0.04 0.01 0.001 0.16922276034470066 -0.21724214444930645 -0.001290851249814123 0.0004482574301150294
0.23815723523294605 -0.060545276501459355 16 nil_vol 0.6 nil_bias 0.43 Home 0.04 0.01 0.001 0.22519943105306708 -0.056045585307417656 0.012957804179878971 -0.004499691194041701
0.2374583138167451 -0.033304112709709816 16 nil_vol 0.6 nil_bias 0.43 Home 0.04 0.01 0.001 0.23356594339309225 -0.03195245893595888 0.0038923704236528316 -0.0013516537737509322
0.245239230222213 0.004715443907772621 16 nil_vol 0.6 nil_bias 0.43 Home 0.04 0.01 0.001 0.24618508004145964 0.0043869907189862944 -0.0009458498192466373 0.0003284531887863258
0.24201524445750558 0.007814414130413613 16 nil_vol 0.6 nil_bias 0.43 Home 0.04 0.01 0.001 0.24679847891544085 0.006153401379284884 -0.004783234457935259 0.0016610127511287292
0.2879704191965273 0.11803640905005515 16 nil_vol 0.6 nil_bias 0.43 Home 0.04 0.01 0.001 0.28590029373744946 0.1187552750839499 0.002070125459077887 -0.0007188660338947418
0.3471279472990115 0.2950731402509516 16 nil_vol 0.6 nil_bias 0.43 Right 0.04 0.01 0.001 0.4 0.35 -0.05287205270098856 -0.05492685974904835
0.2735060553120898 0.13595387995430647 17 nil_vol 0.6 nil_bias 0.43 Right 0.04 0.01 0.001 0.2834322907296224 0.13207495287924495 -0.009926235417532592 0.0038789270750615116
0.27792029856446404 0.0735739237994312 17 nil_vol 0.6 nil_bias 0.43 Right 0.04 0.01 0.001 0.2628698238985201 0.0794552767211181 0.01505047466594395 -0.005881352921686905
0.1501582692468481 -0.25679262968508487 17 nil_vol 0.6 nil_bias 0.43 Right 0.04 0.01 0.001 0.13394787842729827 -0.25045801024454467 0.016210390819549825 -0.006334619440540175
0.15419998824837614 -0.30830225577066434 17 nil_vol 0.6 nil_bias 0.43 Right 0.04 0.01 0.001 0.11702117999124503 -0.293773697873238 0.03717880825713111 -0.014528557897426355
0.018042475393471445 -0.5690535454466137 17 nil_vol 0.6 nil_bias 0.43 Right 0.04 0.01 0.001 0.010587104726132002 -0.566140171149135 0.007455370667339443 -0.002913374297478717
-0.039555495731135454 -0.6243758277882091 17 nil_vol 0.6 nil_bias 0.43 Right 0.04 0.01 0.001 -0.01579786429609048 -0.6336597220277067 -0.023757631435044977 0.009283894239497655
-0.03787362728942091 -0.6982479219943961 17 nil_vol 0.6 nil_bias 0.43 Right 0.04 0.01 0.001 -0.040618220101556135 -0.6971754030664039 0.0027445928121352255 -0.0010725189279922277
-0.049356946046732 -0.7195379402584032 17 nil_vol 0.6 nil_bias 0.43 Home 0.04 0.01 0.001 0.0 -0.75 -0.049356946046732 0.03046205974159674
-0.008755396641116558 -0.555484196452805 18 nil_vol 0.6 nil_bias 0.43 Home 0.04 0.01 0.001 -0.011463983395001584 -0.5548609377394813 0.002708586753885027 -0.0006232587133236398
0.017756522681159383 -0.39010410288943864 18 nil_vol 0.6 nil_bias 0.43 Home 0.04 0.01 0.001 0.026010325060717786 -0.39200334213061583 -0.008253802379558403 0.0018992392411771822
0.07370804001183669 -0.28191957851020316 18 nil_vol 0.6 nil_bias 0.43 Home 0.04 0.01 0.001 0.0524658587153271 -0.2770316514153592 0.02124218129650959 -0.004887927094843953
0.11127541047617606 -0.1152914039361195 18 nil_vol 0.6 nil_bias 0.43 Home 0.04 0.01 0.001 0.09076884577450972 -0.11057274572356035 0.020506564701666338 -0.0047186582125591575
0.10364996433285617 -0.08391221851638184 18 nil_vol 0.6 nil_bias 0.43 Home 0.04 0.01 0.001 0.09724280750542874 -0.08243790121249728 0.006407156827427423 -0.0014743173038845542
0.10392321145919427 -0.08006895195006393 18 nil_vol 0.6 nil_bias 0.43 Home 0.04 0.01 0.001 0.09809643153468903 -0.0787281821359318 0.0058267799245052465 -0.0013407698141321216
0.1567939188696983 0.12455076193926731 18 nil_vol 0.6 nil_bias 0.43 Home 0.04 0.01 0.001 0.14547139223082628 0.12715612924913622 0.011322526638872 -0.002605367309868911
0.15933267360461498 0.18739513163821586 18 nil_vol 0.6 nil_bias 0.43 Right 0.04 0.01 0.001 0.4 0.35 -0.24066732639538505 -0.16260486836178412
0.11294613622928555 0.012618978442507912 19 nil_vol 0.6 nil_bias 0.43 Right 0.04 0.01 0.001 0.12204485492921696 0.01069889581325717 -0.009098718699931414 0.0019200826292507416
0.11865553810351448 -0.023678301501519478 19 nil_vol 0.6 nil_bias 0.43 Right 0.04 0.01 0.001 0.11495510104172325 -0.022897406393394576 0.0037004370617912284 -0.0007808951081249
0.10388892489371897 -0.09663829041184024 19 nil_vol 0.6 nil_bias 0.43 Right 0.04 0.01 0.001 0.09958537312659675 -0.09573012133170428 0.00430355176712221 -0.000908169080135973
0.01572635448116868 -0.4764791721643116 19 nil_vol 0.6 nil_bias 0.43 Right 0.04 0.01 0.001 0.019087074869780868 -0.47718837760880917 -0.003360720388612189 0.0007092054444975541
-0.015539406716231345 -0.6283987779884262 19 nil_vol 0.6 nil_bias 0.43 Right 0.04 0.01 0.001 -0.012938355818892272 -0.6289476720481817 -0.0026010508973390734 0.0005488940597554088
-0.01350756749285471 -0.6628825288876553 19 nil_vol 0.6 nil_bias 0.43 Right 0.04 0.01 0.001 -0.019818510595506433 -0.6615507444215982 0.006310943102651723 -0.0013317844660570388
-0.061606262047767084 -0.7354105127050744 19 nil_vol 0.6 nil_bias 0.43 Right 0.04 0.01 0.001 -0.03652204413179777 -0.7407039801346319 -0.025084217915969313 0.005293467429557524
-0.04199932751514815 -0.7666592489265592 19 nil_vol 0.6 nil_bias 0.43 Home 0.04 0.01 0.001 0.0 -0.75 -0.04199932751514815 -0.016659248926559206
-0.032056301665901246 -0.7392264763451066 20 nil_vol 0.6 nil_bias 0.43 Home 0.04 0.01 0.001 -0.03124694417593781 -0.7395474630193274 -0.0008093574899634328 0.00032098667422077133
0.12845540584544923 -0.33784283473494225 20 nil_vol 0.6 nil_bias 0.43 Home 0.04 0.01 0.001 0.12811968014751215 -0.3377096877923766 0.00033572569793708295 -0.00013314694256568916
0.1782391919241397 -0.2228193765784897 20 nil_vol 0.6 nil_bias 0.43 Home 0.04 0.01 0.001 0.1743035618997783 -0.22125852762342502 0.003935630024361408 -0.0015608489550646616
0.3006615431588065 0.11338356633458836 20 nil_vol 0.6 nil_bias 0.43 Home 0.04 0.01 0.001 0.30615647156655046 0.11120430832245498 -0.00549492840774396 0.0021792580121333793
0.30767247194369035 0.12748708958607163 20 nil_vol 0.6 nil_bias 0.43 Home 0.04 0.01 0.001 0.31194250988588534 0.12579361631269326 -0.004270037942194992 0.0016934732733783714
0.4119777985729077 0.39284525610786736 20 nil_vol 0.6 nil_bias 0.43 Home 0.04 0.01 0.001 0.4170551078746423 0.3908316235079793 -0.005077309301734556 0.002013632599888085
0.4588227553598301 0.5073193581672018 20 nil_vol 0.6 nil_bias 0.43 Home 0.04 0.01 0.001 0.46265131211035526 0.5058009738763835 -0.003828556750525176 0.0015183842908182423
0.4850114519120124 0.5621813412827061 20 nil_vol 0.6 nil_bias 0.43 Right 0.04 0.01 0.001 0.4 0.35 0.08501145191201236 0.2121813412827061
0.4722761317128113 0.5336373463782265 21 nil_vol 0.6 nil_bias 0.43 Right 0.04 0.01 0.001 0.47390001107685154 0.5330186235405101 -0.001623879364040228 0.00061872283771632
0.4387102254378308 0.4605750172848208 21 nil_vol 0.6 nil_bias 0.43 Right 0.04 0.01 0.001 0.44533600834787596 0.4580504928066011 -0.0066257829100451835 0.0025245244782197353
0.3678990452900555 0.23695245057319048 21 nil_vol 0.6 nil_bias 0.43 Right 0.04 0.01 0.001 0.36195691269177865 0.2392164938418636 0.005942132598276853 -0.002264043268673144
0.3370120422653068 0.17092130099564873 21 nil_vol 0.6 nil_bias 0.43 Right 0.04 0.01 0.001 0.336071886150557 0.17127951483350862 0.0009401561147497952 -0.0003582138378598998
0.2759221128905456 0.03942960477655899 21 nil_vol 0.6 nil_bias 0.43 Right 0.04 0.01 0.001 0.2845784006682153 0.03613142693373972 -0.00865628777766975 0.0032981778428192686
0.19294140755480121 -0.1440358802406927 21 nil_vol 0.6 nil_bias 0.43 Right 0.04 0.01 0.001 0.21301741775294541 -0.1516851467286372 -0.02007601019814419 0.007649266487944506
0.03562952360477659 -0.6161896031674122 21 nil_vol 0.6 nil_bias 0.43 Right 0.04 0.01 0.001 0.035982834784328066 -0.6163242201226182 -0.0003533111795514695 0.00013461695520602113
0.002776849998890826 -0.7034755424412366 21 nil_vol 0.6 nil_bias 0.43 Home 0.04 0.01 0.001 0.0 -0.75 0.002776849998890826 0.046524457558763464
-0.09968032932069762 -0.2591869528080499 22 nil_vol 0.6 nil_bias 0.43 Home 0.04 0.01 0.001 -0.1022559126205536 -0.25979667449841276 0.002575583299855975 0.0006097216903628584
-0.15263729439078547 -0.08031373716752965 22 nil_vol 0.6 nil_bias 0.43 Home 0.04 0.01 0.001 -0.14516399427377352 -0.07854457164289363 -0.0074733001170119336 -0.0017691655246360185
-0.20797972191545502 0.21117788970480314 22 nil_vol 0.6 nil_bias 0.43 Home 0.04 0.01 0.001 -0.21344418776721183 0.20988427852311486 0.0054644658517568005 0.0012936111816882745
-0.22514206423071675 0.2562147103418533 22 nil_vol 0.6 nil_bias 0.43 Home 0.04 0.01 0.001 -0.22445079994675454 0.2563783543706558 -0.0006912642839622148 -0.00016364402880251686
-0.24669596989722928 0.33204906425174374 22 nil_vol 0.6 nil_bias 0.43 Home 0.04 0.01 0.001 -0.24259430506710292 0.3330200575073944 -0.004101664830126363 -0.000970993255650625
-0.23753011874861354 0.3433282415223779 22 nil_vol 0.6 nil_bias 0.43 Home 0.04 0.01 0.001 -0.24463633191195996 0.3416459770418322 0.007106213163346423 0.0016822644805456943
-0.2850809366148963 0.476194940536552 22 nil_vol 0.6 nil_bias 0.43 Home 0.04 0.01 0.001 -0.27694430117686736 0.4781211384247813 -0.008136635438028929 -0.0019261978882293405
-0.28144849890274815 0.49714774781950966 22 nil_vol 0.6 nil_bias 0.43 Left 0.04 0.01 0.001 -0.4 0.35 0.11855150109725186 0.14714774781950965
-0.23812737849074575 0.29240325792620464 23 nil_vol 0.6 nil_bias 0.43 Left 0.04 0.01 0.001 -0.23626345613583397 0.2928154365522798 -0.0018639223549117927 -0.0004121786260751994
-0.20525473485310403 0.2989931042096562 23 nil_vol 0.6 nil_bias 0.43 Left 0.04 0.01 0.001 -0.2361202110203239 0.2921676645521316 0.030865476167219883 0.006825439657524551
-0.23157084984732224 0.28174119871712405 23 nil_vol 0.6 nil_bias 0.43 Left 0.04 0.01 0.001 -0.233709950072162 0.28126816860973347 0.002139100224839752 0.0004730301073905645
-0.22386966414822507 0.21813896459431983 23 nil_vol 0.6 nil_bias 0.43 Left 0.04 0.01 0.001 -0.2199419369625629 0.21900752287450692 -0.0039277271856621694 -0.0008685582801870819
-0.1689169060736504 0.04516623220158958 23 nil_vol 0.6 nil_bias 0.43 Left 0.04 0.01 0.001 -0.18091291504943907 0.04251349375194513 0.011996008975788681 0.0026527384496444484
-0.09248813458934194 -0.380499196489816 23 nil_vol 0.6 nil_bias 0.43 Left 0.04 0.01 0.001 -0.08760858202094995 -0.37942015622389424 -0.004879552568391988 -0.0010790402659217526
-0.07564009543472784 -0.383601684251858 23 nil_vol 0.6 nil_bias 0.43 Left 0.04 0.01 0.001 -0.08616902707664018 -0.38593000043239356 0.010528931641912329 0.002328316180535584
-0.014463951300520285 -0.7101891571295914 23 nil_vol 0.6 nil_bias 0.43 Home 0.04 0.01 0.001 0.0 -0.75 -0.014463951300520285 0.03981084287040857
-0.03315752493994953 -0.6887155537736189 24 nil_vol 0.6 nil_bias 0.43 Home 0.04 0.01 0.001 -0.030410527493576502 -0.6868395003286314 -0.00274699744637303 -0.0018760534449875656
-0.11198235237073839 -0.5836559513517532 24 nil_vol 0.6 nil_bias 0.43 Home 0.04 0.01 0.001 -0.10441087594961379 -0.5784850348508123 -0.007571476421124597 -0.00517091650094094
-0.1712733977066942 -0.4831632045989562 24 nil_vol 0.6 nil_bias 0.43 Home 0.04 0.01 0.001 -0.17007130308188523 -0.48234223777750845 -0.0012020946248089686 -0.000820966821447731
-0.27133341944236705 -0.35838454232080896 24 nil_vol 0.6 nil_bias 0.43 Home 0.04 0.01 0.001 -0.2600094946898843 -0.35065090278986405 -0.011323924752482712 -0.0077336395309449005
-0.5038669103363212 0.01925739793889838 24 nil_vol 0.6 nil_bias 0.43 Home 0.04 0.01 0.001 -0.509847693429703 0.01517284054665291 0.005980783093381839 0.00408455739224547
-0.5131004641799977 0.01738565733643511 24 nil_vol 0.6 nil_bias 0.43 Home 0.04 0.01 0.001 -0.5119128518305374 0.018196733532540255 -0.0011876123494603018 -0.000811076196105142
-0.5430312827934943 0.048283780835368315 24 nil_vol 0.6 nil_bias 0.43 Home 0.04 0.01 0.001 -0.5358228432324592 0.05320676243089917 -0.007208439561035166 -0.004922981595530854
-0.5389344631691313 0.05776292901717589 24 nil_vol 0.6 nil_bias 0.43 Left 0.04 0.01 0.001 -0.4 0.35 -0.1389344631691313 -0.2922370709828241
-0.5053565448544886 -0.00851539591906485 25 nil_vol 0.6 nil_bias 0.43 Left 0.04 0.01 0.001 -0.49974698351582875 -0.005013701599654363 -0.005609561338659839 -0.0035016943194104873
-0.43883031520992516 -0.08942603943850637 25 nil_vol 0.6 nil_bias 0.43 Left 0.04 0.01 0.001 -0.4447478180693626 -0.09311996217096336 0.005917502859437456 0.0036939227324569923
-0.2541327266307031 -0.43716169563128354 25 nil_vol 0.6 nil_bias 0.43 Left 0.04 0.01 0.001 -0.23675566978773388 -0.4263142982036559 -0.01737705684296917 -0.010847397427627654
-0.22664499781993364 -0.4311257917758961 25 nil_vol 0.6 nil_bias 0.43 Left 0.04 0.01 0.001 -0.23175927180059497 -0.4343183095263606 0.005114273980661333 0.003192517750464449
-0.18505596703185276 -0.5461902696486214 25 nil_vol 0.6 nil_bias 0.43 Left 0.04 0.01 0.001 -0.16841082220249226 -0.5357997585951026 -0.016645144829360508 -0.010390511053518757
-0.13527841444448055 -0.5715893549258707 25 nil_vol 0.6 nil_bias 0.43 Left 0.04 0.01 0.001 -0.14304372190281395 -0.5764367451893344 0.007765307458333395 0.004847390263463671
-0.08728606131116973 -0.677185397969206 25 nil_vol 0.6 nil_bias 0.43 Left 0.04 0.01 0.001 -0.08215294132226486 -0.6739811158478708 -0.005133119988904873 -0.0032042821213351547
-0.04325732097382189 -0.7362902006073161 25 nil_vol 0.6 nil_bias 0.43 Home 0.04 0.01 0.001 0.0 -0.75 -0.04325732097382189 0.013709799392683866
0.12149330777747595 -0.46196255612790715 26 nil_vol 0.6 nil_bias 0.43 Home 0.04 0.01 0.001 0.11961376247913111 -0.46085115386753867 0.0018795452983448385 -0.0011114022603684786
0.24009069471695182 -0.25410572953362903 26 nil_vol 0.6 nil_bias 0.43 Home 0.04 0.01 0.001 0.24140556692803544 -0.2548832324481802 -0.0013148722110836054 0.0007775029145511477
0.27916087017891394 -0.18039077723325747 26 nil_vol 0.6 nil_bias 0.43 Home 0.04 0.01 0.001 0.2838236699640652 -0.1831479580393952 -0.004662799785151293 0.002757180806137731
0.3458735426102981 -0.07704601888175656 26 nil_vol 0.6 nil_bias 0.43 Home 0.04 0.01 0.001 0.34638458904735103 -0.0773482080153699 -0.0005110464370528892 0.0003021891336133321
0.4495900781312862 0.11324204837107572 26 nil_vol 0.6 nil_bias 0.43 Home 0.04 0.01 0.001 0.4566239466946068 0.1090828203773192 -0.007033868563320618 0.004159227993756528
0.45521555825077015 0.12629093478876377 26 nil_vol 0.6 nil_bias 0.43 Home 0.04 0.01 0.001 0.4637983546611841 0.12121580340501015 -0.008582796410413904 0.005075131383753634
0.4710202476470376 0.14439006468743973 26 nil_vol 0.6 nil_bias 0.43 Home 0.04 0.01 0.001 0.4758225066904111 0.14155041960924963 -0.004802259043373487 0.0028396450781900985
0.5882470192910237 0.3316768676219914 26 nil_vol 0.6 nil_bias 0.43 Right 0.04 0.01 0.001 0.4 0.35 0.1882470192910237 -0.018323132378008578
0.5792872895576643 0.30823001902989555 27 nil_vol 0.6 nil_bias 0.43 Right 0.04 0.01 0.001 0.575763482293477 0.3102865359161014 0.003523807264187382 -0.0020565168862058543
0.5510435624054046 0.2619009448739538 27 nil_vol 0.6 nil_bias 0.43 Right 0.04 0.01 0.001 0.5484191886837223 0.2634325464825904 0.0026243737216823707 -0.0015316016086365906
0.2729153069761136 -0.21547983615584376 27 nil_vol 0.6 nil_bias 0.43 Right 0.04 0.01 0.001 0.26993715063531976 -0.2137417647048741 0.0029781563407938237 -0.0017380714509696443
0.19197791862737465 -0.30471911206217467 27 nil_vol 0.6 nil_bias 0.43 Right 0.04 0.01 0.001 0.21052507870465942 -0.3155433555665637 -0.01854716007728477 0.010824243504389045
0.17441806457732734 -0.38267132213459376 27 nil_vol 0.6 nil_bias 0.43 Right 0.04 0.01 0.001 0.1721285579869241 -0.3813351511663074 0.0022895065904032274 -0.0013361709682863782
0.034895039215394934 -0.5995347922148696 27 nil_vol 0.6 nil_bias 0.43 Right 0.04 0.01 0.001 0.04227293824511247 -0.6038405821749329 -0.0073778990297175325 0.004305789960063226
0.0325168881940631 -0.6473545231598264 27 nil_vol 0.6 nil_bias 0.43 Right 0.04 0.01 0.001 0.020851208976930935 -0.640546356736279 0.011665679217132165 -0.006808166423547409
-0.015354423356278008 -0.7025841017584654 27 nil_vol 0.6 nil_bias 0.43 Home 0.04 0.01 0.001 0.0 -0.75 -0.015354423356278008 0.0474158982415346
-0.030260007295669102 -0.6741978337795421 28 nil_vol 0.6 nil_bias 0.43 Home 0.04 0.01 0.001 -0.02794041201139236 -0.6732041493933474 -0.0023195952842767413 -0.0009936843861947655
-0.0712529318922094 -0.5605192922577994 28 nil_vol 0.6 nil_bias 0.43 Home 0.04 0.01 0.001 -0.07544400892695415 -0.562314695033014 0.004191077034744753 0.001795402775214668
-0.09922903174459147 -0.4962289755879497 28 nil_vol 0.6 nil_bias 0.43 Home 0.04 0.01 0.001 -0.10305258829478786 -0.4978669373778434 0.0038235565501963963 0.0016379617898936848
-0.11145871806198587 -0.4654936720224485 28 nil_vol 0.6 nil_bias 0.43 Home 0.04 0.01 0.001 -0.11607391376799604 -0.46747076170847335 0.0046151957060101625 0.0019770896860248502
-0.15731192273460715 -0.3302794038839131 28 nil_vol 0.6 nil_bias 0.43 Home 0.04 0.01 0.001 -0.17212624680944374 -0.3366256672277724 0.014814324074836597 0.006346263343859286
-0.2232500673560564 -0.20599554988586605 28 nil_vol 0.6 nil_bias 0.43 Home 0.04 0.01 0.001 -0.22733655336261316 -0.20774614722784374 0.004086486006556768 0.0017505973419776955
-0.24366760512802343 -0.15707021619346745 28 nil_vol 0.6 nil_bias 0.43 Home 0.04 0.01 0.001 -0.24821157355749596 -0.1590167930425994 0.00454396842947253 0.0019465768491319741
-0.32872632227142484 0.028931849430031964 28 nil_vol 0.6 nil_bias 0.43 Left 0.04 0.01 0.001 -0.4 0.35 0.07127367772857517 -0.321068150569968
-0.3344814230197674 0.008294403986006626 29 nil_vol 0.6 nil_bias 0.43 Left 0.04 0.01 0.001 -0.3227247304873858 0.012620033241038647 -0.011756692532381612 -0.004325629255032021
-0.30702166674027764 0.004774851744764321 29 nil_vol 0.6 nil_bias 0.43 Left 0.04 0.01 0.001 -0.31831012131482644 0.0006215008582563832 0.011288454574548822 0.0041533508865079375
-0.29305679566969006 -0.08886570179378281 29 nil_vol 0.6 nil_bias 0.43 Left 0.04 0.01 0.001 -0.28629987269993595 -0.08637963323398477 -0.006756922969754124 -0.0024860685597980357
-0.2756061884388053 -0.13445002456624003 29 nil_vol 0.6 nil_bias 0.43 Left 0.04 0.01 0.001 -0.2694471388274278 -0.13218393101069384 -0.006159049611377495 -0.0022660935555461987
-0.16435340423487146 -0.43772703720071976 29 nil_vol 0.6 nil_bias 0.43 Left 0.04 0.01 0.001 -0.15790224513363701 -0.43535346806464637 -0.0064511591012344415 -0.0023735691360734137
-0.1464502035744301 -0.4846624185071645 29 nil_vol 0.6 nil_bias 0.43 Left 0.04 0.01 0.001 -0.14055772334507471 -0.4824944035833589 -0.0058924802293553605 -0.0021680149238056125
-0.0506605697670754 -0.7091891295542386 29 nil_vol 0.6 nil_bias 0.43 Left 0.04 0.01 0.001 -0.056376378348962586 -0.7112921418385079 0.005715808581887186 0.002103012284269183
-0.036416467779302464 -0.76554148169313 29 nil_vol 0.6 nil_bias 0.43 Home 0.04 0.01 0.001 0.0 -0.75 -0.036416467779302464 -0.015541481693129931
0.09753820514826482 -0.5969198745371304 30 nil_vol 0.6 nil_bias 0.43 Home 0.04 0.01 0.001 0.10324405534927425 -0.6017861718481655 -0.005705850201009436 0.004866297311035113
0.14846721185119865 -0.5489668614558972 30 nil_vol 0.6 nil_bias 0.43 Home 0.04 0.01 0.001 0.14836554020775597 -0.5488801496727862 0.00010167164344269296 -8.67117831109845e-05
0.22666061470719664 -0.45392309522885094 30 nil_vol 0.6 nil_bias 0.43 Home 0.04 0.01 0.001 0.22821794999402512 -0.4552512858142492 -0.0015573352868284635 0.0013281905853982506
0.23026178835161443 -0.45076207958961734 30 nil_vol 0.6 nil_bias 0.43 Home 0.04 0.01 0.001 0.23129505204220474 -0.4516433099307539 -0.0010332636905903134 0.0008812303411365959
0.38012333552374034 -0.28136421076484264 30 nil_vol 0.6 nil_bias 0.43 Home 0.04 0.01 0.001 0.3780370016304657 -0.27958485788015464 0.002086333893274618 -0.001779352884687991
0.44432605955924237 -0.22996744264386138 30 nil_vol 0.6 nil_bias 0.43 Home 0.04 0.01 0.001 0.43044815801853453 -0.2181315211648136 0.013877901540707829 -0.01183592147904776
0.49855205963413 -0.1438003068305416 30 nil_vol 0.6 nil_bias 0.43 Home 0.04 0.01 0.001 0.4958255448281815 -0.1414749685897414 0.0027265148059485377 -0.0023253382408002076
0.7152390769994237 0.11579265536009309 30 nil_vol 0.6 nil_bias 0.43 Right 0.04 0.01 0.001 0.4 0.35 0.3152390769994237 -0.2342073446399069
0.7071429165318341 0.12034346227913847 31 nil_vol 0.6 nil_bias 0.43 Right 0.04 0.01 0.001 0.7145558161296763 0.11486768304008939 -0.0074128995978421375 0.005475779239049082
0.6059830430745639 -0.025976326676261253 31 nil_vol 0.6 nil_bias 0.43 Right 0.04 0.01 0.001 0.6089162827076475 -0.028143059474135784 -0.002933239633083666 0.0021667327978745314
0.5651493836252177 -0.06856737660603003 31 nil_vol 0.6 nil_bias 0.43 Right 0.04 0.01 0.001 0.5741463406951031 -0.07521327138548109 -0.008996957069885328 0.006645894779451062
0.5063773186095952 -0.1849631566537475 31 nil_vol 0.6 nil_bias 0.43 Right 0.04 0.01 0.001 0.4977716949832611 -0.1786063330423947 0.008605623626334104 -0.0063568236113527975
0.12726339337876552 -0.6596615976669573 31 nil_vol 0.6 nil_bias 0.43 Right 0.04 0.01 0.001 0.13707232551472248 -0.6669072842216422 -0.009808932135956959 0.0072456865546849806
0.12358905066355753 -0.6911498168405665 31 nil_vol 0.6 nil_bias 0.43 Right 0.04 0.01 0.001 0.12072665970742125 -0.6890354187208058 0.002862390956136289 -0.002114398119760791
0.09244992584699788 -0.7046274464346123 31 nil_vol 0.6 nil_bias 0.43 Right 0.04 0.01 0.001 0.10329271419337294 -0.7126368244838936 -0.010842788346375061 0.00800937804928142
0.0698496623877431 -0.7579107434017094 31 nil_vol 0.6 nil_bias 0.43 Home 0.04 0.01 0.001 0.0 -0.75 0.0698496623877431 -0.007910743401709424
0.11687848407155836 -0.6258219522082494 32 nil_vol 0.6 nil_bias 0.54 Home 0.04 0.01 0.001 0.10083737135425935 -0.6221602539385167 0.01604111271729901 -0.003661698269732736
0.11849643008385811 -0.5568521157472487 32 nil_vol 0.6 nil_bias 0.54 Home 0.04 0.01 0.001 0.11588149016536708 -0.5562552044765818 0.002614939918491034 -0.000596911270666885
0.1563958187830027 -0.3922192026853333 32 nil_vol 0.6 nil_bias 0.54 Home 0.04 0.01 0.001 0.1534779622852256 -0.39155314477042835 0.0029178564977771176 -0.0006660579149049148
0.17397549396803028 -0.3278114975736405 32 nil_vol 0.6 nil_bias 0.54 Home 0.04 0.01 0.001 0.16832278774496728 -0.3265211566252862 0.005652706223062999 -0.001290340948354264
0.21310010433514132 -0.1384244191613535 32 nil_vol 0.6 nil_bias 0.54 Home 0.04 0.01 0.001 0.21135070917850657 -0.13802508544111725 0.001749395156634737 -0.000399333720236263
0.25279991103251875 0.06529733858842586 32 nil_vol 0.6 nil_bias 0.54 Home 0.04 0.01 0.001 0.25751723072964294 0.06422051794155714 -0.004717319697124203 0.0010768206468687123
0.2776013345292982 0.15954465473706764 32 nil_vol 0.6 nil_bias 0.54 Home 0.04 0.01 0.001 0.279193851345103 0.15918113157182834 -0.0015925168158048035 0.0003635231652392881
0.3161022815378752 0.3208690275502246 32 nil_vol 0.6 nil_bias 0.54 Right 0.04 0.01 0.001 0.4 0.35 -0.08389771846212483 -0.029130972449775368
0.3031118021381629 0.2901358187120662 33 nil_vol 0.6 nil_bias 0.54 Right 0.04 0.01 0.001 0.30596455029396014 0.28922197702292984 -0.0028527481557972033 0.0009138416891363464
0.25090984935295496 0.15565733441560978 33 nil_vol 0.6 nil_bias 0.54 Right 0.04 0.01 0.001 0.26203698860802793 0.15209289648531177 -0.011127139255072997 0.003564437930298012
0.25509839977006044 0.10779392757151046 33 nil_vol 0.6 nil_bias 0.54 Right 0.04 0.01 0.001 0.24852129222284786 0.10990082055411113 0.0065771075472125596 -0.0021068929826006722
0.2314463608802524 0.02727494163708536 33 nil_vol 0.6 nil_bias 0.54 Right 0.04 0.01 0.001 0.2229273288498129 0.030003905497664185 0.008519032030439487 -0.002728963860578825
0.19998197281507324 -0.047686933318873755 33 nil_vol 0.6 nil_bias 0.54 Right 0.04 0.01 0.001 0.19822078052170125 -0.04712275770561525 0.0017611922933719764 -0.0005641756132585071
0.13796997548732443 -0.24936272954278788 33 nil_vol 0.6 nil_bias 0.54 Right 0.04 0.01 0.001 0.13385775068189099 -0.24804543048339878 0.004112224805433436 -0.0013172990593891102
0.0005127963309635606 -0.6553275430630553 33 nil_vol 0.6 nil_bias 0.54 Right 0.04 0.01 0.001 0.0031223134441527023 -0.656163468772691 -0.0026095171131891417 0.0008359257096357896
-0.02458144972781329 -0.7426465656121009 33 nil_vol 0.6 nil_bias 0.54 Home 0.04 0.01 0.001 0.0 -0.75 -0.02458144972781329 0.007353434387899184
-0.10629162125204766 -0.4811290347743354 34 nil_vol 0.6 nil_bias 0.54 Home 0.04 0.01 0.001 -0.1150010595349827 -0.48417581671990506 0.008709438282935036 0.003046781945569653
-0.33463997424091024 0.09471012097679062 34 nil_vol 0.6 nil_bias 0.54 Home 0.04 0.01 0.001 -0.31937776662102974 0.10004922748574874 -0.015262207619880506 -0.005339106508958124
-0.3196788596607261 0.10815925565845566 34 nil_vol 0.6 nil_bias 0.54 Home 0.04 0.01 0.001 -0.3219383485754684 0.10736882924885127 0.0022594889147422308 0.0007904264096043939
-0.3214268159253983 0.1627129497307631 34 nil_vol 0.6 nil_bias 0.54 Home 0.04 0.01 0.001 -0.3391323582795626 0.1565191028914228 0.017705542354164324 0.00619384683934031
-0.40617282190384935 0.31296877748635893 34 nil_vol 0.6 nil_bias 0.54 Home 0.04 0.01 0.001 -0.39520467168108736 0.3168057140360425 -0.010968150222761987 -0.003836936549683597
-0.48733006409977736 0.6011782465369181 34 nil_vol 0.6 nil_bias 0.54 Home 0.04 0.01 0.001 -0.49388339864431174 0.5988857242496097 0.0065533345445343925 0.00229252228730837
-0.4987462784484781 0.6335190036624724 34 nil_vol 0.6 nil_bias 0.54 Home 0.04 0.01 0.001 -0.5052082008386719 0.6312584596603763 0.006461922390193857 0.002260544002096099
-0.5264724709069813 0.6920438558916047 34 nil_vol 0.6 nil_bias 0.54 Left 0.04 0.01 0.001 -0.4 0.35 -0.12647247090698135 0.3420438558916047
-0.4866559539156586 0.5537110553729812 35 nil_vol 0.6 nil_bias 0.54 Left 0.04 0.01 0.001 -0.4759748336081812 0.5577267105436948 -0.010681120307477377 -0.004015655170713725
-0.42260733039196335 0.4228859329107311 35 nil_vol 0.6 nil_bias 0.54 Left 0.04 0.01 0.001 -0.42494930673621567 0.4220054476108977 0.0023419763442523106 0.0008804852998334172
-0.28661963435481574 0.055398483370676356 35 nil_vol 0.6 nil_bias 0.54 Left 0.04 0.01 0.001 -0.2870583835869843 0.05523353198242442 0.0004387492321685559 0.00016495138825193593
-0.25780221429106015 -0.0010686632944296457 35 nil_vol 0.6 nil_bias 0.54 Left 0.04 0.01 0.001 -0.2648893772627619 -0.0037331405977216736 0.0070871629717017635 0.002664477303292028
-0.17710332696247424 -0.2869525744025371 35 nil_vol 0.6 nil_bias 0.54 Left 0.04 0.01 0.001 -0.16072560102827638 -0.2807952334177948 -0.016377725934197864 -0.006157340984742318
-0.12293918213484707 -0.4278346440837819 35 nil_vol 0.6 nil_bias 0.54 Left 0.04 0.01 0.001 -0.10761141967992921 -0.42207204551867883 -0.015327762454917867 -0.005762598565103093
-0.03765120604587465 -0.5362497484778123 35 nil_vol 0.6 nil_bias 0.54 Left 0.04 0.01 0.001 -0.06133744917327133 -0.5451547867089355 0.02368624312739668 0.008905038231123244
0.007309414381919839 -0.7277465126398402 35 nil_vol 0.6 nil_bias 0.54 Home 0.04 0.01 0.001 0.0 -0.75 0.007309414381919839 0.0222534873601598
0.007482746657253355 -0.676028793363943 36 nil_vol 0.6 nil_bias 0.54 Home 0.04 0.01 0.001 -0.006852177280526397 -0.6803081422925158 0.014334923937779753 0.004279348928572805
-0.03354506380485828 -0.5320862290793074 36 nil_vol 0.6 nil_bias 0.54 Home 0.04 0.01 0.001 -0.049663818414215036 -0.536898098020285 0.01611875460935676 0.004811868940977608
-0.08378680872159545 -0.43308769981419026 36 nil_vol 0.6 nil_bias 0.54 Home 0.04 0.01 0.001 -0.0809102815360758 -0.4322289813736325 -0.002876527185519662 -0.0008587184405577447
-0.08933482546731206 -0.3929975721484198 36 nil_vol 0.6 nil_bias 0.54 Home 0.04 0.01 0.001 -0.09235291546886056 -0.393898550784269 0.0030180900015485 0.0009009786358492018
-0.18974125233811995 -0.09442909648150276 36 nil_vol 0.6 nil_bias 0.54 Home 0.04 0.01 0.001 -0.18240605999528842 -0.09223935012292994 -0.007335192342831539 -0.0021897463585728223
-0.19407247516145515 -0.002161223781771803 36 nil_vol 0.6 nil_bias 0.54 Home 0.04 0.01 0.001 -0.2080509962042725 -0.0063341771442908534 0.013978521042817351 0.0041729533625190504
-0.3397498349619313 0.36287033921478795 36 nil_vol 0.6 nil_bias 0.54 Home 0.04 0.01 0.001 -0.3200259318448004 0.3687584390776074 -0.019723903117130924 -0.005888099862819437
-0.3498770549622037 0.46875345852744416 36 nil_vol 0.6 nil_bias 0.54 Left 0.04 0.01 0.001 -0.4 0.35 0.050122945037796296 0.11875345852744418
-0.24190302322272722 0.1381972679317237 37 nil_vol 0.6 nil_bias 0.54 Left 0.04 0.01 0.001 -0.2436109032960715 0.1376491330119548 0.0017078800733442772 0.0005481349197688986
-0.10454595349719929 -0.2716388495627975 37 nil_vol 0.6 nil_bias 0.54 Left 0.04 0.01 0.001 -0.11153247754428822 -0.2738811368625818 0.006986524047088923 0.0022422872997843093
-0.08850134915562957 -0.3271534710675647 37 nil_vol 0.6 nil_bias 0.54 Left 0.04 0.01 0.001 -0.09388088683718776 -0.32888000474021345 0.0053795376815581825 0.0017265336726487203
-0.07856286770508904 -0.38246361552767083 37 nil_vol 0.6 nil_bias 0.54 Left 0.04 0.01 0.001 -0.07685902079341994 -0.38191677502943994 -0.001703846911669101 -0.0005468404982309103
-0.008215353117504806 -0.5961678311365654 37 nil_vol 0.6 nil_bias 0.54 Left 0.04 0.01 0.001 -0.008107415356634451 -0.5961331890930062 -0.00010793776087035532 -3.464204355921442e-05
0.0025796960481528786 -0.5978433006584125 37 nil_vol 0.6 nil_bias 0.54 Left 0.04 0.01 0.001 -0.006611791004436707 -0.6007932589703346 0.009191487052589585 0.002949958311922092
0.010441692625974509 -0.6544325683002211 37 nil_vol 0.6 nil_bias 0.54 Left 0.04 0.01 0.001 0.01058835017559745 -0.6543854993488054 -0.0001466575496229398 -4.7068951415693805e-05
0.029796472458733337 -0.7142342119751771 37 nil_vol 0.6 nil_bias 0.54 Home 0.04 0.01 0.001 0.0 -0.75 0.029796472458733337 0.035765788024822866
0.125095452671618 -0.5580519148456359 38 nil_vol 0.6 nil_bias 0.54 Home 0.04 0.01 0.001 0.10901675804413928 -0.5502827916638386 0.016078694627478726 -0.007769123181797205
0.15369051960173646 -0.4385897741999161 38 nil_vol 0.6 nil_bias 0.54 Home 0.04 0.01 0.001 0.16122661652997466 -0.44223116839900645 -0.007536096928238196 0.003641394199090342
0.17953620488651176 -0.3932939012235733 38 nil_vol 0.6 nil_bias 0.54 Home 0.04 0.01 0.001 0.18386266770219759 -0.3953844205931671 -0.004326462815685824 0.002090519369593819
0.21256056140636756 -0.34931301693996164 38 nil_vol 0.6 nil_bias 0.54 Home 0.04 0.01 0.001 0.20734239473466198 -0.3467916319273783 0.005218166671705577 -0.0025213850125833546
0.26691594500469923 -0.21284586136278635 38 nil_vol 0.6 nil_bias 0.54 Home 0.04 0.01 0.001 0.27108967467811085 -0.21486258104753242 -0.004173729673411644 0.0020167196847460734
0.3194737838621088 -0.17798918019908555 38 nil_vol 0.6 nil_bias 0.54 Home 0.04 0.01 0.001 0.2946925045053648 -0.16601502331721796 0.024781279356743943 -0.011974156881867596
0.3563185477527853 -0.06277868207704686 38 nil_vol 0.6 nil_bias 0.54 Home 0.04 0.01 0.001 0.3467983807902806 -0.05817859783161494 0.009520166962504758 -0.004600084245431912
0.6130206622461993 0.49278534834309556 38 nil_vol 0.6 nil_bias 0.54 Right 0.04 0.01 0.001 0.4 0.35 0.2130206622461993 0.14278534834309559
0.5686241282785158 0.41759086066300677 39 nil_vol 0.6 nil_bias 0.54 Right 0.04 0.01 0.001 0.5746004716342485 0.41465213288206404 -0.005976343355732733 0.00293872778094273
0.5293266766535817 0.33094601734964235 39 nil_vol 0.6 nil_bias 0.54 Right 0.04 0.01 0.001 0.5326390267966664 0.32931724624224684 -0.0033123501430847107 0.0016287711073955209
0.5259319903175305 0.3082855170991016 39 nil_vol 0.6 nil_bias 0.54 Right 0.04 0.01 0.001 0.5230049158675629 0.30972483784943233 0.0029270744499675606 -0.0014393207503307335
0.5034194321928511 0.30170400792616864 39 nil_vol 0.6 nil_bias 0.54 Right 0.04 0.01 0.001 0.5160152511140448 0.2955103070652686 -0.01259581892119371 0.006193700860900037
0.35527753438394316 0.013865099534948787 39 nil_vol 0.6 nil_bias 0.54 Right 0.04 0.01 0.001 0.3731913095049781 0.0050564174569272535 -0.017913775121034904 0.008808682078021534
0.14198224415944566 -0.461724437932254 39 nil_vol 0.6 nil_bias 0.54 Right 0.04 0.01 0.001 0.14333547963391763 -0.4623898599882296 -0.0013532354744719634 0.0006654220559756307
0.05048586497512898 -0.6732763332786075 39 nil_vol 0.6 nil_bias 0.54 Right 0.04 0.01 0.001 0.041749398903339285 -0.668980379377665 0.008736466071789697 -0.004295953900942528
0.019536956780326357 -0.7141527093080947 39 nil_vol 0.6 nil_bias 0.54 Home 0.04 0.01 0.001 0.0 -0.75 0.019536956780326357 0.03584729069190526
0.3366625060273064 -0.06120767007003752 40 nil_vol 0.6 nil_bias 0.54 Home 0.04 0.01 0.001 0.33454539035711384 -0.060187876256574624 0.002117115670192593 -0.0010197938134629014
0.3607331661189829 -0.016590316720444982 40 nil_vol 0.6 nil_bias 0.54 Home 0.04 0.01 0.001 0.35652281487940485 -0.014562231903408551 0.004210351239578004 -0.0020280848170364314
0.44892336588074316 0.17731626598066735 40 nil_vol 0.6 nil_bias 0.54 Home 0.04 0.01 0.001 0.4489440114302447 0.177306321222356 -2.0645549501548437e-05 9.944758311342474e-06
0.4508559230175199 0.21132084340193033 40 nil_vol 0.6 nil_bias 0.54 Home 0.04 0.01 0.001 0.4626028798731067 0.20566244972179037 -0.011746956855586814 0.005658393680139963
0.47802156948476615 0.23085419660891957 40 nil_vol 0.6 nil_bias 0.54 Home 0.04 0.01 0.001 0.4753559810688189 0.23213818435417777 0.0026655884159472697 -0.0012839877452582049
0.5395072700934829 0.3618857086050932 40 nil_vol 0.6 nil_bias 0.54 Home 0.04 0.01 0.001 0.5381654295845842 0.36253205999198 0.001341840508898656 -0.0006463513868868006
0.5882332296220862 0.47199997689626677 40 nil_vol 0.6 nil_bias 0.54 Home 0.04 0.01 0.001 0.5903937530546796 0.47095927399022297 -0.0021605234325932643 0.0010407029060437735
0.6487522058437529 0.592112778999632 40 nil_vol 0.6 nil_bias 0.54 Right 0.04 0.01 0.001 0.4 0.35 0.24875220584375285 0.242112778999632
0.5485165601628585 0.34741430349666375 41 nil_vol 0.6 nil_bias 0.54 Right 0.04 0.01 0.001 0.537296379461257 0.3526363391723224 0.011220180701601603 -0.005222035675658679
0.5399969468646233 0.3452610668981618 41 nil_vol 0.6 nil_bias 0.54 Right 0.04 0.01 0.001 0.5349557890888224 0.34760729522121353 0.005041157775800915 -0.0023462283230517673
0.4363344491310425 0.1151847867023305 41 nil_vol 0.6 nil_bias 0.54 Right 0.04 0.01 0.001 0.42848355342654443 0.1188387080200961 0.007850895704498076 -0.0036539213177656134
0.33474698266665853 -0.07643129443828188 41 nil_vol 0.6 nil_bias 0.54 Right 0.04 0.01 0.001 0.33709371916690656 -0.0775234998181753 -0.0023467365002480182 0.001092205379893415
0.2263682329212786 -0.29819325180768536 41 nil_vol 0.6 nil_bias 0.54 Right 0.04 0.01 0.001 0.2329624264158091 -0.30126228559568125 -0.006594193494530503 0.003069033787995882
0.15878777891811433 -0.43174536200528324 41 nil_vol 0.6 nil_bias 0.54 Right 0.04 0.01 0.001 0.16983972931779162 -0.436889100845825 -0.011051950399677306 0.005143738840541745
0.1467371264523718 -0.5209499912507689 41 nil_vol 0.6 nil_bias 0.54 Right 0.04 0.01 0.001 0.13356893662704383 -0.5148213237292295 0.013168189825327976 -0.006128667521539347
0.011024113176718026 -0.7781238265381726 41 nil_vol 0.6 nil_bias 0.54 Home 0.04 0.01 0.001 0.0 -0.75 0.011024113176718026 -0.028123826538172567
0.0020746904510782643 -0.7698530766139915 42 nil_vol 0.6 nil_bias 0.54 Home 0.04 0.01 0.001 0.0030218586003563346 -0.7690204734426529 -0.0009471681492780703 -0.0008326031713385685
-0.22326118246349239 -0.5275915550022551 42 nil_vol 0.6 nil_bias 0.54 Home 0.04 0.01 0.001 -0.21533199727546748 -0.5206214465387132 -0.007929185188024919 -0.006970108463541852
-0.477172500445264 -0.2148354760640456 42 nil_vol 0.6 nil_bias 0.54 Home 0.04 0.01 0.001 -0.48109813140514796 -0.21828628127661054 0.003925630959883967 0.003450805212564947
-0.49631061113297315 -0.21260231696152773 42 nil_vol 0.6 nil_bias 0.54 Home 0.04 0.01 0.001 -0.49054770276642645 -0.20753646272458204 -0.005762908366546679 -0.005065854236945704
-0.5288430207903728 -0.15756279216709984 42 nil_vol 0.6 nil_bias 0.54 Home 0.04 0.01 0.001 -0.5320210607128918 -0.16035643141705425 0.00317803992251899 0.002793639249954404
-0.9111968761258571 0.2689327167097818 42 nil_vol 0.6 nil_bias 0.54 Home 0.04 0.01 0.001 -0.9101750272785982 0.26983096755521496 -0.001021848847258889 -0.0008982508454331846
-0.965072879943053 0.3369173366125695 42 nil_vol 0.6 nil_bias 0.54 Home 0.04 0.01 0.001 -0.967371081254991 0.3348971148576968 0.002298201311938047 0.002020221754872706
-0.9772597128793231 0.3461464077224515 42 nil_vol 0.6 nil_bias 0.54 Left 0.04 0.01 0.001 -0.4 0.35 -0.5772597128793231 -0.003853592277548494
-0.8262118581102464 0.15320152306656604 43 nil_vol 0.6 nil_bias 0.54 Left 0.04 0.01 0.001 -0.817329304336055 0.16086888854242648 -0.00888255377419149 -0.007667365475860434
-0.7088198595170067 0.03787403066790355 43 nil_vol 0.6 nil_bias 0.54 Left 0.04 0.01 0.001 -0.710161352551536 0.036716062178149766 0.001341493034529311 0.0011579684897537834
-0.6434084289484033 -0.007558361545194308 43 nil_vol 0.6 nil_bias 0.54 Left 0.04 0.01 0.001 -0.6597601891118868 -0.02167309977636872 0.01635176016348348 0.014114738231174413
-0.5716863510474138 -0.09632327901891997 43 nil_vol 0.6 nil_bias 0.54 Left 0.04 0.01 0.001 -0.5852306848065786 -0.10801466414290173 0.0135443337591647 0.011691385123981756
-0.5046677290399675 -0.20973512217550522 43 nil_vol 0.6 nil_bias 0.54 Left 0.04 0.01 0.001 -0.5005181103088772 -0.20615319695382067 -0.004149618731090331 -0.0035819252216845497
-0.08201976442097723 -0.6887169734511838 43 nil_vol 0.6 nil_bias 0.54 Left 0.04 0.01 0.001 -0.08313848247385458 -0.6896826439547248 0.001118718052877348 0.0009656705035410089
-0.028356767986813396 -0.7208385310765595 43 nil_vol 0.6 nil_bias 0.54 Left 0.04 0.01 0.001 -0.04433756479939466 -0.7346330560377865 0.01598079681258126 0.013794524961227047
-0.03225950030443638 -0.7486253533532579 43 nil_vol 0.6 nil_bias 0.54 Home 0.04 0.01 0.001 0.0 -0.75 -0.03225950030443638 0.0013746466467420982
0.041704089115131036 -0.5839439066709989 44 nil_vol 0.6 nil_bias 0.54 Home 0.04 0.01 0.001 0.018709145415019238 -0.5771105538513391 0.0229949437001118 -0.006833352819659824
0.16425608768416977 -0.11227901335178896 44 nil_vol 0.6 nil_bias 0.54 Home 0.04 0.01 0.001 0.15744362925013247 -0.11025457125459792 0.006812458434037297 -0.0020244420971910356
0.16680093016560424 -0.08881534580365115 44 nil_vol 0.6 nil_bias 0.54 Home 0.04 0.01 0.001 0.1640569867654339 -0.08799993465870237 0.0027439434001703357 -0.0008154111449487814
0.20941609487418222 0.07543427074442502 44 nil_vol 0.6 nil_bias 0.54 Home 0.04 0.01 0.001 0.21236401484459833 0.07455824436642278 -0.002947919970416111 0.0008760263780022432
0.26476906659534727 0.24619069841141597 44 nil_vol 0.6 nil_bias 0.54 Home 0.04 0.01 0.001 0.2634813409327347 0.2465733687889703 0.0012877256626125787 -0.00038267037755431425
0.3507321630333867 0.5300373599269319 44 nil_vol 0.6 nil_bias 0.54 Home 0.04 0.01 0.001 0.34796226768960126 0.530860483149344 0.002769895343785456 -0.0008231232224120184
0.35771766806041744 0.5348692313590662 44 nil_vol 0.6 nil_bias 0.54 Home 0.04 0.01 0.001 0.3498484568808323 0.5372077061604745 0.007869211179585136 -0.002338474801408419
0.3667965494063602 0.5942398020779511 44 nil_vol 0.6 nil_bias 0.54 Right 0.04 0.01 0.001 0.4 0.35 -0.03320345059363982 0.2442398020779511
0.24881735046973436 0.1311901591154863 45 nil_vol 0.6 nil_bias 0.54 Right 0.04 0.01 0.001 0.2412139535775262 0.13326152422031945 0.007603396892208143 -0.0020713651048331707
0.13039504862878026 -0.24043300744248644 45 nil_vol 0.6 nil_bias 0.54 Right 0.04 0.01 0.001 0.13878693114021637 -0.24271917674871613 -0.008391882511436095 0.0022861693062296907
0.07609922064706987 -0.39155275770978093 45 nil_vol 0.6 nil_bias 0.54 Right 0.04 0.01 0.001 0.09671102556257472 -0.39716795497685486 -0.020611804915504857 0.00561519726707393
0.0766218941654058 -0.47154410168729094 45 nil_vol 0.6 nil_bias 0.54 Right 0.04 0.01 0.001 0.07646095324986935 -0.4715002571529192 0.00016094091553645658 -4.384453437170289e-05
0.06156772056829535 -0.5064504896196573 45 nil_vol 0.6 nil_bias 0.54 Right 0.04 0.01 0.001 0.06656845655016846 -0.5078128215034434 -0.00500073598187312 0.0013623318837861428
0.066083364243398 -0.512521615109651 45 nil_vol 0.6 nil_bias 0.54 Right 0.04 0.01 0.001 0.0653407698805687 -0.5123193128923635 0.0007425943628293071 -0.000202302217287481
0.026652982862171035 -0.624526781693181 45 nil_vol 0.6 nil_bias 0.54 Right 0.04 0.01 0.001 0.03421154046213859 -0.6265859313965838 -0.007558557599967557 0.002059149703402825
-0.0013322703388590276 -0.7570572326418102 45 nil_vol 0.6 nil_bias 0.54 Home 0.04 0.01 0.001 0.0 -0.75 -0.0013322703388590276 -0.007057232641810202
-0.16377962881033342 -0.4765864593655147 46 nil_vol 0.6 nil_bias 0.54 Home 0.04 0.01 0.001 -0.16582451813332835 -0.4777909313683899 0.002044889322994921 0.0012044720028751984
-0.3233696649186892 -0.1931814163561775 46 nil_vol 0.6 nil_bias 0.54 Home 0.04 0.01 0.001 -0.3308639418927304 -0.1975956634724002 0.007494276974041222 0.004414247116222697
-0.4428660426843668 -0.01249115302047688 46 nil_vol 0.6 nil_bias 0.54 Home 0.04 0.01 0.001 -0.4406590912718088 -0.011191223895589686 -0.0022069514125579765 -0.001299929124887194
-0.43105797990135947 0.0012395178594720021 46 nil_vol 0.6 nil_bias 0.54 Home 0.04 0.01 0.001 -0.4436220285396918 -0.00616090457780194 0.012564048638332315 0.007400422437273942
-0.4193600893838698 0.008705043440289762 46 nil_vol 0.6 nil_bias 0.54 Home 0.04 0.01 0.001 -0.4438735998013464 -0.0057338000990744264 0.024513510417476552 0.014438843539364189
-0.5552787829108229 0.2089588602009666 46 nil_vol 0.6 nil_bias 0.54 Home 0.04 0.01 0.001 -0.5664538751111082 0.20237655497132256 0.01117509220028535 0.006582305229644027
-0.6297305647856651 0.32587704969775644 46 nil_vol 0.6 nil_bias 0.54 Home 0.04 0.01 0.001 -0.6367591251686534 0.32173711698519847 0.007028560382988298 0.0041399327125579664
-0.7066234575962158 0.4403491121982519 46 nil_vol 0.6 nil_bias 0.54 Left 0.04 0.01 0.001 -0.4 0.35 -0.30662345759621584 0.09034911219825194
-0.6083026876028903 0.2735070830393035 47 nil_vol 0.6 nil_bias 0.54 Left 0.04 0.01 0.001 -0.6136954708772385 0.27055561261362226 0.005392783274348173 0.0029514704256812137
-0.5001345413278376 0.08569698206262326 47 nil_vol 0.6 nil_bias 0.54 Left 0.04 0.01 0.001 -0.5096670080662854 0.08047986276985525 0.009532466738447794 0.0052171192927680165
-0.48667410164055397 0.04510978765864298 47 nil_vol 0.6 nil_bias 0.54 Left 0.04 0.01 0.001 -0.489471145904122 0.043578965260770874 0.002797044263568005 0.001530822397872106
-0.48008727858228123 0.035566334676754366 47 nil_vol 0.6 nil_bias 0.54 Left 0.04 0.01 0.001 -0.4839336893972658 0.03346119393812169 0.0038464108149845445 0.002105140738632677
-0.3566403302366691 -0.17321159262910368 47 nil_vol 0.6 nil_bias 0.54 Left 0.04 0.01 0.001 -0.3675529354547027 -0.1791840617474837 0.010912605218033616 0.0059724691183800135
-0.2737170328621954 -0.32856839265423815 47 nil_vol 0.6 nil_bias 0.54 Left 0.04 0.01 0.001 -0.2830109979133733 -0.333654979967388 0.009293965051177886 0.005086587313149886
-0.17687498885717207 -0.5210898955646094 47 nil_vol 0.6 nil_bias 0.54 Left 0.04 0.01 0.001 -0.1796089425856372 -0.5225861885109861 0.0027339537284651193 0.0014962929463767504
-0.02921058757766223 -0.7973867510777913 47 nil_vol 0.6 nil_bias 0.54 Home 0.04 0.01 0.001 0.0 -0.75 -0.02921058757766223 -0.04738675107779134
-0.05053980010196199 -0.6725015284550261 48 nil_vol 0.6 nil_bias 0.54 Home 0.04 0.01 0.001 -0.05221441041075367 -0.6728107568830786 0.0016746103087916801 0.00030922842805253167
-0.1268676630645232 -0.3426663561414032 48 nil_vol 0.6 nil_bias 0.54 Home 0.04 0.01 0.001 -0.113629272843753 -0.34022179541200664 -0.01323839022077022 -0.0024445607293965567
-0.1073608629305698 -0.3193023528816465 48 nil_vol 0.6 nil_bias 0.54 Home 0.04 0.01 0.001 -0.11715812438128162 -0.3211114852760418 0.009797261450711813 0.001809132394395261
-0.1594497855509344 -0.08085326680879516 48 nil_vol 0.6 nil_bias 0.54 Home 0.04 0.01 0.001 -0.16145509618143886 -0.0812235613488278 0.0020053106305044648 0.0003702945400326367
-0.18289936043649457 -0.00899257431640958 48 nil_vol 0.6 nil_bias 0.54 Home 0.04 0.01 0.001 -0.17506034596114237 -0.007545045831144681 -0.00783901447535221 -0.0014475284852648988
-0.2519335234492203 0.3636518153310399 48 nil_vol 0.6 nil_bias 0.54 Home 0.04 0.01 0.001 -0.24387906765493958 0.3651391265526466 -0.008054455794280737 -0.0014873112216066465
-0.26595132051142134 0.40755904776503465 48 nil_vol 0.6 nil_bias 0.54 Home 0.04 0.01 0.001 -0.2521817192793644 0.4101017002983106 -0.013769601232056925 -0.002542652533275938
-0.2579644316432504 0.44141767534733 48 nil_vol 0.6 nil_bias 0.54 Left 0.04 0.01 0.001 -0.4 0.35 0.14203556835674963 0.09141767534733003
-0.25782882720742045 0.41395822378786395 49 nil_vol 0.6 nil_bias 0.54 Left 0.04 0.01 0.001 -0.25251542516912384 0.4150565360330653 -0.005313402038296587 -0.0010983122452013381
-0.16820137270157548 0.07320608434170293 49 nil_vol 0.6 nil_bias 0.54 Left 0.04 0.01 0.001 -0.18129348354792746 0.07049986607430236 0.013092110846351968 0.0027062182674005646
-0.13990842216891064 -0.14653238772467325 49 nil_vol 0.6 nil_bias 0.54 Left 0.04 0.01 0.001 -0.13657407571538963 -0.14584315820406657 -0.0033343464535210018 -0.0006892295206066908
-0.07771095847641403 -0.40332909902418007 49 nil_vol 0.6 nil_bias 0.54 Left 0.04 0.01 0.001 -0.08311910304521325 -0.4044469951218064 0.005408144568799215 0.0011178960976262822
-0.0458284295943202 -0.5474162348727278 49 nil_vol 0.6 nil_bias 0.54 Left 0.04 0.01 0.001 -0.05324941949573084 -0.5489501982396044 0.0074209899014106365 0.001533963366876666
-0.04263600768020763 -0.6082199627303334 49 nil_vol 0.6 nil_bias 0.54 Left 0.04 0.01 0.001 -0.04106512158546763 -0.6078952511009039 -0.001570886094740004 -0.0003247116294295272
-0.012594900998971707 -0.6670327780230075 49 nil_vol 0.6 nil_bias 0.54 Left 0.04 0.01 0.001 -0.02817532728253236 -0.6702533460977278 0.015580426283560652 0.00322056807472024
-0.01694704482077211 -0.7245733986870987 49 nil_vol 0.6 nil_bias 0.54 Home 0.04 0.01 0.001 0.0 -0.75 -0.01694704482077211 0.025426601312901274
0.020718015300053877 -0.6318695394983775 50 nil_vol 0.6 nil_bias 0.54 Home 0.04 0.01 0.001 0.030888828526176873 -0.6374541826512754 -0.010170813226122994 0.005584643152897898
0.0781788150606234 -0.5655835832841966 50 nil_vol 0.6 nil_bias 0.54 Home 0.04 0.01 0.001 0.07216503421365883 -0.5622815051432108 0.006013780846964562 -0.0033020781409857165
0.08410699563762346 -0.5650259761831369 50 nil_vol 0.6 nil_bias 0.54 Home 0.04 0.01 0.001 0.07377356038366176 -0.5593520396793448 0.010333435253961703 -0.005673936503792122
0.07140528325377539 -0.5260642520940575 50 nil_vol 0.6 nil_bias 0.54 Home 0.04 0.01 0.001 0.08726866796093735 -0.5347746020746369 -0.01586338470716196 0.008710349980579412
0.16237657187900298 -0.4087436882530236 50 nil_vol 0.6 nil_bias 0.54 Home 0.04 0.01 0.001 0.15783856395470286 -0.40625193520252545 0.004538007924300112 -0.002491753050498162
0.17870960521735907 -0.3591111157518488 50 nil_vol 0.6 nil_bias 0.54 Home 0.04 0.01 0.001 0.1825615503302799 -0.36122616185700784 -0.003851945112920837 0.0021150461051590774
0.21293619557147922 -0.29246006270337543 50 nil_vol 0.6 nil_bias 0.54 Home 0.04 0.01 0.001 0.2186095215783125 -0.2955752021257416 -0.005673326006833277 0.0031151394223661744
0.3186933141332411 -0.11330150384834903 50 nil_vol 0.6 nil_bias 0.54 Right 0.04 0.01 0.001 0.4 0.35 -0.08130668586675895 -0.463301503848349
0.3139961356917289 -0.15111704894496727 51 nil_vol 0.6 nil_bias 0.54 Right 0.04 0.01 0.001 0.30491941754898433 -0.14745663963480463 0.009076718142744588 -0.0036604093101626407
0.17576184091631242 -0.4692860109484774 51 nil_vol 0.6 nil_bias 0.54 Right 0.04 0.01 0.001 0.1752216742111009 -0.4690681754703121 0.0005401667052115168 -0.00021783547816526624
0.16474368436558007 -0.487515541935139 51 nil_vol 0.6 nil_bias 0.54 Right 0.04 0.01 0.001 0.1673572723056435 -0.48856953540263304 -0.002613587940063435 0.0010539934674939921
0.15154490556805475 -0.5643168446843738 51 nil_vol 0.6 nil_bias 0.54 Right 0.04 0.01 0.001 0.13887140677224935 -0.5592059453202041 0.012673498795805396 -0.005110899364169721
0.104329920744815 -0.6447558013857506 51 nil_vol 0.6 nil_bias 0.54 Right 0.04 0.01 0.001 0.10436553601799686 -0.6447701641185676 -3.56152731818646e-05 1.436273281693676e-05
0.09997619839698738 -0.656358415460201 51 nil_vol 0.6 nil_bias 0.54 Right 0.04 0.01 0.001 0.09973200291602902 -0.6562599376405813 0.00024419548095835274 -9.847781961964914e-05
0.06165401687571724 -0.7488809617925184 51 nil_vol 0.6 nil_bias 0.54 Right 0.04 0.01 0.001 0.0622787084382358 -0.7491328839934133 -0.0006246915625185535 0.0002519222008949082
0.05378164577316558 -0.7702030530146623 51 nil_vol 0.6 nil_bias 0.54 Home 0.04 0.01 0.001 0.0 -0.75 0.05378164577316558 -0.020203053014662263
0.06352916581013113 -0.7425461286037413 52 nil_vol 0.6 nil_bias 0.54 Home 0.04 0.01 0.001 0.06583314271098983 -0.7435894433168052 -0.0023039769008587007 0.001043314713063977
0.06884280439030965 -0.7193073189666515 52 nil_vol 0.6 nil_bias 0.54 Home 0.04 0.01 0.001 0.07546993023616629 -0.7223082943226682 -0.0066271258458566375 0.0030009753560167394
0.13769728498062253 -0.5945275707684607 52 nil_vol 0.6 nil_bias 0.54 Home 0.04 0.01 0.001 0.13407576264188806 -0.5928876291795137 0.003621522338734465 -0.0016399415889470558
0.26564716050513154 -0.27421903941403974 52 nil_vol 0.6 nil_bias 0.54 Home 0.04 0.01 0.001 0.27621261239539446 -0.27900341524835154 -0.010565451890262912 0.004784375834311775
0.4009768888786302 -0.026101253901011347 52 nil_vol 0.6 nil_bias 0.54 Home 0.04 0.01 0.001 0.39247765708986215 -0.02225252886750173 0.008499231788768064 -0.003848725033509617
0.5256916434942205 0.28378915072532707 52 nil_vol 0.6 nil_bias 0.54 Home 0.04 0.01 0.001 0.5301491192628115 0.2817706625839035 -0.004457475768590979 0.0020184881414235752
0.5845452301121149 0.39654200909933535 52 nil_vol 0.6 nil_bias 0.54 Home 0.04 0.01 0.001 0.5825337398484912 0.3974528764723725 0.002011490263623628 -0.000910867373037163
0.5874950000542036 0.40840894636190905 52 nil_vol 0.6 nil_bias 0.54 Right 0.04 0.01 0.001 0.4 0.35 0.18749500005420355 0.058408946361909075
0.36355811115500597 -0.08542579457923268 53 nil_vol 0.6 nil_bias 0.54 Right 0.04 0.01 0.001 0.35949695896735273 -0.08354363198042997 0.004061152187653216 -0.0018821625988027135
0.25709682539455153 -0.31094426056918506 53 nil_vol 0.6 nil_bias 0.54 Right 0.04 0.01 0.001 0.254635580128096 -0.30980358334928515 0.0024612452664555134 -0.0011406772198999293
0.20051366090630687 -0.4083568988895608 53 nil_vol 0.6 nil_bias 0.54 Right 0.04 0.01 0.001 0.20746700652281386 -0.41157946392805567 -0.00695334561650699 0.00322256503849488
0.18651814704427364 -0.4782618081289769 53 nil_vol 0.6 nil_bias 0.54 Right 0.04 0.01 0.001 0.17832296842429057 -0.47446370897476786 0.008195178619983064 -0.0037980991542090124
0.15856911389860118 -0.5257051793634248 53 nil_vol 0.6 nil_bias 0.54 Right 0.04 0.01 0.001 0.15528107651503592 -0.5241813209358518 0.0032880373835652457 -0.0015238584275729407
0.10256189524591568 -0.6616172344714424 53 nil_vol 0.6 nil_bias 0.54 Right 0.04 0.01 0.001 0.09352641020702318 -0.6574296908344549 0.009035485038892491 -0.00418754363698746
0.07684647724994845 -0.6670745127604664 53 nil_vol 0.6 nil_bias 0.54 Right 0.04 0.01 0.001 0.08689758113582868 -0.6717327503582099 -0.010051103885880232 0.004658237597743479
0.045141553619686 -0.761829951632299 53 nil_vol 0.6 nil_bias 0.54 Home 0.04 0.01 0.001 0.0 -0.75 0.045141553619686 -0.011829951632299046
0.037435672119180204 -0.7389704055427453 54 nil_vol 0.6 nil_bias 0.54 Home 0.04 0.01 0.001 0.033865582953959805 -0.7408931553334192 0.0035700891652203984 0.0019227497906738379
-0.028200298240646036 -0.6406218590557674 54 nil_vol 0.6 nil_bias 0.54 Home 0.04 0.01 0.001 -0.021950528462672758 -0.6372559085216956 -0.006249769777973279 -0.0033659505340718713
-0.04151837602910568 -0.5671382064060558 54 nil_vol 0.6 nil_bias 0.54 Home 0.04 0.01 0.001 -0.055622822455753354 -0.5747344652554431 0.014104446426647673 0.007596258849387302
-0.11576083159635266 -0.46690885386439374 54 nil_vol 0.6 nil_bias 0.54 Home 0.04 0.01 0.001 -0.1141592296502234 -0.46604627602273563 -0.0016016019461292522 -0.0008625778416581145
-0.1372240030669209 -0.4402719734376569 54 nil_vol 0.6 nil_bias 0.54 Home 0.04 0.01 0.001 -0.1301053731621458 -0.4364380792333798 -0.007118629904775109 -0.003833894204277074
-0.3062922838512566 -0.09045623808460787 54 nil_vol 0.6 nil_bias 0.54 Home 0.04 0.01 0.001 -0.3141595128186695 -0.09469330672637732 0.007867228967412853 0.004237068641769448
-0.44968872324776293 0.18373548380955 54 nil_vol 0.6 nil_bias 0.54 Home 0.04 0.01 0.001 -0.4608701583405207 0.17771347679821925 0.011181435092757786 0.006022007011330737
-0.5683047782770446 0.3771940199585116 54 nil_vol 0.6 nil_bias 0.54 Left 0.04 0.01 0.001 -0.4 0.35 -0.1683047782770446 0.027194019958511634
-0.5527383302648334 0.3075750713441428 55 nil_vol 0.6 nil_bias 0.54 Left 0.04 0.01 0.001 -0.5373752325167733 0.31524553559708274 -0.015363097748060139 -0.007670464252939915
-0.40452005490372295 0.07875629195245541 55 nil_vol 0.6 nil_bias 0.54 Left 0.04 0.01 0.001 -0.41635182738808607 0.07284894244661211 0.011831772484363132 0.005907349505843307
-0.38326862744448775 0.03137134308292201 55 nil_vol 0.6 nil_bias 0.54 Left 0.04 0.01 0.001 -0.3931738020567307 0.026425902454456918 0.009905174612242912 0.004945440628465096
-0.3766643572866113 -0.024881647741927596 55 nil_vol 0.6 nil_bias 0.54 Left 0.04 0.01 0.001 -0.36937430329378096 -0.021241880588778572 -0.007290053992830343 -0.0036397671531490238
-0.26668920818951874 -0.2252443175887628 55 nil_vol 0.6 nil_bias 0.54 Left 0.04 0.01 0.001 -0.26735444493388033 -0.22557645598630777 0.0006652367443615627 0.00033213839754497404
-0.20145305261096036 -0.32507890149343793 55 nil_vol 0.6 nil_bias 0.54 Left 0.04 0.01 0.001 -0.2144381115017967 -0.33156206209541067 0.01298505889083635 0.006483160601972755
-0.0238637168980068 -0.7066394133633125 55 nil_vol 0.6 nil_bias 0.54 Left 0.04 0.01 0.001 -0.02651031610886334 -0.7079608034222475 0.0026465992108565413 0.0013213900589350478
0.005693326956204509 -0.7724611648003284 55 nil_vol 0.6 nil_bias 0.54 Home 0.04 0.01 0.001 0.0 -0.75 0.005693326956204509 -0.02246116480032849
0.004707911093734898 -0.7517933045225402 56 nil_vol 0.6 nil_bias 0.54 Home 0.04 0.01 0.001 0.0003076696741650337 -0.7530117577199076 0.004400241419569864 0.0012184531973673581
-0.012332492026678549 -0.7248505678367447 56 nil_vol 0.6 nil_bias 0.54 Home 0.04 0.01 0.001 -0.007835173028107326 -0.7236052332764592 -0.0044973189985712215 -0.0012453345602854975
-0.037710896134565255 -0.6422596639573568 56 nil_vol 0.6 nil_bias 0.54 Home 0.04 0.01 0.001 -0.030883734065021644 -0.6403691818998078 -0.006827162069543614 -0.001890482057548954
-0.05495384327298036 -0.5545301481656132 56 nil_vol 0.6 nil_bias 0.54 Home 0.04 0.01 0.001 -0.054674495993875576 -0.5544527952313203 -0.0002793472791047848 -7.735293429294821e-05
-0.10577256531643428 -0.36899929619505273 56 nil_vol 0.6 nil_bias 0.54 Home 0.04 0.01 0.001 -0.1060095120131528 -0.3690649081541917 0.00023694669671852074 6.561195913894593e-05
-0.1735260383093621 -0.10362555410929897 56 nil_vol 0.6 nil_bias 0.54 Home 0.04 0.01 0.001 -0.17908501345110361 -0.10516486761273913 0.005558975141741495 0.0015393135034401596
-0.21826698647105916 0.02099755962977957 56 nil_vol 0.6 nil_bias 0.54 Home 0.04 0.01 0.001 -0.21432258925867295 0.022089786836619663 -0.003944397212386205 -0.0010922272068400903
-0.2679882062940615 0.215894252528128 56 nil_vol 0.6 nil_bias 0.54 Left 0.04 0.01 0.001 -0.4 0.35 0.13201179370593855 -0.13410574747187198
-0.20677615897828933 -0.020626865460741814 57 nil_vol 0.6 nil_bias 0.54 Left 0.04 0.01 0.001 -0.21552465114416935 -0.022551733265479462 0.008748492165880018 0.001924867804737648
-0.12330327796722472 -0.4399061914602028 57 nil_vol 0.6 nil_bias 0.54 Left 0.04 0.01 0.001 -0.12367896466573888 -0.43998885110222186 0.00037568669851416233 8.265964201904825e-05
-0.09609341841516704 -0.56320137987366 57 nil_vol 0.6 nil_bias 0.54 Left 0.04 0.01 0.001 -0.09654741997661401 -0.5633012705716638 0.00045400156144696714 9.989069800372651e-05
-0.11717886328857324 -0.5777529923986883 57 nil_vol 0.6 nil_bias 0.54 Left 0.04 0.01 0.001 -0.09446718474059132 -0.5727559051292886 -0.022711678547981923 -0.004997087269399592
-0.1007233277624202 -0.5991618814780041 57 nil_vol 0.6 nil_bias 0.54 Left 0.04 0.01 0.001 -0.08921441459552554 -0.596629658095685 -0.011508913166894662 -0.002532223382319088
-0.0920769182350977 -0.6085808429877643 57 nil_vol 0.6 nil_bias 0.54 Left 0.04 0.01 0.001 -0.08683847459039845 -0.607428265911918 -0.005238443644699241 -0.0011525770758462836
-0.0501535988002599 -0.7022129062857694 57 nil_vol 0.6 nil_bias 0.54 Left 0.04 0.01 0.001 -0.06525274188457758 -0.7055350621328629 0.015099143084317678 0.0033221558470935266
-0.042712043718544576 -0.8079821604913306 57 nil_vol 0.6 nil_bias 0.54 Home 0.04 0.01 0.001 0.0 -0.75 -0.042712043718544576 -0.057982160491330655
-0.18284532727878997 -0.6138809903914981 58 nil_vol 0.6 nil_bias 0.54 Home 0.04 0.01 0.001 -0.19458743070626816 -0.6235503442963172 0.011742103427478202 0.009669353904819076
-0.2686239994234524 -0.5216396910744515 58 nil_vol 0.6 nil_bias 0.54 Home 0.04 0.01 0.001 -0.27451425612226554 -0.5264901828933 0.0058902566988131705 0.004850491818848491
-0.2896695452057289 -0.511288875646487 58 nil_vol 0.6 nil_bias 0.54 Home 0.04 0.01 0.001 -0.2880979243939467 -0.5099946818142524 -0.0015716208117822128 -0.0012941938322344481
-0.3200814099954791 -0.482493050571135 58 nil_vol 0.6 nil_bias 0.54 Home 0.04 0.01 0.001 -0.3145177134100294 -0.47791147354483715 -0.005563696585449769 -0.004581577026297842
-0.45270926608332496 -0.3216212349828361 58 nil_vol 0.6 nil_bias 0.54 Home 0.04 0.01 0.001 -0.4470540433704712 -0.3169642882816864 -0.005655222712853708 -0.004656946701149728
-0.5766954431564375 -0.13754231157043847 58 nil_vol 0.6 nil_bias 0.54 Home 0.04 0.01 0.001 -0.5874864216787172 -0.14642843584584297 0.010790978522279754 0.008886124275404507
-0.7055392687097839 0.008256535656246844 58 nil_vol 0.6 nil_bias 0.54 Home 0.04 0.01 0.001 -0.7110971089460553 0.0036797811996994723 0.005557840236271357 0.004576754456547371
-0.7154075489623 0.00891421909357587 58 nil_vol 0.6 nil_bias 0.54 Left 0.04 0.01 0.001 -0.4 0.35 -0.3154075489622999 -0.3410857809064241
-0.6739723827435822 -0.02713322407216988 59 nil_vol 0.6 nil_bias 0.54 Left 0.04 0.01 0.001 -0.6779694333300949 -0.030892444938437118 0.0039970505865126295 0.003759220866267241
-0.5559871260055681 -0.16626633837302032 59 nil_vol 0.6 nil_bias 0.54 Left 0.04 0.01 0.001 -0.5531553106979122 -0.16360301976757757 -0.002831815307655862 -0.0026633186054427402
-0.5131502478063902 -0.19295029333325395 59 nil_vol 0.6 nil_bias 0.54 Left 0.04 0.01 0.001 -0.5197322279458013 -0.19914063707444213 0.006581980139411173 0.006190343741188192
-0.47296926563842057 -0.24242850594591436 59 nil_vol 0.6 nil_bias 0.54 Left 0.04 0.01 0.001 -0.47618001475043903 -0.24544821130040168 0.003210749112018457 0.003019705354487302
-0.3567188644365927 -0.3868178939129118 59 nil_vol 0.6 nil_bias 0.54 Left 0.04 0.01 0.001 -0.3495569747068364 -0.38008214595794415 -0.0071618897297562635 -0.006735747954967677
-0.27591847710760775 -0.4730540754609534 59 nil_vol 0.6 nil_bias 0.54 Left 0.04 0.01 0.001 -0.2685949408434852 -0.4661662991511282 -0.007323536264122592 -0.006887776309825169
-0.07556022461849596 -0.6678061446551764 59 nil_vol 0.6 nil_bias 0.54 Left 0.04 0.01 0.001 -0.0773605092183749 -0.6694993099746049 0.001800284599878934 0.0016931653194284825
0.011265569598895034 -0.7637323792511737 59 nil_vol 0.6 nil_bias 0.54 Home 0.04 0.01 0.001 0.0 -0.75 0.011265569598895034 -0.013732379251173644
0.034511013515799514 -0.6903761330975641 60 nil_vol 0.6 nil_bias 0.54 Home 0.04 0.01 0.001 0.03705717679743059 -0.6912825485101536 -0.0025461632816310797 0.0009064154125895265
0.05950591053185802 -0.6527705528234089 60 nil_vol 0.6 nil_bias 0.54 Home 0.04 0.01 0.001 0.05175006804144207 -0.6500095299064393 0.007755842490415951 -0.00276102291696953
0.16072015746804452 -0.315035986111453 60 nil_vol 0.6 nil_bias 0.54 Home 0.04 0.01 0.001 0.16984215025846888 -0.3182833484932852 -0.009121992790424374 0.0032473623818322006
0.2142431103283442 -0.19379787179260105 60 nil_vol 0.6 nil_bias 0.54 Home 0.04 0.01 0.001 0.21416763054005117 -0.19377100154278581 7.547978829302822e-05 -2.687024981523093e-05
0.24850881649702677 -0.07402985113625064 60 nil_vol 0.6 nil_bias 0.54 Home 0.04 0.01 0.001 0.25586264375761836 -0.07664775958643111 -0.007353827260591593 0.002617908450180469
0.3401280460836705 0.17394360767058303 60 nil_vol 0.6 nil_bias 0.54 Home 0.04 0.01 0.001 0.34451532526611917 0.1723817685304957 -0.004387279182448672 0.0015618391400873432
0.4762365357183737 0.5095106849575065 60 nil_vol 0.6 nil_bias 0.54 Home 0.04 0.01 0.001 0.465847368552935 0.5132091521024298 0.010389167165438718 -0.003698467144923323
0.4723499124920424 0.5314751021127542 60 nil_vol 0.6 nil_bias 0.54 Right 0.04 0.01 0.001 0.4 0.35 0.07234991249204235 0.18147510211275425
0.44167203547258654 0.46568574257145684 61 nil_vol 0.6 nil_bias 0.54 Right 0.04 0.01 0.001 0.4468388575499791 0.46373977023704654 -0.005166822077392537 0.0019459723344102938
0.43866013878268234 0.43478033001053645 61 nil_vol 0.6 nil_bias 0.54 Right 0.04 0.01 0.001 0.43627082889989804 0.43568021215483854 0.0023893098827842763 -0.0008998821443020761
0.346377862595475 0.18559904058609988 61 nil_vol 0.6 nil_bias 0.54 Right 0.04 0.01 0.001 0.34261666067871743 0.18701561633895314 0.0037612019167575475 -0.0014165757528532559
0.29978804731331077 0.09829784106164603 61 nil_vol 0.6 nil_bias 0.54 Right 0.04 0.01 0.001 0.30803342180490134 0.09519239821744713 -0.008245374491590558 0.0031054428441989034
0.14150936707057268 -0.3078448832099674 61 nil_vol 0.6 nil_bias 0.54 Right 0.04 0.01 0.001 0.15440839029859948 -0.31270302269429107 -0.012899023228026807 0.004858139484323669
0.09333433850102053 -0.4937964056149526 61 nil_vol 0.6 nil_bias 0.54 Right 0.04 0.01 0.001 0.08708931547365206 -0.4914443520979197 0.006245023027368467 -0.002352053517032881
0.05711738085996116 -0.5544256243447266 61 nil_vol 0.6 nil_bias 0.54 Right 0.04 0.01 0.001 0.06259217994174593 -0.5564875895895187 -0.005474799081784769 0.0020619652447921213
-0.027692104562497724 -0.7962046843135181 61 nil_vol 0.6 nil_bias 0.54 Home 0.04 0.01 0.001 0.0 -0.75 -0.027692104562497724 -0.04620468431351813
-0.017613511863463743 -0.7007378449675228 62 nil_vol 0.6 nil_bias 0.54 Home 0.04 0.01 0.001 -0.008411995651199058 -0.7026338004986531 -0.009201516212264685 0.0018959555311302949
-0.011897922320702362 -0.662957465515408 62 nil_vol 0.6 nil_bias 0.54 Home 0.04 0.01 0.001 -0.0007116809757595662 -0.665262370018237 -0.011186241344942796 0.0023049045028289746
0.0927255364974771 -0.2740023230656826 62 nil_vol 0.6 nil_bias 0.54 Home 0.04 0.01 0.001 0.08042880202169181 -0.27146860349095314 0.012296734475785286 -0.002533719574729481
0.10298876943505114 -0.18001721715026528 62 nil_vol 0.6 nil_bias 0.54 Home 0.04 0.01 0.001 0.09942355650008101 -0.17928261156703496 0.003565212934970123 -0.0007346055832303127
0.12446774263875986 -0.1173648923848376 62 nil_vol 0.6 nil_bias 0.54 Home 0.04 0.01 0.001 0.11268196412249325 -0.11493645434798361 0.011785778516266608 -0.002428438036853997
0.1789493355526487 0.20422006613464808 62 nil_vol 0.6 nil_bias 0.54 Home 0.04 0.01 0.001 0.17846417733161685 0.20432003209584615 0.000485158221031839 -9.996596119806845e-05
0.27523346641073193 0.6933546661675275 62 nil_vol 0.6 nil_bias 0.54 Home 0.04 0.01 0.001 0.2790661466406622 0.6925649494389622 -0.003832680229930281 0.0007897167285652794
0.280234386733622 0.6982346922038564 62 nil_vol 0.6 nil_bias 0.54 Right 0.04 0.01 0.001 0.4 0.35 -0.11976561326637802 0.3482346922038564
0.22758345806811883 0.48948305966155736 63 nil_vol 0.6 nil_bias 0.54 Right 0.04 0.01 0.001 0.2374283569566887 0.48748344616979694 -0.009844898888569879 0.0019996134917603953
0.1978706227117576 0.2781328549122071 63 nil_vol 0.6 nil_bias 0.54 Right 0.04 0.01 0.001 0.19502424200371282 0.27871098794647325 0.0028463807080447777 -0.0005781330342662001
0.17838007654640325 0.21882378018777818 63 nil_vol 0.6 nil_bias 0.54 Right 0.04 0.01 0.001 0.18268294159088688 0.21794981824123516 -0.004302865044483632 0.0008739619465430119
0.16761316797551898 0.1707944146728771 63 nil_vol 0.6 nil_bias 0.54 Right 0.04 0.01 0.001 0.17288753985169478 0.16972312838710246 -0.005274371876175788 0.0010712862857746187
0.1078850137635169 -0.2038374461421592 63 nil_vol 0.6 nil_bias 0.54 Right 0.04 0.01 0.001 0.09744378732582185 -0.2017167115879851 0.010441226437695064 -0.002120734554174105
0.07870622092143689 -0.24934672694265897 63 nil_vol 0.6 nil_bias 0.54 Right 0.04 0.01 0.001 0.08741048834963608 -0.2511146649156457 -0.00870426742819918 0.0017679379729867398
0.07659875010172341 -0.30947612172941263 63 nil_vol 0.6 nil_bias 0.54 Right 0.04 0.01 0.001 0.0755978874644247 -0.3092728348845609 0.0010008626372987237 -0.00020328684485170412
-0.0008952660607129451 -0.6858792966962663 63 nil_vol 0.6 nil_bias 0.54 Home 0.04 0.01 0.001 0.0 -0.75 -0.0008952660607129451 0.0641207033037336
