x y trial vol omega bias theta state target_sigma moving_sigma staying_sigma x_mean y_mean x_noise y_noise
0.027680176230371775 -0.530763728399555 0 nil_vol 0.6 nil_bias 0.54 Home 0.04 0.01 0.001 0.016846096658505363 -0.5299343760074713 0.010834079571866412 -0.0008293523920837193
0.039630504053330434 -0.5266056985992749 0 nil_vol 0.6 nil_bias 0.54 Home 0.04 0.01 0.001 0.01723216126507621 -0.5248910980144326 0.022398342788254224 -0.001714600584842263
0.031238567554582434 -0.4966659491268023 0 nil_vol 0.6 nil_bias 0.54 Home 0.04 0.01 0.001 0.01946181700270704 -0.495764434957889 0.011776750551875395 -0.0009015141689132455
0.039232028065057906 -0.30737505960457484 0 nil_vol 0.6 nil_bias 0.54 Home 0.04 0.01 0.001 0.03391424824171445 -0.3069679817916597 0.005317779823343455 -0.0004070778129151822
0.05167154772463451 -0.16287667318799418 0 nil_vol 0.6 nil_bias 0.54 Home 0.04 0.01 0.001 0.044983676420168976 -0.1623647144168301 0.006687871304465534 -0.0005119587711640767
0.08265439344362928 0.11298715714699628 0 nil_vol 0.6 nil_bias 0.54 Home 0.04 0.01 0.001 0.06615861817950977 0.11424991422606545 0.016495775264119508 -0.0012627570790691668
0.07105626878487825 0.22889211379296442 0 nil_vol 0.6 nil_bias 0.54 Home 0.04 0.01 0.001 0.07491192270703609 0.22859696220374293 -0.0038556539221578415 0.0002951515892215019
0.08412664564000016 0.34897165749775194 0 nil_vol 0.6 nil_bias 0.54 Right 0.04 0.01 0.001 0.4 0.35 -0.31587335435999986 -0.0010283425022480509
0.08255065691346146 0.09726592973527673 1 nil_vol 0.6 nil_bias 0.54 Right 0.04 0.01 0.001 0.06892949063465637 0.09809103521136353 0.013621166278805089 -0.0008251054760867987
0.07808808697332865 0.05319646379385028 1 nil_vol 0.6 nil_bias 0.54 Right 0.04 0.01 0.001 0.06625341666825368 0.053913351839743495 0.011834670305074967 -0.0007168880458932183
0.04957125528388431 -0.013251619035821218 1 nil_vol 0.6 nil_bias 0.54 Right 0.04 0.01 0.001 0.06213876741442943 -0.014012899154384584 -0.01256751213054512 0.0007612801185633651
0.04291603329377212 -0.3350936721533509 1 nil_vol 0.6 nil_bias 0.54 Right 0.04 0.01 0.001 0.04269005033699407 -0.33507998318051824 0.00022598295677804677 -1.3688972832670672e-05
0.016240749875526705 -0.4518238320392838 1 nil_vol 0.6 nil_bias 0.54 Right 0.04 0.01 0.001 0.03554742003475766 -0.452993338302354 -0.019306670159230953 0.0011695062630701916
0.030973651071657476 -0.4940885560917101 1 nil_vol 0.6 nil_bias 0.54 Right 0.04 0.01 0.001 0.033050446663142365 -0.49421435849219275 -0.0020767955914848873 0.00012580240048265715
0.027993817308900593 -0.6525815537884784 1 nil_vol 0.6 nil_bias 0.54 Right 0.04 0.01 0.001 0.02347390030989375 -0.6523077587116837 0.004519916999006845 -0.00027379507679466624
0.018663712918644552 -0.7317162273103391 1 nil_vol 0.6 nil_bias 0.54 Home 0.04 0.01 0.001 0.0 -0.75 0.018663712918644552 0.01828377268966091
0.04707331788748877 -0.6945058762561565 2 nil_vol 0.6 nil_bias 0.54 Home 0.04 0.01 0.001 0.0395061366078477 -0.6906639817125868 0.007567181279641072 -0.0038418945435696405
0.05894296125624664 -0.652960052316418 2 nil_vol 0.6 nil_bias 0.54 Home 0.04 0.01 0.001 0.058708929080400526 -0.652841233048559 0.0002340321758461133 -0.00011881926785895115
0.06927948163454965 -0.6579407999456464 2 nil_vol 0.6 nil_bias 0.54 Home 0.04 0.01 0.001 0.05881676746713904 -0.6526288293471819 0.010462714167410606 -0.005311970598464399
0.08166820160591907 -0.6426461965059117 2 nil_vol 0.6 nil_bias 0.54 Home 0.04 0.01 0.001 0.06752945992414756 -0.6354678889548185 0.014138741681771516 -0.007178307551093202
0.13964100714009078 -0.46730153069936486 2 nil_vol 0.6 nil_bias 0.54 Home 0.04 0.01 0.001 0.1501893487038417 -0.4726569747411925 -0.010548341563750913 0.005355444041827646
0.2087223341965278 -0.32946949657361485 2 nil_vol 0.6 nil_bias 0.54 Home 0.04 0.01 0.001 0.21998357843332594 -0.3351868847513713 -0.011261244236798135 0.005717388177756453
0.5768965596912654 0.38098410554192286 2 nil_vol 0.6 nil_bias 0.54 Home 0.04 0.01 0.001 0.5822159153669688 0.3782834429318208 -0.005319355675703355 0.0027006626101020617
0.5955562453416592 0.40455920196265494 2 nil_vol 0.6 nil_bias 0.54 Right 0.04 0.01 0.001 0.4 0.35 0.1955562453416592 0.05455920196265497
0.49334026616553794 0.19769892169975722 3 nil_vol 0.6 nil_bias 0.54 Right 0.04 0.01 0.001 0.4948823867819023 0.19695111253086184 -0.001542120616364345 0.000747809168895391
0.4864797920112276 0.16438700917804697 3 nil_vol 0.6 nil_bias 0.54 Right 0.04 0.01 0.001 0.4804979470151863 0.16728774112305966 0.005981844996041325 -0.0029007319450126915
0.36196578369424753 -0.04416098492278877 3 nil_vol 0.6 nil_bias 0.54 Right 0.04 0.01 0.001 0.3749163515452301 -0.0504410082092932 -0.012950567850982577 0.006280023286504431
0.2868636250852913 -0.2362808861958637 3 nil_vol 0.6 nil_bias 0.54 Right 0.04 0.01 0.001 0.28519157385879834 -0.23547007073514958 0.001672051226492956 -0.0008108154607141316
0.26336347253963255 -0.27889516805006426 3 nil_vol 0.6 nil_bias 0.54 Right 0.04 0.01 0.001 0.2639871129149965 -0.279197585374521 -0.0006236403753639456 0.00030241732445676454
0.23296291965503574 -0.3357087961545118 3 nil_vol 0.6 nil_bias 0.54 Right 0.04 0.01 0.001 0.23589424706641876 -0.33713026312149563 -0.0029313274113830323 0.0014214669669838065
0.09456742254188268 -0.6470597553346137 3 nil_vol 0.6 nil_bias 0.54 Right 0.04 0.01 0.001 0.08730919715252028 -0.6435400776657743 0.007258225389362395 -0.003519677668839453
0.007935039584574779 -0.8072242498896692 3 nil_vol 0.6 nil_bias 0.54 Home 0.04 0.01 0.001 0.0 -0.75 0.007935039584574779 -0.057224249889669204
0.0030177731633920673 -0.7278225159998458 4 nil_vol 0.6 nil_bias 0.54 Home 0.04 0.01 0.001 -0.00012122016879373594 -0.7281422924249483 0.0031389933321858032 0.0003197764251025533
-0.015846256584174746 -0.70078637630195 4 nil_vol 0.6 nil_bias 0.54 Home 0.04 0.01 0.001 -0.003040923138915314 -0.6994818677165431 -0.012805333445259432 -0.0013045085854068456
-0.0615880564479886 -0.0773966012023306 4 nil_vol 0.6 nil_bias 0.54 Home 0.04 0.01 0.001 -0.06636460025811455 -0.07788319863733828 0.004776543810125952 0.0004865974350076748
-0.09706471458042554 0.03558915005031611 4 nil_vol 0.6 nil_bias 0.54 Home 0.04 0.01 0.001 -0.07812088610932223 0.03751900115389495 -0.018943828471103312 -0.0019298511035788374
-0.07846533135801534 0.04422150834703516 4 nil_vol 0.6 nil_bias 0.54 Home 0.04 0.01 0.001 -0.07880021047313895 0.044187393446191714 0.0003348791151236195 3.411490084343982e-05
-0.0907127852110503 0.20677624283977117 4 nil_vol 0.6 nil_bias 0.54 Home 0.04 0.01 0.001 -0.09531573888625486 0.20630732942855834 0.00460295367520455 0.00046891341121282903
-0.10620512100915551 0.22104074398625018 4 nil_vol 0.6 nil_bias 0.54 Home 0.04 0.01 0.001 -0.09691309777064874 0.22198734363101924 -0.009292023238506761 -0.000946599644769064
-0.11588797725104716 0.40824879223186006 4 nil_vol 0.6 nil_bias 0.54 Left 0.04 0.01 0.001 -0.4 0.35 0.28411202274895286 0.05824879223186011
-0.1206375018301639 0.31254942294460514 5 nil_vol 0.6 nil_bias 0.54 Left 0.04 0.01 0.001 -0.10979082248429917 0.3132455452857133 -0.010846679345864732 -0.0006961223411081375
-0.06990324825275916 -0.2602045939680851 5 nil_vol 0.6 nil_bias 0.54 Left 0.04 0.01 0.001 -0.07297506742000204 -0.2604017383550423 0.003071819167242879 0.0001971443869572126
-0.0744924796625817 -0.441331453437248 5 nil_vol 0.6 nil_bias 0.54 Left 0.04 0.01 0.001 -0.06141714640364939 -0.4404922996917796 -0.013075333258932308 -0.0008391537454683932
-0.058498732964373724 -0.4548699609693417 5 nil_vol 0.6 nil_bias 0.54 Left 0.04 0.01 0.001 -0.06048622514019094 -0.4549975150033688 0.0019874921758172167 0.00012755403402714738
-0.03948664829895125 -0.5072632032353253 5 nil_vol 0.6 nil_bias 0.54 Left 0.04 0.01 0.001 -0.057059517511018225 -0.5083910015656553 0.01757286921206697 0.0011277983303300027
-0.05688340341580951 -0.6083564499437208 5 nil_vol 0.6 nil_bias 0.54 Left 0.04 0.01 0.001 -0.050669490945956144 -0.6079576510894333 -0.006213912469853363 -0.00039879885428755775
-0.04065057951952998 -0.7503510196082233 5 nil_vol 0.6 nil_bias 0.54 Left 0.04 0.01 0.001 -0.04152730369910364 -0.7504072863483868 0.0008767241795736542 5.6266740163532284e-05
-0.03954980895675186 -0.7812197601217165 5 nil_vol 0.6 nil_bias 0.54 Home 0.04 0.01 0.001 0.0 -0.75 -0.03954980895675186 -0.03121976012171647
0.09058048669262146 -0.5614240994641585 6 nil_vol 0.6 nil_bias 0.54 Home 0.04 0.01 0.001 0.08776607420213131 -0.5598057761524301 0.0028144124904901507 -0.0016183233117283598
0.09955145786456872 -0.5408201478913301 6 nil_vol 0.6 nil_bias 0.54 Home 0.04 0.01 0.001 0.09889883668900284 -0.5404448823374305 0.0006526211755658746 -0.0003752655538996293
0.31959077331642216 -0.13632343375667447 6 nil_vol 0.6 nil_bias 0.54 Home 0.04 0.01 0.001 0.32837082370465864 -0.14137207544279706 -0.008780050388236463 0.005048641686122601
0.3366190533973681 -0.12658005237933465 6 nil_vol 0.6 nil_bias 0.54 Home 0.04 0.01 0.001 0.3368124742365777 -0.12669127184489792 -0.00019342083920959445 0.00011121946556328536
0.39143257115908253 -0.04564237524920818 6 nil_vol 0.6 nil_bias 0.54 Home 0.04 0.01 0.001 0.3854084456624285 -0.04217842575461417 0.006024125496654053 -0.003463949494594014
0.4414302199137622 0.048329288857220314 6 nil_vol 0.6 nil_bias 0.54 Home 0.04 0.01 0.001 0.4384401721357556 0.050048604713968436 0.002990047778006614 -0.0017193158567481214
0.4477805005432993 0.06301908209669349 6 nil_vol 0.6 nil_bias 0.54 Home 0.04 0.01 0.001 0.4463660400277052 0.06383241505113424 0.0014144605155941316 -0.0008133329544407483
0.5197743583098595 0.19149620533450004 6 nil_vol 0.6 nil_bias 0.54 Right 0.04 0.01 0.001 0.4 0.35 0.11977435830985952 -0.15850379466549994
0.31844917517470306 -0.14498103495527748 7 nil_vol 0.6 nil_bias 0.54 Right 0.04 0.01 0.001 0.34158397145202446 -0.15681637630063103 -0.023134796277321405 0.011835341345353561
0.27062959749681975 -0.2788842016524542 7 nil_vol 0.6 nil_bias 0.54 Right 0.04 0.01 0.001 0.2773717590317039 -0.28233336896797057 -0.00674216153488418 0.0034491673155163864
0.24557209970565833 -0.3609285369889529 7 nil_vol 0.6 nil_bias 0.54 Right 0.04 0.01 0.001 0.23890800053642902 -0.3575193049610732 0.006664099169229308 -0.0034092320278796893
0.22084130995235393 -0.381032245604616 7 nil_vol 0.6 nil_bias 0.54 Right 0.04 0.01 0.001 0.22562677484094806 -0.383480402475063 -0.004785464888594119 0.0024481568704469857
0.20761234344350515 -0.40698941557029067 7 nil_vol 0.6 nil_bias 0.54 Right 0.04 0.01 0.001 0.21235798167882886 -0.4094171978486968 -0.004745638235323703 0.002427782278406144
0.1364366460845957 -0.5402997921131096 7 nil_vol 0.6 nil_bias 0.54 Right 0.04 0.01 0.001 0.1435413979862169 -0.5439344540708709 -0.00710475190162121 0.003634661957761256
0.14256701755603973 -0.5622717361979588 7 nil_vol 0.6 nil_bias 0.54 Right 0.04 0.01 0.001 0.13590415516045673 -0.5588631368810005 0.006662862395583015 -0.0034085993169582123
0.03851816446209964 -0.7492256274361305 7 nil_vol 0.6 nil_bias 0.54 Home 0.04 0.01 0.001 0.0 -0.75 0.03851816446209964 0.0007743725638695113
0.055194947323977395 -0.7173427157827761 8 nil_vol 0.6 nil_bias 0.54 Home 0.04 0.01 0.001 0.05886034314274186 -0.7198838776875531 -0.003665395818764465 0.0025411619047770225
0.19172018665042034 -0.5305990633942993 8 nil_vol 0.6 nil_bias 0.54 Home 0.04 0.01 0.001 0.19061821555520095 -0.529835083975487 0.0011019710952193834 -0.0007639794188123544
0.24354770440243387 -0.45459578261841527 8 nil_vol 0.6 nil_bias 0.54 Home 0.04 0.01 0.001 0.243029516412047 -0.45423653094525546 0.0005181879903868643 -0.00035925167315979797
0.3321368135606742 -0.3205991242452468 8 nil_vol 0.6 nil_bias 0.54 Home 0.04 0.01 0.001 0.3345286375024895 -0.3222573385785417 -0.002391823941815295 0.001658214333294957
0.4185289008189194 -0.22514876789896704 8 nil_vol 0.6 nil_bias 0.54 Home 0.04 0.01 0.001 0.4072659574894887 -0.21734034448726047 0.011262943329430715 -0.007808423411706568
0.4684178236655422 -0.09054312123762262 8 nil_vol 0.6 nil_bias 0.54 Home 0.04 0.01 0.001 0.48648745323042575 -0.10307051433624648 -0.018069629564883567 0.012527393098623864
0.5133323503693893 -0.06075576372113225 8 nil_vol 0.6 nil_bias 0.54 Home 0.04 0.01 0.001 0.5150149036269049 -0.061922251721928445 -0.0016825532575156664 0.0011664880007961954
0.7357921750729008 0.2565289599522006 8 nil_vol 0.6 nil_bias 0.54 Right 0.04 0.01 0.001 0.4 0.35 0.33579217507290077 -0.09347104004779935
0.6126620098774109 0.11517950350258888 9 nil_vol 0.6 nil_bias 0.54 Right 0.04 0.01 0.001 0.6229481067963687 0.10739633070606946 -0.010286096918957812 0.007783172796519406
0.3705372269066315 -0.22630193376540303 9 nil_vol 0.6 nil_bias 0.54 Right 0.04 0.01 0.001 0.3704810625318666 -0.22625943591250042 5.616437476493308e-05 -4.249785290261866e-05
0.34339057810666723 -0.2822026262585416 9 nil_vol 0.6 nil_bias 0.54 Right 0.04 0.01 0.001 0.33369929857636904 -0.2748695334636776 0.009691279530298174 -0.00733309279486398
0.24950897912364675 -0.37365390573835383 9 nil_vol 0.6 nil_bias 0.54 Right 0.04 0.01 0.001 0.2555140264157507 -0.3781977401095403 -0.006005047292103967 0.004543834371186505
0.23120484152116688 -0.399453020476471 9 nil_vol 0.6 nil_bias 0.54 Right 0.04 0.01 0.001 0.23643582159325455 -0.4034111420182942 -0.005230980072087668 0.00395812154182317
0.05813786696934506 -0.6514076026916442 9 nil_vol 0.6 nil_bias 0.54 Right 0.04 0.01 0.001 0.05218998566976207 -0.6469070240666733 0.005947881299582982 -0.004500578624970919
0.016981551965816924 -0.6847530632721778 9 nil_vol 0.6 nil_bias 0.54 Right 0.04 0.01 0.001 0.021160438736226306 -0.6879150982099625 -0.004178886770409384 0.0031620349377847958
-0.031815626109748266 -0.7579272836819815 9 nil_vol 0.6 nil_bias 0.54 Home 0.04 0.01 0.001 0.0 -0.75 -0.031815626109748266 -0.007927283681981468
-0.027673531896229023 -0.7178898537954681 10 nil_vol 0.6 nil_bias 0.54 Home 0.04 0.01 0.001 -0.019656364717914127 -0.7204940312301888 -0.008017167178314894 0.0026041774347207686
0.04128773660136523 -0.49145847547496047 10 nil_vol 0.6 nil_bias 0.54 Home 0.04 0.01 0.001 0.05345622716420029 -0.49541110710076225 -0.012168490562835057 0.003952631625801806
0.1307870917532977 -0.33825835134971893 10 nil_vol 0.6 nil_bias 0.54 Home 0.04 0.01 0.001 0.10701194142081337 -0.3305355848630204 0.023775150332484337 -0.00772276648669853
0.1243071793760697 -0.26802914459553734 10 nil_vol 0.6 nil_bias 0.54 Home 0.04 0.01 0.001 0.1270284766949341 -0.26891309037255956 -0.0027212973188644085 0.0008839457770222478
0.1447538043752754 -0.2644927558363203 10 nil_vol 0.6 nil_bias 0.54 Home 0.04 0.01 0.001 0.13001900169194797 -0.25970652152193874 0.014734802683327428 -0.004786234314381558
0.1859811538501528 -0.08516724354162515 10 nil_vol 0.6 nil_bias 0.54 Home 0.04 0.01 0.001 0.18664382717074235 -0.0853824964944061 -0.0006626733205895661 0.00021525295278095394
0.1911124224020847 -0.06408400985471617 10 nil_vol 0.6 nil_bias 0.54 Home 0.04 0.01 0.001 0.1933283097240936 -0.06480378575978496 -0.002215887322008886 0.0007197759050687867
0.3885394106609004 0.5361691012666683 10 nil_vol 0.6 nil_bias 0.54 Right 0.04 0.01 0.001 0.4 0.35 -0.011460589339099606 0.18616910126666836
0.3433966366696765 0.3940911308279446 11 nil_vol 0.6 nil_bias 0.54 Right 0.04 0.01 0.001 0.34673223642453094 0.39311630194799146 -0.003335599754854411 0.0009748288799531587
0.2960253560352978 0.227801076544601 11 nil_vol 0.6 nil_bias 0.54 Right 0.04 0.01 0.001 0.2982305255469091 0.22715661585294206 -0.002205169511611297 0.000644460691658949
0.2657905924941145 0.07311281207693969 11 nil_vol 0.6 nil_bias 0.54 Right 0.04 0.01 0.001 0.2542010905323951 0.07649984350962757 0.011589501961719446 -0.0033870314326878877
0.22950224857122775 -0.0006962827730833637 11 nil_vol 0.6 nil_bias 0.54 Right 0.04 0.01 0.001 0.23147226673731766 -0.001272020494475723 -0.0019700181660898975 0.0005757377213923593
0.2128666138036045 -0.04708005469689278 11 nil_vol 0.6 nil_bias 0.54 Right 0.04 0.01 0.001 0.21767425036548513 -0.04848508626820747 -0.004807636561880639 0.001405031571314681
0.14503594939785608 -0.3534040991771356 11 nil_vol 0.6 nil_bias 0.54 Right 0.04 0.01 0.001 0.12985802913267064 -0.3489683526549109 0.01517792026518544 -0.0044357465222247166
0.11986869459487431 -0.5244362371494559 11 nil_vol 0.6 nil_bias 0.54 Right 0.04 0.01 0.001 0.08182671459588597 -0.5133184701872644 0.03804197999898835 -0.011117766962191451
-5.971032412958693e-05 -0.7935115835696177 11 nil_vol 0.6 nil_bias 0.54 Home 0.04 0.01 0.001 0.0 -0.75 -5.971032412958693e-05 -0.04351158356961766
0.04112736660864068 -0.41111266660429 12 nil_vol 0.6 nil_bias 0.54 Home 0.04 0.01 0.001 0.04558918865331993 -0.4116460408971038 -0.004461822044679249 0.0005333742928138268
0.07749816240456504 -0.2955437742461551 12 nil_vol 0.6 nil_bias 0.54 Home 0.04 0.01 0.001 0.05972228563770879 -0.2934188137244834 0.01777587676685626 -0.002124960521671651
0.07541254350560833 -0.16296852171451406 12 nil_vol 0.6 nil_bias 0.54 Home 0.04 0.01 0.001 0.07531790238780783 -0.16295720814378611 9.464111780049613e-05 -1.1313570727937568e-05
0.10408780577160066 0.007882180587183756 12 nil_vol 0.6 nil_bias 0.54 Home 0.04 0.01 0.001 0.09585795903225922 0.008865991380309635 0.00822984673934145 -0.0009838107931258793
0.09120200126698291 0.07040431306189948 12 nil_vol 0.6 nil_bias 0.54 Home 0.04 0.01 0.001 0.10304512045113465 0.06898856513284668 -0.01184311918415173 0.001415747929052804
0.1126164490216112 0.14697609700040704 12 nil_vol 0.6 nil_bias 0.54 Home 0.04 0.01 0.001 0.11237139324453066 0.1470053914120827 0.0002450557770805456 -2.9294411675639793e-05
0.13887073579518014 0.3918689659327873 12 nil_vol 0.6 nil_bias 0.54 Home 0.04 0.01 0.001 0.14160377290831133 0.3915422537235479 -0.002733037113131188 0.00032671220923941697
0.16106750468531403 0.5543617009380151 12 nil_vol 0.6 nil_bias 0.54 Right 0.04 0.01 0.001 0.4 0.35 -0.238932495314686 0.20436170093801512
0.11888675164422001 0.37267260728785856 13 nil_vol 0.6 nil_bias 0.54 Right 0.04 0.01 0.001 0.13705088752602088 0.3703024944002262 -0.018164135881800863 0.0023701128876323137
0.12248880694937582 0.3720098077739565 13 nil_vol 0.6 nil_bias 0.54 Right 0.04 0.01 0.001 0.13702615254173564 0.3701129297520882 -0.014537345592359826 0.0018968780218682672
0.1121972201379543 0.1816619270561652 13 nil_vol 0.6 nil_bias 0.54 Right 0.04 0.01 0.001 0.11243247476603384 0.18163123030133388 -0.00023525462807953717 3.0696754831321883e-05
0.0399016264321239 -0.3011699234663592 13 nil_vol 0.6 nil_bias 0.54 Right 0.04 0.01 0.001 0.04927548232897974 -0.30239305330928257 -0.00937385589685584 0.0012231298429233892
0.04389533102867598 -0.4653106014772609 13 nil_vol 0.6 nil_bias 0.54 Right 0.04 0.01 0.001 0.028283302364457447 -0.4632734954690294 0.015612028664218534 -0.002037106008231474
0.0030930411596085637 -0.5557312386301693 13 nil_vol 0.6 nil_bias 0.54 Right 0.04 0.01 0.001 0.015999387360022654 -0.5574152987836993 -0.01290634620041409 0.001684060153530024
0.00927271335803126 -0.680463586634516 13 nil_vol 0.6 nil_bias 0.54 Right 0.04 0.01 0.001 9.984031806939409e-05 -0.6792666816592339 0.009172873039961865 -0.001196904975282158
-0.005824254689664865 -0.7246679227809929 13 nil_vol 0.6 nil_bias 0.54 Home 0.04 0.01 0.001 0.0 -0.75 -0.005824254689664865 0.02533207721900705
-0.005181955713098864 -0.6906232058966233 14 nil_vol 0.6 nil_bias 0.54 Home 0.04 0.01 0.001 -0.011084367228142586 -0.6915609960164476 0.005902411515043722 0.0009377901198242848
-0.04754022008463602 -0.5335069774192008 14 nil_vol 0.6 nil_bias 0.54 Home 0.04 0.01 0.001 -0.03647569978725475 -0.5317490183563613 -0.011064520297381272 -0.0017579590628395135
-0.06633596247658954 -0.33056459365082663 14 nil_vol 0.6 nil_bias 0.54 Home 0.04 0.01 0.001 -0.0683885762366967 -0.3308907181338685 0.00205261376010715 0.00032612448304184384
-0.0747926655648959 -0.28749493434468526 14 nil_vol 0.6 nil_bias 0.54 Home 0.04 0.01 0.001 -0.07527132536329416 -0.28757098502813067 0.00047865979839826345 7.605068344538333e-05
-0.06874638559654073 -0.23388450702487337 14 nil_vol 0.6 nil_bias 0.54 Home 0.04 0.01 0.001 -0.08343048870875913 -0.23621755459060506 0.014684103112218403 0.0023330475657316898
-0.10215275181895547 -0.1939104397165704 14 nil_vol 0.6 nil_bias 0.54 Home 0.04 0.01 0.001 -0.09044782566619954 -0.19205073134629658 -0.011704926152755934 -0.0018597083702738206
-0.10183621956958104 -0.1394444338982765 14 nil_vol 0.6 nil_bias 0.54 Home 0.04 0.01 0.001 -0.0988806569224997 -0.13897484660469483 -0.002955562647081342 -0.0004695872935816575
-0.14234353011296585 0.13457864662720243 14 nil_vol 0.6 nil_bias 0.54 Left 0.04 0.01 0.001 -0.4 0.35 0.25765646988703417 -0.21542135337279755
-0.13732830294194515 0.046934185082331645 15 nil_vol 0.6 nil_bias 0.54 Left 0.04 0.01 0.001 -0.12630158845660713 0.04900120061837453 -0.011026714485338011 -0.002067015536042879
-0.11943071631227432 -0.03269038015158335 15 nil_vol 0.6 nil_bias 0.54 Left 0.04 0.01 0.001 -0.11127467173955682 -0.031161486765717422 -0.008156044572717503 -0.0015288933858659262
-0.11315829144926191 -0.0442600228039346 15 nil_vol 0.6 nil_bias 0.54 Left 0.04 0.01 0.001 -0.10896657700285234 -0.0434742639185563 -0.004191714446409573 -0.0007857588853783014
-0.08039322460022141 -0.21792485605748527 15 nil_vol 0.6 nil_bias 0.54 Left 0.04 0.01 0.001 -0.07640504009038251 -0.21717724992753568 -0.003988184509838892 -0.0007476061299495819
-0.048374213588462195 -0.3222296064117244 15 nil_vol 0.6 nil_bias 0.54 Left 0.04 0.01 0.001 -0.05642937024861895 -0.3237395878285773 0.008055156660156758 0.0015099814168529184
0.01817687992121382 -0.7305237675858041 15 nil_vol 0.6 nil_bias 0.54 Left 0.04 0.01 0.001 0.0197685306703968 -0.7302254042944637 -0.0015916507491829809 -0.0002983632913403271
0.04523199134061184 -0.7630101759634108 15 nil_vol 0.6 nil_bias 0.54 Left 0.04 0.01 0.001 0.02656998144662079 -0.7665084677198499 0.01866200989399105 0.0034982917564390864
0.030092086591782287 -0.7852975126717743 15 nil_vol 0.6 nil_bias 0.54 Home 0.04 0.01 0.001 0.0 -0.75 0.030092086591782287 -0.03529751267177427
-0.052818695124292145 -0.533590999881808 16 nil_vol 0.6 nil_bias 0.54 Home 0.04 0.01 0.001 -0.05361773946054684 -0.5338570185381364 0.0007990443362546995 0.0002660186563284015
-0.0687334491607458 -0.47305125335828496 16 nil_vol 0.6 nil_bias 0.54 Home 0.04 0.01 0.001 -0.07334961739495682 -0.4745880728003781 0.004616168234211025 0.001536819442093185
-0.1123421038446189 -0.32751827751291124 16 nil_vol 0.6 nil_bias 0.54 Home 0.04 0.01 0.001 -0.12131744883120249 -0.3305063585305505 0.008975344986583592 0.002988081017639251
-0.1424577342991155 -0.23834062426084537 16 nil_vol 0.6 nil_bias 0.54 Home 0.04 0.01 0.001 -0.1510491207907394 -0.24120087742428342 0.008591386491623899 0.0028602531634380596
-0.2487456643532728 0.08634693955330548 16 nil_vol 0.6 nil_bias 0.54 Home 0.04 0.01 0.001 -0.2589640998130474 0.08294500758601442 0.010218435459774598 0.0034019319672910615
-0.3243425438628127 0.21389357323710753 16 nil_vol 0.6 nil_bias 0.54 Home 0.04 0.01 0.001 -0.304733073252579 0.22042197821585563 -0.019609470610233732 -0.006528404978748107
-0.33037669508549256 0.32054888848035706 16 nil_vol 0.6 nil_bias 0.54 Home 0.04 0.01 0.001 -0.3373000650148369 0.3182439530940413 0.006923369929344316 0.0023049353863157465
-0.4193019735898753 0.5645543491892364 16 nil_vol 0.6 nil_bias 0.54 Left 0.04 0.01 0.001 -0.4 0.35 -0.019301973589875274 0.21455434918923647
-0.20705544100770812 -0.07327476208468567 17 nil_vol 0.6 nil_bias 0.54 Left 0.04 0.01 0.001 -0.20921821187112666 -0.07398632683816297 0.002162770863418541 0.0007115647534773129
-0.1533206807991107 -0.28300449242920883 17 nil_vol 0.6 nil_bias 0.54 Left 0.04 0.01 0.001 -0.14170707976584646 -0.2791835471335262 -0.011613601033264248 -0.0038209452956826325
-0.14728367827361066 -0.2965395082565543 17 nil_vol 0.6 nil_bias 0.54 Left 0.04 0.01 0.001 -0.13709927393686883 -0.2931887773567805 -0.010184404336741839 -0.0033507308997738072
-0.09077127089307817 -0.46591903138276775 17 nil_vol 0.6 nil_bias 0.54 Left 0.04 0.01 0.001 -0.08129565860839988 -0.4628014973742245 -0.009475612284678291 -0.0031175340085432286
-0.05978839063246946 -0.4926901330624576 17 nil_vol 0.6 nil_bias 0.54 Left 0.04 0.01 0.001 -0.07032191460839299 -0.49615572644451755 0.010533523975923522 0.003465593382059952
-0.06249195376283821 -0.5375680035465407 17 nil_vol 0.6 nil_bias 0.54 Left 0.04 0.01 0.001 -0.057263028818954675 -0.5358476554728826 -0.005228924943883534 -0.0017203480736580564
0.0003011569928586047 -0.668457713243679 17 nil_vol 0.6 nil_bias 0.54 Left 0.04 0.01 0.001 -0.012272480780575912 -0.6725945164593581 0.012573637773434516 0.004136803215679135
0.019209507238643203 -0.7682826826841759 17 nil_vol 0.6 nil_bias 0.54 Home 0.04 0.01 0.001 0.0 -0.75 0.019209507238643203 -0.01828268268417586
0.021208169773037445 -0.7411153546807115 18 nil_vol 0.6 nil_bias 0.54 Home 0.04 0.01 0.001 0.012331281978840076 -0.7435878219036324 0.008876887794197371 0.0024724672229208136
-0.07095688369116583 -0.4005188136734833 18 nil_vol 0.6 nil_bias 0.54 Home 0.04 0.01 0.001 -0.08234015837963952 -0.4036893813554532 0.011383274688473688 0.0031705676819699076
-0.14114943712562883 -0.2679253390290306 18 nil_vol 0.6 nil_bias 0.54 Home 0.04 0.01 0.001 -0.12166583126186234 -0.26249859736018133 -0.019483605863766504 -0.0054267416688492795
-0.12104264527628392 -0.2324860586057689 18 nil_vol 0.6 nil_bias 0.54 Home 0.04 0.01 0.001 -0.12937850137657153 -0.23480783302274622 0.008335856100287607 0.0023217744169773125
-0.2211523093852003 0.09423486860695263 18 nil_vol 0.6 nil_bias 0.54 Home 0.04 0.01 0.001 -0.2210353790977772 0.09426743703743445 -0.00011693028742310811 -3.256843048183251e-05
-0.23791953888782572 0.14142361884185187 18 nil_vol 0.6 nil_bias 0.54 Home 0.04 0.01 0.001 -0.23443968560101466 0.14239285754258635 -0.0034798532868110595 -0.0009692387007344778
-0.2736778924762787 0.28722076854654294 18 nil_vol 0.6 nil_bias 0.54 Home 0.04 0.01 0.001 -0.2746991733005618 0.28693631261762065 0.0010212808242831268 0.000284455928922316
-0.33922634121020473 0.5186079092726266 18 nil_vol 0.6 nil_bias 0.54 Left 0.04 0.01 0.001 -0.4 0.35 0.06077365878979529 0.16860790927262664
-0.2561050695753942 0.25022636534039877 19 nil_vol 0.6 nil_bias 0.54 Left 0.04 0.01 0.001 -0.26594711747306055 0.2475654624508999 0.009842047897666368 0.002660902889498897
-0.2582985376014193 0.19712317982791083 19 nil_vol 0.6 nil_bias 0.54 Left 0.04 0.01 0.001 -0.2527174556416071 0.19863208501388496 -0.005581081959812241 -0.0015089051859741292
-0.24478104951176893 0.15472605026045605 19 nil_vol 0.6 nil_bias 0.54 Left 0.04 0.01 0.001 -0.24111496197900517 0.15571721622616935 -0.003666087532763749 -0.0009911659657132902
-0.11404011880360619 -0.34733277497006965 19 nil_vol 0.6 nil_bias 0.54 Left 0.04 0.01 0.001 -0.10571830030552398 -0.3450828823544604 -0.008321818498082213 -0.002249892615609273
-0.07148932782191585 -0.44849859573443074 19 nil_vol 0.6 nil_bias 0.54 Left 0.04 0.01 0.001 -0.07733170814536094 -0.45007814572705906 0.005842380323445104 0.0015795499926283295
-0.03776329560089148 -0.643950349336353 19 nil_vol 0.6 nil_bias 0.54 Left 0.04 0.01 0.001 -0.025791371484372327 -0.6407136116364622 -0.011971924116519152 -0.003236737699890761
-0.022845657359474792 -0.6477131111089521 19 nil_vol 0.6 nil_bias 0.54 Left 0.04 0.01 0.001 -0.023827233726226804 -0.6479784907756345 0.000981576366752011 0.0002653796666823328
-0.0007229791858924168 -0.7334356417010744 19 nil_vol 0.6 nil_bias 0.54 Home 0.04 0.01 0.001 0.0 -0.75 -0.0007229791858924168 0.016564358298925514
0.0839101066780927 -0.5490226070622984 20 nil_vol 0.6 nil_bias 0.54 Home 0.04 0.01 0.001 0.07535701490889632 -0.5455590611044875 0.008553091769196393 -0.003463545957810927
0.06125441328517413 -0.5365791066196395 20 nil_vol 0.6 nil_bias 0.54 Home 0.04 0.01 0.001 0.07649434593107868 -0.5427504664667457 -0.015239932645904553 0.0061713598471062414
0.1578697216089243 -0.33808965226246496 20 nil_vol 0.6 nil_bias 0.54 Home 0.04 0.01 0.001 0.15915955086968014 -0.3386119643155691 -0.0012898292607558541 0.0005223120531041524
0.21835166112364612 -0.23543632395406605 20 nil_vol 0.6 nil_bias 0.54 Home 0.04 0.01 0.001 0.20339311180914255 -0.22937890934762462 0.01495854931450358 -0.00605741460644144
0.2962921643995233 -0.0022203148018820297 20 nil_vol 0.6 nil_bias 0.54 Home 0.04 0.01 0.001 0.29550870018281467 -0.0019030535828871153 0.000783464216708611 -0.0003172612189949141
0.3605587081364118 0.14819376747235008 20 nil_vol 0.6 nil_bias 0.54 Home 0.04 0.01 0.001 0.35689129567018774 0.14967887390705037 0.0036674124662240217 -0.0014851064347002857
0.3704498472573287 0.2664647616713123 20 nil_vol 0.6 nil_bias 0.54 Home 0.04 0.01 0.001 0.3994309737802699 0.2547289512380786 -0.0289811265229412 0.011735810433233669
0.458981558774182 0.4017868002074568 20 nil_vol 0.6 nil_bias 0.54 Right 0.04 0.01 0.001 0.4 0.35 0.058981558774181986 0.05178680020745681
0.4272060265924546 0.3246015073490994 21 nil_vol 0.6 nil_bias 0.54 Right 0.04 0.01 0.001 0.43139332452919865 0.32313279440618453 -0.004187297936744061 0.00146871294291488
0.40994457317596933 0.30694698987881014 21 nil_vol 0.6 nil_bias 0.54 Right 0.04 0.01 0.001 0.4239883027423309 0.302021090720808 -0.014043729566361565 0.0049258991580021245
0.25749573694156963 -0.1816744813360953 21 nil_vol 0.6 nil_bias 0.54 Right 0.04 0.01 0.001 0.254676790503532 -0.1806857236261175 0.002818946438037664 -0.0009887577099777739
0.2393811266849957 -0.18398452552072525 21 nil_vol 0.6 nil_bias 0.54 Right 0.04 0.01 0.001 0.251970827957478 -0.18840041793766288 -0.012589701272482285 0.004415892416937625
0.2259234102676895 -0.2724694331109755 21 nil_vol 0.6 nil_bias 0.54 Right 0.04 0.01 0.001 0.22286012711830588 -0.27139497323797895 0.003063283149383611 -0.001074459872996556
0.2016130486840903 -0.34814322948826515 21 nil_vol 0.6 nil_bias 0.54 Right 0.04 0.01 0.001 0.19656179190850276 -0.34637147922918027 0.005051256775587539 -0.0017717502590848867
0.09523254262696627 -0.6457089563544913 21 nil_vol 0.6 nil_bias 0.54 Right 0.04 0.01 0.001 0.09196933877756142 -0.6445643734274122 0.0032632038494048625 -0.001144582927079049
0.04269511243676393 -0.7850451033663728 21 nil_vol 0.6 nil_bias 0.54 Home 0.04 0.01 0.001 0.0 -0.75 0.04269511243676393 -0.0350451033663728
-0.00467505703150355 -0.7061968713910972 22 nil_vol 0.6 nil_bias 0.54 Home 0.04 0.01 0.001 -0.008679661903572916 -0.7088987155293254 0.0040046048720693665 0.0027018441382281938
-0.07631479257661941 -0.6140307094990882 22 nil_vol 0.6 nil_bias 0.54 Home 0.04 0.01 0.001 -0.07382085591574286 -0.612348089524444 -0.002493936660876551 -0.0016826199746442767
-0.17492006956519832 -0.4759239550255511 22 nil_vol 0.6 nil_bias 0.54 Home 0.04 0.01 0.001 -0.16869687341257572 -0.4717252621249657 -0.0062231961526226 -0.004198692900585467
-0.38006609710263145 -0.1507196788542212 22 nil_vol 0.6 nil_bias 0.54 Home 0.04 0.01 0.001 -0.38364513478423895 -0.15313439947946783 0.0035790376816075046 0.0024147206252466353
-0.5069148468808621 0.0021063637863579215 22 nil_vol 0.6 nil_bias 0.54 Home 0.04 0.01 0.001 -0.49418036646564745 0.010698118119776057 -0.012734480415214619 -0.008591754333418135
-0.6906113234806779 0.3242963574253449 22 nil_vol 0.6 nil_bias 0.54 Home 0.04 0.01 0.001 -0.7010214875025622 0.3172727829307187 0.010410164021884329 0.0070235744946262
-0.7849073684579508 0.43270941114067757 22 nil_vol 0.6 nil_bias 0.54 Home 0.04 0.01 0.001 -0.7807824360411869 0.4354924383872738 -0.004124932416763899 -0.0027830272465962157
-0.8034988848874789 0.46916218285507716 22 nil_vol 0.6 nil_bias 0.54 Left 0.04 0.01 0.001 -0.4 0.35 -0.40349888488747887 0.11916218285507717
-0.7367283308114208 0.38808652100570484 23 nil_vol 0.6 nil_bias 0.54 Left 0.04 0.01 0.001 -0.7458245020269079 0.3820632974177862 0.00909617121548714 0.006023223587918599
-0.5016273242705284 0.024514746919811422 23 nil_vol 0.6 nil_bias 0.54 Left 0.04 0.01 0.001 -0.5067986397622368 0.0210904501786513 0.005171315491708436 0.0034242967411601223
-0.48780763987685255 0.008522575646233663 23 nil_vol 0.6 nil_bias 0.54 Left 0.04 0.01 0.001 -0.4952244839805337 0.003611354287828883 0.007416844103681138 0.00491122135840478
-0.4385355721703947 -0.09025402467571023 23 nil_vol 0.6 nil_bias 0.54 Left 0.04 0.01 0.001 -0.43473566968904664 -0.087737838280881 -0.00379990248134804 -0.002516186394829222
-0.17903952966690379 -0.4483514002182762 23 nil_vol 0.6 nil_bias 0.54 Left 0.04 0.01 0.001 -0.1907938076808825 -0.45613474586069414 0.01175427801397872 0.00778334564241797
-0.17513927948482821 -0.48959902657445165 23 nil_vol 0.6 nil_bias 0.54 Left 0.04 0.01 0.001 -0.17061742326191465 -0.48660478312654276 -0.004521856222913574 -0.0029942434479088603
-0.16332745251739345 -0.5265385437367688 23 nil_vol 0.6 nil_bias 0.54 Left 0.04 0.01 0.001 -0.15001260511454484 -0.5177218338215213 -0.013314847402848615 -0.00881670991524751
-0.021493786408258875 -0.7118087977704224 23 nil_vol 0.6 nil_bias 0.54 Home 0.04 0.01 0.001 0.0 -0.75 -0.021493786408258875 0.03819120222957766
0.08738581984313763 -0.5335848161079855 24 nil_vol 0.6 nil_bias 0.54 Home 0.04 0.01 0.001 0.07828917208096291 -0.5286296110846058 0.00909664776217473 -0.0049552050233796305
0.1326948264204392 -0.4378363810022719 24 nil_vol 0.6 nil_bias 0.54 Home 0.04 0.01 0.001 0.12887909029533873 -0.4357578400595732 0.003815736125100485 -0.00207854094269874
0.1231981963188069 -0.41939090736663054 24 nil_vol 0.6 nil_bias 0.54 Home 0.04 0.01 0.001 0.13445454046803568 -0.42552256097479596 -0.01125634414922878 0.0061316536081653964
0.37265473886319 0.035022564557886104 24 nil_vol 0.6 nil_bias 0.54 Home 0.04 0.01 0.001 0.38242697451635743 0.029699347427332046 -0.009772235653167434 0.005323217130554062
0.4166782384358851 0.04932961645328327 24 nil_vol 0.6 nil_bias 0.54 Home 0.04 0.01 0.001 0.3985109213722812 0.05922587528713952 0.018167317063603864 -0.009896258833856248
0.5371272402596862 0.3100746171246035 24 nil_vol 0.6 nil_bias 0.54 Home 0.04 0.01 0.001 0.5356066359487073 0.3109029339196834 0.001520604310978839 -0.0008283167950798723
0.5525293468477682 0.36422022391556336 24 nil_vol 0.6 nil_bias 0.54 Home 0.04 0.01 0.001 0.5618765145479397 0.35912855349441597 -0.00934716770017148 0.005091670421147376
0.6217718185961669 0.4690829309549626 24 nil_vol 0.6 nil_bias 0.54 Right 0.04 0.01 0.001 0.4 0.35 0.22177181859616685 0.11908293095496264
0.6100138723910666 0.39073001937153207 25 nil_vol 0.6 nil_bias 0.54 Right 0.04 0.01 0.001 0.5897052209135262 0.4001816483009599 0.02030865147754043 -0.00945162892942784
0.5308631022515076 0.28294049606660854 25 nil_vol 0.6 nil_bias 0.54 Right 0.04 0.01 0.001 0.5343796237523183 0.28130390998482097 -0.0035165215008107235 0.0016365860817875897
0.3949221837881078 -0.018901414134718846 25 nil_vol 0.6 nil_bias 0.54 Right 0.04 0.01 0.001 0.39471023209075745 -0.01880277199707947 0.00021195169735032266 -9.86421376393752e-05
0.33656233255656115 -0.22526662095390282 25 nil_vol 0.6 nil_bias 0.54 Right 0.04 0.01 0.001 0.3053768059104739 -0.2107529036766344 0.03118552664608726 -0.014513717277268407
0.2064404288414624 -0.42988071720087656 25 nil_vol 0.6 nil_bias 0.54 Right 0.04 0.01 0.001 0.20393711799249475 -0.4287156784849569 0.0025033108489676487 -0.0011650387159196397
0.09913551660230348 -0.6245217614799239 25 nil_vol 0.6 nil_bias 0.54 Right 0.04 0.01 0.001 0.11037475686377263 -0.629752494230327 -0.011239240261469151 0.005230732750403046
0.07599972558320561 -0.719571531215586 25 nil_vol 0.6 nil_bias 0.54 Right 0.04 0.01 0.001 0.06989525944830677 -0.7167305179270804 0.006104466134898839 -0.002841013288505657
0.04338758316213402 -0.7736873835843037 25 nil_vol 0.6 nil_bias 0.54 Home 0.04 0.01 0.001 0.0 -0.75 0.04338758316213402 -0.023687383584303702
-0.07258016334009552 -0.5356494132937234 26 nil_vol 0.6 nil_bias 0.54 Home 0.04 0.01 0.001 -0.07473998312120644 -0.5367261050466026 0.0021598197811109232 0.0010766917528791864
-0.08559496894469658 -0.512226620285256 26 nil_vol 0.6 nil_bias 0.54 Home 0.04 0.01 0.001 -0.0866828655914262 -0.512768947639493 0.0010878966467296176 0.0005423273542370359
-0.16555345009986047 -0.4179295481582077 26 nil_vol 0.6 nil_bias 0.54 Home 0.04 0.01 0.001 -0.1402495761695829 -0.40531531403789095 -0.025303873930277578 -0.012614234120316772
-0.1560531790647211 -0.3808879670625781 26 nil_vol 0.6 nil_bias 0.54 Home 0.04 0.01 0.001 -0.1531486610515539 -0.3794400357961751 -0.0029045180131672195 -0.0014479312664029981
-0.26484808215094063 -0.14564014598261138 26 nil_vol 0.6 nil_bias 0.54 Home 0.04 0.01 0.001 -0.26873443683227594 -0.14757753264364326 0.0038863546813352767 0.001937386661031886
-0.3067924953189124 -0.06792190408063234 26 nil_vol 0.6 nil_bias 0.54 Home 0.04 0.01 0.001 -0.30811492425213877 -0.06858114812433735 0.0013224289332263723 0.0006592440437050195
-0.4207745402579561 0.1487924962799138 26 nil_vol 0.6 nil_bias 0.54 Home 0.04 0.01 0.001 -0.4173330992381783 0.15050808903280033 -0.0034414410197777527 -0.0017155927528865167
-0.49421815725730495 0.30473781052691856 26 nil_vol 0.6 nil_bias 0.54 Left 0.04 0.01 0.001 -0.4 0.35 -0.09421815725730492 -0.045262189473081436
-0.43584293208109115 0.23261931953163661 27 nil_vol 0.6 nil_bias 0.54 Left 0.04 0.01 0.001 -0.4562862778501656 0.22311845405212868 0.020443345769074448 0.009500865479507934
-0.38432091485704933 0.05946814967615796 27 nil_vol 0.6 nil_bias 0.54 Left 0.04 0.01 0.001 -0.38095764858974 0.061031198148674165 -0.0033632662673092977 -0.0015630484725162037
-0.30463712631752443 -0.1244414495963163 27 nil_vol 0.6 nil_bias 0.54 Left 0.04 0.01 0.001 -0.2965150956975892 -0.12066680716683775 -0.008122030619935229 -0.0037746424294785425
-0.2509440627697235 -0.24356541048900482 27 nil_vol 0.6 nil_bias 0.54 Left 0.04 0.01 0.001 -0.24144968599478006 -0.23915298223144638 -0.00949437677494341 -0.004412428257558432
-0.212487480595866 -0.2773684513616526 27 nil_vol 0.6 nil_bias 0.54 Left 0.04 0.01 0.001 -0.22169968889290892 -0.28164974429618844 0.009212208297042905 0.004281292934535837
-0.16602670728702884 -0.3763302744926338 27 nil_vol 0.6 nil_bias 0.54 Left 0.04 0.01 0.001 -0.17562472215120722 -0.3807908676423531 0.009598014864178373 0.004460593149719291
-0.09003463966831389 -0.5794778554596607 27 nil_vol 0.6 nil_bias 0.54 Left 0.04 0.01 0.001 -0.08448526677340107 -0.5768988331232117 -0.00554937289491282 -0.002579022336449052
-0.010305776271530292 -0.7365134468207059 27 nil_vol 0.6 nil_bias 0.54 Home 0.04 0.01 0.001 0.0 -0.75 -0.010305776271530292 0.013486553179294156
0.0392824725649972 -0.6746615741941921 28 nil_vol 0.6 nil_bias 0.54 Home 0.04 0.01 0.001 0.026725430739891684 -0.667885840091827 0.012557041825105517 -0.006775734102365129
0.047260669639302345 -0.649864569892646 28 nil_vol 0.6 nil_bias 0.54 Home 0.04 0.01 0.001 0.03888758529959918 -0.6453464840335166 0.008373084339703164 -0.004518085859129437
0.12284033404607193 -0.5136845272210896 28 nil_vol 0.6 nil_bias 0.54 Home 0.04 0.01 0.001 0.11284281760642365 -0.5082899037084366 0.00999751643964829 -0.005394623512652965
0.3862738976455287 -0.03222600526079833 28 nil_vol 0.6 nil_bias 0.54 Home 0.04 0.01 0.001 0.37345699078231026 -0.02531004892892419 0.012816906863218454 -0.006915956331874144
0.3953439339549958 0.0018550596847962718 28 nil_vol 0.6 nil_bias 0.54 Home 0.04 0.01 0.001 0.38974530509026717 0.00487605945955083 0.005598628864728598 -0.003020999774754558
0.4102440349952894 0.06169184875097109 28 nil_vol 0.6 nil_bias 0.54 Home 0.04 0.01 0.001 0.4181120219608374 0.05744631159803737 -0.007867986965548036 0.004245537152933723
0.4150067712532281 0.06494259705860235 28 nil_vol 0.6 nil_bias 0.54 Home 0.04 0.01 0.001 0.4205445788263827 0.061954416231591036 -0.005537807573154586 0.0029881808270113093
0.48679423536600064 0.18473073766021308 28 nil_vol 0.6 nil_bias 0.54 Right 0.04 0.01 0.001 0.4 0.35 0.08679423536600062 -0.1652692623397869
0.4470287568041841 0.10342887461213052 29 nil_vol 0.6 nil_bias 0.54 Right 0.04 0.01 0.001 0.44594173800201053 0.10397879865478935 0.0010870188021735365 -0.0005499240426588323
0.34575134398405327 -0.08242150032791534 29 nil_vol 0.6 nil_bias 0.54 Right 0.04 0.01 0.001 0.35044128992339857 -0.08479414928822687 -0.004689945939345282 0.002372648960311536
0.30091855245052124 -0.16143696966601975 29 nil_vol 0.6 nil_bias 0.54 Right 0.04 0.01 0.001 0.3094771479964985 -0.1657667728421145 -0.008558595545977253 0.004329803176094749
0.17665803479785064 -0.4406709735975927 29 nil_vol 0.6 nil_bias 0.54 Right 0.04 0.01 0.001 0.1716774996346762 -0.4381513152199632 0.00498053516317443 -0.0025196583776295133
0.13845642259766608 -0.5080784162095024 29 nil_vol 0.6 nil_bias 0.54 Right 0.04 0.01 0.001 0.13674047322119998 -0.5072103154772821 0.0017159493764661085 -0.0008681007322203594
0.03740192797924583 -0.7074260041712734 29 nil_vol 0.6 nil_bias 0.54 Right 0.04 0.01 0.001 0.03584866538758946 -0.7066402068676698 0.0015532625916563727 -0.0007857973036036254
0.005673200977194905 -0.744430199317753 29 nil_vol 0.6 nil_bias 0.54 Right 0.04 0.01 0.001 0.014477363640657825 -0.748884235176596 -0.00880416266346292 0.0044540358588429875
-0.006177382214649612 -0.7897118683716846 29 nil_vol 0.6 nil_bias 0.54 Home 0.04 0.01 0.001 0.0 -0.75 -0.006177382214649612 -0.0397118683716846
0.019011400741605164 -0.7550782854146486 30 nil_vol 0.6 nil_bias 0.54 Home 0.04 0.01 0.001 0.011813492492104536 -0.7516738816434241 0.007197908249500626 -0.003404403771224505
0.2056766399434365 -0.3217175984790819 30 nil_vol 0.6 nil_bias 0.54 Home 0.04 0.01 0.001 0.21343491865198203 -0.32538704137527547 -0.0077582787085455395 0.003669442896193577
0.2588380943786551 -0.24009449398375787 30 nil_vol 0.6 nil_bias 0.54 Home 0.04 0.01 0.001 0.2547012600570176 -0.2381378902209229 0.004136834321637512 -0.001956603762834958
0.3978254128263137 0.0835217009337751 30 nil_vol 0.6 nil_bias 0.54 Home 0.04 0.01 0.001 0.40518961779668583 0.08003864359208912 -0.007364204970372156 0.0034830573416859767
0.4705529040669494 0.2136676397450258 30 nil_vol 0.6 nil_bias 0.54 Home 0.04 0.01 0.001 0.46878726895270356 0.21450273441880996 0.0017656351142458196 -0.0008350946737841376
0.510603192409697 0.330271239129445 30 nil_vol 0.6 nil_bias 0.54 Home 0.04 0.01 0.001 0.5211770532099111 0.32527010680921165 -0.010573860800214148 0.005001132320233374
0.5388216139299462 0.3412307532585051 30 nil_vol 0.6 nil_bias 0.54 Home 0.04 0.01 0.001 0.530571537456623 0.3451328023657052 0.008250076473323244 -0.003902049107200109
0.5368390535753194 0.3583841700078038 30 nil_vol 0.6 nil_bias 0.54 Right 0.04 0.01 0.001 0.4 0.35 0.13683905357531934 0.008384170007803815
0.5249538256305974 0.3277006462915743 31 nil_vol 0.6 nil_bias 0.54 Right 0.04 0.01 0.001 0.5226153083013142 0.32882596759304716 0.0023385173292832695 -0.0011253213014728546
0.42870367603028703 0.11997795783067429 31 nil_vol 0.6 nil_bias 0.54 Right 0.04 0.01 0.001 0.4233540411674479 0.12255226334933375 0.005349634862839148 -0.0025743055186594616
0.39916952426404767 0.0680282786865718 31 nil_vol 0.6 nil_bias 0.54 Right 0.04 0.01 0.001 0.39750249945129884 0.06883047010434717 0.0016670248127488043 -0.0008021914177753736
0.3291868811220707 -0.07791052081048196 31 nil_vol 0.6 nil_bias 0.54 Right 0.04 0.01 0.001 0.32732110313964957 -0.07701268709287551 0.0018657779824210962 -0.00089783371760645
0.2244517797042033 -0.2998627578307205 31 nil_vol 0.6 nil_bias 0.54 Right 0.04 0.01 0.001 0.2209045183771426 -0.2981557750843255 0.0035472613270607174 -0.0017069827463950154
0.03533638713252791 -0.650751935697241 31 nil_vol 0.6 nil_bias 0.54 Right 0.04 0.01 0.001 0.04824259232500089 -0.656962549337945 -0.01290620519247298 0.0062106136407040205
-0.0103377593448148 -0.7811193479886744 31 nil_vol 0.6 nil_bias 0.54 Right 0.04 0.01 0.001 -0.011283971068335674 -0.7806640200786146 0.0009462117235208734 -0.000455327910059888
-0.017155841406326217 -0.7928662866870252 31 nil_vol 0.6 nil_bias 0.54 Home 0.04 0.01 0.001 0.0 -0.75 -0.017155841406326217 -0.04286628668702518
-0.23313746668856145 -0.2063829180643269 32 nil_vol 0.6 nil_bias 0.32 Home 0.04 0.01 0.001 -0.2191352764101671 -0.2015997042564026 -0.014002190278394337 -0.004783213807924294
-0.2733651955424897 -0.03061050946902774 32 nil_vol 0.6 nil_bias 0.32 Home 0.04 0.01 0.001 -0.27710909663797234 -0.03188944362571089 0.0037439010954825993 0.0012789341566831498
-0.2861820288473227 -0.017656465564621995 32 nil_vol 0.6 nil_bias 0.32 Home 0.04 0.01 0.001 -0.282411182837732 -0.01636832689902612 -0.003770846009590689 -0.0012881386655958747
-0.30543681167565717 0.063280689120867 32 nil_vol 0.6 nil_bias 0.32 Home 0.04 0.01 0.001 -0.3091825550334489 0.062001125638746934 0.0037457433577917122 0.0012795634821200685
-0.45788688112635895 0.49433646354066724 32 nil_vol 0.6 nil_bias 0.32 Home 0.04 0.01 0.001 -0.45697656090657823 0.4946474331931513 -0.0009103202197807113 -0.00031096965248404615
-0.470610966385484 0.5270816954262765 32 nil_vol 0.6 nil_bias 0.32 Home 0.04 0.01 0.001 -0.468323222319557 0.5278631995186772 -0.0022877440659270012 -0.0007815040924007305
-0.49101922145136556 0.555032525825952 32 nil_vol 0.6 nil_bias 0.32 Home 0.04 0.01 0.001 -0.47900623237051276 0.5591362191841719 -0.0120129890808528 -0.004103693358219957
-0.4928358998049386 0.5996206387982257 32 nil_vol 0.6 nil_bias 0.32 Left 0.04 0.01 0.001 -0.4 0.35 -0.09283589980493859 0.24962063879822566
-0.46853698145174194 0.5819132907077458 33 nil_vol 0.6 nil_bias 0.32 Left 0.04 0.01 0.001 -0.4833813995347735 0.5759773028611161 0.01484441808303154 0.005935987846629674
-0.37944762580082 0.3080878504582773 33 nil_vol 0.6 nil_bias 0.32 Left 0.04 0.01 0.001 -0.37669748851341045 0.30918757571684347 -0.0027501372874095043 -0.0010997252585661517
-0.21674787296008305 -0.10972403488024102 33 nil_vol 0.6 nil_bias 0.32 Left 0.04 0.01 0.001 -0.21022594238333442 -0.10711604442729117 -0.006521930576748632 -0.0026079904529498483
-0.1730558430861486 -0.17122219671584296 33 nil_vol 0.6 nil_bias 0.32 Left 0.04 0.01 0.001 -0.18300090883469583 -0.1751990309094844 0.00994506574854724 0.003976834193641461
-0.09408413184256009 -0.33618154898349967 33 nil_vol 0.6 nil_bias 0.32 Left 0.04 0.01 0.001 -0.11524369682966118 -0.344642838600974 0.021159564987101084 0.00846128961747432
0.033302294641879504 -0.7021178785932208 33 nil_vol 0.6 nil_bias 0.32 Left 0.04 0.01 0.001 0.02847532180610901 -0.7040480891227867 0.0048269728357704916 0.0019302105295658518
0.03189902557780159 -0.7110178048456574 33 nil_vol 0.6 nil_bias 0.32 Left 0.04 0.01 0.001 0.03135014147144144 -0.7112372926939743 0.00054888410636015 0.00021948784831696505
0.05063311827778213 -0.759459185493375 33 nil_vol 0.6 nil_bias 0.32 Home 0.04 0.01 0.001 0.0 -0.75 0.05063311827778213 -0.009459185493375
0.12706140318556197 -0.35920082696927935 34 nil_vol 0.6 nil_bias 0.32 Home 0.04 0.01 0.001 0.11750409857500124 -0.35761041194160975 0.009557304610560736 -0.0015904150276696066
0.12076420805363043 -0.3112712400413669 34 nil_vol 0.6 nil_bias 0.32 Home 0.04 0.01 0.001 0.12509538466365322 -0.3119919838754035 -0.004331176610022782 0.0007207438340366123
0.11978992399302395 -0.23694222988852207 34 nil_vol 0.6 nil_bias 0.32 Home 0.04 0.01 0.001 0.13710480920448542 -0.23982357089048756 -0.017314885211461475 0.0028813410019655
0.14088008856824058 -0.23709054677778996 34 nil_vol 0.6 nil_bias 0.32 Home 0.04 0.01 0.001 0.13764907939534202 -0.23655287996141183 0.003231009172898577 -0.0005376668163781331
0.12780876368823868 -0.18335379786363837 34 nil_vol 0.6 nil_bias 0.32 Home 0.04 0.01 0.001 0.14599815373057926 -0.18638066374751072 -0.01818939004234057 0.0030268658838723643
0.15745297897322758 -0.11875433073418497 34 nil_vol 0.6 nil_bias 0.32 Home 0.04 0.01 0.001 0.15725716090383676 -0.11872174497774646 0.00019581806939081325 -3.258575643851193e-05
0.16491563062055614 -0.05181189627996033 34 nil_vol 0.6 nil_bias 0.32 Home 0.04 0.01 0.001 0.1682978568871325 -0.05237472687922762 -0.003382226266576367 0.0005628305992672891
0.21185883846332523 0.20939692568666202 34 nil_vol 0.6 nil_bias 0.32 Right 0.04 0.01 0.001 0.4 0.35 -0.1881411615366748 -0.14060307431333796
0.20576687314187034 0.20408883623571422 35 nil_vol 0.6 nil_bias 0.32 Right 0.04 0.01 0.001 0.21055896829923063 0.20309966055564432 -0.004792095157360292 0.000989175680069895
0.17601988737968421 0.104326964227413 35 nil_vol 0.6 nil_bias 0.32 Right 0.04 0.01 0.001 0.1895921904885424 0.10152539378338725 -0.013572303108858172 0.002801570444025753
0.17345382077789454 0.08751466287240077 35 nil_vol 0.6 nil_bias 0.32 Right 0.04 0.01 0.001 0.18615878155692905 0.08489212767512694 -0.012704960779034526 0.0026225351972738262
0.15034584905725376 -0.07617430435130539 35 nil_vol 0.6 nil_bias 0.32 Right 0.04 0.01 0.001 0.15280687713504273 -0.07668230534931958 -0.002461028077788973 0.0005080009980141938
0.13670625322401336 -0.18577907116383438 35 nil_vol 0.6 nil_bias 0.32 Right 0.04 0.01 0.001 0.13054964237700645 -0.18450823460455612 0.006156610847006914 -0.0012708365592782583
0.07599686175586129 -0.5149812254284545 35 nil_vol 0.6 nil_bias 0.32 Right 0.04 0.01 0.001 0.06289236353372463 -0.5122762184293871 0.013104498222136664 -0.002705006999067438
0.026929281330112603 -0.6241254410777431 35 nil_vol 0.6 nil_bias 0.32 Right 0.04 0.01 0.001 0.039278467770156866 -0.6266745379746148 -0.012349186440044265 0.002549096896871636
0.00903051076811704 -0.7732117923673586 35 nil_vol 0.6 nil_bias 0.32 Home 0.04 0.01 0.001 0.0 -0.75 0.00903051076811704 -0.023211792367358635
0.0047660743680438345 -0.7698286458944777 36 nil_vol 0.6 nil_bias 0.32 Home 0.04 0.01 0.001 0.0096143429482692 -0.7713445922563084 -0.004848268580225366 0.0015159463618305818
0.051099819047260596 -0.6293121098833621 36 nil_vol 0.6 nil_bias 0.32 Home 0.04 0.01 0.001 0.053764263102505906 -0.6301452226131982 -0.00266444405524531 0.0008331127298361209
0.06105438825199814 -0.5898031087205071 36 nil_vol 0.6 nil_bias 0.32 Home 0.04 0.01 0.001 0.06590419649025617 -0.5913195364993538 -0.0048498082382580285 0.0015164277788466682
0.07547238013390073 -0.5531737492759087 36 nil_vol 0.6 nil_bias 0.32 Home 0.04 0.01 0.001 0.07762143308460856 -0.5538457106056285 -0.0021490529507078326 0.0006719613297197694
0.10272550033128476 -0.5098741157119824 36 nil_vol 0.6 nil_bias 0.32 Home 0.04 0.01 0.001 0.09238166849951587 -0.5066398282600219 0.01034383183176889 -0.003234287451960533
0.2147154360256847 -0.17081870154956783 36 nil_vol 0.6 nil_bias 0.32 Home 0.04 0.01 0.001 0.19892891584699016 -0.16588260582078196 0.015786520178694568 -0.004936095728785856
0.3137304216812578 0.28638259643387654 36 nil_vol 0.6 nil_bias 0.32 Home 0.04 0.01 0.001 0.3379721866299919 0.27880273265977074 -0.02424176494873411 0.007579863774105797
0.3582464581071027 0.3436434921116682 36 nil_vol 0.6 nil_bias 0.32 Right 0.04 0.01 0.001 0.4 0.35 -0.041753541892897296 -0.006356507888331773
0.33881814538859834 0.29757884827785114 37 nil_vol 0.6 nil_bias 0.32 Right 0.04 0.01 0.001 0.34689030529590403 0.29566810433853624 -0.008072159907305698 0.0019107439393149198
0.3485205475548276 0.2628063067493674 37 nil_vol 0.6 nil_bias 0.32 Right 0.04 0.01 0.001 0.33961087315416294 0.2649152969772408 0.008909674400664647 -0.0021089902278734122
0.3401041922712095 0.2533277010825218 37 nil_vol 0.6 nil_bias 0.32 Right 0.04 0.01 0.001 0.337039703028037 0.2540530898651682 0.003064489243172533 -0.0007253887826464157
0.35150409920799086 0.21844898145825126 37 nil_vol 0.6 nil_bias 0.32 Right 0.04 0.01 0.001 0.32982653701424713 0.22358023146524514 0.021677562193743713 -0.005131250006993875
0.3245928202681488 0.1795527036725483 37 nil_vol 0.6 nil_bias 0.32 Right 0.04 0.01 0.001 0.319680134655212 0.18071557511816758 0.004912685612936807 -0.0011628714456192845
0.2869291294493255 0.07519681314034281 37 nil_vol 0.6 nil_bias 0.32 Right 0.04 0.01 0.001 0.2942905463613388 0.07345430767576827 -0.007361416912013228 0.0017425054645745322
0.31550423916667997 0.0346791919306091 37 nil_vol 0.6 nil_bias 0.32 Right 0.04 0.01 0.001 0.28672470577748704 0.041491534554042864 0.02877953338919291 -0.006812342623433761
0.09093713043796973 -0.7856358389708963 37 nil_vol 0.6 nil_bias 0.32 Home 0.04 0.01 0.001 0.0 -0.75 0.09093713043796973 -0.03563583897089631
0.10197364097529914 -0.7649442424366126 38 nil_vol 0.6 nil_bias 0.32 Home 0.04 0.01 0.001 0.09981283875041999 -0.7640555317223474 0.0021608022248791434 -0.0008887107142652223
0.20620657427937478 -0.48491358783744126 38 nil_vol 0.6 nil_bias 0.32 Home 0.04 0.01 0.001 0.21340306251788888 -0.4878734127251673 -0.007196488238514088 0.002959824887726058
0.25883558624368386 -0.3681335427175955 38 nil_vol 0.6 nil_bias 0.32 Home 0.04 0.01 0.001 0.2620985990185162 -0.3694755787356952 -0.0032630127748323116 0.0013420360180996956
0.27758030682358836 -0.31076592566358446 38 nil_vol 0.6 nil_bias 0.32 Home 0.04 0.01 0.001 0.2849914842718388 -0.31381404951672853 -0.007411177448250434 0.003048123853144096
0.35619940701632175 -0.11842327206402789 38 nil_vol 0.6 nil_bias 0.32 Home 0.04 0.01 0.001 0.3640288416116624 -0.12164341980888094 -0.007829434595340624 0.003220147744853041
0.4060399305509371 -0.04008789892573805 38 nil_vol 0.6 nil_bias 0.32 Home 0.04 0.01 0.001 0.39879682373221953 -0.037108900403685974 0.007243106818717583 -0.002978998522052076
0.41849053221716637 -0.017035606277784922 38 nil_vol 0.6 nil_bias 0.32 Home 0.04 0.01 0.001 0.4087075753151707 -0.013011999435893262 0.009782956901995647 -0.004023606841891658
0.6176561115635569 0.49502335421014265 38 nil_vol 0.6 nil_bias 0.32 Right 0.04 0.01 0.001 0.4 0.35 0.21765611156355688 0.14502335421014267
0.46957988161636127 0.19371560802044066 39 nil_vol 0.6 nil_bias 0.32 Right 0.04 0.01 0.001 0.46445292189234266 0.19634541923532578 0.005126959724018602 -0.0026298112148851072
0.397767203613658 0.06569741336164946 39 nil_vol 0.6 nil_bias 0.32 Right 0.04 0.01 0.001 0.3975070695659121 0.06583084593630589 0.0002601340477459153 -0.0001334325746564386
0.3164073862744596 -0.06819909900592623 39 nil_vol 0.6 nil_bias 0.32 Right 0.04 0.01 0.001 0.3261854037328254 -0.07321461333713641 -0.009778017458365793 0.005015514331210189
0.18914206868663616 -0.28988785662095373 39 nil_vol 0.6 nil_bias 0.32 Right 0.04 0.01 0.001 0.20964982140506389 -0.30040705727672545 -0.02050775271842773 0.01051920065577174
0.06696287133758794 -0.5861003133196688 39 nil_vol 0.6 nil_bias 0.32 Right 0.04 0.01 0.001 0.0639101503830295 -0.5845344574841719 0.003052720954558442 -0.0015658558354969888
0.05134631589905062 -0.6130496782589455 39 nil_vol 0.6 nil_bias 0.32 Right 0.04 0.01 0.001 0.04971327776253087 -0.6122120313420728 0.0016330381365197476 -0.0008376469168727035
0.012270520743677453 -0.6684432498196352 39 nil_vol 0.6 nil_bias 0.32 Right 0.04 0.01 0.001 0.019078855003500594 -0.6719355015155654 -0.006808334259823142 0.0034922516959301217
0.0014432172055788971 -0.7063171347619178 39 nil_vol 0.6 nil_bias 0.32 Home 0.04 0.01 0.001 0.0 -0.75 0.0014432172055788971 0.04368286523808223
0.040766783884372375 -0.598288596532374 40 nil_vol 0.6 nil_bias 0.32 Home 0.04 0.01 0.001 0.05629542497735496 -0.6068522218633954 -0.015528641092982583 0.008563625331021367
0.054532565183431164 -0.5962464719907763 40 nil_vol 0.6 nil_bias 0.32 Home 0.04 0.01 0.001 0.06036916750632158 -0.5994652002233446 -0.005836602322890421 0.003218728232568252
0.07548628466958858 -0.5712894033890527 40 nil_vol 0.6 nil_bias 0.32 Home 0.04 0.01 0.001 0.07580916257180681 -0.5714674618144941 -0.0003228779022182252 0.00017805842544152455
0.2573133700627325 -0.2557220334253116 40 nil_vol 0.6 nil_bias 0.32 Home 0.04 0.01 0.001 0.2516550450928204 -0.25260162032841876 0.005658324969912165 -0.003120413096892797
0.25702036310586374 -0.23829844090106958 40 nil_vol 0.6 nil_bias 0.32 Home 0.04 0.01 0.001 0.2589546128122446 -0.23936512727001202 -0.0019342497063808692 0.0010666863689424335
0.26200070420161253 -0.23919808851489568 40 nil_vol 0.6 nil_bias 0.32 Home 0.04 0.01 0.001 0.25973559930614276 -0.23794894446268167 0.0022651048954697626 -0.001249144052214017
0.29629511229148897 -0.17251690379736956 40 nil_vol 0.6 nil_bias 0.32 Home 0.04 0.01 0.001 0.2959304891077473 -0.17231582397886702 0.00036462318374167244 -0.00020107981850252856
0.4417142340377709 0.09203757364219095 40 nil_vol 0.6 nil_bias 0.32 Right 0.04 0.01 0.001 0.4 0.35 0.041714234037770866 -0.257962426357809
0.36472729627791756 -0.01987492568319222 41 nil_vol 0.6 nil_bias 0.32 Right 0.04 0.01 0.001 0.3758279653278118 -0.02606755807154909 -0.011100669049894285 0.006192632388356871
0.37123053582229487 -0.04008141937390021 41 nil_vol 0.6 nil_bias 0.32 Right 0.04 0.01 0.001 0.3687745127816925 -0.0387112994505493 0.0024560230406023786 -0.001370119923350913
0.21860098317499727 -0.3015652996644996 41 nil_vol 0.6 nil_bias 0.32 Right 0.04 0.01 0.001 0.2212988637885615 -0.30307034254005827 -0.002697880613564235 0.0015050428755586669
0.21505168997452506 -0.3181449206844461 41 nil_vol 0.6 nil_bias 0.32 Right 0.04 0.01 0.001 0.21340256459276943 -0.3172249376450798 0.0016491253817556423 -0.0009199830393663194
0.20070736542646986 -0.3555893403749146 41 nil_vol 0.6 nil_bias 0.32 Right 0.04 0.01 0.001 0.1940670729017961 -0.35188497891961557 0.006640292524673771 -0.003704361455298986
0.04805193610070492 -0.6316397694922111 41 nil_vol 0.6 nil_bias 0.32 Right 0.04 0.01 0.001 0.04038786321381105 -0.6273642807110589 0.007664072886893868 -0.004275488781152222
0.019501748310638906 -0.6584807328057265 41 nil_vol 0.6 nil_bias 0.32 Right 0.04 0.01 0.001 0.022191978317795846 -0.6599815077049302 -0.0026902300071569413 0.0015007748992037794
-0.02565192436440627 -0.7457446043048552 41 nil_vol 0.6 nil_bias 0.32 Home 0.04 0.01 0.001 0.0 -0.75 -0.02565192436440627 0.004255395695144816
-0.03245216035858047 -0.7420501618760761 42 nil_vol 0.6 nil_bias 0.32 Home 0.04 0.01 0.001 -0.025313198870704493 -0.7448944176738137 -0.0071389614878759776 0.002844255797737605
0.05077186580191937 -0.536181781878005 42 nil_vol 0.6 nil_bias 0.32 Home 0.04 0.01 0.001 0.056872308407817256 -0.5386122781455726 -0.006100442605897886 0.002430496267567483
0.0975055974109761 -0.4388273129370049 42 nil_vol 0.6 nil_bias 0.32 Home 0.04 0.01 0.001 0.09674817409339018 -0.43852554556285056 0.000757423317585918 -0.0003017673741543547
0.13075691906399356 -0.3372038640973332 42 nil_vol 0.6 nil_bias 0.32 Home 0.04 0.01 0.001 0.1362449309944882 -0.33939035995921335 -0.005488011930494635 0.00218649586188014
0.1901707080966174 -0.1870032961011327 42 nil_vol 0.6 nil_bias 0.32 Home 0.04 0.01 0.001 0.1960281626140871 -0.1893369827304262 -0.005857454517469681 0.002333686629293509
0.20691142146689265 -0.12823924967171693 42 nil_vol 0.6 nil_bias 0.32 Home 0.04 0.01 0.001 0.21852658954080562 -0.132866884824537 -0.01161516807391297 0.004627635152820091
0.3899086786664717 0.34477901937770883 42 nil_vol 0.6 nil_bias 0.32 Home 0.04 0.01 0.001 0.40623538864827113 0.33827424419401053 -0.01632670998179943 0.006504775183698288
0.40631408532414975 0.33847176951461216 42 nil_vol 0.6 nil_bias 0.32 Right 0.04 0.01 0.001 0.4 0.35 0.006314085324149728 -0.011528230485387817
0.2912653722317615 0.08218237756374105 43 nil_vol 0.6 nil_bias 0.32 Right 0.04 0.01 0.001 0.3071357385689973 0.07618140718218064 -0.01587036633723579 0.006000970381560413
0.3114093421408896 0.06890289779372724 43 nil_vol 0.6 nil_bias 0.32 Right 0.04 0.01 0.001 0.3052624304814951 0.07122719415981349 0.0061469116593944936 -0.0023242963660862516
0.18871897036925697 -0.21875807987442253 43 nil_vol 0.6 nil_bias 0.32 Right 0.04 0.01 0.001 0.19474970405391334 -0.22103844653084875 -0.006030733684656368 0.002280366656426216
0.17564828801469706 -0.31318075822505265 43 nil_vol 0.6 nil_bias 0.32 Right 0.04 0.01 0.001 0.16187739545091123 -0.3079736497912014 0.013770892563785822 -0.005207108433851236
0.08557740294385892 -0.5292778113010747 43 nil_vol 0.6 nil_bias 0.32 Right 0.04 0.01 0.001 0.07912016746172462 -0.5268361739720022 0.0064572354821343 -0.002441637329072399
0.058480133379352386 -0.5939969821152191 43 nil_vol 0.6 nil_bias 0.32 Right 0.04 0.01 0.001 0.054319863983618044 -0.5924238833667335 0.004160269395734345 -0.0015730987484856265
0.051418873462960535 -0.6054434085501977 43 nil_vol 0.6 nil_bias 0.32 Right 0.04 0.01 0.001 0.049649803738493814 -0.6047744803859794 0.0017690697244667208 -0.0006689281642183624
-0.010901102622355779 -0.764909426052628 43 nil_vol 0.6 nil_bias 0.32 Home 0.04 0.01 0.001 0.0 -0.75 -0.010901102622355779 -0.01490942605262797
-0.009469422886621347 -0.6596462277344529 44 nil_vol 0.6 nil_bias 0.32 Home 0.04 0.01 0.001 -0.008954753503345715 -0.6596557449911475 -0.0005146693832756314 9.517256694659954e-06
-0.003550017510719078 -0.6589948393564105 44 nil_vol 0.6 nil_bias 0.32 Home 0.04 0.01 0.001 -0.008940688690378232 -0.6588951551648877 0.005390671179659154 -9.968419152270705e-05
-0.015320871163981535 -0.5535635623780778 44 nil_vol 0.6 nil_bias 0.32 Home 0.04 0.01 0.001 -0.0069957456339882415 -0.5537175104450484 -0.008325125529993293 0.00015394806697055895
-0.016743182983748044 -0.31405692480877184 44 nil_vol 0.6 nil_bias 0.32 Home 0.04 0.01 0.001 -0.002568793507566563 -0.3143190373562024 -0.014174389476181479 0.0002621125474305887
0.0032798510932123973 -0.21835609649483703 44 nil_vol 0.6 nil_bias 0.32 Home 0.04 0.01 0.001 -0.0007928559081881656 -0.21828078407246643 0.004072707001400563 -7.531242237059497e-05
-0.002601789647655802 -0.20471533816794543 44 nil_vol 0.6 nil_bias 0.32 Home 0.04 0.01 0.001 -0.0005427080439070024 -0.20475341466679098 -0.0020590816037487996 3.8076498845540104e-05
-0.003744227611010058 0.18677310438554476 44 nil_vol 0.6 nil_bias 0.32 Home 0.04 0.01 0.001 0.006693823761411243 0.18658008413306515 -0.0104380513724213 0.0001930202524795976
0.008405392725992666 0.27913744301244614 44 nil_vol 0.6 nil_bias 0.32 Left 0.04 0.01 0.001 -0.4 0.35 0.4084053927259927 -0.07086255698755382
0.017115451537919928 0.23699122363134528 45 nil_vol 0.6 nil_bias 0.32 Left 0.04 0.01 0.001 0.00963470295594312 0.2367741451407292 0.007480748581976808 0.00021707849061607364
0.024086428503702687 -0.01196429973157754 45 nil_vol 0.6 nil_bias 0.32 Left 0.04 0.01 0.001 0.016858752058310535 -0.012174034502935471 0.007227676445392153 0.00020973477135793162
0.017351636892524613 -0.07567097539269595 45 nil_vol 0.6 nil_bias 0.32 Left 0.04 0.01 0.001 0.01870018879111732 -0.07563184273004114 -0.0013485518985927088 -3.913266265480986e-05
0.014335079676631746 -0.14970598078076094 45 nil_vol 0.6 nil_bias 0.32 Left 0.04 0.01 0.001 0.020844212117579215 -0.14951709692374893 -0.006509132440947469 -0.00018888385701202226
0.023731555580817704 -0.3221695222440947 45 nil_vol 0.6 nil_bias 0.32 Left 0.04 0.01 0.001 0.025852503347890923 -0.3221079759783826 -0.002120947767073218 -6.154626571210348e-05
0.04658581317698901 -0.35295007403096335 45 nil_vol 0.6 nil_bias 0.32 Left 0.04 0.01 0.001 0.02676417914543048 -0.35352526384652294 0.019821634031558535 0.0005751898155595928
0.04147298556557075 -0.7004547897889379 45 nil_vol 0.6 nil_bias 0.32 Left 0.04 0.01 0.001 0.03683538397294476 -0.7005893650313451 0.004637601592625991 0.00013457524240708006
0.03706502254443315 -0.7085029469488975 45 nil_vol 0.6 nil_bias 0.32 Home 0.04 0.01 0.001 0.0 -0.75 0.03706502254443315 0.04149705305110255
0.0443368083985522 -0.7002022811213839 46 nil_vol 0.6 nil_bias 0.32 Home 0.04 0.01 0.001 0.04200538648959476 -0.6989913328417144 0.0023314219089574386 -0.0012109482796694704
0.04646134406508395 -0.6999364736699591 46 nil_vol 0.6 nil_bias 0.32 Home 0.04 0.01 0.001 0.042565497851924615 -0.6979129582129084 0.00389584621315933 -0.0020235154570507363
0.04251262434630372 -0.6728004841618548 46 nil_vol 0.6 nil_bias 0.32 Home 0.04 0.01 0.001 0.05282651956585254 -0.6781575555802961 -0.010313895219548817 0.005357071418441328
0.2448383039236789 -0.3237135103890906 46 nil_vol 0.6 nil_bias 0.32 Home 0.04 0.01 0.001 0.2386070105123083 -0.32047695590376823 0.0062312934113705944 -0.0032365544853223214
0.3960189499968197 -0.02233646433633266 46 nil_vol 0.6 nil_bias 0.32 Home 0.04 0.01 0.001 0.3940053895816452 -0.0212906143718119 0.0020135604151744614 -0.0010458499645207594
0.49518930860938304 0.17274515408096627 46 nil_vol 0.6 nil_bias 0.32 Home 0.04 0.01 0.001 0.4948734296629093 0.17290922265446063 0.0003158789464737189 -0.0001640685734943643
0.527630729935334 0.27547025044900736 46 nil_vol 0.6 nil_bias 0.32 Home 0.04 0.01 0.001 0.5437856868168734 0.2670793122114137 -0.016154956881539412 0.008390938237593681
0.5557165781871302 0.2900496917073902 46 nil_vol 0.6 nil_bias 0.32 Right 0.04 0.01 0.001 0.4 0.35 0.15571657818713014 -0.05995030829260978
0.5551462238780703 0.2683773008312556 47 nil_vol 0.6 nil_bias 0.32 Right 0.04 0.01 0.001 0.5465587807868737 0.27298605156410227 0.008587443091196611 -0.004608750732846683
0.48040355943886226 0.15635165474579293 47 nil_vol 0.6 nil_bias 0.32 Right 0.04 0.01 0.001 0.48316692993640714 0.15486859562441804 -0.0027633704975449087 0.0014830591213748998
0.4740125475952731 0.13014053752134633 47 nil_vol 0.6 nil_bias 0.32 Right 0.04 0.01 0.001 0.4708163564225509 0.13185588494818432 0.0031961911727222524 -0.0017153474268379895
0.42986395243819175 0.04404940581779517 47 nil_vol 0.6 nil_bias 0.32 Right 0.04 0.01 0.001 0.42507213757740636 0.04662110032764874 0.004791814860785393 -0.002571694509853571
0.38212558175443284 -0.026104856561798607 47 nil_vol 0.6 nil_bias 0.32 Right 0.04 0.01 0.001 0.385165599097007 -0.02773638785774607 -0.003040017342574122 0.0016315312959474645
0.05339974247808877 -0.6096043683364805 47 nil_vol 0.6 nil_bias 0.32 Right 0.04 0.01 0.001 0.06852835636625237 -0.6177236664329657 -0.015128613888163603 0.008119298096485301
0.03941432901369025 -0.6577845701360561 47 nil_vol 0.6 nil_bias 0.32 Right 0.04 0.01 0.001 0.045325637652203876 -0.6609570800124547 -0.005911308638513625 0.0031725098763986494
0.012817409173195021 -0.7215293648334816 47 nil_vol 0.6 nil_bias 0.32 Home 0.04 0.01 0.001 0.0 -0.75 0.012817409173195021 0.028470635166518356
0.04939588780379918 -0.629244934369958 48 nil_vol 0.6 nil_bias 0.32 Home 0.04 0.01 0.001 0.04120972884365503 -0.62679159354395 0.008186158960144154 -0.002453340826007966
0.09786053654827004 -0.4227272534855768 48 nil_vol 0.6 nil_bias 0.32 Home 0.04 0.01 0.001 0.10199518116724263 -0.42396638071168447 -0.004134644618972581 0.0012391272261076348
0.19990946320728176 -0.0663369295987994 48 nil_vol 0.6 nil_bias 0.32 Home 0.04 0.01 0.001 0.20841092838547576 -0.06888476573343771 -0.00850146517819401 0.0025478361346383104
0.21463204960447324 -0.06560631320262758 48 nil_vol 0.6 nil_bias 0.32 Home 0.04 0.01 0.001 0.20982519439123207 -0.06416572865048664 0.004806855213241169 -0.0014405845521409373
0.2064260778570308 -0.03231638953891502 48 nil_vol 0.6 nil_bias 0.32 Home 0.04 0.01 0.001 0.21830345970389584 -0.035875966861181774 -0.011877381846865051 0.0035595773222667545
0.23728289152594959 0.006522507013501938 48 nil_vol 0.6 nil_bias 0.32 Home 0.04 0.01 0.001 0.2315269920180243 0.008247514226523811 0.005755899507925301 -0.0017250072130218733
0.30444149100192713 0.26529669854652205 48 nil_vol 0.6 nil_bias 0.32 Home 0.04 0.01 0.001 0.3082233572446659 0.2641632968013342 -0.003781866242738751 0.0011334017451878245
0.4184439665495691 0.6319407449604884 48 nil_vol 0.6 nil_bias 0.32 Right 0.04 0.01 0.001 0.4 0.35 0.018443966549569087 0.28194074496048843
0.25507774341223577 0.14610100092836828 49 nil_vol 0.6 nil_bias 0.32 Right 0.04 0.01 0.001 0.26326645802685167 0.14349945116580093 -0.00818871461461591 0.0026015497625673564
0.2798484349528628 0.11624195800033785 49 nil_vol 0.6 nil_bias 0.32 Right 0.04 0.01 0.001 0.2569209104728979 0.12352601889075487 0.022927524479964958 -0.007284060890417026
0.2482571846841726 0.09026042807975258 49 nil_vol 0.6 nil_bias 0.32 Right 0.04 0.01 0.001 0.24652707687716785 0.09081008230100185 0.0017301078070047536 -0.0005496542212492605
0.2092941193659675 -0.02514351628205429 49 nil_vol 0.6 nil_bias 0.32 Right 0.04 0.01 0.001 0.20965251378227834 -0.02525737797494987 -0.00035839441631083454 0.00011386169289557674
0.13737080727689147 -0.2535289245103865 49 nil_vol 0.6 nil_bias 0.32 Right 0.04 0.01 0.001 0.13715278485736776 -0.25345965891737954 0.00021802241952370333 -6.926559300697466e-05
0.07454734123659533 -0.44677470217964005 49 nil_vol 0.6 nil_bias 0.32 Right 0.04 0.01 0.001 0.07562766987744268 -0.44711792194627775 -0.001080328640847354 0.00034321976663769416
0.04882948417882067 -0.5249322687036834 49 nil_vol 0.6 nil_bias 0.32 Right 0.04 0.01 0.001 0.050715715386509375 -0.5255315232364706 -0.0018862312076887015 0.0005992545327872372
-0.011684505836592503 -0.7219442964369412 49 nil_vol 0.6 nil_bias 0.32 Home 0.04 0.01 0.001 0.0 -0.75 -0.011684505836592503 0.028055703563058806
-0.15184890884337027 -0.35677073231880185 50 nil_vol 0.6 nil_bias 0.32 Home 0.04 0.01 0.001 -0.16394468809846396 -0.36188574921871647 0.012095779255093706 0.005115016899914636
-0.23675148435807297 -0.21283759627333473 50 nil_vol 0.6 nil_bias 0.32 Home 0.04 0.01 0.001 -0.22845687816597784 -0.20933000490977405 -0.008294606192095122 -0.003507591363560681
-0.24916109134683362 -0.19284953348998307 50 nil_vol 0.6 nil_bias 0.32 Home 0.04 0.01 0.001 -0.23750963925004775 -0.1879224119605034 -0.011651452096785876 -0.004927121529479654
-0.2505465377252041 -0.14207946901479585 50 nil_vol 0.6 nil_bias 0.32 Home 0.04 0.01 0.001 -0.25593240415693136 -0.14435702362603486 0.005385866431727291 0.002277554611239026
-0.31126565293685965 -0.0051945237947524404 50 nil_vol 0.6 nil_bias 0.32 Home 0.04 0.01 0.001 -0.3142476557402162 -0.006455541742673265 0.002982002803356545 0.0012610179479208249
-0.4475176158296146 0.30028363608589465 50 nil_vol 0.6 nil_bias 0.32 Home 0.04 0.01 0.001 -0.44449997437330513 0.3015597247711611 -0.003017641456309426 -0.00127608868526645
-0.45328546182599894 0.32784897203148505 50 nil_vol 0.6 nil_bias 0.32 Home 0.04 0.01 0.001 -0.4552633723795024 0.3270125607764244 0.00197791055350344 0.0008364112550606587
-0.48914622784302325 0.4071373283457817 50 nil_vol 0.6 nil_bias 0.32 Left 0.04 0.01 0.001 -0.4 0.35 -0.08914622784302323 0.0571373283457817
-0.40091011865081666 0.2233653074566995 51 nil_vol 0.6 nil_bias 0.32 Left 0.04 0.01 0.001 -0.40767879917778277 0.22041215977864478 0.006768680526966114 0.0029531476780547076
-0.40624020091204516 0.21009003204404836 51 nil_vol 0.6 nil_bias 0.32 Left 0.04 0.01 0.001 -0.403665417618235 0.21121339948254936 -0.0025747832938101795 -0.001123367438501009
-0.2650369824221252 -0.092877894869238 51 nil_vol 0.6 nil_bias 0.32 Left 0.04 0.01 0.001 -0.2700393971733261 -0.09506042800081677 0.005002414751200893 0.0021825331315787617
-0.15902108615303506 -0.3210768273052481 51 nil_vol 0.6 nil_bias 0.32 Left 0.04 0.01 0.001 -0.16944510915786487 -0.3256247859819889 0.010424023004829822 0.004547958676740802
-0.10204434417064748 -0.4528591156940931 51 nil_vol 0.6 nil_bias 0.32 Left 0.04 0.01 0.001 -0.11203208323646263 -0.45721672546954645 0.009987739065815153 0.004357609775453355
-0.09641223731921394 -0.5044772030330175 51 nil_vol 0.6 nil_bias 0.32 Left 0.04 0.01 0.001 -0.09221205237490138 -0.5026446794907582 -0.004200184944312572 -0.0018325235422592297
-0.049927688672888736 -0.5738708842581234 51 nil_vol 0.6 nil_bias 0.32 Left 0.04 0.01 0.001 -0.05934392970133551 -0.5779791517732435 0.009416241028446773 0.004108267515120125
-0.0002153661706078042 -0.7135031418303711 51 nil_vol 0.6 nil_bias 0.32 Home 0.04 0.01 0.001 0.0 -0.75 -0.0002153661706078042 0.036496858169628846
-0.010040329364177978 -0.6557284252363013 52 nil_vol 0.6 nil_bias 0.32 Home 0.04 0.01 0.001 -0.019323806056328493 -0.6589820808534886 0.009283476692150515 0.0032536556171873453
-0.05865113236441395 -0.4764054281576712 52 nil_vol 0.6 nil_bias 0.32 Home 0.04 0.01 0.001 -0.0806150010260652 -0.48410328393045193 0.02196386866165125 0.007697855772780782
-0.08218776055625011 -0.45931636669726056 52 nil_vol 0.6 nil_bias 0.32 Home 0.04 0.01 0.001 -0.08852396625404384 -0.4615370682667181 0.006336205697793725 0.0022207015694575265
-0.23616676436875245 -0.08701842246038653 52 nil_vol 0.6 nil_bias 0.32 Home 0.04 0.01 0.001 -0.22157672940306186 -0.08190493418489841 -0.014590034965690576 -0.005113488275488123
-0.23560816893097716 0.004612932150357034 52 nil_vol 0.6 nil_bias 0.32 Home 0.04 0.01 0.001 -0.250117141476261 -0.00047214551903540514 0.014508972545283851 0.005085077669392439
-0.269721711470382 0.06247798154634799 52 nil_vol 0.6 nil_bias 0.32 Home 0.04 0.01 0.001 -0.2719108785671658 0.06171072634039321 0.002189167096783816 0.0007672552059547834
-0.3504094156056978 0.2562975490441411 52 nil_vol 0.6 nil_bias 0.32 Home 0.04 0.01 0.001 -0.3412361082202129 0.259512592727959 -0.009173307385484969 -0.003215043683817913
-0.40179900021622866 0.43231336281691835 52 nil_vol 0.6 nil_bias 0.32 Left 0.04 0.01 0.001 -0.4 0.35 -0.0017990002162286676 0.0823133628169184
-0.3728171101189589 0.32901395039823883 53 nil_vol 0.6 nil_bias 0.32 Left 0.04 0.01 0.001 -0.3716835377763974 0.3293454912447573 -0.0011335723425615189 -0.0003315408465185047
-0.36045129514047086 0.24292201510597763 53 nil_vol 0.6 nil_bias 0.32 Left 0.04 0.01 0.001 -0.34751359397253 0.24670596098765812 -0.012937701167940843 -0.0037839458816804803
-0.3285927649714895 0.19433148983551773 53 nil_vol 0.6 nil_bias 0.32 Left 0.04 0.01 0.001 -0.331911514040604 0.19336084082226607 0.003318749069114515 0.0009706490132516731
-0.29993610487776523 0.11566832097746722 53 nil_vol 0.6 nil_bias 0.32 Left 0.04 0.01 0.001 -0.3084593545032097 0.11317548898976809 0.00852324962544447 0.002492831987699128
-0.24410302833448724 -0.13954457550037094 53 nil_vol 0.6 nil_bias 0.32 Left 0.04 0.01 0.001 -0.2352983761073693 -0.13696944046656845 -0.008804652227117933 -0.0025751350338024835
-0.20674097531377036 -0.2618693921596276 53 nil_vol 0.6 nil_bias 0.32 Left 0.04 0.01 0.001 -0.19939659042636124 -0.2597213478828706 -0.007344384887409122 -0.0021480442767570327
-0.06419559860554519 -0.7191068662086609 53 nil_vol 0.6 nil_bias 0.32 Left 0.04 0.01 0.001 -0.06497171457744982 -0.7193338602315923 0.0007761159719046344 0.0002269940229313861
-0.033906329565280974 -0.8255496150340829 53 nil_vol 0.6 nil_bias 0.32 Home 0.04 0.01 0.001 0.0 -0.75 -0.033906329565280974 -0.07554961503408285
-0.017320087948454653 -0.806832521673133 54 nil_vol 0.6 nil_bias 0.32 Home 0.04 0.01 0.001 -0.02402007296009607 -0.8037886425003078 0.006699985011641415 -0.003043879172825237
0.056997400045297936 -0.5853609254999619 54 nil_vol 0.6 nil_bias 0.32 Home 0.04 0.01 0.001 0.07209747808130354 -0.5922210621960846 -0.015100078036005604 0.00686013669612269
0.1358603824124526 -0.4412750447733612 54 nil_vol 0.6 nil_bias 0.32 Home 0.04 0.01 0.001 0.13985042553057553 -0.4430877666115185 -0.00399004311812293 0.0018127218381573107
0.15322881393694826 -0.42489292101869397 54 nil_vol 0.6 nil_bias 0.32 Home 0.04 0.01 0.001 0.1489911905763642 -0.42296772066867117 0.004237623360584047 -0.0019252003500227863
0.42530212283248087 0.24868269428360956 54 nil_vol 0.6 nil_bias 0.32 Home 0.04 0.01 0.001 0.4491975944892339 0.23782671052029558 -0.023895471656753025 0.01085598376331399
0.44375150923709866 0.24568295583020716 54 nil_vol 0.6 nil_bias 0.32 Home 0.04 0.01 0.001 0.45122438357546224 0.24228794427120182 -0.007472874338363588 0.0033950115590053354
0.4947054094069064 0.37591558732658903 54 nil_vol 0.6 nil_bias 0.32 Home 0.04 0.01 0.001 0.5089855362708278 0.3694279637467053 -0.014280126863921376 0.006487623579883736
0.5841842110837341 0.5349503007171734 54 nil_vol 0.6 nil_bias 0.32 Right 0.04 0.01 0.001 0.4 0.35 0.18418421108373412 0.18495030071717344
0.4436369676711875 0.1707775082691612 55 nil_vol 0.6 nil_bias 0.32 Right 0.04 0.01 0.001 0.43859213794770213 0.17280566815896004 0.005044829723485347 -0.002028159889798837
0.42351366917775224 0.1472316293032664 55 nil_vol 0.6 nil_bias 0.32 Right 0.04 0.01 0.001 0.4276432286494819 0.14557143315351118 -0.004129559471729652 0.0016601961497551983
0.4065141370340115 0.0997589684515395 55 nil_vol 0.6 nil_bias 0.32 Right 0.04 0.01 0.001 0.4088481278436789 0.09882064014259984 -0.002333990809667417 0.0009383283089396657
0.3904175915753558 0.07684198062802623 55 nil_vol 0.6 nil_bias 0.32 Right 0.04 0.01 0.001 0.39867714502766105 0.07352141364404452 -0.008259553452305248 0.0033205669839817087
0.3485619537319178 -0.055889263228558965 55 nil_vol 0.6 nil_bias 0.32 Right 0.04 0.01 0.001 0.3469164589951096 -0.05522772922107144 0.001645494736808182 -0.0006615340074875259
0.13439435299543223 -0.554388548919194 55 nil_vol 0.6 nil_bias 0.32 Right 0.04 0.01 0.001 0.14459192763520828 -0.5584882535655848 -0.01019757463977606 0.004099704646390866
0.10170194582840365 -0.6724612883291536 55 nil_vol 0.6 nil_bias 0.32 Right 0.04 0.01 0.001 0.09917935813507517 -0.6714471389012173 0.002522587693328483 -0.0010141494279363578
0.04666208442296568 -0.8020782122953095 55 nil_vol 0.6 nil_bias 0.32 Home 0.04 0.01 0.001 0.0 -0.75 0.04666208442296568 -0.052078212295309526
-0.01903381640035614 -0.5991766616875185 56 nil_vol 0.6 nil_bias 0.32 Home 0.04 0.01 0.001 -0.026874946925127333 -0.602059458679201 0.007841130524771192 0.0028827969916824354
-0.12258695468541758 -0.30912353325044645 56 nil_vol 0.6 nil_bias 0.32 Home 0.04 0.01 0.001 -0.13314582839540964 -0.3130055103799635 0.01055887370999206 0.00388197712951706
-0.1970866651958892 -0.1475342376185665 56 nil_vol 0.6 nil_bias 0.32 Home 0.04 0.01 0.001 -0.1943511995667761 -0.14652854181213326 -0.0027354656291130905 -0.001005695806433222
-0.2060876927517038 -0.10557892266822445 56 nil_vol 0.6 nil_bias 0.32 Home 0.04 0.01 0.001 -0.20901119403700766 -0.10665374991205478 0.0029235012853038697 0.0010748272438303353
-0.22352218701063678 -0.012063974773290253 56 nil_vol 0.6 nil_bias 0.32 Home 0.04 0.01 0.001 -0.2413741876474795 -0.018627274997514598 0.017852000636842717 0.006563300224224344
-0.312279696816234 0.1425465841042033 56 nil_vol 0.6 nil_bias 0.32 Home 0.04 0.01 0.001 -0.3020170398138817 0.1463196569588875 -0.010262657002352278 -0.003773072854684196
-0.37435252749158926 0.30988798552762864 56 nil_vol 0.6 nil_bias 0.32 Home 0.04 0.01 0.001 -0.36360566846217834 0.31383907558819424 -0.010746859029410895 -0.003951090060565595
-0.36490172635161533 0.317364318297985 56 nil_vol 0.6 nil_bias 0.32 Left 0.04 0.01 0.001 -0.4 0.35 0.03509827364838467 -0.032635681702014994
-0.3424367579320962 0.2617979535901992 57 nil_vol 0.6 nil_bias 0.32 Left 0.04 0.01 0.001 -0.3456494521243141 0.2607062871772725 0.003212694192217849 0.0010916664129266744
-0.3359793196141519 0.21773321795405232 57 nil_vol 0.6 nil_bias 0.32 Left 0.04 0.01 0.001 -0.33155781588610966 0.21923563518574085 -0.004421503728042235 -0.0015024172316885382
-0.22261700743523086 -0.06500397000700922 57 nil_vol 0.6 nil_bias 0.32 Left 0.04 0.01 0.001 -0.23369475854786184 -0.06876816544450648 0.011077751112630988 0.0037641954374972525
-0.21318739099853423 -0.14750918897003865 57 nil_vol 0.6 nil_bias 0.32 Left 0.04 0.01 0.001 -0.2075855364934281 -0.14560569114315564 -0.005601854505106133 -0.00190349782688301
-0.13227180648789952 -0.3717980469034675 57 nil_vol 0.6 nil_bias 0.32 Left 0.04 0.01 0.001 -0.1308858931116296 -0.37132711658966283 -0.0013859133762699268 -0.00047093031380469956
-0.10976556424127132 -0.4295184304953076 57 nil_vol 0.6 nil_bias 0.32 Left 0.04 0.01 0.001 -0.11097317855004812 -0.42992877517855027 0.0012076143087768085 0.0004103446832427027
-0.07673415519394984 -0.4812045738943639 57 nil_vol 0.6 nil_bias 0.32 Left 0.04 0.01 0.001 -0.09180917491984836 -0.4863270324056141 0.015075019725898515 0.005122458511250226
-0.006580455617376999 -0.7371489027782134 57 nil_vol 0.6 nil_bias 0.32 Home 0.04 0.01 0.001 0.0 -0.75 -0.006580455617376999 0.012851097221786595
0.0007560215874437256 -0.7359753555523276 58 nil_vol 0.6 nil_bias 0.32 Home 0.04 0.01 0.001 -0.006349079616160089 -0.7351520748480269 0.007105101203603814 -0.0008232807043007253
0.0011746147134732313 -0.6532078059015777 58 nil_vol 0.6 nil_bias 0.32 Home 0.04 0.01 0.001 0.003119831462658384 -0.6534332016235238 -0.0019452167491851525 0.000225395721946147
0.06372307302030729 -0.2204027877099306 58 nil_vol 0.6 nil_bias 0.32 Home 0.04 0.01 0.001 0.053433979282249494 -0.21921057213177841 0.010289093738057791 -0.0011922155781521981
0.07762881155984465 -0.0299397476234747 58 nil_vol 0.6 nil_bias 0.32 Home 0.04 0.01 0.001 0.07539511630044801 -0.029680925383839818 0.002233695259396637 -0.00025882223963488477
0.10493726670829115 0.2804750581616638 58 nil_vol 0.6 nil_bias 0.32 Home 0.04 0.01 0.001 0.11124870232072266 0.27974374089998766 -0.006311435612431517 0.0007313172616761274
0.11903671088733205 0.4403798489408408 58 nil_vol 0.6 nil_bias 0.32 Home 0.04 0.01 0.001 0.12971847738866243 0.43914213367171406 -0.010681766501330384 0.0012377152691267334
0.1407604032203855 0.6104756443548859 58 nil_vol 0.6 nil_bias 0.32 Home 0.04 0.01 0.001 0.14945446694489722 0.6094682477392372 -0.008694063724511737 0.0010073966156486187
0.16164449106068443 0.7146709502495612 58 nil_vol 0.6 nil_bias 0.32 Right 0.04 0.01 0.001 0.4 0.35 -0.2383555089393156 0.36467095024956114
0.1643017590794021 0.6524532405589597 59 nil_vol 0.6 nil_bias 0.32 Right 0.04 0.01 0.001 0.15469283779117496 0.6535460503500528 0.00960892128822713 -0.0010928097910930176
0.1523257752761632 0.4611322038003522 59 nil_vol 0.6 nil_bias 0.32 Right 0.04 0.01 0.001 0.13305906750778448 0.4633233807555853 0.019266707768378723 -0.002191176955233113
0.15266554494183593 0.3908327961584336 59 nil_vol 0.6 nil_bias 0.32 Right 0.04 0.01 0.001 0.12517043756232277 0.39395977801729215 0.027495107379513176 -0.0031269818588585407
0.09177471677997576 0.14944573271833247 59 nil_vol 0.6 nil_bias 0.32 Right 0.04 0.01 0.001 0.09729083496704667 0.14881839196042213 -0.00551611818707091 0.0006273407579103553
0.05457605500156869 -0.22404602732901718 59 nil_vol 0.6 nil_bias 0.32 Right 0.04 0.01 0.001 0.054881511462820914 -0.2240807664845994 -0.000305456461252227 3.473915558222317e-05
0.04476844057092989 -0.4475099252660524 59 nil_vol 0.6 nil_bias 0.32 Right 0.04 0.01 0.001 0.029666542600403717 -0.4457924065694949 0.015101897970526175 -0.0017175186965574269
0.019501232790666557 -0.7170827078327467 59 nil_vol 0.6 nil_bias 0.32 Right 0.04 0.01 0.001 -0.000922772851935344 -0.7147599129351634 0.0204240056426019 -0.00232279489758339
-0.0009718700444221124 -0.715191617575736 59 nil_vol 0.6 nil_bias 0.32 Home 0.04 0.01 0.001 0.0 -0.75 -0.0009718700444221124 0.034808382424263984
-0.028627359518756588 -0.5878532034389008 60 nil_vol 0.6 nil_bias 0.32 Home 0.04 0.01 0.001 -0.021088262634261484 -0.5866731440394363 -0.007539096884495104 -0.0011800593994644865
-0.07167071683308698 -0.2712222638199982 60 nil_vol 0.6 nil_bias 0.32 Home 0.04 0.01 0.001 -0.07049315663204515 -0.2710379458565917 -0.0011775602010418275 -0.00018431796340653608
-0.06676435465118616 -0.2059361836391738 60 nil_vol 0.6 nil_bias 0.32 Home 0.04 0.01 0.001 -0.08035036980205329 -0.20806273873266512 0.01358601515086713 0.0021265550934913297
-0.10616735078527771 -0.10493248629053765 60 nil_vol 0.6 nil_bias 0.32 Home 0.04 0.01 0.001 -0.09672422173759682 -0.1034543976860538 -0.0094431290476809 -0.0014780886044838584
-0.14113344168121988 0.1927606298959389 60 nil_vol 0.6 nil_bias 0.32 Home 0.04 0.01 0.001 -0.1430425931763261 0.1924617993859563 0.0019091514951062086 0.00029883050998258094
-0.17975064316748274 0.4820137627351924 60 nil_vol 0.6 nil_bias 0.32 Home 0.04 0.01 0.001 -0.18815879976274263 0.4806976735040258 0.008408156595259902 0.001316089231166612
-0.18314394971957443 0.5148067416444552 60 nil_vol 0.6 nil_bias 0.32 Home 0.04 0.01 0.001 -0.19325012877716868 0.5132248689384402 0.010106179057594242 0.0015818727060149607
-0.19533952443446112 0.5265734819807324 60 nil_vol 0.6 nil_bias 0.32 Left 0.04 0.01 0.001 -0.4 0.35 0.2046604755655389 0.1765734819807324
-0.21143006604920156 0.4764043792710333 61 nil_vol 0.6 nil_bias 0.32 Left 0.04 0.01 0.001 -0.18932010165149127 0.47921460699422447 -0.022109964397710284 -0.0028102277231911773
-0.1894698625536113 0.4128471797734445 61 nil_vol 0.6 nil_bias 0.32 Left 0.04 0.01 0.001 -0.181021136975055 0.41392103237761024 -0.00844872557855631 -0.001073852604165757
-0.18090259733198952 0.3402162962287163 61 nil_vol 0.6 nil_bias 0.32 Left 0.04 0.01 0.001 -0.17180014429345433 0.34137323910830714 -0.00910245303853519 -0.0011569428795908162
-0.1464451153899879 0.05863734084459923 61 nil_vol 0.6 nil_bias 0.32 Left 0.04 0.01 0.001 -0.13603198046280662 0.059960874430240174 -0.010413134927181262 -0.0013235335856409448
-0.14489543215068804 0.04989420931397857 61 nil_vol 0.6 nil_bias 0.32 Left 0.04 0.01 0.001 -0.13491373825028882 0.05116290574508703 -0.009981693900399206 -0.001268696431108459
-0.10235269363249364 -0.33116876260161177 61 nil_vol 0.6 nil_bias 0.32 Left 0.04 0.01 0.001 -0.08657341129818406 -0.32916317924243954 -0.01577928233430958 -0.0020055833591722015
-0.06823850334719103 -0.6058266401664907 61 nil_vol 0.6 nil_bias 0.32 Left 0.04 0.01 0.001 -0.05167640483052047 -0.6037215590560665 -0.016562098516670558 -0.0021050811104241815
-0.025818295435179245 -0.8071648150616222 61 nil_vol 0.6 nil_bias 0.32 Home 0.04 0.01 0.001 0.0 -0.75 -0.025818295435179245 -0.05716481506162223
0.014762072622556615 -0.7314465845024748 62 nil_vol 0.6 nil_bias 0.32 Home 0.04 0.01 0.001 0.008621426650105478 -0.7287496305634051 0.006140645972451136 -0.002696953939069652
0.18287227660400535 -0.3892357464773808 62 nil_vol 0.6 nil_bias 0.32 Home 0.04 0.01 0.001 0.16179971474059823 -0.37998073829440304 0.021072561863407113 -0.009255008182977769
0.226674051350593 -0.252803438909695 62 nil_vol 0.6 nil_bias 0.32 Home 0.04 0.01 0.001 0.2191139210683715 -0.24948305156999329 0.007560130282221485 -0.0033203873397017014
0.2942248798912521 -0.06054714298324609 62 nil_vol 0.6 nil_bias 0.32 Home 0.04 0.01 0.001 0.3008215638984586 -0.06344438750733183 -0.006596684007206461 0.002897244524085746
0.32437627835928323 -0.010360457743572726 62 nil_vol 0.6 nil_bias 0.32 Home 0.04 0.01 0.001 0.32417474651955014 -0.010271945542827954 0.00020153183973311423 -8.851220074477292e-05
0.3359442259133204 0.012785793657163818 62 nil_vol 0.6 nil_bias 0.32 Home 0.04 0.01 0.001 0.3345672494716945 0.013390557725131536 0.0013769764416259177 -0.0006047640679677179
0.47502286533227706 0.30715981441816403 62 nil_vol 0.6 nil_bias 0.32 Home 0.04 0.01 0.001 0.46543860419923877 0.3113691941693797 0.009584261133038305 -0.004209379751215663
0.5588742428475797 0.5241111212143991 62 nil_vol 0.6 nil_bias 0.32 Right 0.04 0.01 0.001 0.4 0.35 0.15887424284757973 0.1741111212143991
0.5246256490280158 0.45372222988006855 63 nil_vol 0.6 nil_bias 0.32 Right 0.04 0.01 0.001 0.5280723675124832 0.45224496439418305 -0.0034467184844674675 0.0014772654858854954
0.5281385213027165 0.41656792615872174 63 nil_vol 0.6 nil_bias 0.32 Right 0.04 0.01 0.001 0.5151644799993517 0.4221286075767967 0.012974041303364867 -0.005560681418074975
0.48695350264141374 0.34425185761326327 63 nil_vol 0.6 nil_bias 0.32 Right 0.04 0.01 0.001 0.48258833546850005 0.3461227707248869 0.004365167172913672 -0.0018709131116236351
0.36104535267594007 0.049268842165422995 63 nil_vol 0.6 nil_bias 0.32 Right 0.04 0.01 0.001 0.3562394171760238 0.0513286688305285 0.004805935499916244 -0.0020598266651055044
0.3117903994043975 -0.008893752260451051 63 nil_vol 0.6 nil_bias 0.32 Right 0.04 0.01 0.001 0.32753567155574337 -0.01564218478253765 -0.015745272151345854 0.006748432522086599
0.2713818080749673 -0.17304287402270443 63 nil_vol 0.6 nil_bias 0.32 Right 0.04 0.01 0.001 0.26182856354542566 -0.1689483480307168 0.009553244529541644 -0.004094525991987639
0.07304867603937348 -0.5776646885828225 63 nil_vol 0.6 nil_bias 0.32 Right 0.04 0.01 0.001 0.08454132736966813 -0.5825904454231533 -0.011492651330294652 0.004925756840330822
-0.0009270007635923877 -0.7820029878727326 63 nil_vol 0.6 nil_bias 0.32 Home 0.04 0.01 0.001 0.0 -0.75 -0.0009270007635923877 -0.032002987872732626
