x y trial vol omega bias theta state target_sigma moving_sigma staying_sigma x_mean y_mean x_noise y_noise
0.049100371634300005 -0.6813019471747687 0 nil_vol 0.6 nil_bias 0.21 Home 0.04 0.01 0.001 0.04732843192391676 -0.680102151617441 0.0017719397103832476 -0.0011997955573276842
0.0652489919180448 -0.6580832762809646 0 nil_vol 0.6 nil_bias 0.21 Home 0.04 0.01 0.001 0.06318424018043095 -0.6566852151916074 0.002064751737613854 -0.0013980610893572192
0.19267451228252502 -0.48719783348423384 0 nil_vol 0.6 nil_bias 0.21 Home 0.04 0.01 0.001 0.1825756735535317 -0.48035982326852833 0.010098838728993325 -0.006838010215705532
0.19802830442569633 -0.4553060203673162 0 nil_vol 0.6 nil_bias 0.21 Home 0.04 0.01 0.001 0.1990646695670065 -0.4560077520825811 -0.0010363651413101802 0.000701731715264903
0.23246012745328815 -0.4091865792877221 0 nil_vol 0.6 nil_bias 0.21 Home 0.04 0.01 0.001 0.23129971022471826 -0.4084008508414741 0.0011604172285698713 -0.0007857284462480425
0.3531360976706655 -0.2210708510567349 0 nil_vol 0.6 nil_bias 0.21 Home 0.04 0.01 0.001 0.35656869453511086 -0.2233950917991966 -0.003432596864445369 0.00232424074246168
0.48782884302161206 -0.03245349481695399 0 nil_vol 0.6 nil_bias 0.21 Home 0.04 0.01 0.001 0.4864767759032641 -0.03153799858855699 0.0013520671183479618 -0.0009154962283969962
0.6002769336539447 0.13652981707783818 0 nil_vol 0.6 nil_bias 0.21 Right 0.04 0.01 0.001 0.4 0.35 0.2002769336539447 -0.2134701829221618
0.5993000553680476 0.11994162219231647 1 nil_vol 0.6 nil_bias 0.21 Right 0.04 0.01 0.001 0.592739542353787 0.12383766339717499 0.006560513014260688 -0.003896041204858516
0.5285858614909826 0.027345497415035912 1 nil_vol 0.6 nil_bias 0.21 Right 0.04 0.01 0.001 0.5336503718008974 0.02433787578438483 -0.005064510309914685 0.0030076216306510837
0.46271113425624594 -0.1258007626595602 1 nil_vol 0.6 nil_bias 0.21 Right 0.04 0.01 0.001 0.44923970077771697 -0.11780058648328079 0.013471433478528964 -0.008000176176279404
0.40248275608577555 -0.1964925613298696 1 nil_vol 0.6 nil_bias 0.21 Right 0.04 0.01 0.001 0.4025010526317849 -0.19650342695836603 -1.8296546009313665e-05 1.086562849641855e-05
0.36694381406712345 -0.2557786838923519 1 nil_vol 0.6 nil_bias 0.21 Right 0.04 0.01 0.001 0.36720692244360176 -0.2559349340322228 -0.00026310837647832395 0.00015625013987088248
0.15549621190794113 -0.6038235630664099 1 nil_vol 0.6 nil_bias 0.21 Right 0.04 0.01 0.001 0.15927597167404944 -0.606068219812188 -0.003779759766108321 0.0022446567457779683
0.10922918302229513 -0.6767605244141712 1 nil_vol 0.6 nil_bias 0.21 Right 0.04 0.01 0.001 0.11519167294699828 -0.6803014222646444 -0.0059624899247031436 0.0035408978504732113
0.07106408229814723 -0.754607523642304 1 nil_vol 0.6 nil_bias 0.21 Home 0.04 0.01 0.001 0.0 -0.75 0.07106408229814723 -0.004607523642303941
0.4809389313170799 -0.021670807110333527 2 nil_vol 0.6 nil_bias 0.21 Home 0.04 0.01 0.001 0.4571113634546855 -0.009328361148117303 0.023827567862394393 -0.012342445962216224
0.5588986235406844 0.19042404022419998 2 nil_vol 0.6 nil_bias 0.21 Home 0.04 0.01 0.001 0.5602252041742593 0.18973688449437576 -0.0013265806335748427 0.000687155729824233
0.5896661328292833 0.24056114747543156 2 nil_vol 0.6 nil_bias 0.21 Home 0.04 0.01 0.001 0.5872105418578094 0.24183311946374997 0.00245559097147381 -0.0012719719883184056
0.6174983149784274 0.26903537006447914 2 nil_vol 0.6 nil_bias 0.21 Home 0.04 0.01 0.001 0.6047275996854582 0.2756504750685902 0.012770715292969225 -0.006615105004111059
0.7280116871891754 0.4720798597388839 2 nil_vol 0.6 nil_bias 0.21 Home 0.04 0.01 0.001 0.7110319803057289 0.48087518101856697 0.01697970688344653 -0.00879532127968306
0.7143744889646271 0.48011300467968715 2 nil_vol 0.6 nil_bias 0.21 Home 0.04 0.01 0.001 0.7114278140493623 0.4816393533242449 0.0029466749152648004 -0.0015263486445577662
0.7061796688761363 0.5090829189124563 2 nil_vol 0.6 nil_bias 0.21 Home 0.04 0.01 0.001 0.7215257465940629 0.5011338014843023 -0.015346077717926586 0.007949117428153914
0.767737709590533 0.59034777801081 2 nil_vol 0.6 nil_bias 0.21 Right 0.04 0.01 0.001 0.4 0.35 0.367737709590533 0.24034777801080998
0.6347512932708554 0.34897388758576736 3 nil_vol 0.6 nil_bias 0.21 Right 0.04 0.01 0.001 0.6268761804424 0.35366066767125187 0.007875112828455466 -0.004686780085484509
0.5967510166880747 0.35385084039598663 3 nil_vol 0.6 nil_bias 0.21 Right 0.04 0.01 0.001 0.6190804946666182 0.3405617161651624 -0.022329477978543406 0.013289124230824212
0.4908826463149402 0.15146492175250903 3 nil_vol 0.6 nil_bias 0.21 Right 0.04 0.01 0.001 0.5024461186057465 0.14458305823738882 -0.011563472290806301 0.0068818635151202245
0.475031143652583 0.07629325693032679 3 nil_vol 0.6 nil_bias 0.21 Right 0.04 0.01 0.001 0.46526375739926 0.08210620112255462 0.009767386253322947 -0.0058129441922278365
0.3351390515956176 -0.1260195261754829 3 nil_vol 0.6 nil_bias 0.21 Right 0.04 0.01 0.001 0.3397625889351593 -0.12877116963754975 -0.004623537339541735 0.0027516434620668455
0.2111840433659278 -0.330017558146352 3 nil_vol 0.6 nil_bias 0.21 Right 0.04 0.01 0.001 0.2176891466785288 -0.333888993302094 -0.006505103312600974 0.0038714351557420307
0.18448031196933443 -0.3812297283244222 3 nil_vol 0.6 nil_bias 0.21 Right 0.04 0.01 0.001 0.18819807637172326 -0.3834423117556943 -0.0037177644023888355 0.002212583431272136
0.023284689436037263 -0.6605433289473304 3 nil_vol 0.6 nil_bias 0.21 Home 0.04 0.01 0.001 0.0 -0.75 0.023284689436037263 0.08945667105266968
0.06471502289095248 -0.5908771927671046 4 nil_vol 0.6 nil_bias 0.21 Home 0.04 0.01 0.001 0.058028615524596455 -0.5876884950393979 0.006686407366356026 -0.0031886977277066748
0.2813495404087112 -0.14004828782948658 4 nil_vol 0.6 nil_bias 0.21 Home 0.04 0.01 0.001 0.273328975502953 -0.13622334033696593 0.008020564905758205 -0.003824947492520651
0.29610599801096327 -0.08592143232335749 4 nil_vol 0.6 nil_bias 0.21 Home 0.04 0.01 0.001 0.2970930890497917 -0.08639216866652277 -0.00098709103882845 0.0004707363431652909
0.29809609201600623 -0.061782003239250406 4 nil_vol 0.6 nil_bias 0.21 Home 0.04 0.01 0.001 0.30684073067505674 -0.06595225609611854 -0.008744638659050528 0.004170252856868136
0.42132997120791155 0.18699621189598356 4 nil_vol 0.6 nil_bias 0.21 Home 0.04 0.01 0.001 0.426332302900829 0.1846106372774371 -0.005002331692917481 0.0023855746185464655
0.4607670172963744 0.24923726576663546 4 nil_vol 0.6 nil_bias 0.21 Home 0.04 0.01 0.001 0.45782202787997595 0.2506417092211939 0.0029449894163984676 -0.0014044434545584315
0.5016366949822465 0.30748849537389844 4 nil_vol 0.6 nil_bias 0.21 Home 0.04 0.01 0.001 0.48802703313212975 0.3139788414504304 0.013609661850116724 -0.0064903460765319875
0.49488962698351036 0.328369072823406 4 nil_vol 0.6 nil_bias 0.21 Right 0.04 0.01 0.001 0.4 0.35 0.09488962698351035 -0.02163092717659397
0.4437114898857206 0.22951439798363948 5 nil_vol 0.6 nil_bias 0.21 Right 0.04 0.01 0.001 0.4495576575638705 0.22690251962516028 -0.005846167678149888 0.002611878358479213
0.2747057203897517 -0.1563438170195348 5 nil_vol 0.6 nil_bias 0.21 Right 0.04 0.01 0.001 0.2777316319984678 -0.15769569631561026 -0.003025911608716058 0.0013518792960754795
0.22503472066857608 -0.24836053682894663 5 nil_vol 0.6 nil_bias 0.21 Right 0.04 0.01 0.001 0.23519709486454154 -0.2529007564556286 -0.01016237419596548 0.0045402196266819605
0.15244362535616335 -0.43479460965653816 5 nil_vol 0.6 nil_bias 0.21 Right 0.04 0.01 0.001 0.15368502741983592 -0.4353492278889909 -0.0012414020636725602 0.0005546182324527338
0.14264371165749593 -0.43640969306662497 5 nil_vol 0.6 nil_bias 0.21 Right 0.04 0.01 0.001 0.151452917096857 -0.440345360722628 -0.008809205439361072 0.003935667656002979
0.14232407339501496 -0.4976413743195285 5 nil_vol 0.6 nil_bias 0.21 Right 0.04 0.01 0.001 0.12859521250543215 -0.4915077639583182 0.013728860889582794 -0.006133610361210309
0.07303938304986725 -0.6007306608997102 5 nil_vol 0.6 nil_bias 0.21 Right 0.04 0.01 0.001 0.07867340236981041 -0.6032477582433277 -0.005634019319943162 0.002517097343617457
0.022514792969115186 -0.7289475811552001 5 nil_vol 0.6 nil_bias 0.21 Home 0.04 0.01 0.001 0.0 -0.75 0.022514792969115186 0.021052418844799952
0.058079804059568745 -0.37375203996784706 6 nil_vol 0.6 nil_bias 0.21 Home 0.04 0.01 0.001 0.06022298155466198 -0.37397970942075387 -0.0021431774950932355 0.00022766945290680844
0.09311172990526466 -0.2368189974812345 6 nil_vol 0.6 nil_bias 0.21 Home 0.04 0.01 0.001 0.07499795530320101 -0.23489477367654693 0.018113774602063645 -0.0019242238046875654
0.09699803011737079 0.0706844613592255 6 nil_vol 0.6 nil_bias 0.21 Home 0.04 0.01 0.001 0.1073428566187208 0.06958553185134742 -0.010344826501350006 0.001098929507878091
0.1508420646653328 0.6774615930100183 6 nil_vol 0.6 nil_bias 0.21 Home 0.04 0.01 0.001 0.17168227044323398 0.6752477407934926 -0.020840205777901192 0.0022138522165256603
0.19036857079779812 0.7627875261312711 6 nil_vol 0.6 nil_bias 0.21 Home 0.04 0.01 0.001 0.18108635766591585 0.7637735743658846 0.009282213131882258 -0.0009860482346134806
0.18684746954378115 0.7871742224190726 6 nil_vol 0.6 nil_bias 0.21 Home 0.04 0.01 0.001 0.1836087535264341 0.7875182707797325 0.0032387160173470496 -0.00034404836065985415
0.19080043455380866 0.7964098055321215 6 nil_vol 0.6 nil_bias 0.21 Home 0.04 0.01 0.001 0.18462301094071254 0.7970660323997455 0.006177423613096121 -0.0006562268676239576
0.193974596926906 0.8850976430227258 6 nil_vol 0.6 nil_bias 0.21 Right 0.04 0.01 0.001 0.4 0.35 -0.20602540307309403 0.5350976430227258
0.1680149655055844 0.6140264701737029 7 nil_vol 0.6 nil_bias 0.21 Right 0.04 0.01 0.001 0.16467968848305028 0.614387397166699 0.0033352770225341167 -0.0003609269929960333
0.13139669263971884 0.3670899522845346 7 nil_vol 0.6 nil_bias 0.21 Right 0.04 0.01 0.001 0.137842907915394 0.3663923751178 -0.00644621527567516 0.0006975771667346508
0.16229122472069568 0.32506995432485386 7 nil_vol 0.6 nil_bias 0.21 Right 0.04 0.01 0.001 0.13370594972369487 0.3281633097729699 0.028585274997000823 -0.003093355448116054
0.064384844127724 -0.21960238642790483 7 nil_vol 0.6 nil_bias 0.21 Right 0.04 0.01 0.001 0.07431322044360274 -0.22067678564116733 -0.009928376315878746 0.0010743992132625007
0.03213387651071628 -0.49901349361616293 7 nil_vol 0.6 nil_bias 0.21 Right 0.04 0.01 0.001 0.04405343065749201 -0.5003033681324274 -0.011919554146775728 0.00128987451626446
0.03686367633373371 -0.5908174842988672 7 nil_vol 0.6 nil_bias 0.21 Right 0.04 0.01 0.001 0.034288601227743326 -0.5905388225539911 0.002575075105990389 -0.0002786617448759598
0.025619973334140327 -0.624111976535356 7 nil_vol 0.6 nil_bias 0.21 Right 0.04 0.01 0.001 0.03059719676706446 -0.6246505867542307 -0.0049772234329241325 0.0005386102188746529
0.015920490195652122 -0.760276026646572 7 nil_vol 0.6 nil_bias 0.21 Home 0.04 0.01 0.001 0.0 -0.75 0.015920490195652122 -0.010276026646571986
0.08398340921211363 -0.44306568019677145 8 nil_vol 0.6 nil_bias 0.21 Home 0.04 0.01 0.001 0.08470274474723394 -0.44322173397376824 -0.0007193355351203141 0.00015605377699681226
0.1726832180078999 -0.04013404203945579 8 nil_vol 0.6 nil_bias 0.21 Home 0.04 0.01 0.001 0.17217322188198841 -0.040023402681581 0.0005099961259114962 -0.0001106393578747911
0.19596615260279063 0.017247204327182145 8 nil_vol 0.6 nil_bias 0.21 Home 0.04 0.01 0.001 0.18510859330679508 0.019602660236674452 0.010857559295995538 -0.0023554559094923055
0.20251849525456742 0.13235963496098999 8 nil_vol 0.6 nil_bias 0.21 Home 0.04 0.01 0.001 0.20925330330666497 0.13089857515987424 -0.006734808052097564 0.0014610598011157376
0.25219777061131965 0.2635971098741293 8 nil_vol 0.6 nil_bias 0.21 Home 0.04 0.01 0.001 0.23867744683488012 0.26653023007815246 0.013520323776439535 -0.0029331202040231447
0.25801104357086185 0.2907079504327625 8 nil_vol 0.6 nil_bias 0.21 Home 0.04 0.01 0.001 0.24455584976958597 0.2936269412380228 0.01345519380127588 -0.002918990805260303
0.23295409597307193 0.3048012406828072 8 nil_vol 0.6 nil_bias 0.21 Home 0.04 0.01 0.001 0.24634957952986145 0.3018952035114528 -0.013395483556789512 0.0029060371713543367
0.2708129529502805 0.4146600090091415 8 nil_vol 0.6 nil_bias 0.21 Right 0.04 0.01 0.001 0.4 0.35 -0.1291870470497195 0.06466000900914153
0.21976936068408376 0.1759731250902485 9 nil_vol 0.6 nil_bias 0.21 Right 0.04 0.01 0.001 0.22169076426683487 0.17557834972516356 -0.001921403582751114 0.00039477536508495265
0.20498098238077714 0.07485534263834925 9 nil_vol 0.6 nil_bias 0.21 Right 0.04 0.01 0.001 0.20115742676788498 0.07564093790659626 0.0038235556128921725 -0.0007855952682470099
0.20529749447649553 0.024816949206063536 9 nil_vol 0.6 nil_bias 0.21 Right 0.04 0.01 0.001 0.19130568870989312 0.027691733181327782 0.013991805766602418 -0.002874783975264248
0.1434553888197358 -0.26660236301446705 9 nil_vol 0.6 nil_bias 0.21 Right 0.04 0.01 0.001 0.13135044940605312 -0.2641152583170117 0.012104939413682667 -0.0024871046974553356
0.12251057221419617 -0.34553279302818274 9 nil_vol 0.6 nil_bias 0.21 Right 0.04 0.01 0.001 0.11494175700590095 -0.34397768934567735 0.007568815208295227 -0.0015551036825053812
0.09699679578326817 -0.40218834744602505 9 nil_vol 0.6 nil_bias 0.21 Right 0.04 0.01 0.001 0.10273926438727413 -0.403368206357493 -0.005742468604005957 0.0011798589114679404
0.05814279846928495 -0.6244674117749753 9 nil_vol 0.6 nil_bias 0.21 Right 0.04 0.01 0.001 0.057345446029963776 -0.6243035861720878 0.0007973524393211705 -0.00016382560288749422
0.031585545108182886 -0.7496791042512682 9 nil_vol 0.6 nil_bias 0.21 Home 0.04 0.01 0.001 0.0 -0.75 0.031585545108182886 0.0003208957487318688
-0.0305993407630826 -0.519996387165954 10 nil_vol 0.6 nil_bias 0.21 Home 0.04 0.01 0.001 -0.0333872890518752 -0.5207877710040607 0.0027879482887926007 0.0007913838381067202
-0.06372702447767574 -0.43223326678829527 10 nil_vol 0.6 nil_bias 0.21 Home 0.04 0.01 0.001 -0.058912226604027396 -0.4308665437266541 -0.0048147978736483394 -0.001366723061641175
-0.09630949242330913 -0.2658191701995027 10 nil_vol 0.6 nil_bias 0.21 Home 0.04 0.01 0.001 -0.10505750795853801 -0.26830237196401063 0.008748015535228868 0.002483201764507925
-0.1832499329971832 0.04612131086647284 10 nil_vol 0.6 nil_bias 0.21 Home 0.04 0.01 0.001 -0.19348477655284735 0.043216059787009264 0.010234843555664135 0.0029052510794635696
-0.1959571266637877 0.052993772731448875 10 nil_vol 0.6 nil_bias 0.21 Home 0.04 0.01 0.001 -0.19623766263017595 0.05291414011032036 0.0002805359663882453 7.963262112851304e-05
-0.22922051274404648 0.19134240662584134 10 nil_vol 0.6 nil_bias 0.21 Home 0.04 0.01 0.001 -0.2350611397849996 0.18968449286065414 0.0058406270409531265 0.0016579137651872107
-0.23623402801302112 0.23415687329911616 10 nil_vol 0.6 nil_bias 0.21 Home 0.04 0.01 0.001 -0.24683114728764372 0.23114878704509978 0.010597119274622605 0.0030080862540163905
-0.2541342254972237 0.25687663668886696 10 nil_vol 0.6 nil_bias 0.21 Left 0.04 0.01 0.001 -0.4 0.35 0.14586577450277632 -0.09312336331113305
-0.24405268405900793 0.23504466151337827 11 nil_vol 0.6 nil_bias 0.21 Left 0.04 0.01 0.001 -0.24870190672995124 0.23394337634128304 0.004649222670943307 0.0011012851720952415
-0.23420561005855348 0.22637927952270498 11 nil_vol 0.6 nil_bias 0.21 Left 0.04 0.01 0.001 -0.2462351831924568 0.22352977295856463 0.012029573133903331 0.0028495065641403372
-0.19410268380372858 0.0017940994647090921 11 nil_vol 0.6 nil_bias 0.21 Left 0.04 0.01 0.001 -0.19373230130697122 0.0018818338625971043 -0.0003703824967573715 -8.773439788801225e-05
-0.15902986786190743 -0.16287936176705664 11 nil_vol 0.6 nil_bias 0.21 Left 0.04 0.01 0.001 -0.15493427643837562 -0.16190921806241432 -0.004095591423531803 -0.0009701437046423234
-0.1056943941023459 -0.4031747573984203 11 nil_vol 0.6 nil_bias 0.21 Left 0.04 0.01 0.001 -0.09820471758254767 -0.4014006393836834 -0.007489676519798237 -0.0017741180147368924
-0.04709998437965299 -0.6260268089432511 11 nil_vol 0.6 nil_bias 0.21 Left 0.04 0.01 0.001 -0.04510812961828725 -0.6255549881101968 -0.001991854761365738 -0.0004718208330542967
-0.020394653898095354 -0.6992993056962836 11 nil_vol 0.6 nil_bias 0.21 Left 0.04 0.01 0.001 -0.02725500268730377 -0.7009243516301287 0.006860348789208416 0.0016250459338450777
-0.017158831662928177 -0.7435466881562292 11 nil_vol 0.6 nil_bias 0.21 Home 0.04 0.01 0.001 0.0 -0.75 -0.017158831662928177 0.006453311843770822
-0.06403331363374336 -0.6539674061588894 12 nil_vol 0.6 nil_bias 0.21 Home 0.04 0.01 0.001 -0.05397933071734602 -0.6500096922625901 -0.010053982916397336 -0.003957713896299252
-0.08549806570613538 -0.5996984031069065 12 nil_vol 0.6 nil_bias 0.21 Home 0.04 0.01 0.001 -0.07535580601113004 -0.5957059393770017 -0.01014225969500535 -0.003992463729904765
-0.07873518387560381 -0.5863999336124731 12 nil_vol 0.6 nil_bias 0.21 Home 0.04 0.01 0.001 -0.07898099166353986 -0.5864966949563328 0.00024580778793604645 9.676134385969986e-05
-0.10210240017756109 -0.4904856586657307 12 nil_vol 0.6 nil_bias 0.21 Home 0.04 0.01 0.001 -0.11480675336679688 -0.4954866812036275 0.012704353189235802 0.005001022537896778
-0.2172029312715027 -0.22078209371299956 12 nil_vol 0.6 nil_bias 0.21 Home 0.04 0.01 0.001 -0.22217305910991192 -0.22273856650353663 0.00497012783840921 0.0019564727905370667
-0.26407226539986034 -0.08904449722770781 12 nil_vol 0.6 nil_bias 0.21 Home 0.04 0.01 0.001 -0.2733617668024255 -0.09270127574984577 0.009289501402565204 0.003656778522137955
-0.35056637301125193 0.05914964026882282 12 nil_vol 0.6 nil_bias 0.21 Home 0.04 0.01 0.001 -0.33547573583152274 0.06509001484145294 -0.015090637179729166 -0.005940374572630113
-0.3792191646534568 0.17621368310145735 12 nil_vol 0.6 nil_bias 0.21 Left 0.04 0.01 0.001 -0.4 0.35 0.020780835346543236 -0.17378631689854263
-0.32786547789388704 0.07071936773079515 13 nil_vol 0.6 nil_bias 0.21 Left 0.04 0.01 0.001 -0.3310929562170944 0.06926699646625713 0.003227478323207343 0.001452371264538028
-0.2913708385698956 -0.021105250112938196 13 nil_vol 0.6 nil_bias 0.21 Left 0.04 0.01 0.001 -0.2905845096438327 -0.020751400629743566 -0.0007863289260628894 -0.00035384948319462965
-0.25650644778206494 -0.0980965172509282 13 nil_vol 0.6 nil_bias 0.21 Left 0.04 0.01 0.001 -0.25590155476961796 -0.09782431426723015 -0.0006048930124469639 -0.0002722029836980488
-0.2141184238029453 -0.21556354215861234 13 nil_vol 0.6 nil_bias 0.21 Left 0.04 0.01 0.001 -0.20480472273860628 -0.21137235931004694 -0.00931370106433902 -0.004191182848565403
-0.06926987119928654 -0.5474390510909016 13 nil_vol 0.6 nil_bias 0.21 Left 0.04 0.01 0.001 -0.056217260303417005 -0.5415653518452571 -0.013052610895869536 -0.005873699245644479
-0.07138912774984385 -0.557371333385443 13 nil_vol 0.6 nil_bias 0.21 Left 0.04 0.01 0.001 -0.05285727119107331 -0.5490319633729586 -0.018531856558770536 -0.00833937001248445
-0.0025343288592621777 -0.6925318202986245 13 nil_vol 0.6 nil_bias 0.21 Left 0.04 0.01 0.001 0.009317846618312642 -0.687198319229968 -0.01185217547757482 -0.005333501068656467
0.03248303958581704 -0.738676312482139 13 nil_vol 0.6 nil_bias 0.21 Home 0.04 0.01 0.001 0.0 -0.75 0.03248303958581704 0.011323687517860942
0.11140568716840417 -0.5931994787753446 14 nil_vol 0.6 nil_bias 0.21 Home 0.04 0.01 0.001 0.11263862339823916 -0.5938820106294396 -0.001232936229834984 0.0006825318540949703
0.173782218969262 -0.5183209188557613 14 nil_vol 0.6 nil_bias 0.21 Home 0.04 0.01 0.001 0.15899845423093745 -0.5101368862081822 0.01478376473832454 -0.008184032647579014
0.25846912384572135 -0.33927759522891493 14 nil_vol 0.6 nil_bias 0.21 Home 0.04 0.01 0.001 0.2547292545969483 -0.3372072692617889 0.0037398692487730836 -0.0020703259671260477
0.3449616029582296 -0.17005622443171936 14 nil_vol 0.6 nil_bias 0.21 Home 0.04 0.01 0.001 0.34672173898576186 -0.17103060483944876 -0.001760136027532273 0.0009743804077293975
0.34601357486084694 -0.14084289353269525 14 nil_vol 0.6 nil_bias 0.21 Home 0.04 0.01 0.001 0.35934703897961223 -0.1482240652156035 -0.013333464118765315 0.007381171682908256
0.399877173598469 -0.07304281929187734 14 nil_vol 0.6 nil_bias 0.21 Home 0.04 0.01 0.001 0.40071063868987544 -0.07350421093598303 -0.0008334650914063963 0.000461391644105696
0.47253306651157817 0.06722274114141781 14 nil_vol 0.6 nil_bias 0.21 Home 0.04 0.01 0.001 0.4771880675794174 0.06464581426331673 -0.004655001067839242 0.002576926878101083
0.5845309657657424 0.2585517065603126 14 nil_vol 0.6 nil_bias 0.21 Right 0.04 0.01 0.001 0.4 0.35 0.18453096576574235 -0.09144829343968736
0.528642189181066 0.16977754539691833 15 nil_vol 0.6 nil_bias 0.21 Right 0.04 0.01 0.001 0.5306887864826887 0.1685531561338466 -0.0020465973016226945 0.0012243892630717126
0.4545046072536941 0.06889326864878723 15 nil_vol 0.6 nil_bias 0.21 Right 0.04 0.01 0.001 0.46670132307811474 0.061596509345764106 -0.012196715824420584 0.007296759303023123
0.3409109221538596 -0.13624768480075314 15 nil_vol 0.6 nil_bias 0.21 Right 0.04 0.01 0.001 0.34638176236402696 -0.13952064817659598 -0.005470840210167349 0.0032729633758428562
0.3431529943021444 -0.16409095864213752 15 nil_vol 0.6 nil_bias 0.21 Right 0.04 0.01 0.001 0.3347057727630769 -0.159037357063057 0.008447221539067545 -0.005053601579080535
0.17546373134284482 -0.4512285769508796 15 nil_vol 0.6 nil_bias 0.21 Right 0.04 0.01 0.001 0.1640026430773499 -0.4443719113018714 0.011461088265494914 -0.006856665649008184
0.11366649925742975 -0.5621964991782813 15 nil_vol 0.6 nil_bias 0.21 Right 0.04 0.01 0.001 0.09882521635491892 -0.5533176115624145 0.014841282902510829 -0.008878887615866747
0.08636343635440476 -0.5823924474988269 15 nil_vol 0.6 nil_bias 0.21 Right 0.04 0.01 0.001 0.08273107783590128 -0.5802193669586755 0.00363235851850348 -0.002173080540151445
-0.00472071639148837 -0.726397230066379 15 nil_vol 0.6 nil_bias 0.21 Home 0.04 0.01 0.001 0.0 -0.75 -0.00472071639148837 0.02360276993362093
0.10690014950345263 -0.46003211758209517 16 nil_vol 0.6 nil_bias 0.21 Home 0.04 0.01 0.001 0.11482107537057076 -0.46363569552674644 -0.00792092586711814 0.0036035779446512758
0.23153501468105564 -0.2347478201552325 16 nil_vol 0.6 nil_bias 0.21 Home 0.04 0.01 0.001 0.22110996339106193 -0.2300050052961221 0.01042505128999372 -0.004742814859110381
0.28183856491737924 -0.13357688528005476 16 nil_vol 0.6 nil_bias 0.21 Home 0.04 0.01 0.001 0.26787040745212165 -0.12722215541467707 0.013968157465257586 -0.006354729865377688
0.27781653098370324 -0.11402052011954251 16 nil_vol 0.6 nil_bias 0.21 Home 0.04 0.01 0.001 0.27455207117028324 -0.11253537361240562 0.00326445981342001 -0.0014851465071368925
0.2842677078983028 -0.09479187125128168 16 nil_vol 0.6 nil_bias 0.21 Home 0.04 0.01 0.001 0.28290617389734524 -0.0941724494842997 0.001361534000957588 -0.0006194217669819777
0.3250617411041776 -0.010568194278101127 16 nil_vol 0.6 nil_bias 0.21 Home 0.04 0.01 0.001 0.3216479889640614 -0.009015128118033067 0.00341375214011623 -0.00155306616006806
0.35141625417027067 0.07932447107096431 16 nil_vol 0.6 nil_bias 0.21 Home 0.04 0.01 0.001 0.3600504977779372 0.07539637347791694 -0.008634243607666537 0.003928097593047367
0.5093614591030118 0.4035927033393237 16 nil_vol 0.6 nil_bias 0.21 Right 0.04 0.01 0.001 0.4 0.35 0.10936145910301175 0.05359270333932368
0.46393407270705156 0.3123596183130056 17 nil_vol 0.6 nil_bias 0.21 Right 0.04 0.01 0.001 0.4692904140631169 0.3100647514690732 -0.005356341356065339 0.0022948668439324287
0.3901207196916912 0.09367365980462196 17 nil_vol 0.6 nil_bias 0.21 Right 0.04 0.01 0.001 0.3786800328406682 0.0985752990357543 0.011440686851023028 -0.004901639231132338
0.3212474971931703 -0.049666287649068754 17 nil_vol 0.6 nil_bias 0.21 Right 0.04 0.01 0.001 0.3161104726231714 -0.04746538472326706 0.005137024569998946 -0.0022009029258016947
0.2733181530322535 -0.13848829729761142 17 nil_vol 0.6 nil_bias 0.21 Right 0.04 0.01 0.001 0.2765241849168637 -0.13986188717613007 -0.0032060318846102347 0.0013735898785186527
0.24310858955681994 -0.14914111903181343 17 nil_vol 0.6 nil_bias 0.21 Right 0.04 0.01 0.001 0.26798270125515966 -0.15979816465571733 -0.024874111698339717 0.010657045623903894
0.08396958506557978 -0.5150909246458096 17 nil_vol 0.6 nil_bias 0.21 Right 0.04 0.01 0.001 0.11083070703395137 -0.5265992834486404 -0.026861121968371593 0.01150835880283075
0.026979837036306135 -0.7019244876666855 17 nil_vol 0.6 nil_bias 0.21 Right 0.04 0.01 0.001 0.034359835164334274 -0.705086368489146 -0.00737999812802814 0.0031618808224605196
-0.0007313568704602759 -0.7869910783970707 17 nil_vol 0.6 nil_bias 0.21 Home 0.04 0.01 0.001 0.0 -0.75 -0.0007313568704602759 -0.03699107839707069
-0.0005744225633474683 -0.7674873258907794 18 nil_vol 0.6 nil_bias 0.21 Home 0.04 0.01 0.001 0.004623811796558417 -0.7690378809888502 -0.005198234359905885 0.0015505550980708066
0.07414403456941077 -0.5183413750850507 18 nil_vol 0.6 nil_bias 0.21 Home 0.04 0.01 0.001 0.07897314291319488 -0.5197818254463011 -0.0048291083437841074 0.0014404503612504083
0.1831786655401913 -0.15025040196057288 18 nil_vol 0.6 nil_bias 0.21 Home 0.04 0.01 0.001 0.18870693488941725 -0.1518994015303241 -0.00552826934922597 0.0016489995697512383
0.25029065632668773 0.09444008757787346 18 nil_vol 0.6 nil_bias 0.21 Home 0.04 0.01 0.001 0.26121437235148903 0.09118170744350029 -0.010923716024801279 0.003258380134373174
0.2852777289765741 0.14533053683201633 18 nil_vol 0.6 nil_bias 0.21 Home 0.04 0.01 0.001 0.2780125636417934 0.14749762634130414 0.007265165334780697 -0.0021670895092878156
0.3818226463790187 0.48037869109900255 18 nil_vol 0.6 nil_bias 0.21 Home 0.04 0.01 0.001 0.3776750083892867 0.481615869106892 0.004147637989731981 -0.001237178007889493
0.3804510705502779 0.4860297178711872 18 nil_vol 0.6 nil_bias 0.21 Home 0.04 0.01 0.001 0.3791108387359526 0.4864294888565678 0.001340231814325293 -0.00039977098538058103
0.4343809984715003 0.6717226421100556 18 nil_vol 0.6 nil_bias 0.21 Right 0.04 0.01 0.001 0.4 0.35 0.03438099847150027 0.32172264211005563
0.39638359538865753 0.5250438581834319 19 nil_vol 0.6 nil_bias 0.21 Right 0.04 0.01 0.001 0.3896920410136204 0.5271117423420455 0.0066915543750371235 -0.0020678841586135787
0.35996720234526225 0.4136798396112695 19 nil_vol 0.6 nil_bias 0.21 Right 0.04 0.01 0.001 0.3551028383405936 0.4151830690110797 0.004864364004668675 -0.0015032293998102132
0.290065080118293 0.20711915785917373 19 nil_vol 0.6 nil_bias 0.21 Right 0.04 0.01 0.001 0.2907405549976152 0.20691041655271397 -0.0006754748793221648 0.00020874130645975276
0.2876203806887104 0.19075521234676135 19 nil_vol 0.6 nil_bias 0.21 Right 0.04 0.01 0.001 0.28591134035552423 0.19128335532122648 0.0017090403331861132 -0.0005281429744651263
0.26112936089605715 0.09885274958627088 19 nil_vol 0.6 nil_bias 0.21 Right 0.04 0.01 0.001 0.257677275782339 0.09991954389455204 0.0034520851137181366 -0.0010667943082811587
0.16542551756821453 -0.24104831600115859 19 nil_vol 0.6 nil_bias 0.21 Right 0.04 0.01 0.001 0.15345180549917053 -0.23734809208909646 0.011973712069044002 -0.003700223912062127
0.1331240158577945 -0.3448268419511058 19 nil_vol 0.6 nil_bias 0.21 Right 0.04 0.01 0.001 0.12136110335218586 -0.3411917612110841 0.011762912505608633 -0.0036350807400217394
-0.0027021421826269893 -0.7426532985906136 19 nil_vol 0.6 nil_bias 0.21 Home 0.04 0.01 0.001 0.0 -0.75 -0.0027021421826269893 0.007346701409386424
0.0602447438488721 -0.30427839030071435 20 nil_vol 0.6 nil_bias 0.21 Home 0.04 0.01 0.001 0.06263159535035506 -0.30463440674756653 -0.002386851501482958 0.00035601644685218174
0.06582253965071408 -0.20982692186111962 20 nil_vol 0.6 nil_bias 0.21 Home 0.04 0.01 0.001 0.07653450963641148 -0.2114246909266546 -0.0107119699856974 0.001597769065534986
0.08428782644826764 -0.14629036325582845 20 nil_vol 0.6 nil_bias 0.21 Home 0.04 0.01 0.001 0.08620707414154795 -0.1465766331573981 -0.0019192476932803095 0.00028626990156965164
0.15447210897935437 0.4345564849543684 20 nil_vol 0.6 nil_bias 0.21 Home 0.04 0.01 0.001 0.1724865664114439 0.43186949620665716 -0.018014457432089504 0.0026869887477112384
0.19707448949334141 0.4909551369366178 20 nil_vol 0.6 nil_bias 0.21 Home 0.04 0.01 0.001 0.18164294377869877 0.4932568654150551 0.015431545714642654 -0.0023017284784372727
0.20833225927843507 0.569547718534133 20 nil_vol 0.6 nil_bias 0.21 Home 0.04 0.01 0.001 0.19335548727974042 0.5717816141698597 0.014976771998694646 -0.002233895635726706
0.18806808362083782 0.5836899724168807 20 nil_vol 0.6 nil_bias 0.21 Home 0.04 0.01 0.001 0.1949779757539198 0.582659311211597 -0.006909892133081998 0.0010306612052837256
0.20214494931810736 0.6307090621824345 20 nil_vol 0.6 nil_bias 0.21 Right 0.04 0.01 0.001 0.4 0.35 -0.19785505068189266 0.2807090621824346
0.19542137284186484 0.5538358846487558 21 nil_vol 0.6 nil_bias 0.21 Right 0.04 0.01 0.001 0.1872440336502027 0.5554550656531207 0.008177339191662126 -0.0016191810043649259
0.16571590079334758 0.4494438484686549 21 nil_vol 0.6 nil_bias 0.21 Right 0.04 0.01 0.001 0.16623267191803656 0.44934152349850404 -0.0005167711246889787 0.00010232497015090993
0.05203825543431655 -0.18247921116025934 21 nil_vol 0.6 nil_bias 0.21 Right 0.04 0.01 0.001 0.04153858793012702 -0.18040018988249873 0.010499667504189531 -0.002079021277760619
0.052612612976991796 -0.19183980712835122 21 nil_vol 0.6 nil_bias 0.21 Right 0.04 0.01 0.001 0.03977670972887126 -0.1892981917903921 0.012835903248120534 -0.002541615337959136
0.02887826412416166 -0.21426084892937963 21 nil_vol 0.6 nil_bias 0.21 Right 0.04 0.01 0.001 0.03460920199186929 -0.21539562217469754 -0.005730937867707625 0.0011347732453179165
-0.004283365566504026 -0.3732344231736821 21 nil_vol 0.6 nil_bias 0.21 Right 0.04 0.01 0.001 0.0030675985150956098 -0.37468997505012025 -0.007350964081599636 0.0014555518764381454
-0.025678732681111458 -0.48802020094227616 21 nil_vol 0.6 nil_bias 0.21 Right 0.04 0.01 0.001 -0.019610639916978617 -0.4892217336543381 -0.006068092764132842 0.001201532712061936
-0.06461601650907499 -0.7165120914648344 21 nil_vol 0.6 nil_bias 0.21 Home 0.04 0.01 0.001 0.0 -0.75 -0.06461601650907499 0.03348790853516561
0.09280608160569538 -0.3728261586063807 22 nil_vol 0.6 nil_bias 0.21 Home 0.04 0.01 0.001 0.0982813516908612 -0.3754411780997098 -0.005475270085165825 0.002615019493329076
0.1252986010415231 -0.34176711675486193 22 nil_vol 0.6 nil_bias 0.21 Home 0.04 0.01 0.001 0.116395199835461 -0.33751480274137396 0.0089034012060621 -0.0042523140134879504
0.1589187613704401 -0.27052151039544464 22 nil_vol 0.6 nil_bias 0.21 Home 0.04 0.01 0.001 0.15034687698149674 -0.2664275306605671 0.008571884388943338 -0.0040939797348775245
0.1498243370337628 -0.2655968805579454 22 nil_vol 0.6 nil_bias 0.21 Home 0.04 0.01 0.001 0.15057285732009518 -0.26595437801642047 -0.0007485202863323883 0.0003574974584750873
0.2017255468212861 -0.14253631247763765 22 nil_vol 0.6 nil_bias 0.21 Home 0.04 0.01 0.001 0.20807064997668923 -0.14556676909082233 -0.006345103155403135 0.0030304566131846814
0.2048874406262805 -0.14271259630748057 22 nil_vol 0.6 nil_bias 0.21 Home 0.04 0.01 0.001 0.20858938017313106 -0.14448066325715814 -0.0037019395468505497 0.001768066949677571
0.3622093200288219 0.1875239088938094 22 nil_vol 0.6 nil_bias 0.21 Home 0.04 0.01 0.001 0.3662377092070937 0.18559992778163792 -0.004028389178271805 0.0019239811121714964
0.393655245463101 0.24300615991658708 22 nil_vol 0.6 nil_bias 0.21 Right 0.04 0.01 0.001 0.4 0.35 -0.00634475453689904 -0.10699384008341291
0.39286909754205274 0.2418788276859598 23 nil_vol 0.6 nil_bias 0.21 Right 0.04 0.01 0.001 0.3931588351918521 0.24176312038783965 -0.0002897376497993564 0.00011570729812015234
0.325135370303965 0.06978276568695542 23 nil_vol 0.6 nil_bias 0.21 Right 0.04 0.01 0.001 0.3245685424238197 0.07000912951145735 0.0005668278801452845 -0.0002263638245019343
0.22185400690979096 -0.18831363632899795 23 nil_vol 0.6 nil_bias 0.21 Right 0.04 0.01 0.001 0.2214683457680644 -0.18815962179643714 0.0003856611417265567 -0.0001540145325608013
0.20203530466420785 -0.2231730987776472 23 nil_vol 0.6 nil_bias 0.21 Right 0.04 0.01 0.001 0.20673597317834871 -0.22505031995862373 -0.004700668514140854 0.0018772211809765203
0.20377556432697655 -0.23270658479533826 23 nil_vol 0.6 nil_bias 0.21 Right 0.04 0.01 0.001 0.20369178940603927 -0.2326731291165247 8.377492093727731e-05 -3.345567881355566e-05
0.1617263840175628 -0.3523951666215991 23 nil_vol 0.6 nil_bias 0.21 Right 0.04 0.01 0.001 0.1566846283714782 -0.35038173162620084 0.005041755646084611 -0.002013434995398272
0.08339764663839642 -0.5524957410364728 23 nil_vol 0.6 nil_bias 0.21 Right 0.04 0.01 0.001 0.07699164464725583 -0.5499374915902566 0.006406001991140601 -0.0025582494462162283
-0.009561725241180532 -0.7666720483651349 23 nil_vol 0.6 nil_bias 0.21 Home 0.04 0.01 0.001 0.0 -0.75 -0.009561725241180532 -0.016672048365134928
0.045127750961633066 -0.6424392422213657 24 nil_vol 0.6 nil_bias 0.21 Home 0.04 0.01 0.001 0.051034041698653956 -0.6453901881952999 -0.00590629073702089 0.002950945973934166
0.1333621410989786 -0.4584642837292744 24 nil_vol 0.6 nil_bias 0.21 Home 0.04 0.01 0.001 0.1422169740563779 -0.46288840283023774 -0.008854832957399302 0.004424119100963352
0.20245549361223242 -0.37786139219598575 24 nil_vol 0.6 nil_bias 0.21 Home 0.04 0.01 0.001 0.1882459206875531 -0.37076189711854624 0.014209572924679302 -0.007099495077439498
0.25046911996371524 -0.2824064879675828 24 nil_vol 0.6 nil_bias 0.21 Home 0.04 0.01 0.001 0.23600209445377576 -0.27517836246814414 0.014467025509939498 -0.007228125499438623
0.24937540895490587 -0.24445753288727523 24 nil_vol 0.6 nil_bias 0.21 Home 0.04 0.01 0.001 0.2509564080993213 -0.24524744372433627 -0.0015809991444154104 0.0007899108370610363
0.2690431552097438 -0.20199952697440593 24 nil_vol 0.6 nil_bias 0.21 Home 0.04 0.01 0.001 0.2718608795378164 -0.20340733986947113 -0.002817724328072589 0.001407812895065201
0.3023289507257061 -0.1196007978153944 24 nil_vol 0.6 nil_bias 0.21 Home 0.04 0.01 0.001 0.3114548618244886 -0.12416035504251066 -0.009125911098782543 0.004559557227116267
0.4205588449505987 0.09421024564006353 24 nil_vol 0.6 nil_bias 0.21 Right 0.04 0.01 0.001 0.4 0.35 0.02055884495059868 -0.25578975435993645
0.29212369498680596 -0.14758315115639914 25 nil_vol 0.6 nil_bias 0.21 Right 0.04 0.01 0.001 0.29284788478785734 -0.14796505210044766 -0.0007241898010513515 0.0003819009440485204
0.21689750305064104 -0.2329828161077436 25 nil_vol 0.6 nil_bias 0.21 Right 0.04 0.01 0.001 0.24124332554095412 -0.24582156719094062 -0.024345822490313074 0.012838751083197006
0.21804486991537897 -0.2794690129019051 25 nil_vol 0.6 nil_bias 0.21 Right 0.04 0.01 0.001 0.22231254256390437 -0.2817195668464591 -0.004267672648525396 0.0022505539445540033
0.19607712787194398 -0.32072473857759387 25 nil_vol 0.6 nil_bias 0.21 Right 0.04 0.01 0.001 0.20051033276347602 -0.323062585825344 -0.004433204891532028 0.0023378472477501074
0.08552712139211935 -0.4977558821192589 25 nil_vol 0.6 nil_bias 0.21 Right 0.04 0.01 0.001 0.10341217207689668 -0.5071875500755821 -0.01788505068477734 0.009431667956323195
0.008023070857953549 -0.669195773788665 25 nil_vol 0.6 nil_bias 0.21 Right 0.04 0.01 0.001 0.015811357020846684 -0.6733029206082016 -0.007788286162893136 0.004107146819536622
-0.016760845544688832 -0.691678186831207 25 nil_vol 0.6 nil_bias 0.21 Right 0.04 0.01 0.001 0.001142346299255248 -0.7011194215141008 -0.01790319184394408 0.009441234682893847
0.0004909665202713149 -0.7023546177080419 25 nil_vol 0.6 nil_bias 0.21 Home 0.04 0.01 0.001 0.0 -0.75 0.0004909665202713149 0.04764538229195813
0.04116335832532772 -0.621575294767083 26 nil_vol 0.6 nil_bias 0.21 Home 0.04 0.01 0.001 0.02994973821158438 -0.6176742774387021 0.011213620113743343 -0.003901017328380852
0.10491993295187549 -0.4247378315247872 26 nil_vol 0.6 nil_bias 0.21 Home 0.04 0.01 0.001 0.09791644338682276 -0.42230144310826495 0.007003489565052733 -0.0024363884165222493
0.1902995910051272 -0.1415822857033223 26 nil_vol 0.6 nil_bias 0.21 Home 0.04 0.01 0.001 0.1950042382324217 -0.14321894809882307 -0.004704647227294504 0.0016366623955007692
0.3203834771737237 0.17222743693950848 26 nil_vol 0.6 nil_bias 0.21 Home 0.04 0.01 0.001 0.30643094111951913 0.17708127400284923 0.013952536054204571 -0.004853837063340739
0.37274440686445054 0.3675218665317599 26 nil_vol 0.6 nil_bias 0.21 Home 0.04 0.01 0.001 0.37268856581973914 0.3675412926297411 5.584104471140507e-05 -1.9426097981248857e-05
0.4055746830596761 0.42786443550489567 26 nil_vol 0.6 nil_bias 0.21 Home 0.04 0.01 0.001 0.39495867515137767 0.43155755426479947 0.010616007908298431 -0.0036931187599038196
0.4337683864979045 0.5551264152261035 26 nil_vol 0.6 nil_bias 0.21 Home 0.04 0.01 0.001 0.43749505689993473 0.5538299734287159 -0.0037266704020302455 0.0012964417973876767
0.4398668212608504 0.5606476987305573 26 nil_vol 0.6 nil_bias 0.21 Right 0.04 0.01 0.001 0.4 0.35 0.039866821260850394 0.21064769873055733
0.4316758147551826 0.5122118283434798 27 nil_vol 0.6 nil_bias 0.21 Right 0.04 0.01 0.001 0.42478074222868156 0.5144641363897889 0.0068950725265010376 -0.0022523080463091056
0.4128176880409279 0.49489853613991597 27 nil_vol 0.6 nil_bias 0.21 Right 0.04 0.01 0.001 0.4178523330847394 0.49325394552844615 -0.005034645043811541 0.0016445906114698047
0.3763877546128425 0.3208917455460485 27 nil_vol 0.6 nil_bias 0.21 Right 0.04 0.01 0.001 0.36298005169693504 0.32527143510608636 0.013407702915907488 -0.004379689560037864
0.33731815619953487 0.24694786969267324 27 nil_vol 0.6 nil_bias 0.21 Right 0.04 0.01 0.001 0.33738785191343834 0.24692510325814848 -6.969571390346637e-05 2.2766434524756714e-05
0.25722887772325975 0.015804157401194244 27 nil_vol 0.6 nil_bias 0.21 Right 0.04 0.01 0.001 0.2614415915081406 0.014428054522215628 -0.004212713784880852 0.0013761028789786149
0.17775664877766617 -0.2238318692439775 27 nil_vol 0.6 nil_bias 0.21 Right 0.04 0.01 0.001 0.18304823133843207 -0.22556038971037062 -0.0052915825607659 0.0017285204663931226
0.19061773242275457 -0.25107134223717925 27 nil_vol 0.6 nil_bias 0.21 Right 0.04 0.01 0.001 0.1762482314070718 -0.2463774767796838 0.014369501015682759 -0.004693865457495457
0.0022261680816593756 -0.7791175474846489 27 nil_vol 0.6 nil_bias 0.21 Home 0.04 0.01 0.001 0.0 -0.75 0.0022261680816593756 -0.02911754748464889
-0.004875001390887123 -0.7314990910640918 28 nil_vol 0.6 nil_bias 0.21 Home 0.04 0.01 0.001 0.0143358900340831 -0.7370260657383718 -0.019210891424970223 0.0055269746742799535
0.04862351597532572 -0.6100223081171743 28 nil_vol 0.6 nil_bias 0.21 Home 0.04 0.01 0.001 0.05070277599983498 -0.6106205113573304 -0.002079260024509254 0.0005982032401561591
0.055422881987621124 -0.6117870677707967 28 nil_vol 0.6 nil_bias 0.21 Home 0.04 0.01 0.001 0.05075363722763964 -0.6104437257589374 0.004669244759981481 -0.0013433420118594017
0.08187469026880913 -0.46853916640442994 28 nil_vol 0.6 nil_bias 0.21 Home 0.04 0.01 0.001 0.09083770711009342 -0.47111782691481796 -0.0089630168412843 0.0025786605103880447
0.1237182715614093 -0.2937149404529372 28 nil_vol 0.6 nil_bias 0.21 Home 0.04 0.01 0.001 0.14048843967440017 -0.2985397188764643 -0.01677016811299086 0.00482477842352708
0.16683201446540857 -0.21627011051925382 28 nil_vol 0.6 nil_bias 0.21 Home 0.04 0.01 0.001 0.16436186844812378 -0.21555944935432936 0.0024701460172847833 -0.0007106611649244513
0.18105519659970318 -0.16082114636620368 28 nil_vol 0.6 nil_bias 0.21 Home 0.04 0.01 0.001 0.1801823299957322 -0.16057002258920383 0.0008728666039709934 -0.0002511237769998436
0.3024507967602856 0.2644158653762454 28 nil_vol 0.6 nil_bias 0.21 Right 0.04 0.01 0.001 0.4 0.35 -0.09754920323971446 -0.08558413462375455
0.2669761625511283 0.1574259428996475 29 nil_vol 0.6 nil_bias 0.21 Right 0.04 0.01 0.001 0.26580828393414413 0.15782743118048315 0.0011678786169842179 -0.0004014882808356516
0.2416569895029939 0.06382494570098214 29 nil_vol 0.6 nil_bias 0.21 Right 0.04 0.01 0.001 0.23435542576248994 0.06633504583549507 0.007301563740503968 -0.0025101001345129363
0.17822431893028928 -0.12932443307486813 29 nil_vol 0.6 nil_bias 0.21 Right 0.04 0.01 0.001 0.16826899070135404 -0.12590203321441767 0.009955328228935247 -0.0034223998604504435
0.15087335732422422 -0.17869006404734544 29 nil_vol 0.6 nil_bias 0.21 Right 0.04 0.01 0.001 0.15020118706445934 -0.17845898825051415 0.0006721702597648738 -0.00023107579683128953
0.1200635528445237 -0.25986071998407173 29 nil_vol 0.6 nil_bias 0.21 Right 0.04 0.01 0.001 0.1219896239238007 -0.26052285640402184 -0.0019260710792769883 0.0006621364199500845
0.07875850031024628 -0.36914840282081796 29 nil_vol 0.6 nil_bias 0.21 Right 0.04 0.01 0.001 0.08402446109237502 -0.3709587121377437 -0.0052659607821287325 0.0018103093169256977
0.00041084888700431907 -0.6390947209016957 29 nil_vol 0.6 nil_bias 0.21 Right 0.04 0.01 0.001 -0.007248934675093688 -0.6364614734997858 0.007659783562098007 -0.0026332474019099797
-0.0313859215840266 -0.7066729148666382 29 nil_vol 0.6 nil_bias 0.21 Home 0.04 0.01 0.001 0.0 -0.75 -0.0313859215840266 0.043327085133361774
-0.010321934487703584 -0.640718049911497 30 nil_vol 0.6 nil_bias 0.21 Home 0.04 0.01 0.001 -0.007322864279052977 -0.6418310154310227 -0.0029990702086506067 0.0011129655195257885
0.049573249254568394 -0.4756563519897656 30 nil_vol 0.6 nil_bias 0.21 Home 0.04 0.01 0.001 0.053767513741450626 -0.47721285831636195 -0.004194264486882231 0.0015565063265963975
0.05348871524560875 -0.4444091093732503 30 nil_vol 0.6 nil_bias 0.21 Home 0.04 0.01 0.001 0.06443377123384428 -0.44847085820762195 -0.010945055988235532 0.004061748834371669
0.07283755916577644 -0.36706319013016353 30 nil_vol 0.6 nil_bias 0.21 Home 0.04 0.01 0.001 0.09200477620476481 -0.37417621189541905 -0.01916721703898836 0.007113021765255536
0.10637512521846838 -0.304281353780685 30 nil_vol 0.6 nil_bias 0.21 Home 0.04 0.01 0.001 0.11654274218570142 -0.30805459225560794 -0.010167616967233032 0.0037732384749229715
0.1440465958293872 -0.2759572589063864 30 nil_vol 0.6 nil_bias 0.21 Home 0.04 0.01 0.001 0.13034159813303797 -0.2708712859814377 0.01370499769634923 -0.0050859729249486405
0.22938555768829486 -0.026614907596513547 30 nil_vol 0.6 nil_bias 0.21 Home 0.04 0.01 0.001 0.2220027454559621 -0.023875119968995273 0.0073828122323327606 -0.0027397876275182726
0.3301417555360542 0.26752338055450386 30 nil_vol 0.6 nil_bias 0.21 Right 0.04 0.01 0.001 0.4 0.35 -0.06985824446394584 -0.08247661944549614
0.2574430072009507 0.03521881938071732 31 nil_vol 0.6 nil_bias 0.21 Right 0.04 0.01 0.001 0.25640470618725725 0.035548861030303025 0.0010383010136934435 -0.00033004164958570824
0.23864672555742325 -0.007192949732485486 31 nil_vol 0.6 nil_bias 0.21 Right 0.04 0.01 0.001 0.24243566211215087 -0.00839732770593038 -0.0037889365547276047 0.001204377973444894
0.23830739317928026 -0.04973464464609727 31 nil_vol 0.6 nil_bias 0.21 Right 0.04 0.01 0.001 0.2301228536541356 -0.04713304945322605 0.008184539525144674 -0.00260159519287122
0.2425931318464428 -0.06321159452585046 31 nil_vol 0.6 nil_bias 0.21 Right 0.04 0.01 0.001 0.22662538652666486 -0.058135974897244425 0.01596774531977793 -0.005075619628606029
0.13470884518297369 -0.3332900199682886 31 nil_vol 0.6 nil_bias 0.21 Right 0.04 0.01 0.001 0.13875424509394313 -0.3345759191846448 -0.00404539991096944 0.0012858992163561848
0.12191420283565836 -0.3976064055113094 31 nil_vol 0.6 nil_bias 0.21 Right 0.04 0.01 0.001 0.1190121536392997 -0.39668393977997196 0.0029020491963586536 -0.0009224657313374027
0.09189009389835552 -0.48454061695102646 31 nil_vol 0.6 nil_bias 0.21 Right 0.04 0.01 0.001 0.09115925680967876 -0.48430830794319135 0.0007308370886767616 -0.00023230900783509275
0.020850366877563455 -0.7054979419782081 31 nil_vol 0.6 nil_bias 0.21 Home 0.04 0.01 0.001 0.0 -0.75 0.020850366877563455 0.044502058021791815
0.0073749527113777 -0.688963626667501 32 nil_vol 0.6 nil_bias 0.98 Home 0.04 0.01 0.001 0.008824042569963057 -0.6879694064400191 -0.0014490898585853558 -0.000994220227481868
-0.021043419421227186 -0.6225640207724813 32 nil_vol 0.6 nil_bias 0.98 Home 0.04 0.01 0.001 -0.031247283386826835 -0.6295648895543361 0.010203863965599651 0.007000868781854744
-0.10990868370910731 -0.5001760057579658 32 nil_vol 0.6 nil_bias 0.98 Home 0.04 0.01 0.001 -0.11678436035829828 -0.5048934059673109 0.00687567664919097 0.004717400209345098
-0.14485268202924675 -0.4330280384805221 32 nil_vol 0.6 nil_bias 0.98 Home 0.04 0.01 0.001 -0.15929343522762848 -0.4429358360162254 0.014440753198381728 0.009907797535703276
-0.18211708031658663 -0.41813018422460907 32 nil_vol 0.6 nil_bias 0.98 Home 0.04 0.01 0.001 -0.17817041335980074 -0.41542237690933226 -0.003946666956785878 -0.0027078073152767843
-0.23312761465202256 -0.3208418661628108 32 nil_vol 0.6 nil_bias 0.98 Home 0.04 0.01 0.001 -0.23988238700614958 -0.3254763139623865 0.006754772354127016 0.004634447799575722
-0.34750985881634355 -0.1530602605362135 32 nil_vol 0.6 nil_bias 0.98 Home 0.04 0.01 0.001 -0.35476280312509817 -0.15803650400230396 0.007252944308754609 0.004976243466090461
-0.5562193213179893 0.13558918313405932 32 nil_vol 0.6 nil_bias 0.98 Left 0.04 0.01 0.001 -0.4 0.35 -0.15621932131798932 -0.21441081686594066
-0.4888888752928973 0.011597592471010155 33 nil_vol 0.6 nil_bias 0.98 Left 0.04 0.01 0.001 -0.4809073641462331 0.016651527865008883 -0.007981511146664254 -0.005053935393998729
-0.3412697789659248 -0.24346645862184269 33 nil_vol 0.6 nil_bias 0.98 Left 0.04 0.01 0.001 -0.3233744021122871 -0.2321350106281449 -0.017895376853637717 -0.011331447993697797
-0.3147000079588328 -0.2688889837484496 33 nil_vol 0.6 nil_bias 0.98 Left 0.04 0.01 0.001 -0.3042796303337219 -0.2622907451028279 -0.010420377625110907 -0.006598238645621698
-0.2599340596222868 -0.3274435495011929 33 nil_vol 0.6 nil_bias 0.98 Left 0.04 0.01 0.001 -0.2621400412612726 -0.32884038883135425 0.0022059816389858205 0.0013968393301613399
-0.21661510121002753 -0.3819072919723836 33 nil_vol 0.6 nil_bias 0.98 Left 0.04 0.01 0.001 -0.22512554253626132 -0.3872961487749176 0.008510441326233797 0.005388856802533982
-0.17633406909767757 -0.43602442612368403 33 nil_vol 0.6 nil_bias 0.98 Left 0.04 0.01 0.001 -0.18913715377339574 -0.4441314075719299 0.012803084675718177 0.008106981448245882
-0.04099623215838778 -0.6493987509725963 33 nil_vol 0.6 nil_bias 0.98 Left 0.04 0.01 0.001 -0.05396211884135249 -0.6576088195194527 0.012965886682964707 0.008210068546856419
0.009069138904208754 -0.7571519768937736 33 nil_vol 0.6 nil_bias 0.98 Home 0.04 0.01 0.001 0.0 -0.75 0.009069138904208754 -0.007151976893773523
-0.13962965303326524 -0.36465774985027366 34 nil_vol 0.6 nil_bias 0.98 Home 0.04 0.01 0.001 -0.14985846351664367 -0.3688442238857457 0.010228810483378427 0.00418647403547208
-0.23052793784749012 -0.20033356695976642 34 nil_vol 0.6 nil_bias 0.98 Home 0.04 0.01 0.001 -0.22050577616083544 -0.19623167067879976 -0.01002216168665468 -0.0041018962809666725
-0.24883856830779452 -0.12166095432892458 34 nil_vol 0.6 nil_bias 0.98 Home 0.04 0.01 0.001 -0.2507123848063556 -0.12242787479648165 0.0018738164985610953 0.0007669204675570688
-0.2776269692797728 -0.06777951982562978 34 nil_vol 0.6 nil_bias 0.98 Home 0.04 0.01 0.001 -0.27373153749888496 -0.06618518742166746 -0.003895431780887846 -0.0015943324039623223
-0.33840508436922767 0.10883569333125016 34 nil_vol 0.6 nil_bias 0.98 Home 0.04 0.01 0.001 -0.3443660088742738 0.10639599071789774 0.005960924505046176 0.0024397026133524294
-0.4232796441626565 0.32903970022737095 34 nil_vol 0.6 nil_bias 0.98 Home 0.04 0.01 0.001 -0.43373825704722346 0.324759172070217 0.010458612884566936 0.004280528157153986
-0.4720227189918847 0.37350610019572006 34 nil_vol 0.6 nil_bias 0.98 Home 0.04 0.01 0.001 -0.456319934546736 0.3799329764655517 -0.015702784445148728 -0.006426876269831647
-0.5129756093387403 0.5183597660132825 34 nil_vol 0.6 nil_bias 0.98 Left 0.04 0.01 0.001 -0.4 0.35 -0.11297560933874025 0.16835976601328248
-0.3937684235566994 0.2327344793994417 35 nil_vol 0.6 nil_bias 0.98 Left 0.04 0.01 0.001 -0.3934153357899378 0.23288235544293112 -0.00035308776676157657 -0.00014787604348942554
-0.3786775558647053 0.19689444633423014 35 nil_vol 0.6 nil_bias 0.98 Left 0.04 0.01 0.001 -0.3783931841129857 0.19701354354881262 -0.0002843717517195694 -0.00011909721458246593
-0.3654944961880751 0.14404049436590982 35 nil_vol 0.6 nil_bias 0.98 Left 0.04 0.01 0.001 -0.3575934787533008 0.14734950506461336 -0.007901017434774324 -0.0033090106987035406
-0.28263802375902863 -0.055312233180874346 35 nil_vol 0.6 nil_bias 0.98 Left 0.04 0.01 0.001 -0.27419754777637984 -0.05177729283182386 -0.00844047598264878 -0.003534940349050482
-0.2314090343929419 -0.1516626429383625 35 nil_vol 0.6 nil_bias 0.98 Left 0.04 0.01 0.001 -0.232222129410309 -0.15200317377932593 0.0008130950173671157 0.00034053084096341785
-0.1819169666938168 -0.3226847502905949 35 nil_vol 0.6 nil_bias 0.98 Left 0.04 0.01 0.001 -0.16389954982176613 -0.31513890879805295 -0.01801741687205066 -0.007545841492541933
-0.14468207291717622 -0.3397648498792862 35 nil_vol 0.6 nil_bias 0.98 Left 0.04 0.01 0.001 -0.15225730625128475 -0.3429374195330901 0.007575233334108533 0.0031725696538039347
0.02071590130746896 -0.7559503871871398 35 nil_vol 0.6 nil_bias 0.98 Home 0.04 0.01 0.001 0.0 -0.75 0.02071590130746896 -0.005950387187139755
-0.1835674915135834 -0.40350702658036214 36 nil_vol 0.6 nil_bias 0.98 Home 0.04 0.01 0.001 -0.17088391126251992 -0.3967416794534712 -0.012683580251063475 -0.0067653471268909185
-0.20427916766718252 -0.3226820585843022 36 nil_vol 0.6 nil_bias 0.98 Home 0.04 0.01 0.001 -0.20903406508934846 -0.3252182929106482 0.004754897422165952 0.002536234326346004
-0.3373093587442303 -0.07948856790364288 36 nil_vol 0.6 nil_bias 0.98 Home 0.04 0.01 0.001 -0.33948567370667154 -0.08064940150795008 0.0021763149624412503 0.0011608336043071996
-0.3872600304952652 0.005649548795590123 36 nil_vol 0.6 nil_bias 0.98 Home 0.04 0.01 0.001 -0.3859030888609233 0.006373333484576804 -0.0013569416343418917 -0.0007237846889866807
-0.44309924118602584 0.1295911488901275 36 nil_vol 0.6 nil_bias 0.98 Home 0.04 0.01 0.001 -0.4497379677254132 0.1260500911895076 0.006638726539387339 0.0035410577006198857
-0.4945780822345972 0.21608091997255655 36 nil_vol 0.6 nil_bias 0.98 Home 0.04 0.01 0.001 -0.49705513726014977 0.21475967338692725 0.0024770550255525645 0.0013212465856292934
-0.5962676677808533 0.4092969494389508 36 nil_vol 0.6 nil_bias 0.98 Home 0.04 0.01 0.001 -0.5998118295069292 0.4074065144138139 0.0035441617260759135 0.0018904350251368503
-0.6579713704898051 0.5164432262906109 36 nil_vol 0.6 nil_bias 0.98 Left 0.04 0.01 0.001 -0.4 0.35 -0.2579713704898052 0.16644322629061098
-0.6404965411242411 0.5186310407491752 37 nil_vol 0.6 nil_bias 0.98 Left 0.04 0.01 0.001 -0.6554578298569091 0.5113079730486638 0.014961288732667955 0.007323067700511387
-0.5998506237029418 0.41681791295643283 37 nil_vol 0.6 nil_bias 0.98 Left 0.04 0.01 0.001 -0.6073994574435152 0.4131230026094773 0.007548833740573396 0.003694910346955501
-0.36124085364413355 -0.1150762445735608 37 nil_vol 0.6 nil_bias 0.98 Left 0.04 0.01 0.001 -0.35125530648311065 -0.11018864169432807 -0.009985547161022927 -0.004887602879232734
-0.3255975093862611 -0.17029165553701903 37 nil_vol 0.6 nil_bias 0.98 Left 0.04 0.01 0.001 -0.322563666107725 -0.16880668722189318 -0.0030338432785360823 -0.0014849683151258405
-0.3069891569296416 -0.18214941562006556 37 nil_vol 0.6 nil_bias 0.98 Left 0.04 0.01 0.001 -0.3142849219784148 -0.18572045701454998 0.00729576504877317 0.003571041394484424
-0.25173293142625564 -0.3350217192374379 37 nil_vol 0.6 nil_bias 0.98 Left 0.04 0.01 0.001 -0.24324121035718727 -0.330865295991166 -0.008491721069068389 -0.004156423246271887
-0.14387160902861257 -0.5556070725249905 37 nil_vol 0.6 nil_bias 0.98 Left 0.04 0.01 0.001 -0.1352926931424222 -0.5514079702314569 -0.008578915886190351 -0.00419910229353361
-0.04332094524820896 -0.7393095344075438 37 nil_vol 0.6 nil_bias 0.98 Home 0.04 0.01 0.001 0.0 -0.75 -0.04332094524820896 0.010690465592456223
-0.12343076275645412 -0.5105353211059688 38 nil_vol 0.6 nil_bias 0.98 Home 0.04 0.01 0.001 -0.13276678588254442 -0.5142456834459306 0.009336023126090299 0.0037103623399617927
-0.13557200342392225 -0.48317423526458686 38 nil_vol 0.6 nil_bias 0.98 Home 0.04 0.01 0.001 -0.14381360543852229 -0.4864496480739734 0.008241602014600032 0.003275412809386547
-0.18851680340265767 -0.3667569193567588 38 nil_vol 0.6 nil_bias 0.98 Home 0.04 0.01 0.001 -0.1909915296149586 -0.36774043565870296 0.0024747262123009316 0.0009835163019441795
-0.24444737776053163 -0.23246722542320128 38 nil_vol 0.6 nil_bias 0.98 Home 0.04 0.01 0.001 -0.2447107847307375 -0.23257190975068587 0.00026340697020588925 0.00010468432748459287
-0.2515477772824149 -0.21596903822898833 38 nil_vol 0.6 nil_bias 0.98 Home 0.04 0.01 0.001 -0.2513417157288686 -0.21588714436286716 -0.00020606155354629932 -8.189386612117251e-05
-0.26335718143558257 -0.18241638260686996 38 nil_vol 0.6 nil_bias 0.98 Home 0.04 0.01 0.001 -0.2644683108563566 -0.1828579724253594 0.0011111294207740022 0.0004415898184894388
-0.2913071796368706 -0.10373913991265346 38 nil_vol 0.6 nil_bias 0.98 Home 0.04 0.01 0.001 -0.29528394246610784 -0.10531960204704205 0.003976762829237272 0.001580462134388587
-0.41034935120129 0.18420827111904747 38 nil_vol 0.6 nil_bias 0.98 Left 0.04 0.01 0.001 -0.4 0.35 -0.010349351201289991 -0.1657917288809525
-0.4038264753450016 0.1573021718165017 39 nil_vol 0.6 nil_bias 0.98 Left 0.04 0.01 0.001 -0.3981449343324577 0.16018901827338353 -0.005681541012543909 -0.0028868464568818294
-0.3867599366038628 0.15577057273375872 39 nil_vol 0.6 nil_bias 0.98 Left 0.04 0.01 0.001 -0.3940243780006003 0.15207943913794447 0.007264441396737463 0.003691133595814233
-0.38438401231778985 0.13107740361176273 39 nil_vol 0.6 nil_bias 0.98 Left 0.04 0.01 0.001 -0.38356459278242966 0.13149375867760343 -0.0008194195353601891 -0.00041635506584069307
-0.37624031267669505 0.1124167140756306 39 nil_vol 0.6 nil_bias 0.98 Left 0.04 0.01 0.001 -0.3743574652953685 0.11337340721216364 -0.0018828473813265348 -0.0009566931365330404
-0.013310280420215327 -0.5952535684724822 39 nil_vol 0.6 nil_bias 0.98 Left 0.04 0.01 0.001 -0.014094670387766906 -0.5956521246729286 0.0007843899675515783 0.0003985562004464061
0.018825390134995925 -0.6780026276406013 39 nil_vol 0.6 nil_bias 0.98 Left 0.04 0.01 0.001 0.02591743237798977 -0.6743990917379227 -0.0070920422429938445 -0.003603535902678625
0.037591648062852014 -0.6684720288778209 39 nil_vol 0.6 nil_bias 0.98 Left 0.04 0.01 0.001 0.025919338575293438 -0.6744028432842277 0.011672309487558574 0.005930814406406825
0.037509753346972395 -0.6972136916827313 39 nil_vol 0.6 nil_bias 0.98 Home 0.04 0.01 0.001 0.0 -0.75 0.037509753346972395 0.052786308317268764
0.024131328150280212 -0.6608990910169106 40 nil_vol 0.6 nil_bias 0.98 Home 0.04 0.01 0.001 0.02033936532684043 -0.662790535013829 0.0037919628234397798 0.0018914439969183797
1.7031745002246343e-05 -0.5938813065913647 40 nil_vol 0.6 nil_bias 0.98 Home 0.04 0.01 0.001 -0.011233585018477939 -0.5994931526272418 0.011250616763480185 0.005611846035877105
-0.01899897364381351 -0.5680824837792473 40 nil_vol 0.6 nil_bias 0.98 Home 0.04 0.01 0.001 -0.025326912091748276 -0.571238881072024 0.0063279384479347665 0.0031563972927767026
-0.07599940870899423 -0.468855824142566 40 nil_vol 0.6 nil_bias 0.98 Home 0.04 0.01 0.001 -0.07631692955860783 -0.4690142046259362 0.00031752084961360805 0.00015838048337016357
-0.12856412079177973 -0.3608942861107723 40 nil_vol 0.6 nil_bias 0.98 Home 0.04 0.01 0.001 -0.12991212412755074 -0.3615666747748988 0.0013480033357710088 0.0006723886641265001
-0.1546336446045546 -0.30853154182066383 40 nil_vol 0.6 nil_bias 0.98 Home 0.04 0.01 0.001 -0.15602103899034042 -0.309223578874965 0.001387394385785821 0.0006920370543011807
-0.3129384341031671 0.03909149891083088 40 nil_vol 0.6 nil_bias 0.98 Home 0.04 0.01 0.001 -0.3264099980819379 0.0323718368246837 0.013471563978770796 0.006719662086147181
-0.4178278630101047 0.21564617419371493 40 nil_vol 0.6 nil_bias 0.98 Left 0.04 0.01 0.001 -0.4 0.35 -0.017827863010104715 -0.13435382580628505
-0.37617117102640457 0.15418461238100992 41 nil_vol 0.6 nil_bias 0.98 Left 0.04 0.01 0.001 -0.3889874275471953 0.14866615447910334 0.012816256520790704 0.005518457901906572
-0.39460425204258953 0.13647473701241214 41 nil_vol 0.6 nil_bias 0.98 Left 0.04 0.01 0.001 -0.3854375366707702 0.14042176575642046 -0.009166715371819343 -0.003947028744008314
-0.2654323876066128 -0.10890607654643497 41 nil_vol 0.6 nil_bias 0.98 Left 0.04 0.01 0.001 -0.27610295173119226 -0.11350063649579009 0.010670564124579464 0.004594559949355118
-0.2949285488359879 -0.12236636118195447 41 nil_vol 0.6 nil_bias 0.98 Left 0.04 0.01 0.001 -0.27582698217733714 -0.11414155768373899 -0.01910156665865077 -0.008224803498215489
-0.24039229097776146 -0.207886046843776 41 nil_vol 0.6 nil_bias 0.98 Left 0.04 0.01 0.001 -0.2362333109572023 -0.20609526213834392 -0.00415898002055916 -0.0017907847054320877
-0.09485849340357078 -0.5278076065608343 41 nil_vol 0.6 nil_bias 0.98 Left 0.04 0.01 0.001 -0.09726363524253384 -0.5288432189461592 0.00240514183896306 0.0010356123853248952
-0.02148694044395943 -0.7268196903652927 41 nil_vol 0.6 nil_bias 0.98 Left 0.04 0.01 0.001 -0.013499315468784967 -0.7233803575078228 -0.007987624975174464 -0.0034393328574698597
-0.008344506275202175 -0.7353520637552987 41 nil_vol 0.6 nil_bias 0.98 Home 0.04 0.01 0.001 0.0 -0.75 -0.008344506275202175 0.014647936244701235
-0.020839819176316512 -0.7410389606813932 42 nil_vol 0.6 nil_bias 0.98 Home 0.04 0.01 0.001 -0.008741219462783442 -0.7346059616587868 -0.012098599713533073 -0.00643299902260638
-0.10338082697289082 -0.5482014400399745 42 nil_vol 0.6 nil_bias 0.98 Home 0.04 0.01 0.001 -0.10686900062768959 -0.5500561520102285 0.0034881736547987623 0.0018547119702540297
-0.14454017577291647 -0.4823487289745907 42 nil_vol 0.6 nil_bias 0.98 Home 0.04 0.01 0.001 -0.14323812476964617 -0.4816564097781756 -0.001302051003270289 -0.0006923191964151207
-0.2577095285522379 -0.29391165488876997 42 nil_vol 0.6 nil_bias 0.98 Home 0.04 0.01 0.001 -0.2462925219185258 -0.28784106868418574 -0.011417006633712094 -0.00607058620458422
-0.3977688022120787 0.0018019672808525801 42 nil_vol 0.6 nil_bias 0.98 Home 0.04 0.01 0.001 -0.3997420127217766 0.0007527829470586056 0.0019732105096978906 0.0010491843337939745
-0.4454126789268617 0.09937995020894455 42 nil_vol 0.6 nil_bias 0.98 Home 0.04 0.01 0.001 -0.4506911595578607 0.09657330633741612 0.00527848063099898 0.0028066438715284242
-0.4868855476709029 0.16390129269933607 42 nil_vol 0.6 nil_bias 0.98 Home 0.04 0.01 0.001 -0.48657750546602785 0.1640650831585465 -0.0003080422048750779 -0.00016379045921044092
-0.5262476213757998 0.23867303060190453 42 nil_vol 0.6 nil_bias 0.98 Left 0.04 0.01 0.001 -0.4 0.35 -0.1262476213757998 -0.11132696939809544
-0.49008036458420234 0.21028252806683442 43 nil_vol 0.6 nil_bias 0.98 Left 0.04 0.01 0.001 -0.5050525451278663 0.20169968312838155 0.014972180543664022 0.008582844938452867
-0.48654220542042864 0.17509840415701255 43 nil_vol 0.6 nil_bias 0.98 Left 0.04 0.01 0.001 -0.48899669507501237 0.17369136100475482 0.002454489654583744 0.001407043152257739
-0.41423240261508426 0.04061542786269736 43 nil_vol 0.6 nil_bias 0.98 Left 0.04 0.01 0.001 -0.4130869548529574 0.04127205903934941 -0.0011454477621269036 -0.0006566311766520515
-0.18674271277803567 -0.3462539682180211 43 nil_vol 0.6 nil_bias 0.98 Left 0.04 0.01 0.001 -0.18989926030398174 -0.34806346803516813 0.0031565475259460797 0.0018094998171470204
-0.17909758355937988 -0.40556197385441645 43 nil_vol 0.6 nil_bias 0.98 Left 0.04 0.01 0.001 -0.16241898131518645 -0.3960009178389236 -0.016678602244193423 -0.009561056015492866
-0.07863824364644673 -0.5603780871350679 43 nil_vol 0.6 nil_bias 0.98 Left 0.04 0.01 0.001 -0.0707737301429282 -0.5558697324755568 -0.007864513503518519 -0.0045083546595110335
-0.00033186603917940895 -0.6632669421372727 43 nil_vol 0.6 nil_bias 0.98 Left 0.04 0.01 0.001 -0.007012570197240886 -0.6670966747337437 0.006680704158061477 0.0038297325964709973
0.044596022190109115 -0.7571243017465481 43 nil_vol 0.6 nil_bias 0.98 Home 0.04 0.01 0.001 0.0 -0.75 0.044596022190109115 -0.007124301746548123
0.038056307041581486 -0.7253227392998839 44 nil_vol 0.6 nil_bias 0.98 Home 0.04 0.01 0.001 0.03597889464356865 -0.7258959794317091 0.0020774123980128387 0.0005732401318252963
-0.026554288737454197 -0.4400555551237689 44 nil_vol 0.6 nil_bias 0.98 Home 0.04 0.01 0.001 -0.041739524771842056 -0.44424576151441014 0.01518523603438786 0.004190206390641238
-0.08458739044532551 -0.2803894415012788 44 nil_vol 0.6 nil_bias 0.98 Home 0.04 0.01 0.001 -0.08678650867657065 -0.28099626507948805 0.0021991182312451362 0.000606823578209233
-0.11246974135523821 -0.1386471740524006 44 nil_vol 0.6 nil_bias 0.98 Home 0.04 0.01 0.001 -0.1251042228816423 -0.14213352652756062 0.012634481526404088 0.003486352475160009
-0.13654518330109197 -0.06427869347084253 44 nil_vol 0.6 nil_bias 0.98 Home 0.04 0.01 0.001 -0.1458769047524776 -0.06685368399273706 0.009331721451385628 0.0025749905218945277
-0.2339191211362521 0.2610281237720576 44 nil_vol 0.6 nil_bias 0.98 Home 0.04 0.01 0.001 -0.2361802756139577 0.2604041819432146 0.002261154477705599 0.0006239418288430307
-0.31337864473774446 0.5272843909559948 44 nil_vol 0.6 nil_bias 0.98 Home 0.04 0.01 0.001 -0.31007464161195814 0.5281960959160636 -0.0033040031257863057 -0.0009117049600688999
-0.34340042766805295 0.6489681725430262 44 nil_vol 0.6 nil_bias 0.98 Left 0.04 0.01 0.001 -0.4 0.35 0.05659957233194707 0.2989681725430262
-0.31714353444520366 0.5144897527202286 45 nil_vol 0.6 nil_bias 0.98 Left 0.04 0.01 0.001 -0.31259631277293803 0.5155395510111641 -0.004547221672265631 -0.0010497982909354901
-0.19724428804990624 0.005014895184903552 45 nil_vol 0.6 nil_bias 0.98 Left 0.04 0.01 0.001 -0.19486063974856177 0.005565198225594314 -0.002383648301344472 -0.0005503030406907624
-0.17757406641752382 -0.03763671631162997 45 nil_vol 0.6 nil_bias 0.98 Left 0.04 0.01 0.001 -0.1845167535021166 -0.03923954581087319 0.006942687084592791 0.001602829499243214
-0.13335164939293098 -0.272591262174642 45 nil_vol 0.6 nil_bias 0.98 Left 0.04 0.01 0.001 -0.1307808286148814 -0.2719977473971332 -0.0025708207780495845 -0.0005935147775087936
-0.11319358252419781 -0.3781852066115516 45 nil_vol 0.6 nil_bias 0.98 Left 0.04 0.01 0.001 -0.10661632970748552 -0.3766667434127705 -0.006577252816712283 -0.0015184631987810956
-0.052130813932394916 -0.6254379656933444 45 nil_vol 0.6 nil_bias 0.98 Left 0.04 0.01 0.001 -0.04933268259681539 -0.624791972666037 -0.0027981313355795226 -0.0006459930273073406
-0.0264913426555426 -0.6652258207136501 45 nil_vol 0.6 nil_bias 0.98 Left 0.04 0.01 0.001 -0.03931442874839802 -0.6681862336503898 0.012823086092855424 0.0029604129367396927
-0.01124105943387284 -0.7897865777000739 45 nil_vol 0.6 nil_bias 0.98 Home 0.04 0.01 0.001 0.0 -0.75 -0.01124105943387284 -0.039786577700073926
-0.03860841736775734 -0.6865129241065706 46 nil_vol 0.6 nil_bias 0.98 Home 0.04 0.01 0.001 -0.031528039615880396 -0.6851403049076209 -0.007080377751876943 -0.0013726191989497586
-0.06341726199012557 -0.5555109716380959 46 nil_vol 0.6 nil_bias 0.98 Home 0.04 0.01 0.001 -0.056903115306912125 -0.5542481233670721 -0.006514146683213447 -0.0012628482710238694
-0.062054597589933404 -0.4788872370183625 46 nil_vol 0.6 nil_bias 0.98 Home 0.04 0.01 0.001 -0.07117017211085495 -0.4806544043977523 0.009115574520921552 0.0017671673793897928
-0.07772311436968347 -0.44829282514535157 46 nil_vol 0.6 nil_bias 0.98 Home 0.04 0.01 0.001 -0.0774539810724126 -0.44824065031176835 -0.0002691332972708806 -5.217483358324126e-05
-0.08679571642179736 -0.4044348809175249 46 nil_vol 0.6 nil_bias 0.98 Home 0.04 0.01 0.001 -0.08597704170120894 -0.4042761706511303 -0.0008186747205884104 -0.0001587102663945566
-0.08997383422431535 -0.3194749100108761 46 nil_vol 0.6 nil_bias 0.98 Home 0.04 0.01 0.001 -0.10196611802710413 -0.32179976322687837 0.011992283802788791 0.0023248532160022816
-0.13129568641097308 -0.17124539851666667 46 nil_vol 0.6 nil_bias 0.98 Home 0.04 0.01 0.001 -0.13115812224720455 -0.1712187299943232 -0.00013756416376853342 -2.666852234347277e-05
-0.1784066007935151 0.0725029639505807 46 nil_vol 0.6 nil_bias 0.98 Left 0.04 0.01 0.001 -0.4 0.35 0.2215933992064849 -0.2774970360494193
-0.18305733454445958 0.05675166916306788 47 nil_vol 0.6 nil_bias 0.98 Left 0.04 0.01 0.001 -0.17533023877154416 0.058442296112650095 -0.007727095772915413 -0.0016906269495822088
-0.14422781189074935 -0.11663481686357707 47 nil_vol 0.6 nil_bias 0.98 Left 0.04 0.01 0.001 -0.1373538199424843 -0.11513084222931894 -0.006873991948265053 -0.0015039746342581312
-0.15152194396013088 -0.13348126400883717 47 nil_vol 0.6 nil_bias 0.98 Left 0.04 0.01 0.001 -0.1341695521103629 -0.1296846990168829 -0.01735239184976798 -0.0037965649919542623
-0.122192757651585 -0.1519813904316906 47 nil_vol 0.6 nil_bias 0.98 Left 0.04 0.01 0.001 -0.1289669342876471 -0.1534635262714326 0.006774176636062116 0.0014821358397419896
-0.09263951906764858 -0.28695196591800853 47 nil_vol 0.6 nil_bias 0.98 Left 0.04 0.01 0.001 -0.09943540903028926 -0.2884388524604929 0.0067958899626406714 0.001486886542484339
-0.0697487458349573 -0.38852394864413153 47 nil_vol 0.6 nil_bias 0.98 Left 0.04 0.01 0.001 -0.07718176945205342 -0.3901502349505587 0.007433023617096127 0.0016262863064271875
-0.07830322466389111 -0.40659996974020085 47 nil_vol 0.6 nil_bias 0.98 Left 0.04 0.01 0.001 -0.07379834690678648 -0.40561433840281924 -0.004504877757104639 -0.00098563133738163
0.004753541090910905 -0.7646397057977553 47 nil_vol 0.6 nil_bias 0.98 Home 0.04 0.01 0.001 0.0 -0.75 0.004753541090910905 -0.014639705797755314
-0.014884695682717927 -0.7237933787784305 48 nil_vol 0.6 nil_bias 0.98 Home 0.04 0.01 0.001 -0.01805011050283965 -0.7256444505632856 0.0031654148201217228 0.0018510717848551112
-0.11123907456147696 -0.5879392919990745 48 nil_vol 0.6 nil_bias 0.98 Home 0.04 0.01 0.001 -0.10180388612317136 -0.5824217809948558 -0.0094351884383056 -0.0055175110042187305
-0.13209471324788977 -0.5124113661134516 48 nil_vol 0.6 nil_bias 0.98 Home 0.04 0.01 0.001 -0.14003072647189593 -0.5170521891960421 0.007936013224006163 0.0046408230825904714
-0.28301047705051835 -0.26791332721727634 48 nil_vol 0.6 nil_bias 0.98 Home 0.04 0.01 0.001 -0.28503117598996325 -0.26909499186631886 0.0020206989394448804 0.0011816646490425005
-0.40533830692276823 -0.06730551831550056 48 nil_vol 0.6 nil_bias 0.98 Home 0.04 0.01 0.001 -0.4036209406414896 -0.06630123658682208 -0.0017173662812786019 -0.0010042817286784935
-0.477334140451166 0.07348641186845352 48 nil_vol 0.6 nil_bias 0.98 Home 0.04 0.01 0.001 -0.4833192642389757 0.06998643022242912 0.005985123787809674 0.0034999816460243934
-0.48753250643626816 0.09979421839336639 48 nil_vol 0.6 nil_bias 0.98 Home 0.04 0.01 0.001 -0.4973820427574071 0.09403440496794468 0.009849536321138948 0.005759813425421701
-0.5811669988423869 0.23731039451332148 48 nil_vol 0.6 nil_bias 0.98 Left 0.04 0.01 0.001 -0.4 0.35 -0.18116699884238685 -0.1126896054866785
-0.5655689403757483 0.23497927662901666 49 nil_vol 0.6 nil_bias 0.98 Left 0.04 0.01 0.001 -0.5761801102534738 0.22877766178294617 0.010611169877725452 0.006201614846070497
-0.5756097151011734 0.19317874497414228 49 nil_vol 0.6 nil_bias 0.98 Left 0.04 0.01 0.001 -0.5605265867129926 0.20199396082830412 -0.01508312838818087 -0.008815215854161831
-0.39040774053777727 -0.06858572080655602 49 nil_vol 0.6 nil_bias 0.98 Left 0.04 0.01 0.001 -0.3993380641544582 -0.0738049782644617 0.008930323616680969 0.005219257457905681
-0.35517026098424526 -0.15863204638893694 49 nil_vol 0.6 nil_bias 0.98 Left 0.04 0.01 0.001 -0.3511386415953016 -0.15627579811996306 -0.004031619388943624 -0.0023562482689738866
-0.3223168518574707 -0.20631828773546232 49 nil_vol 0.6 nil_bias 0.98 Left 0.04 0.01 0.001 -0.3219999476149125 -0.20613307554132365 -0.0003169042425581957 -0.00018521219413866424
-0.25533581394720106 -0.3334483747239993 49 nil_vol 0.6 nil_bias 0.98 Left 0.04 0.01 0.001 -0.24956326587696465 -0.33007465436851036 -0.0057725480702363954 -0.0033737203554889575
-0.022646036219767872 -0.6928221310204127 49 nil_vol 0.6 nil_bias 0.98 Left 0.04 0.01 0.001 -0.033761586307212044 -0.6993185269163297 0.01111555008744417 0.006496395895917024
0.015390922189275293 -0.7834201086040491 49 nil_vol 0.6 nil_bias 0.98 Home 0.04 0.01 0.001 0.0 -0.75 0.015390922189275293 -0.033420108604049065
-0.051259265745538414 -0.6435160637873927 50 nil_vol 0.6 nil_bias 0.98 Home 0.04 0.01 0.001 -0.04813989767327058 -0.6421136087601774 -0.0031193680722678375 -0.0014024550272152233
-0.31089725115786243 -0.06350737185798308 50 nil_vol 0.6 nil_bias 0.98 Home 0.04 0.01 0.001 -0.30871915033720515 -0.0625281067071759 -0.0021781008206573074 -0.000979265150807173
-0.3153899517341243 -0.04014556193635026 50 nil_vol 0.6 nil_bias 0.98 Home 0.04 0.01 0.001 -0.31821184309347417 -0.04141427265964048 0.0028218913593498307 0.0012687107232902276
-0.3551278945731633 0.005684984522847805 50 nil_vol 0.6 nil_bias 0.98 Home 0.04 0.01 0.001 -0.342034189987183 0.011571860132281286 -0.013093704585980281 -0.005886875609433482
-0.38171456419266214 0.08875886492253926 50 nil_vol 0.6 nil_bias 0.98 Home 0.04 0.01 0.001 -0.37757408995354436 0.09062040507335711 -0.004140474239117801 -0.0018615401508178598
-0.39552590729471365 0.12597996609132575 50 nil_vol 0.6 nil_bias 0.98 Home 0.04 0.01 0.001 -0.39381702935986485 0.12674827056681637 -0.0017088779348488074 -0.0007683044754906045
-0.5201574403009166 0.4076730035417835 50 nil_vol 0.6 nil_bias 0.98 Home 0.04 0.01 0.001 -0.5201259888206322 0.4076871439976759 -3.145148028439009e-05 -1.4140455892444623e-05
-0.6421527231544286 0.6791014080256512 50 nil_vol 0.6 nil_bias 0.98 Left 0.04 0.01 0.001 -0.4 0.35 -0.24215272315442862 0.3291014080256513
-0.6167543713477895 0.6050727080749297 51 nil_vol 0.6 nil_bias 0.98 Left 0.04 0.01 0.001 -0.6108152340640028 0.6076785641242076 -0.0059391372837867456 -0.0026058560492778974
-0.4578250360986833 0.2831900165520629 51 nil_vol 0.6 nil_bias 0.98 Left 0.04 0.01 0.001 -0.4667286008949609 0.27928348820023385 0.008903564796277581 0.0039065283518290115
-0.19801731536060987 -0.3185576467476738 51 nil_vol 0.6 nil_bias 0.98 Left 0.04 0.01 0.001 -0.20338623439162057 -0.3209133138195961 0.005368919031010696 0.002355667071922294
-0.19129782365919926 -0.35351563103883327 51 nil_vol 0.6 nil_bias 0.98 Left 0.04 0.01 0.001 -0.18943940548742383 -0.35270023142713725 -0.001858418171775424 -0.0008153996116960019
-0.12414210409979956 -0.4615716266153452 51 nil_vol 0.6 nil_bias 0.98 Left 0.04 0.01 0.001 -0.1388412508505138 -0.4680210246759251 0.014699146750714234 0.006449398060579937
-0.14067334010979693 -0.5089747435043213 51 nil_vol 0.6 nil_bias 0.98 Left 0.04 0.01 0.001 -0.12406891909648499 -0.5016893872522583 -0.01660442101331194 -0.007285356252062954
-0.06381429121322878 -0.6253684346466919 51 nil_vol 0.6 nil_bias 0.98 Left 0.04 0.01 0.001 -0.0688366420417178 -0.6275720414438848 0.005022350828489027 0.002203606797192856
-0.012661180345442948 -0.7556043550809839 51 nil_vol 0.6 nil_bias 0.98 Home 0.04 0.01 0.001 0.0 -0.75 -0.012661180345442948 -0.005604355080983848
-0.039674774828741655 -0.7096567831147114 52 nil_vol 0.6 nil_bias 0.98 Home 0.04 0.01 0.001 -0.029694503865748782 -0.7062148157197605 -0.009980270962992872 -0.0034419673949508374
-0.03957658051470736 -0.6957908816379105 52 nil_vol 0.6 nil_bias 0.98 Home 0.04 0.01 0.001 -0.033957781839188544 -0.6938530863704633 -0.005618798675518817 -0.0019377952674472423
-0.059099337570594046 -0.6184532920223409 52 nil_vol 0.6 nil_bias 0.98 Home 0.04 0.01 0.001 -0.05986980799792344 -0.6187190096666288 0.0007704704273293938 0.0002657176442879215
-0.13426045896903427 -0.3773300201736366 52 nil_vol 0.6 nil_bias 0.98 Home 0.04 0.01 0.001 -0.14217767842545212 -0.3800604882469692 0.007917219456417839 0.0027304680733326154
-0.14409251989595984 -0.3669701480176254 52 nil_vol 0.6 nil_bias 0.98 Home 0.04 0.01 0.001 -0.1464158948491222 -0.3677714269472941 0.0023233749531623607 0.0008012789296686741
-0.14382188823695646 -0.3589937892544617 52 nil_vol 0.6 nil_bias 0.98 Home 0.04 0.01 0.001 -0.14884558211571633 -0.3607263464763069 0.005023693878759855 0.001732557221845228
-0.2748754701044855 -0.014268268496982572 52 nil_vol 0.6 nil_bias 0.98 Home 0.04 0.01 0.001 -0.2690267093193535 -0.012251164552817273 -0.0058487607851319765 -0.0020171039441652986
-0.2993007871486668 0.0755310440568599 52 nil_vol 0.6 nil_bias 0.98 Left 0.04 0.01 0.001 -0.4 0.35 0.10069921285133321 -0.2744689559431401
-0.2750561374490229 0.03703860264759984 53 nil_vol 0.6 nil_bias 0.98 Left 0.04 0.01 0.001 -0.28338858334534067 0.03385705956058701 0.008332445896317755 0.0031815430870128273
-0.2438310766909585 -0.05609281419598147 53 nil_vol 0.6 nil_bias 0.98 Left 0.04 0.01 0.001 -0.24838017981980415 -0.05782977928303751 0.004549103128845648 0.001736965087056038
-0.23941519615606446 -0.07258983438528029 53 nil_vol 0.6 nil_bias 0.98 Left 0.04 0.01 0.001 -0.24232079887304042 -0.07369926856017073 0.0029056027169759562 0.0011094341748904425
-0.19161869484087116 -0.2247550677069004 53 nil_vol 0.6 nil_bias 0.98 Left 0.04 0.01 0.001 -0.18553128242139522 -0.22243073639506572 -0.006087412419475936 -0.002324331311834674
-0.15432608929984812 -0.36726822721437463 53 nil_vol 0.6 nil_bias 0.98 Left 0.04 0.01 0.001 -0.1332947641876492 -0.35923792400520466 -0.0210313251121989 -0.008030303209169979
-0.09221322703235206 -0.4547183038550032 53 nil_vol 0.6 nil_bias 0.98 Left 0.04 0.01 0.001 -0.09624944464630408 -0.4562594360036108 0.0040362176139520246 0.0015411321486075652
-0.09113805517731757 -0.48408864108111704 53 nil_vol 0.6 nil_bias 0.98 Left 0.04 0.01 0.001 -0.08632520529674131 -0.48225097067114236 -0.004812849880576254 -0.0018376704099746565
0.01962701022088119 -0.7597393086412857 53 nil_vol 0.6 nil_bias 0.98 Home 0.04 0.01 0.001 0.0 -0.75 0.01962701022088119 -0.009739308641285697
-0.00962874387214131 -0.5403389529335492 54 nil_vol 0.6 nil_bias 0.98 Home 0.04 0.01 0.001 -0.013622988924313954 -0.5409459578727025 0.003994245052172645 0.0006070049391533454
-0.06846202878013319 -0.37274769811831215 54 nil_vol 0.6 nil_bias 0.98 Home 0.04 0.01 0.001 -0.039844964821769975 -0.3683987663577671 -0.02861706395836321 -0.0043489317605450795
-0.05118073845639917 -0.2742606602290024 54 nil_vol 0.6 nil_bias 0.98 Home 0.04 0.01 0.001 -0.05408406948574068 -0.2747018790955937 0.002903331029341514 0.00044121886659128577
-0.08436490984288932 -0.017322256044265207 54 nil_vol 0.6 nil_bias 0.98 Home 0.04 0.01 0.001 -0.09299862546130512 -0.018634320766176327 0.0086337156184158 0.0013120647219111207
-0.09646215169224462 0.024897988083598426 54 nil_vol 0.6 nil_bias 0.98 Home 0.04 0.01 0.001 -0.09954307181972658 0.024429781023167507 0.0030809201274819577 0.0004682070604309205
-0.1062604388224066 0.14023519739221438 54 nil_vol 0.6 nil_bias 0.98 Home 0.04 0.01 0.001 -0.11689637177223149 0.13861885594377577 0.010635932949824891 0.001616341448438619
-0.16755598523756132 0.4280372866493532 54 nil_vol 0.6 nil_bias 0.98 Home 0.04 0.01 0.001 -0.1610299730384468 0.42902904393667407 -0.006526012199114536 -0.0009917572873208598
-0.16379829769782123 0.4472453159309957 54 nil_vol 0.6 nil_bias 0.98 Left 0.04 0.01 0.001 -0.4 0.35 0.2362017023021788 0.09724531593099572
-0.11883858073241174 0.13497637865763537 55 nil_vol 0.6 nil_bias 0.98 Left 0.04 0.01 0.001 -0.11583838910142209 0.13543784584555912 -0.0030001916309896483 -0.0004614671879237499
-0.10551096508280569 0.1137399925865095 55 nil_vol 0.6 nil_bias 0.98 Left 0.04 0.01 0.001 -0.11233943643746311 0.11268968785220418 0.0068284713546574154 0.001050304734305323
-0.11923539998489673 0.11162189269895291 55 nil_vol 0.6 nil_bias 0.98 Left 0.04 0.01 0.001 -0.11233836821451974 0.11268274288706132 -0.006897031770376978 -0.0010608501881084035
-0.09541525048138236 -0.02835784511882026 55 nil_vol 0.6 nil_bias 0.98 Left 0.04 0.01 0.001 -0.09075481088414207 -0.027641010922893394 -0.004660439597240292 -0.0007168341959268639
-0.04703361500326759 -0.2713452701460301 55 nil_vol 0.6 nil_bias 0.98 Left 0.04 0.01 0.001 -0.053125899108825564 -0.27228234002689533 0.006092284105557977 0.0009370698808652526
-0.05558817070998055 -0.2917569924950772 55 nil_vol 0.6 nil_bias 0.98 Left 0.04 0.01 0.001 -0.05025658894354658 -0.29093692819667427 -0.005331581766433973 -0.0008200642984029155
-0.019742347037799132 -0.5424222669860644 55 nil_vol 0.6 nil_bias 0.98 Left 0.04 0.01 0.001 -0.011763742713571751 -0.5411950573428448 -0.007978604324227381 -0.0012272096432196814
0.01736373424112364 -0.7305649949639795 55 nil_vol 0.6 nil_bias 0.98 Home 0.04 0.01 0.001 0.0 -0.75 0.01736373424112364 0.019435005036020456
-0.044581102422993964 -0.5078673638143268 56 nil_vol 0.6 nil_bias 0.98 Home 0.04 0.01 0.001 -0.04210423953843338 -0.5072079085026187 -0.002476862884560579 -0.0006594553117081749
-0.06402558084959552 -0.46108864645535685 56 nil_vol 0.6 nil_bias 0.98 Home 0.04 0.01 0.001 -0.05502158408035958 -0.45869136660063076 -0.009003996769235936 -0.0023972798547261115
-0.08872316231521404 -0.27677791353453013 56 nil_vol 0.6 nil_bias 0.98 Home 0.04 0.01 0.001 -0.10248015579900796 -0.28044066066622375 0.01375699348379392 0.003662747131693621
-0.11749490097256259 -0.24464692153277065 56 nil_vol 0.6 nil_bias 0.98 Home 0.04 0.01 0.001 -0.1123731670784294 -0.2432832793858049 -0.005121733894133191 -0.0013636421469657334
-0.13428023691771673 -0.16581159120395278 56 nil_vol 0.6 nil_bias 0.98 Home 0.04 0.01 0.001 -0.13308447320692027 -0.16549322366913766 -0.0011957637107964606 -0.0003183675348151139
-0.25519639545008915 0.2561504705688189 56 nil_vol 0.6 nil_bias 0.98 Home 0.04 0.01 0.001 -0.24599757816070428 0.25859962064520436 -0.00919881728938487 -0.0024491500763854576
-0.28921013982855803 0.3997789517463099 56 nil_vol 0.6 nil_bias 0.98 Home 0.04 0.01 0.001 -0.2839583231976847 0.4011772279266085 -0.005251816630873322 -0.0013982761802986015
-0.29650013562806865 0.4482833004116008 56 nil_vol 0.6 nil_bias 0.98 Left 0.04 0.01 0.001 -0.4 0.35 0.10349986437193136 0.09828330041160085
-0.27502080817233376 0.30894285210593264 57 nil_vol 0.6 nil_bias 0.98 Left 0.04 0.01 0.001 -0.26606758070180714 0.31092651520901304 -0.008953227470526615 -0.001983663103080409
-0.17463546590069315 -0.004704894251734918 57 nil_vol 0.6 nil_bias 0.98 Left 0.04 0.01 0.001 -0.19513070508765445 -0.00924578745452892 0.0204952391869613 0.004540893202794002
-0.19833055964486856 -0.022688413725409688 57 nil_vol 0.6 nil_bias 0.98 Left 0.04 0.01 0.001 -0.19244146262433293 -0.021383634581960742 -0.0058890970205356325 -0.0013047791434489472
-0.11948487982520004 -0.31887819737385004 57 nil_vol 0.6 nil_bias 0.98 Left 0.04 0.01 0.001 -0.12619942701265016 -0.32036586196781724 0.006714547187450119 0.0014876645939672197
-0.09085132805584363 -0.5318466415923303 57 nil_vol 0.6 nil_bias 0.98 Left 0.04 0.01 0.001 -0.07988251427183524 -0.5294164083318078 -0.01096881378400839 -0.0024302332605224703
-0.08763806058955143 -0.5887145173405075 57 nil_vol 0.6 nil_bias 0.98 Left 0.04 0.01 0.001 -0.06772215271207732 -0.5843019798783525 -0.019915907877474104 -0.004412537462154988
-0.05686155252033792 -0.6681649539147196 57 nil_vol 0.6 nil_bias 0.98 Left 0.04 0.01 0.001 -0.04950282914555895 -0.6665345666501966 -0.007358723374778973 -0.0016303872645230368
-0.018630673455155726 -0.8058754819358949 57 nil_vol 0.6 nil_bias 0.98 Home 0.04 0.01 0.001 0.0 -0.75 -0.018630673455155726 -0.05587548193589482
-0.08857328706347324 -0.7082039039649499 58 nil_vol 0.6 nil_bias 0.98 Home 0.04 0.01 0.001 -0.0751377896864587 -0.7009671016268362 -0.013435497377014535 -0.00723680233811379
-0.26873267802395284 -0.3400908447813182 58 nil_vol 0.6 nil_bias 0.98 Home 0.04 0.01 0.001 -0.26934112630326773 -0.340418575106948 0.0006084482793148989 0.00032773032562980565
-0.31092612061616987 -0.2881646873303436 58 nil_vol 0.6 nil_bias 0.98 Home 0.04 0.01 0.001 -0.30050905226716224 -0.2825537104927194 -0.010417068349007604 -0.00561097683762421
-0.3876388560670755 -0.0876120777416842 58 nil_vol 0.6 nil_bias 0.98 Home 0.04 0.01 0.001 -0.4014919220034536 -0.09507379628810264 0.013853065936378117 0.00746171854641844
-0.43870819170846126 -0.007444186219746356 58 nil_vol 0.6 nil_bias 0.98 Home 0.04 0.01 0.001 -0.4464469198062598 -0.011612520597004794 0.0077387280977985265 0.004168334377258438
-0.4475588482198708 0.011520682888627787 58 nil_vol 0.6 nil_bias 0.98 Home 0.04 0.01 0.001 -0.45635518499779326 0.006782685568914815 0.008796336777922454 0.004737997319712972
-0.4924827150959856 0.06883976118062646 58 nil_vol 0.6 nil_bias 0.98 Home 0.04 0.01 0.001 -0.49038870107039634 0.069967666249653 -0.0020940140255892923 -0.0011279050690265538
-0.507814040989301 0.10231870996146061 58 nil_vol 0.6 nil_bias 0.98 Left 0.04 0.01 0.001 -0.4 0.35 -0.10781404098930099 -0.24768129003853936
-0.4817792443945304 0.07266479189945774 59 nil_vol 0.6 nil_bias 0.98 Left 0.04 0.01 0.001 -0.48842088259964206 0.06881981863126915 0.006641638205111631 0.003844973268188584
-0.3905172658393333 -0.062205820730053416 59 nil_vol 0.6 nil_bias 0.98 Left 0.04 0.01 0.001 -0.4070325407180969 -0.07176683391152425 0.016515274878763614 0.009561013181470828
-0.41796749914258924 -0.09674324052027185 59 nil_vol 0.6 nil_bias 0.98 Left 0.04 0.01 0.001 -0.39894766686549465 -0.08573229044855984 -0.019019832277094587 -0.011010950071712003
-0.3948834813877936 -0.08500169554902363 59 nil_vol 0.6 nil_bias 0.98 Left 0.04 0.01 0.001 -0.39824426394653406 -0.08694731780357615 0.003360782558740436 0.0019456222545525142
-0.07119004741007205 -0.6481366152991437 59 nil_vol 0.6 nil_bias 0.98 Left 0.04 0.01 0.001 -0.07281596475924967 -0.6490778904109167 0.001625917349177618 0.0009412751117729559
-0.02837362340485102 -0.7297206289897273 59 nil_vol 0.6 nil_bias 0.98 Left 0.04 0.01 0.001 -0.02669343081072828 -0.7287479328851972 -0.0016801925941227398 -0.0009726961045300994
-0.02202717644163757 -0.7305413684509608 59 nil_vol 0.6 nil_bias 0.98 Left 0.04 0.01 0.001 -0.024744478622606814 -0.7321144674251531 0.002717302180969246 0.001573098974192269
0.0014337714430091898 -0.7773336285613945 59 nil_vol 0.6 nil_bias 0.98 Home 0.04 0.01 0.001 0.0 -0.75 0.0014337714430091898 -0.027333628561394555
-0.25536164558166524 -0.501893829221217 60 nil_vol 0.6 nil_bias 0.98 Home 0.04 0.01 0.001 -0.24879791696701783 -0.49605459940575974 -0.006563728614647431 -0.005839229815457187
-0.31704702517667604 -0.41495889835672345 60 nil_vol 0.6 nil_bias 0.98 Home 0.04 0.01 0.001 -0.3192214492063681 -0.4168933113056821 0.0021744240296920478 0.0019344129489586436
-0.5759934837047334 -0.14516524934876987 60 nil_vol 0.6 nil_bias 0.98 Home 0.04 0.01 0.001 -0.567599560709247 -0.1376978404564343 -0.008393922995486369 -0.007467408892335578
-0.603206190948795 -0.10863842291885273 60 nil_vol 0.6 nil_bias 0.98 Home 0.04 0.01 0.001 -0.597760936364834 -0.10379421091891339 -0.005445254583961057 -0.0048442119999393424
-0.5965010499506326 -0.08275835367474152 60 nil_vol 0.6 nil_bias 0.98 Home 0.04 0.01 0.001 -0.6076507328851536 -0.09267734406061179 0.011149682934521048 0.009918990385870276
-0.6396014650685892 -0.05260765613222103 60 nil_vol 0.6 nil_bias 0.98 Home 0.04 0.01 0.001 -0.6416646812478721 -0.0544431362590071 0.00206321617928291 0.0018354801267860708
-0.8871974950631287 0.2098777745116528 60 nil_vol 0.6 nil_bias 0.98 Home 0.04 0.01 0.001 -0.8813990834106938 0.21503616240228485 -0.0057984116524349184 -0.005158387890632044
-0.9169047056465005 0.2549471225828748 60 nil_vol 0.6 nil_bias 0.98 Left 0.04 0.01 0.001 -0.4 0.35 -0.5169047056465005 -0.09505287741712519
-0.9083769370318611 0.21912598454274665 61 nil_vol 0.6 nil_bias 0.98 Left 0.04 0.01 0.001 -0.8953466376895842 0.23072146022203474 -0.013030299342276827 -0.011595475679288095
-0.6546505959412307 -0.0008992932576818852 61 nil_vol 0.6 nil_bias 0.98 Left 0.04 0.01 0.001 -0.673948625861307 -0.01807233208959863 0.01929802992007634 0.017173038831916745
-0.6595310798052105 -0.007076021368915072 61 nil_vol 0.6 nil_bias 0.98 Left 0.04 0.01 0.001 -0.6730380018260206 -0.019095636703936048 0.013506922020810094 0.012019615335020975
-0.6285588801126539 -0.09057055480490553 61 nil_vol 0.6 nil_bias 0.98 Left 0.04 0.01 0.001 -0.6178856187625815 -0.08107257328103484 -0.010673261350072351 -0.00949798152387068
-0.6022094829028666 -0.10191322026099953 61 nil_vol 0.6 nil_bias 0.98 Left 0.04 0.01 0.001 -0.6006080199403134 -0.10048810144018194 -0.0016014629625531445 -0.0014251188208175807
-0.44443259286036374 -0.2835351732211373 61 nil_vol 0.6 nil_bias 0.98 Left 0.04 0.01 0.001 -0.44068487320663585 -0.28020013148832024 -0.0037477196537278917 -0.00333504173281705
-0.03122659165036848 -0.7364962932771733 61 nil_vol 0.6 nil_bias 0.98 Left 0.04 0.01 0.001 -0.033127873620978576 -0.7381882167142771 0.0019012819706100963 0.0016919234371039476
0.000863630439206278 -0.7763858280282805 61 nil_vol 0.6 nil_bias 0.98 Home 0.04 0.01 0.001 0.0 -0.75 0.000863630439206278 -0.026385828028280534
-0.021751877966062153 -0.66171748856174 62 nil_vol 0.6 nil_bias 0.98 Home 0.04 0.01 0.001 -0.026436258703381788 -0.6628437945731702 0.004684380737319634 0.0011263060114302121
-0.046366115186066245 -0.5726015253532044 62 nil_vol 0.6 nil_bias 0.98 Home 0.04 0.01 0.001 -0.04803736846224573 -0.5730033591743938 0.001671253276179488 0.0004018338211894483
-0.09035271917599218 -0.3799688488402463 62 nil_vol 0.6 nil_bias 0.98 Home 0.04 0.01 0.001 -0.0942263794441351 -0.3809002263458126 0.003873660268142919 0.0009313775055663322
-0.12746003773665343 -0.24936149452316747 62 nil_vol 0.6 nil_bias 0.98 Home 0.04 0.01 0.001 -0.12594117628186258 -0.2489963015802814 -0.0015188614547908662 -0.00036519294288607306
-0.16055533405844574 -0.143727936135144 62 nil_vol 0.6 nil_bias 0.98 Home 0.04 0.01 0.001 -0.15176020874518267 -0.14161324839580403 -0.008795125313263069 -0.0021146877393399834
-0.16906479275521755 -0.07886821314354657 62 nil_vol 0.6 nil_bias 0.98 Home 0.04 0.01 0.001 -0.1669677685442116 -0.07836400754895134 -0.002097024211005945 -0.0005042055945952312
-0.2688748815543019 0.343820472533504 62 nil_vol 0.6 nil_bias 0.98 Home 0.04 0.01 0.001 -0.26849895247589733 0.3439108604000378 -0.0003759290784045348 -9.038786653382057e-05
-0.2756084562048527 0.3734797537397181 62 nil_vol 0.6 nil_bias 0.98 Left 0.04 0.01 0.001 -0.4 0.35 0.12439154379514734 0.02347975373971809
-0.2614383398386373 0.31860625593304265 63 nil_vol 0.6 nil_bias 0.98 Left 0.04 0.01 0.001 -0.2629356818608192 0.3182626040482752 0.00149734202218196 0.0003436518847674499
-0.21558967848194274 0.10150148433013345 63 nil_vol 0.6 nil_bias 0.98 Left 0.04 0.01 0.001 -0.21330749503575824 0.10202526355428393 -0.0022821834461844936 -0.0005237792241504782
-0.1911587766337388 0.0474593412703218 63 nil_vol 0.6 nil_bias 0.98 Left 0.04 0.01 0.001 -0.20030254467492487 0.04536077389247517 0.009143768041186067 0.002098567377846629
-0.13761837791048856 -0.2176483739841314 63 nil_vol 0.6 nil_bias 0.98 Left 0.04 0.01 0.001 -0.1398236940413012 -0.21815451154898613 0.0022053161308126603 0.0005061375648547276
-0.11131874452841159 -0.27653594204266696 63 nil_vol 0.6 nil_bias 0.98 Left 0.04 0.01 0.001 -0.12566881786769454 -0.2798293978306836 0.014350073339282954 0.0032934557880166426
-0.1218815916197228 -0.3145228003059326 63 nil_vol 0.6 nil_bias 0.98 Left 0.04 0.01 0.001 -0.11791532519425368 -0.3136125106644143 -0.003966266425469118 -0.0009102896415183105
-0.053906244591548476 -0.5743819272228107 63 nil_vol 0.6 nil_bias 0.98 Left 0.04 0.01 0.001 -0.05785849295896639 -0.5752889996086862 0.003952248367417917 0.0009070723858755049
-0.012428896319331566 -0.7732324624979798 63 nil_vol 0.6 nil_bias 0.98 Home 0.04 0.01 0.001 0.0 -0.75 -0.012428896319331566 -0.023232462497979778
