x y trial vol omega bias theta state target_sigma moving_sigma staying_sigma x_mean y_mean x_noise y_noise
-0.016211453340985175 -0.7449247778233065 0 nil_vol 0.6 nil_bias 0.54 Home 0.04 0.01 0.001 -0.001988185989413251 -0.7415701931488009 -0.014223267351571924 -0.003354584674505549
-0.02200671091269078 -0.6602468904052333 0 nil_vol 0.6 nil_bias 0.54 Home 0.04 0.01 0.001 -0.021212614232899267 -0.6600596011919845 -0.0007940966797915133 -0.00018728921324887748
-0.046673612221634964 -0.5672591263380079 0 nil_vol 0.6 nil_bias 0.54 Home 0.04 0.01 0.001 -0.04328810545120417 -0.5664606481229256 -0.0033855067704307903 -0.0007984782150823283
-0.04260059641004754 -0.5495377402433274 0 nil_vol 0.6 nil_bias 0.54 Home 0.04 0.01 0.001 -0.04703285607322459 -0.5505830971203377 0.004432259663177046 0.0010453568770103744
-0.09743125797359566 -0.39818844604882253 0 nil_vol 0.6 nil_bias 0.54 Home 0.04 0.01 0.001 -0.08373717336220278 -0.3949586701307256 -0.013694084611392878 -0.003229775918096896
-0.16670155486048327 -0.10041596459118149 0 nil_vol 0.6 nil_bias 0.54 Home 0.04 0.01 0.001 -0.15391679748654394 -0.09740065523266417 -0.012784757373939346 -0.0030153093585173238
-0.14312719724683803 -0.016857276437420413 0 nil_vol 0.6 nil_bias 0.54 Home 0.04 0.01 0.001 -0.17134354093816503 -0.02351215479819635 0.028216343691326994 0.006654878360775936
-0.23370515401266745 0.2408978933293469 0 nil_vol 0.6 nil_bias 0.54 Left 0.04 0.01 0.001 -0.4 0.35 0.16629484598733257 -0.10910210667065308
-0.218101274900622 0.20402594843374489 1 nil_vol 0.6 nil_bias 0.54 Left 0.04 0.01 0.001 -0.22237360745582208 0.20275666231050316 0.004272332555200068 0.0012692861232417383
-0.19101395395595902 0.08240802263666501 1 nil_vol 0.6 nil_bias 0.54 Left 0.04 0.01 0.001 -0.18697518184088446 0.08360791925856076 -0.0040387721150745536 -0.0011998966218957536
-0.11588419626526873 -0.17301905580077953 1 nil_vol 0.6 nil_bias 0.54 Left 0.04 0.01 0.001 -0.11115055698178845 -0.17161271802689992 -0.004733639283480279 -0.0014063377738796176
-0.10109945489190429 -0.2788303222891425 1 nil_vol 0.6 nil_bias 0.54 Left 0.04 0.01 0.001 -0.08106513687702863 -0.2728782383826726 -0.020034318014875666 -0.005952083906469876
-0.0432512508095924 -0.3323158018057561 1 nil_vol 0.6 nil_bias 0.54 Left 0.04 0.01 0.001 -0.0617718469287766 -0.33781816739750586 0.018520596119184204 0.005502365591749787
0.03558807720510183 -0.6653031385876552 1 nil_vol 0.6 nil_bias 0.54 Left 0.04 0.01 0.001 0.03552745817765435 -0.6653211481618981 6.061902744748161e-05 1.8009574242961833e-05
0.039808219332215095 -0.7046914196620719 1 nil_vol 0.6 nil_bias 0.54 Left 0.04 0.01 0.001 0.046622667884660296 -0.7026668850844358 -0.006814448552445203 -0.002024534577636221
0.05842826872900149 -0.7424037512625355 1 nil_vol 0.6 nil_bias 0.54 Home 0.04 0.01 0.001 0.0 -0.75 0.05842826872900149 0.007596248737464491
0.0377346107641516 -0.7306448979532016 2 nil_vol 0.6 nil_bias 0.54 Home 0.04 0.01 0.001 0.05998171059189397 -0.7364344269591526 -0.022247099827742374 0.005789529005950932
0.0754064093188474 -0.6895344121224937 2 nil_vol 0.6 nil_bias 0.54 Home 0.04 0.01 0.001 0.07239106187139907 -0.6887497057272693 0.0030153474474483273 -0.00078470639522427
0.12216074184752065 -0.5498719491684465 2 nil_vol 0.6 nil_bias 0.54 Home 0.04 0.01 0.001 0.10939668519767579 -0.5465502633406278 0.012764056649844875 -0.003321685827818615
0.2881423440536805 0.06555733803752378 2 nil_vol 0.6 nil_bias 0.54 Home 0.04 0.01 0.001 0.26992384116416474 0.07029847516283672 0.018218502889515754 -0.004741137125312933
0.32566581111288917 0.18917621216380825 2 nil_vol 0.6 nil_bias 0.54 Home 0.04 0.01 0.001 0.3024336472647233 0.19522209173963656 0.02323216384816584 -0.006045879575828293
0.32800344706264906 0.2062134952343796 2 nil_vol 0.6 nil_bias 0.54 Home 0.04 0.01 0.001 0.3067344351307923 0.2117484891194633 0.02126901193185677 -0.005534993885083726
0.3365586967299397 0.34499800785969353 2 nil_vol 0.6 nil_bias 0.54 Home 0.04 0.01 0.001 0.34110318417361696 0.34381536193837936 -0.0045444874436772215 0.0011826459213141872
0.34292618675174197 0.35082051215009613 2 nil_vol 0.6 nil_bias 0.54 Right 0.04 0.01 0.001 0.4 0.35 -0.05707381324825803 0.0008205121500961671
0.3325219149574812 0.3378994719901165 3 nil_vol 0.6 nil_bias 0.54 Right 0.04 0.01 0.001 0.33876583167228863 0.3361310656319806 -0.006243916714807465 0.0017684063581359054
0.3121012684703283 0.2969403221356383 3 nil_vol 0.6 nil_bias 0.54 Right 0.04 0.01 0.001 0.32651038989822084 0.2928593609197706 -0.0144091214278925 0.004080961215867714
0.31322939172776737 0.22300202285058743 3 nil_vol 0.6 nil_bias 0.54 Right 0.04 0.01 0.001 0.3072083207954607 0.22470731467394364 0.006021070932306667 -0.0017052918233562188
0.10372847865606055 -0.5278444233172084 3 nil_vol 0.6 nil_bias 0.54 Right 0.04 0.01 0.001 0.09478730989185069 -0.5253120993907381 0.008941168764209861 -0.002532323926470316
0.08262015794428616 -0.6051830740174571 3 nil_vol 0.6 nil_bias 0.54 Right 0.04 0.01 0.001 0.07294248251180085 -0.6024421561691782 0.00967767543248531 -0.0027409178482788897
0.05163094238558044 -0.6383788887666046 3 nil_vol 0.6 nil_bias 0.54 Right 0.04 0.01 0.001 0.06193770995718545 -0.6412979785203534 -0.010306767571605004 0.0029190897537487866
0.04328219604316437 -0.7076520449711682 3 nil_vol 0.6 nil_bias 0.54 Right 0.04 0.01 0.001 0.043155063707914276 -0.7076160384643152 0.00012713233525009303 -3.600650685294455e-05
0.03668264639053131 -0.7304689503458449 3 nil_vol 0.6 nil_bias 0.54 Home 0.04 0.01 0.001 0.0 -0.75 0.03668264639053131 0.019531049654155093
0.06609278013587569 -0.5108569767389263 4 nil_vol 0.6 nil_bias 0.54 Home 0.04 0.01 0.001 0.0770044017638465 -0.5128790176140968 -0.010911621627970805 0.0020220408751705915
0.06926464802175887 -0.4731238691636349 4 nil_vol 0.6 nil_bias 0.54 Home 0.04 0.01 0.001 0.08386991254955617 -0.4758303818044492 -0.0146052645277973 0.002706512640814259
0.08257444014035031 -0.4666471173249023 4 nil_vol 0.6 nil_bias 0.54 Home 0.04 0.01 0.001 0.08547216225089592 -0.4671840964057558 -0.0028977221105456006 0.0005369790808534877
0.07943107287649186 -0.45647547744269373 4 nil_vol 0.6 nil_bias 0.54 Home 0.04 0.01 0.001 0.08719013766572933 -0.4579133156203591 -0.007759064789237482 0.0014378381776653242
0.11115424729341919 -0.31587824933536246 4 nil_vol 0.6 nil_bias 0.54 Home 0.04 0.01 0.001 0.11343252715914667 -0.31630043910427547 -0.0022782798657274904 0.00042218976891300597
0.14337673340606436 -0.23316171108937603 4 nil_vol 0.6 nil_bias 0.54 Home 0.04 0.01 0.001 0.1293216795027364 -0.23055715839645607 0.014055053903327943 -0.002604552692919963
0.16894990217937328 0.048940046319762245 4 nil_vol 0.6 nil_bias 0.54 Home 0.04 0.01 0.001 0.1807116200761086 0.046760473460631946 -0.011761717896735323 0.002179572859130296
0.1807488999089587 0.04696164814281045 4 nil_vol 0.6 nil_bias 0.54 Right 0.04 0.01 0.001 0.4 0.35 -0.21925110009104132 -0.3030383518571895
0.13276722816686412 -0.16692016474683344 5 nil_vol 0.6 nil_bias 0.54 Right 0.04 0.01 0.001 0.1296929226466926 -0.16618375819963835 0.0030743055201715255 -0.0007364065471950873
0.09531207991276279 -0.2602055967716938 5 nil_vol 0.6 nil_bias 0.54 Right 0.04 0.01 0.001 0.10652778798109809 -0.26289216152550854 -0.011215708068335297 0.002686564753814729
0.09096490875118697 -0.3339449402013747 5 nil_vol 0.6 nil_bias 0.54 Right 0.04 0.01 0.001 0.08958714886602137 -0.333614917243916 0.0013777598851655933 -0.0003300229574587262
0.07316571290791635 -0.413053310934958 5 nil_vol 0.6 nil_bias 0.54 Right 0.04 0.01 0.001 0.0707002627815192 -0.41246274711397496 0.0024654501263971537 -0.0005905638209830631
0.03849415561200221 -0.5099764929926965 5 nil_vol 0.6 nil_bias 0.54 Right 0.04 0.01 0.001 0.04686208899354999 -0.5119809134669245 -0.00836793338154778 0.002004420474228047
0.060495209706107986 -0.561864979985562 5 nil_vol 0.6 nil_bias 0.54 Right 0.04 0.01 0.001 0.0363012516839038 -0.5560696584167674 0.024193958022204184 -0.005795321568794574
0.016327201002574645 -0.5899484253350233 5 nil_vol 0.6 nil_bias 0.54 Right 0.04 0.01 0.001 0.027542561883986655 -0.5926349069251051 -0.01121536088141201 0.0026864815900817392
-0.010792372838530273 -0.7526732741581811 5 nil_vol 0.6 nil_bias 0.54 Home 0.04 0.01 0.001 0.0 -0.75 -0.010792372838530273 -0.002673274158181115
0.037244451912165744 -0.5280994467753273 6 nil_vol 0.6 nil_bias 0.54 Home 0.04 0.01 0.001 0.047149519211347295 -0.530684798736075 -0.009905067299181551 0.002585351960747769
0.06837611465583365 -0.4127171436196289 6 nil_vol 0.6 nil_bias 0.54 Home 0.04 0.01 0.001 0.07733057071222346 -0.4150543736276199 -0.008954456056389809 0.002337230007990964
0.09487503293660639 -0.3353493858664894 6 nil_vol 0.6 nil_bias 0.54 Home 0.04 0.01 0.001 0.09792670966934704 -0.3361459133595647 -0.003051676732740646 0.0007965274930753164
0.14958033219805944 -0.06080892133725811 6 nil_vol 0.6 nil_bias 0.54 Home 0.04 0.01 0.001 0.1685040311320055 -0.06574825397031558 -0.018923698933946055 0.004939332633057475
0.20832664536891637 0.051459816207844816 6 nil_vol 0.6 nil_bias 0.54 Home 0.04 0.01 0.001 0.19968556646819954 0.05371525068437688 0.008641078900716831 -0.002255434476532067
0.1915185943756221 0.06025542527622027 6 nil_vol 0.6 nil_bias 0.54 Home 0.04 0.01 0.001 0.20076284672087805 0.05784255465105759 -0.009244252345255954 0.002412870625162684
0.2317149497024287 0.1354838096886809 6 nil_vol 0.6 nil_bias 0.54 Home 0.04 0.01 0.001 0.22170985391697587 0.13809527039107583 0.010005095785452823 -0.0026114607023949295
0.26007987479455597 0.28509948677386443 6 nil_vol 0.6 nil_bias 0.54 Right 0.04 0.01 0.001 0.4 0.35 -0.13992012520544403 -0.06490051322613553
0.2663636769715568 0.2657807812919137 7 nil_vol 0.6 nil_bias 0.54 Right 0.04 0.01 0.001 0.2564238986452604 0.2678927170651866 0.009939778326296384 -0.0021119357732728825
0.23201386124030904 0.1005960030186403 7 nil_vol 0.6 nil_bias 0.54 Right 0.04 0.01 0.001 0.22135886100019378 0.10285990422776467 0.010655000240115266 -0.002263901209124369
0.19013783742131263 0.02434751353133657 7 nil_vol 0.6 nil_bias 0.54 Right 0.04 0.01 0.001 0.2040490677944617 0.021391750926694986 -0.013911230373149064 0.0029557626046415853
0.18206249567094612 0.01077483063294375 7 nil_vol 0.6 nil_bias 0.54 Right 0.04 0.01 0.001 0.2009409910972123 0.0067636576945271365 -0.018878495426266177 0.004011172938416614
0.14818041913726304 -0.2986694780203707 7 nil_vol 0.6 nil_bias 0.54 Right 0.04 0.01 0.001 0.13656885981482728 -0.29620233371277027 0.01161155932243577 -0.0024671443076004383
0.10319058304126622 -0.4009046489174048 7 nil_vol 0.6 nil_bias 0.54 Right 0.04 0.01 0.001 0.11384159354709111 -0.4031677024152124 -0.010651010505824891 0.002263053497807568
0.06016449409471708 -0.7346570567778711 7 nil_vol 0.6 nil_bias 0.54 Right 0.04 0.01 0.001 0.044132763895170235 -0.7312507449463176 0.01603173019954685 -0.0034063118315534775
0.03935571234501658 -0.7537338308728527 7 nil_vol 0.6 nil_bias 0.54 Home 0.04 0.01 0.001 0.0 -0.75 0.03935571234501658 -0.0037338308728527016
0.06831845569795972 -0.6619056966454078 8 nil_vol 0.6 nil_bias 0.54 Home 0.04 0.01 0.001 0.069475994513656 -0.662286960603894 -0.0011575388156962905 0.00038126395848628514
0.1029752248420893 -0.5464747373396364 8 nil_vol 0.6 nil_bias 0.54 Home 0.04 0.01 0.001 0.10716686533120609 -0.5478553575173457 -0.004191640489116788 0.0013806201777093257
0.14000664737886273 -0.43487788761404816 8 nil_vol 0.6 nil_bias 0.54 Home 0.04 0.01 0.001 0.14395088082628657 -0.4361770181805288 -0.0039442334474238385 0.0012991305664806132
0.2164147334324604 -0.2517089123801436 8 nil_vol 0.6 nil_bias 0.54 Home 0.04 0.01 0.001 0.2058555431375339 -0.24823098262464593 0.010559190294926506 -0.003477929755497655
0.2196473763666756 -0.19462591526091116 8 nil_vol 0.6 nil_bias 0.54 Home 0.04 0.01 0.001 0.22313349346976405 -0.19577415391040365 -0.0034861171030884505 0.001148238649492489
0.2966756222700239 0.0641807879609136 8 nil_vol 0.6 nil_bias 0.54 Home 0.04 0.01 0.001 0.3075737523695642 0.060591220021155245 -0.010898130099540293 0.0035895679397583598
0.30493410514698105 0.06909770794795375 8 nil_vol 0.6 nil_bias 0.54 Home 0.04 0.01 0.001 0.30984301751115634 0.06748083658740078 -0.004908912364175286 0.0016168713605529729
0.31076537826895456 0.07028117571063025 8 nil_vol 0.6 nil_bias 0.54 Right 0.04 0.01 0.001 0.4 0.35 -0.08923462173104546 -0.2797188242893697
0.30844007498588055 0.061160612525471426 9 nil_vol 0.6 nil_bias 0.54 Right 0.04 0.01 0.001 0.3071851433260867 0.06168316975594864 0.001254931659793829 -0.0005225572304772163
0.2969105053619952 0.02667718907423939 9 nil_vol 0.6 nil_bias 0.54 Right 0.04 0.01 0.001 0.2932442476892253 0.028203829541667898 0.0036662576727699075 -0.0015266404674285099
0.19416104871665005 -0.2218515669090774 9 nil_vol 0.6 nil_bias 0.54 Right 0.04 0.01 0.001 0.18986529300216382 -0.22006280160743746 0.004295755714486234 -0.0017887653016399262
0.1854519907227659 -0.21981447786266237 9 nil_vol 0.6 nil_bias 0.54 Right 0.04 0.01 0.001 0.18930126470704262 -0.22141732685995524 -0.003849273984276711 0.0016028489972928874
0.16103274636224651 -0.2786646796084859 9 nil_vol 0.6 nil_bias 0.54 Right 0.04 0.01 0.001 0.16480859849919588 -0.2802369555328178 -0.003775852136949359 0.0015722759243319221
0.1266459143984571 -0.3016130715186878 9 nil_vol 0.6 nil_bias 0.54 Right 0.04 0.01 0.001 0.1515835493772813 -0.3119971759975939 -0.0249376349788242 0.010384104478906067
0.020576628986643513 -0.6072930961953793 9 nil_vol 0.6 nil_bias 0.54 Right 0.04 0.01 0.001 0.027432680181924296 -0.6101479760580839 -0.006856051195280784 0.002854879862704657
-0.02933917847990163 -0.7464867322073441 9 nil_vol 0.6 nil_bias 0.54 Home 0.04 0.01 0.001 0.0 -0.75 -0.02933917847990163 0.0035132677926559227
0.047881701446118724 -0.3904512630403339 10 nil_vol 0.6 nil_bias 0.54 Home 0.04 0.01 0.001 0.04326691634174944 -0.38951264721650464 0.004614785104369289 -0.0009386158238292782
0.05093770866444407 -0.3662354391685504 10 nil_vol 0.6 nil_bias 0.54 Home 0.04 0.01 0.001 0.04811799007613324 -0.3656619276342368 0.002819718588310832 -0.00057351153431354
0.04344524121708402 -0.3641228536063175 10 nil_vol 0.6 nil_bias 0.54 Home 0.04 0.01 0.001 0.04823296492061645 -0.36509664396201646 -0.004787723703532428 0.0009737903556989646
0.08367753788035952 -0.1886899228899915 10 nil_vol 0.6 nil_bias 0.54 Home 0.04 0.01 0.001 0.08409559463816581 -0.18877495278396517 -0.00041805675780628835 8.502989397366005e-05
0.07864886230503039 -0.1808158368432657 10 nil_vol 0.6 nil_bias 0.54 Home 0.04 0.01 0.001 0.08543374230026035 -0.1821958351708749 -0.006784879995229957 0.0013799983276092194
0.09986613509786953 -0.0851963877692294 10 nil_vol 0.6 nil_bias 0.54 Home 0.04 0.01 0.001 0.10495235764737425 -0.08623089075485324 -0.005086222549504726 0.001034502985623835
0.11655533848120671 -0.05374041493203471 10 nil_vol 0.6 nil_bias 0.54 Home 0.04 0.01 0.001 0.11175911291998615 -0.05276489535645279 0.004796225561220553 -0.0009755195755819149
0.16478585628640238 0.2079456309398306 10 nil_vol 0.6 nil_bias 0.54 Right 0.04 0.01 0.001 0.4 0.35 -0.23521414371359764 -0.14205436906016938
0.15582198538418382 0.07179077154636652 11 nil_vol 0.6 nil_bias 0.54 Right 0.04 0.01 0.001 0.14259635715030866 0.0739814319502912 0.013225628233875165 -0.0021906604039246746
0.11827135337956735 0.06237237154962301 11 nil_vol 0.6 nil_bias 0.54 Right 0.04 0.01 0.001 0.14007525378291177 0.05876082732502563 -0.02180390040334442 0.003611544224597377
0.08888628094481237 -0.22177480763349555 11 nil_vol 0.6 nil_bias 0.54 Right 0.04 0.01 0.001 0.09348193840681679 -0.22253602098789999 -0.004595657462004428 0.000761213354404431
0.07399367613517412 -0.3168783010558821 11 nil_vol 0.6 nil_bias 0.54 Right 0.04 0.01 0.001 0.07775219806206343 -0.317500853347306 -0.0037585219268893104 0.0006225522914238599
0.078738271278587 -0.40280173855776874 11 nil_vol 0.6 nil_bias 0.54 Right 0.04 0.01 0.001 0.06402679116353249 -0.40036496531711246 0.01471148011505451 -0.0024367732406562763
0.054777459618058855 -0.462556523423401 11 nil_vol 0.6 nil_bias 0.54 Right 0.04 0.01 0.001 0.05375362476201667 -0.4623869379459002 0.0010238348560421856 -0.00016958547750078133
0.018756473158934465 -0.6994655074090204 11 nil_vol 0.6 nil_bias 0.54 Right 0.04 0.01 0.001 0.014598590707264825 -0.6987768060263733 0.004157882451669642 -0.0006887013826470684
-0.0023015477805423514 -0.8008076586132484 11 nil_vol 0.6 nil_bias 0.54 Home 0.04 0.01 0.001 0.0 -0.75 -0.0023015477805423514 -0.05080765861324845
0.013746720129740441 -0.7827476634445892 12 nil_vol 0.6 nil_bias 0.54 Home 0.04 0.01 0.001 -0.006192968380771731 -0.7897909195406938 0.01993968851051217 0.007043256096104612
-0.018964507003116575 -0.7668353507506199 12 nil_vol 0.6 nil_bias 0.54 Home 0.04 0.01 0.001 -0.014818780194292766 -0.7653709640023696 -0.004145726808823808 -0.0014643867482502908
-0.07588296148487926 -0.6180667441897542 12 nil_vol 0.6 nil_bias 0.54 Home 0.04 0.01 0.001 -0.06785269068623873 -0.6152302277754642 -0.008030270798640535 -0.0028365164142899147
-0.11355633269385923 -0.46886751518277076 12 nil_vol 0.6 nil_bias 0.54 Home 0.04 0.01 0.001 -0.11888699115745366 -0.47075045295786033 0.005330658463594436 0.001882937775089585
-0.1218505102678335 -0.4170025614603901 12 nil_vol 0.6 nil_bias 0.54 Home 0.04 0.01 0.001 -0.13609496948264252 -0.4220341031591245 0.014244459214809019 0.005031541698734396
-0.1957792041852004 -0.21917687323762422 12 nil_vol 0.6 nil_bias 0.54 Home 0.04 0.01 0.001 -0.20642192826631592 -0.22293618127415438 0.010642724081115534 0.003759308036530151
-0.27826975926625414 -0.08669896796023893 12 nil_vol 0.6 nil_bias 0.54 Home 0.04 0.01 0.001 -0.2571765280386803 -0.07924824828867383 -0.021093231227573853 -0.007450719671565102
-0.37213359304724203 0.24619896491448706 12 nil_vol 0.6 nil_bias 0.54 Left 0.04 0.01 0.001 -0.4 0.35 0.027866406952758 -0.10380103508551292
-0.35270542365904983 0.17942821667129832 13 nil_vol 0.6 nil_bias 0.54 Left 0.04 0.01 0.001 -0.3495670760115984 0.18050629085017325 -0.0031383476474514047 -0.00107807417887494
-0.31327499597678293 0.08604644074380774 13 nil_vol 0.6 nil_bias 0.54 Left 0.04 0.01 0.001 -0.31671287723688 0.08486547182866588 0.0034378812600970726 0.0011809689151418606
-0.21811517269491726 -0.19705947871832463 13 nil_vol 0.6 nil_bias 0.54 Left 0.04 0.01 0.001 -0.21968210339334532 -0.19759774525722562 0.0015669306984280602 0.0005382665389010012
-0.12721083787201068 -0.4147545519664167 13 nil_vol 0.6 nil_bias 0.54 Left 0.04 0.01 0.001 -0.14319855120860805 -0.420246595189046 0.01598771333659737 0.005492043222629313
-0.10261038049760994 -0.48931811031956723 13 nil_vol 0.6 nil_bias 0.54 Left 0.04 0.01 0.001 -0.1176916971621556 -0.4944987913357977 0.01508131666454567 0.005180681016230462
-0.12647198284797195 -0.527172417744978 13 nil_vol 0.6 nil_bias 0.54 Left 0.04 0.01 0.001 -0.1085791821521982 -0.5210259455931328 -0.017892800695773765 -0.006146472151845296
-0.04331019834683456 -0.6999565435174137 13 nil_vol 0.6 nil_bias 0.54 Left 0.04 0.01 0.001 -0.04671213042561534 -0.7011251632958497 0.0034019320787807795 0.0011686197784360334
-0.021645767482061182 -0.7740950597237206 13 nil_vol 0.6 nil_bias 0.54 Home 0.04 0.01 0.001 0.0 -0.75 -0.021645767482061182 -0.024095059723720648
-0.15722848395600225 -0.3924512474025486 14 nil_vol 0.6 nil_bias 0.54 Home 0.04 0.01 0.001 -0.1463038644741722 -0.3889156423994871 -0.01092461948183005 -0.003535605003061507
-0.1988942197521959 -0.24568836994596688 14 nil_vol 0.6 nil_bias 0.54 Home 0.04 0.01 0.001 -0.193248740256017 -0.24386128703616217 -0.005645479496178923 -0.0018270829098047175
-0.2740598808432673 -0.012843864208317728 14 nil_vol 0.6 nil_bias 0.54 Home 0.04 0.01 0.001 -0.2685875703249372 -0.011072825090745364 -0.005472310518330138 -0.0017710391175723634
-0.2804534821019306 -0.002607230015931113 14 nil_vol 0.6 nil_bias 0.54 Home 0.04 0.01 0.001 -0.2721925952306239 6.629403682834045e-05 -0.00826088687130672 -0.0026735240527594535
-0.328562671968437 0.13806116822032163 14 nil_vol 0.6 nil_bias 0.54 Home 0.04 0.01 0.001 -0.31796298287044256 0.14149161390935427 -0.010599689097994485 -0.003430445689032633
-0.3428275842497889 0.2097725831234712 14 nil_vol 0.6 nil_bias 0.54 Home 0.04 0.01 0.001 -0.34032347475267843 0.2105830042169402 -0.0025041094971104357 -0.0008104210934690038
-0.45392904675603907 0.5214441315802023 14 nil_vol 0.6 nil_bias 0.54 Home 0.04 0.01 0.001 -0.4421619561618519 0.525252390938387 -0.011767090594187204 -0.003808259358184709
-0.4670831200934104 0.6022559681934363 14 nil_vol 0.6 nil_bias 0.54 Left 0.04 0.01 0.001 -0.4 0.35 -0.06708312009341039 0.2522559681934363
-0.4044495863352633 0.4260224104176173 15 nil_vol 0.6 nil_bias 0.54 Left 0.04 0.01 0.001 -0.4090300304275967 0.4245262680654388 0.004580444092333433 0.0014961423521784875
-0.3638480829670531 0.3244075314693104 15 nil_vol 0.6 nil_bias 0.54 Left 0.04 0.01 0.001 -0.37512445490219803 0.3207242515752658 0.011276371935144894 0.0036832798940446133
-0.3495601753799768 0.2676092236720782 15 nil_vol 0.6 nil_bias 0.54 Left 0.04 0.01 0.001 -0.35698315326771757 0.2651846047108465 0.007422977887740791 0.002424618961231709
-0.25622695060414535 -0.04653758195527181 15 nil_vol 0.6 nil_bias 0.54 Left 0.04 0.01 0.001 -0.2552657199376578 -0.04622360848864837 -0.0009612306664875404 -0.0003139734666234356
-0.24037385658859567 -0.10240626372315667 15 nil_vol 0.6 nil_bias 0.54 Left 0.04 0.01 0.001 -0.23724790148503477 -0.10138521123846989 -0.0031259551035609026 -0.0010210524846867846
-0.17566448500969123 -0.3212461859938394 15 nil_vol 0.6 nil_bias 0.54 Left 0.04 0.01 0.001 -0.16641953922479114 -0.3182264449701395 -0.009244945784900097 -0.0030197410236998787
-0.10614608891593978 -0.5023349708469855 15 nil_vol 0.6 nil_bias 0.54 Left 0.04 0.01 0.001 -0.10626970090801802 -0.5023753470927943 0.00012361199207822944 4.0376245808771674e-05
-0.02341133781402108 -0.7560464628002651 15 nil_vol 0.6 nil_bias 0.54 Home 0.04 0.01 0.001 0.0 -0.75 -0.02341133781402108 -0.006046462800265053
-0.04332857741034955 -0.736225025879996 16 nil_vol 0.6 nil_bias 0.54 Home 0.04 0.01 0.001 -0.03489065808355611 -0.7321684998460719 -0.008437919326793442 -0.004056526033924166
-0.03577745128110633 -0.7213144002177829 16 nil_vol 0.6 nil_bias 0.54 Home 0.04 0.01 0.001 -0.039295637939723356 -0.7230057669185248 0.0035181866586170255 0.0016913667007418642
-0.0474639010436724 -0.6951349011418348 16 nil_vol 0.6 nil_bias 0.54 Home 0.04 0.01 0.001 -0.05171258748192033 -0.6971774552928335 0.004248686438247924 0.002042554150998598
-0.24201534718339474 -0.3085639993688933 16 nil_vol 0.6 nil_bias 0.54 Home 0.04 0.01 0.001 -0.2391910815073427 -0.3072062348776822 -0.0028242656760520345 -0.0013577644912110417
-0.2636140201952458 -0.2539072810380778 16 nil_vol 0.6 nil_bias 0.54 Home 0.04 0.01 0.001 -0.2645891566325603 -0.2543760774547529 0.0009751364373144269 0.0004687964166750639
-0.2895422522701973 -0.22532544887017403 16 nil_vol 0.6 nil_bias 0.54 Home 0.04 0.01 0.001 -0.2806178441308323 -0.22103504355191694 -0.008924408139365018 -0.004290405318257096
-0.3983671636749847 0.06378702371277604 16 nil_vol 0.6 nil_bias 0.54 Home 0.04 0.01 0.001 -0.41394546860616555 0.05629776041571166 0.01557830493118085 0.007489263297064383
-0.4385063937985307 0.10738657474389296 16 nil_vol 0.6 nil_bias 0.54 Left 0.04 0.01 0.001 -0.4 0.35 -0.03850639379853066 -0.24261342525610702
-0.42581254265758367 0.05936612722245147 17 nil_vol 0.6 nil_bias 0.54 Left 0.04 0.01 0.001 -0.41526237516652265 0.06517573134243332 -0.010550167491061042 -0.005809604119981848
-0.4183110472055695 0.060561190626864166 17 nil_vol 0.6 nil_bias 0.54 Left 0.04 0.01 0.001 -0.4140219118943102 0.06292306575316564 -0.004289135311259274 -0.002361875126301474
-0.31425902303897035 -0.11510601067700231 17 nil_vol 0.6 nil_bias 0.54 Left 0.04 0.01 0.001 -0.3155853972032892 -0.11583639802072868 0.0013263741643188562 0.0007303873437263635
-0.23578532678376324 -0.2374026851501736 17 nil_vol 0.6 nil_bias 0.54 Left 0.04 0.01 0.001 -0.2456514288738673 -0.24283559864651333 0.009866102090104061 0.005432913496339717
-0.057982319632542564 -0.5852646999697215 17 nil_vol 0.6 nil_bias 0.54 Left 0.04 0.01 0.001 -0.05729595924380487 -0.5848867455774731 -0.000686360388737695 -0.00037795439224840493
-0.033240123885159595 -0.5875107874048103 17 nil_vol 0.6 nil_bias 0.54 Left 0.04 0.01 0.001 -0.050589971281727875 -0.5970647347711968 0.01734984739656828 0.009553947366386527
0.01768335184977908 -0.7126231080536437 17 nil_vol 0.6 nil_bias 0.54 Left 0.04 0.01 0.001 0.0141234212738649 -0.7145834359212537 0.0035599305759141785 0.0019603278676100307
0.020776020921943385 -0.726664472613031 17 nil_vol 0.6 nil_bias 0.54 Home 0.04 0.01 0.001 0.0 -0.75 0.020776020921943385 0.023335527386968927
0.043693239931084836 -0.6668122447896213 18 nil_vol 0.6 nil_bias 0.54 Home 0.04 0.01 0.001 0.058667141615485016 -0.6786222228583959 -0.014973901684400178 0.011809978068774618
0.10470353656214014 -0.6264113706156592 18 nil_vol 0.6 nil_bias 0.54 Home 0.04 0.01 0.001 0.10170888924433362 -0.6240494799145967 0.0029946473178065177 -0.0023618907010625545
0.10518845135811483 -0.6002047370748512 18 nil_vol 0.6 nil_bias 0.54 Home 0.04 0.01 0.001 0.11463750982942914 -0.6076572484956421 -0.009449058471314296 0.007452511420790795
0.34817627561163317 -0.31374711523771104 18 nil_vol 0.6 nil_bias 0.54 Home 0.04 0.01 0.001 0.34710933810851924 -0.312905617224828 0.0010669375031139095 -0.0008414980128830177
0.42269118213481016 -0.22534718384128688 18 nil_vol 0.6 nil_bias 0.54 Home 0.04 0.01 0.001 0.4186690315915346 -0.22217489710489935 0.00402215054327551 -0.003172286736387537
0.5051366281662084 -0.12434612547242144 18 nil_vol 0.6 nil_bias 0.54 Home 0.04 0.01 0.001 0.4993972141834085 -0.11981942597264439 0.0057394139827998845 -0.00452669949977705
0.5469531813418946 -0.07993060548554358 18 nil_vol 0.6 nil_bias 0.54 Home 0.04 0.01 0.001 0.5370302763172226 -0.07210436933214348 0.009922905024672125 -0.007826236153400093
0.6496534214851015 0.07069080719664128 18 nil_vol 0.6 nil_bias 0.54 Right 0.04 0.01 0.001 0.4 0.35 0.24965342148510145 -0.2793091928033587
0.6267956863183104 0.023796771147242837 19 nil_vol 0.6 nil_bias 0.54 Right 0.04 0.01 0.001 0.6166692525315112 0.03255533617887849 0.01012643378679925 -0.008758565031635654
0.5789573213026333 -0.008840258317462097 19 nil_vol 0.6 nil_bias 0.54 Right 0.04 0.01 0.001 0.5800488068306131 -0.009784307049638924 -0.001091485527979818 0.0009440487321768266
0.530623470526005 -0.03953061540656822 19 nil_vol 0.6 nil_bias 0.54 Right 0.04 0.01 0.001 0.544179496341977 -0.051255506536010104 -0.013556025815972064 0.011724891129441882
0.4513187758740627 -0.17005271500275054 19 nil_vol 0.6 nil_bias 0.54 Right 0.04 0.01 0.001 0.4456614658530444 -0.16515958887696616 0.005657310021018332 -0.004893126125784387
0.1347684632750876 -0.5120750498654165 19 nil_vol 0.6 nil_bias 0.54 Right 0.04 0.01 0.001 0.1409686890781292 -0.5174377552412772 -0.0062002258030416195 0.005362705375860666
0.13682717917336867 -0.5275636220797375 19 nil_vol 0.6 nil_bias 0.54 Right 0.04 0.01 0.001 0.13418625722540967 -0.5252794332812263 0.0026409219479590156 -0.0022841887985112735
0.07346360148190018 -0.6001775519994104 19 nil_vol 0.6 nil_bias 0.54 Right 0.04 0.01 0.001 0.07114203770704541 -0.5981695827848521 0.002321563774854757 -0.0020079692145582033
-0.03169243824942358 -0.7170642313959059 19 nil_vol 0.6 nil_bias 0.54 Home 0.04 0.01 0.001 0.0 -0.75 -0.03169243824942358 0.0329357686040941
0.08212058421893491 -0.44165707553811206 20 nil_vol 0.6 nil_bias 0.54 Home 0.04 0.01 0.001 0.07013668186572065 -0.43729522626322587 0.011983902353214254 -0.004361849274886199
0.07157275907332619 -0.3711412914199381 20 nil_vol 0.6 nil_bias 0.54 Home 0.04 0.01 0.001 0.0915663849537179 -0.37841848544057716 -0.019993625880391712 0.007277194020639011
0.1106730245956593 -0.2771352315553162 20 nil_vol 0.6 nil_bias 0.54 Home 0.04 0.01 0.001 0.12635368146385859 -0.28284260965089536 -0.01568065686819929 0.0057073780955791435
0.12592305567341652 -0.2711836826585112 20 nil_vol 0.6 nil_bias 0.54 Home 0.04 0.01 0.001 0.13005045650863412 -0.27268595627603864 -0.00412740083521759 0.0015022736175274202
0.14111281302259282 -0.24999014347882642 20 nil_vol 0.6 nil_bias 0.54 Home 0.04 0.01 0.001 0.138638918305732 -0.24908970591192736 0.0024738947168608284 -0.0009004375668990635
0.18316492564758388 -0.123486945074545 20 nil_vol 0.6 nil_bias 0.54 Home 0.04 0.01 0.001 0.18421602369326956 -0.12386951922387279 -0.0010510980456856812 0.0003825741493278022
0.3156107765048369 0.24800367605146914 20 nil_vol 0.6 nil_bias 0.54 Home 0.04 0.01 0.001 0.31910581437966545 0.24673156718653566 -0.0034950378748285988 0.0012721088649334702
0.3205119921819367 0.2505949509056157 20 nil_vol 0.6 nil_bias 0.54 Right 0.04 0.01 0.001 0.4 0.35 -0.07948800781806331 -0.09940504909438432
0.2956962883497019 0.14511301938826782 21 nil_vol 0.6 nil_bias 0.54 Right 0.04 0.01 0.001 0.2840756144375609 0.14929274335010717 0.011620673912141003 -0.0041797239618393605
0.2534183101654566 0.08678489208082496 21 nil_vol 0.6 nil_bias 0.54 Right 0.04 0.01 0.001 0.2606564010139493 0.0841814955836728 -0.00723809084849277 0.0026033964971521636
0.18938995020454097 -0.07094098229813857 21 nil_vol 0.6 nil_bias 0.54 Right 0.04 0.01 0.001 0.20308962566988453 -0.07586848153310932 -0.013699675465343576 0.004927499234970749
0.15670286462602803 -0.2421848173781609 21 nil_vol 0.6 nil_bias 0.54 Right 0.04 0.01 0.001 0.14480782424630956 -0.23790640928599233 0.011895040379718476 -0.004278408092168554
0.09409128365130055 -0.4178995424275418 21 nil_vol 0.6 nil_bias 0.54 Right 0.04 0.01 0.001 0.08167427879542011 -0.4134333941539743 0.012417004855880447 -0.004466148273567481
0.07289894068540767 -0.47211007533998195 21 nil_vol 0.6 nil_bias 0.54 Right 0.04 0.01 0.001 0.06198179777134044 -0.4681833974056603 0.010917142914067224 -0.00392667793432167
0.011763319725166813 -0.5753225241355058 21 nil_vol 0.6 nil_bias 0.54 Right 0.04 0.01 0.001 0.02210774212611305 -0.5790432059571899 -0.010344422400946237 0.003720681821684199
-0.04095521407356184 -0.7543739351208346 21 nil_vol 0.6 nil_bias 0.54 Home 0.04 0.01 0.001 0.0 -0.75 -0.04095521407356184 -0.00437393512083461
0.09199552780360425 -0.4843807335244631 22 nil_vol 0.6 nil_bias 0.54 Home 0.04 0.01 0.001 0.09251157397106166 -0.4846360741140125 -0.0005160461674574133 0.0002553405895494104
0.16049241849736043 -0.3669348516320029 22 nil_vol 0.6 nil_bias 0.54 Home 0.04 0.01 0.001 0.1526663917546774 -0.36306251925493693 0.007826026742683035 -0.0038723323770659484
0.2684442285542443 -0.15222329858302014 22 nil_vol 0.6 nil_bias 0.54 Home 0.04 0.01 0.001 0.25924279984734444 -0.14767041479300425 0.009201428706899897 -0.004552883790015901
0.33280614670019826 -0.04304671822672369 22 nil_vol 0.6 nil_bias 0.54 Home 0.04 0.01 0.001 0.3152974345968182 -0.034383375385219295 0.017508712103380064 -0.0086633428415044
0.36781364764840674 0.06771843712903503 22 nil_vol 0.6 nil_bias 0.54 Home 0.04 0.01 0.001 0.36621017495829083 0.06851183835520414 0.0016034726901159252 -0.0007934012261691057
0.3737083206431052 0.06995301961133901 22 nil_vol 0.6 nil_bias 0.54 Home 0.04 0.01 0.001 0.36825773477630314 0.07264997948893326 0.005450585866802075 -0.0026969598775942473
0.39555368384103895 0.12814653083567562 22 nil_vol 0.6 nil_bias 0.54 Home 0.04 0.01 0.001 0.3956853053599521 0.12808140426686054 -0.00013162151891315431 6.512656881508032e-05
0.4482910113988675 0.23439812044456965 22 nil_vol 0.6 nil_bias 0.54 Right 0.04 0.01 0.001 0.4 0.35 0.04829101139886751 -0.11560187955543032
0.4360763200106478 0.2017887329128617 23 nil_vol 0.6 nil_bias 0.54 Right 0.04 0.01 0.001 0.43202266588431765 0.2039549404487596 0.004053654126330158 -0.002166207535897893
0.3742373447429874 0.12699629573082435 23 nil_vol 0.6 nil_bias 0.54 Right 0.04 0.01 0.001 0.3871965064549741 0.12007112824377009 -0.012959161711986703 0.006925167487054281
0.36568204835153956 0.10546023043768321 23 nil_vol 0.6 nil_bias 0.54 Right 0.04 0.01 0.001 0.3763439884638579 0.09976266120784238 -0.010661940112318332 0.005697569229840825
0.3515321270036357 0.03593382242100179 23 nil_vol 0.6 nil_bias 0.54 Right 0.04 0.01 0.001 0.34430010490691076 0.03979849865569782 0.007232022096724932 -0.003864676234696022
0.2888852587709579 -0.06922554434370287 23 nil_vol 0.6 nil_bias 0.54 Right 0.04 0.01 0.001 0.28667156633592233 -0.06804258272796299 0.002213692435035558 -0.001182961615739887
0.14379983530026955 -0.34421646406445544 23 nil_vol 0.6 nil_bias 0.54 Right 0.04 0.01 0.001 0.14013518757543392 -0.3422581352898353 0.0036646477248356408 -0.001958328774620145
0.10460701719332705 -0.39856574600277006 23 nil_vol 0.6 nil_bias 0.54 Right 0.04 0.01 0.001 0.10883728511011548 -0.4008263331063151 -0.004230267916788431 0.002260587103545062
-0.04385621136169511 -0.6865637852106781 23 nil_vol 0.6 nil_bias 0.54 Home 0.04 0.01 0.001 0.0 -0.75 -0.04385621136169511 0.06343621478932197
-0.24837620746632855 -0.4259520012491377 24 nil_vol 0.6 nil_bias 0.54 Home 0.04 0.01 0.001 -0.24958590031563715 -0.42691047056023856 0.0012096928493086168 0.0009584693111008907
-0.4258819253005687 -0.20850146160635397 24 nil_vol 0.6 nil_bias 0.54 Home 0.04 0.01 0.001 -0.42388828082894164 -0.20692184819920473 -0.00199364447162704 -0.0015796134071492502
-0.4856636812152052 -0.12029122982914701 24 nil_vol 0.6 nil_bias 0.54 Home 0.04 0.01 0.001 -0.4898805722440603 -0.12363237600664512 0.0042168910288551045 0.0033411461774981066
-0.4956935540525724 -0.09636674599395731 24 nil_vol 0.6 nil_bias 0.54 Home 0.04 0.01 0.001 -0.5053940439508914 -0.10405268203590123 0.009700489898318981 0.007685936041943929
-0.5290590523975243 -0.027981544340823953 24 nil_vol 0.6 nil_bias 0.54 Home 0.04 0.01 0.001 -0.5515486155426543 -0.04580057675636029 0.022489563145130023 0.017819032415536337
-0.6030838096025575 0.01886428849831973 24 nil_vol 0.6 nil_bias 0.54 Home 0.04 0.01 0.001 -0.6028997332451074 0.019010136710629122 -0.0001840763574500571 -0.00014584821230939288
-0.6342258374884164 0.08517639367852581 24 nil_vol 0.6 nil_bias 0.54 Home 0.04 0.01 0.001 -0.6471877044354762 0.07490638861862131 0.012961866947059768 0.010270005059904497
-0.6823855483057801 0.11932990802383037 24 nil_vol 0.6 nil_bias 0.54 Left 0.04 0.01 0.001 -0.4 0.35 -0.28238554830578017 -0.2306700919761696
-0.5386427999505254 -0.03943806407374712 25 nil_vol 0.6 nil_bias 0.54 Left 0.04 0.01 0.001 -0.5544977405867748 -0.05132001274585621 0.015854940636249332 0.011881948672109087
-0.44706953175476527 -0.2064752350058573 25 nil_vol 0.6 nil_bias 0.54 Left 0.04 0.01 0.001 -0.4414038797002116 -0.2022293038194406 -0.0056656520545536795 -0.004245931186416684
-0.42702756728275126 -0.209803327041836 25 nil_vol 0.6 nil_bias 0.54 Left 0.04 0.01 0.001 -0.43259882761109747 -0.2139785195435991 0.005571260328346206 0.004175192501763097
-0.38424157835597367 -0.2533303925557708 25 nil_vol 0.6 nil_bias 0.54 Left 0.04 0.01 0.001 -0.3963227918112128 -0.26238424910845626 0.012081213455239173 0.009053856552685494
-0.09386229681824412 -0.6769590092348672 25 nil_vol 0.6 nil_bias 0.54 Left 0.04 0.01 0.001 -0.08859308651986042 -0.6730101779056094 -0.005269210298383703 -0.003948831329257788
-0.06685809753296142 -0.7172735832767703 25 nil_vol 0.6 nil_bias 0.54 Left 0.04 0.01 0.001 -0.05953449215668172 -0.7117851550844385 -0.007323605376279698 -0.0054884281923317756
-0.04104234737582236 -0.7445295880611175 25 nil_vol 0.6 nil_bias 0.54 Left 0.04 0.01 0.001 -0.03717005795369477 -0.7416276318057861 -0.0038722894221275925 -0.002901956255331353
-0.03530635392463092 -0.7441145064388761 25 nil_vol 0.6 nil_bias 0.54 Home 0.04 0.01 0.001 0.0 -0.75 -0.03530635392463092 0.005885493561123911
0.016271161029700342 -0.6583775530453201 26 nil_vol 0.6 nil_bias 0.54 Home 0.04 0.01 0.001 0.014018538184416368 -0.6571006259823837 0.0022526228452839736 -0.0012769270629363917
0.03337055151147706 -0.6435816183816528 26 nil_vol 0.6 nil_bias 0.54 Home 0.04 0.01 0.001 0.02452448639529165 -0.6385671171876321 0.00884606511618541 -0.005014501194020663
0.1666349785995009 -0.4165038360140417 26 nil_vol 0.6 nil_bias 0.54 Home 0.04 0.01 0.001 0.1543510339122673 -0.4095405303530068 0.012283944687233631 -0.006963305661034855
0.24359546309659946 -0.3007137105162285 26 nil_vol 0.6 nil_bias 0.54 Home 0.04 0.01 0.001 0.22274182141435203 -0.2888925663417437 0.02085364168224743 -0.011821144174484849
0.3961564338791286 0.019659577189597568 26 nil_vol 0.6 nil_bias 0.54 Home 0.04 0.01 0.001 0.3972855803612192 0.019019506569689093 -0.0011291464820905952 0.0006400706199084737
0.39975178362026337 0.05094251666334332 26 nil_vol 0.6 nil_bias 0.54 Home 0.04 0.01 0.001 0.41158055806576865 0.04423722987178902 -0.011828774445505268 0.006705286791554299
0.4335349238666613 0.08912004720616634 26 nil_vol 0.6 nil_bias 0.54 Home 0.04 0.01 0.001 0.4361746924915355 0.08762366177970704 -0.0026397686248741713 0.001496385426459297
0.47309531257413057 0.15275520662209774 26 nil_vol 0.6 nil_bias 0.54 Right 0.04 0.01 0.001 0.4 0.35 0.07309531257413053 -0.19724479337790224
0.4454060846813101 0.07530714694492234 27 nil_vol 0.6 nil_bias 0.54 Right 0.04 0.01 0.001 0.4353806071727364 0.08054323035205993 0.010025477508573667 -0.005236083407137594
0.36574871132742665 -0.06070933081037372 27 nil_vol 0.6 nil_bias 0.54 Right 0.04 0.01 0.001 0.36249505598193876 -0.05901001915639173 0.003253655345487859 -0.0016993116539819858
0.3314856686820521 -0.08549148591867865 27 nil_vol 0.6 nil_bias 0.54 Right 0.04 0.01 0.001 0.34498272904631644 -0.09254069966017092 -0.013497060364264374 0.007049213741492271
0.24595092726775458 -0.2874869227542908 27 nil_vol 0.6 nil_bias 0.54 Right 0.04 0.01 0.001 0.2437633710747369 -0.2863444109213486 0.0021875561930176854 -0.0011425118329421687
0.22618152040943884 -0.33636050553993685 27 nil_vol 0.6 nil_bias 0.54 Right 0.04 0.01 0.001 0.21947142063231156 -0.3328559700130049 0.006710099777127265 -0.003504535526931961
0.017228521908901583 -0.6998736266004001 27 nil_vol 0.6 nil_bias 0.54 Right 0.04 0.01 0.001 0.02552359903686996 -0.7042059604641525 -0.008295077127968379 0.004332333863752406
-0.01488302456509122 -0.804912636284199 27 nil_vol 0.6 nil_bias 0.54 Right 0.04 0.01 0.001 -0.024460709303722128 -0.7999104250582645 0.009577684738630908 -0.0050022112259344225
-0.03406112787409891 -0.8182922522688478 27 nil_vol 0.6 nil_bias 0.54 Home 0.04 0.01 0.001 0.0 -0.75 -0.03406112787409891 -0.06829225226884789
-0.12269032264106436 -0.6887372454646497 28 nil_vol 0.6 nil_bias 0.54 Home 0.04 0.01 0.001 -0.11336851337368781 -0.6832622523407859 -0.009321809267376548 -0.005474993123863829
-0.2692951928461954 -0.4145272098359446 28 nil_vol 0.6 nil_bias 0.54 Home 0.04 0.01 0.001 -0.2707152384050342 -0.4153612474618189 0.001420045558838777 0.000834037625874288
-0.29702385482692445 -0.38677106311172804 28 nil_vol 0.6 nil_bias 0.54 Home 0.04 0.01 0.001 -0.28994802426211985 -0.382615204246056 -0.007075830564804595 -0.004155858865672046
-0.6098493428235227 0.20174983786799017 28 nil_vol 0.6 nil_bias 0.54 Home 0.04 0.01 0.001 -0.6271842542721873 0.1915684966431297 0.017334911448664645 0.010181341224860477
-0.6487190454768802 0.24212949976290302 28 nil_vol 0.6 nil_bias 0.54 Home 0.04 0.01 0.001 -0.6547871019118489 0.2385655384863148 0.006068056434968686 0.003563961276588219
-0.6760836677311249 0.30194017316023475 28 nil_vol 0.6 nil_bias 0.54 Home 0.04 0.01 0.001 -0.687924449955625 0.29498570762668375 0.011840782224499984 0.006954465533550995
-0.7143351887376262 0.35642687817428453 28 nil_vol 0.6 nil_bias 0.54 Home 0.04 0.01 0.001 -0.7215291673782079 0.3522016272105848 0.007193978640581712 0.004225250963699761
-0.7824042393793142 0.4558484807305861 28 nil_vol 0.6 nil_bias 0.54 Left 0.04 0.01 0.001 -0.4 0.35 -0.3824042393793142 0.10584848073058613
-0.6644203126914381 0.30245195097974176 29 nil_vol 0.6 nil_bias 0.54 Left 0.04 0.01 0.001 -0.6796975071231224 0.29282701762304786 0.015277194431684297 0.009624933356693876
-0.6054887235777683 0.18793633273678417 29 nil_vol 0.6 nil_bias 0.54 Left 0.04 0.01 0.001 -0.6113054907333433 0.18427165487500985 0.005816767155575007 0.003664677861774313
-0.5440479408987147 0.06888427230573912 29 nil_vol 0.6 nil_bias 0.54 Left 0.04 0.01 0.001 -0.5401545505501086 0.0713371849006858 -0.0038933903486059827 -0.002452912594946681
-0.24551013398141308 -0.38912925340148047 29 nil_vol 0.6 nil_bias 0.54 Left 0.04 0.01 0.001 -0.24876119810160913 -0.39117748782273837 0.0032510641201960407 0.002048234421257913
-0.07685093966350708 -0.6386057163647638 29 nil_vol 0.6 nil_bias 0.54 Left 0.04 0.01 0.001 -0.0883229970779702 -0.6458333384633195 0.01147205741446312 0.007227622098555692
-0.06775452331661481 -0.6786916662741762 29 nil_vol 0.6 nil_bias 0.54 Left 0.04 0.01 0.001 -0.06765937155132806 -0.6786317187881536 -9.515176528675745e-05 -5.994748602252677e-05
-0.0287861375531156 -0.7169139730614428 29 nil_vol 0.6 nil_bias 0.54 Left 0.04 0.01 0.001 -0.0393483809418409 -0.7235683944061644 0.010562243388725301 0.0066544213447215705
-0.029235896349396093 -0.7396194554972779 29 nil_vol 0.6 nil_bias 0.54 Home 0.04 0.01 0.001 0.0 -0.75 -0.029235896349396093 0.010380544502722074
-0.02509551752938821 -0.6473313632800418 30 nil_vol 0.6 nil_bias 0.54 Home 0.04 0.01 0.001 -0.01742369066065036 -0.6483239775808833 -0.00767182686873785 0.0009926143008415545
0.005300991759619572 -0.559008535304853 30 nil_vol 0.6 nil_bias 0.54 Home 0.04 0.01 0.001 -0.00568378208016267 -0.5575872775273463 0.010984773839782242 -0.0014212577775066355
0.01909239796781977 -0.3455433061333172 30 nil_vol 0.6 nil_bias 0.54 Home 0.04 0.01 0.001 0.021707609008076556 -0.3458816735030053 -0.0026152110402567867 0.0003383673696881373
0.06195715291435948 -0.1835113075348084 30 nil_vol 0.6 nil_bias 0.54 Home 0.04 0.01 0.001 0.04303259553068976 -0.1810627660573314 0.018924557383669716 -0.002448541477477009
0.0815097181786373 0.14786709301857912 30 nil_vol 0.6 nil_bias 0.54 Home 0.04 0.01 0.001 0.0855237736471655 0.1473477370776013 -0.004014055468528204 0.0005193559409778295
0.08789491483286244 0.2719885969532931 30 nil_vol 0.6 nil_bias 0.54 Home 0.04 0.01 0.001 0.10142387086391526 0.27023816182726046 -0.013528956031052827 0.001750435126032627
0.09876198252900356 0.3005964944677878 30 nil_vol 0.6 nil_bias 0.54 Home 0.04 0.01 0.001 0.10524326519924128 0.29975791794926776 -0.00648128267023772 0.0008385765185200155
0.13580210453484637 0.535944445277732 30 nil_vol 0.6 nil_bias 0.54 Right 0.04 0.01 0.001 0.4 0.35 -0.26419789546515365 0.185944445277732
0.13327194178649032 0.4625122815591877 31 nil_vol 0.6 nil_bias 0.54 Right 0.04 0.01 0.001 0.12508070125851392 0.4637283764598299 0.008191240527976387 -0.0012160949006421477
0.14110946470138083 0.40703379489303154 31 nil_vol 0.6 nil_bias 0.54 Right 0.04 0.01 0.001 0.11719085741276744 0.4105848194606535 0.023918607288613402 -0.0035510245676219645
0.0824123167575235 0.12051165908233823 31 nil_vol 0.6 nil_bias 0.54 Right 0.04 0.01 0.001 0.07430447645156095 0.12171537214846373 0.008107840305962545 -0.0012037130661255004
0.01385129383028435 -0.24309245161527251 31 nil_vol 0.6 nil_bias 0.54 Right 0.04 0.01 0.001 0.020008358616926597 -0.2440065469912276 -0.006157064786642246 0.0009140953759550683
-0.026720223850271854 -0.5223471473984622 31 nil_vol 0.6 nil_bias 0.54 Right 0.04 0.01 0.001 -0.021431450740141966 -0.5231323337188878 -0.00528877311012989 0.0007851863204255319
-0.024986229375424357 -0.5823903497250303 31 nil_vol 0.6 nil_bias 0.54 Right 0.04 0.01 0.001 -0.030115998236010716 -0.5816287696283984 0.005129768860586357 -0.0007615800966319678
-0.05975136355031382 -0.8107815930754204 31 nil_vol 0.6 nil_bias 0.54 Right 0.04 0.01 0.001 -0.06404210593634477 -0.8101445772390767 0.004290742386030948 -0.0006370158363437083
-0.0653479782614471 -0.8189405308345508 31 nil_vol 0.6 nil_bias 0.54 Home 0.04 0.01 0.001 0.0 -0.75 -0.0653479782614471 -0.06894053083455079
-0.06885238397664638 -0.7996366640264582 32 nil_vol 0.6 nil_bias 0.32 Home 0.04 0.01 0.001 -0.0583957982943913 -0.8047649094514139 -0.010456585682255073 0.005128245424955736
-0.04117532068328006 -0.7208277631719552 32 nil_vol 0.6 nil_bias 0.32 Home 0.04 0.01 0.001 -0.021872992717844812 -0.7302942446877831 -0.019302327965435247 0.009466481515827916
0.04231185156920378 -0.5838322365006707 32 nil_vol 0.6 nil_bias 0.32 Home 0.04 0.01 0.001 0.04847443299597426 -0.5868545643396119 -0.006162581426770482 0.003022327838941148
0.11187675939511413 -0.42255317197153963 32 nil_vol 0.6 nil_bias 0.32 Home 0.04 0.01 0.001 0.12572280959162535 -0.42934371964471213 -0.013846050196511226 0.006790547673172511
0.20902084693044443 -0.2708901292529095 32 nil_vol 0.6 nil_bias 0.32 Home 0.04 0.01 0.001 0.20451685546022252 -0.2686812271931863 0.004503991470221888 -0.0022089020597231717
0.3851855198626333 0.12869233707556074 32 nil_vol 0.6 nil_bias 0.32 Home 0.04 0.01 0.001 0.3966452714000345 0.1230721068992291 -0.011459751537401234 0.0056202301763316415
0.42748681070189926 0.19108012516964057 32 nil_vol 0.6 nil_bias 0.32 Home 0.04 0.01 0.001 0.42951158215465357 0.19008711222500518 -0.0020247714527543135 0.0009930129446353822
0.44320283454573267 0.21800382483552394 32 nil_vol 0.6 nil_bias 0.32 Right 0.04 0.01 0.001 0.4 0.35 0.04320283454573265 -0.13199617516447604
0.41752077829121664 0.12344410620494675 33 nil_vol 0.6 nil_bias 0.32 Right 0.04 0.01 0.001 0.4028659587898229 0.13017454550686797 0.01465481950139374 -0.0067304393019212184
0.2527829046920852 -0.18638260428048248 33 nil_vol 0.6 nil_bias 0.32 Right 0.04 0.01 0.001 0.25666388538693263 -0.1881650011906672 -0.0038809806948474617 0.0017823969101847129
0.2285870939130585 -0.2405620120813768 33 nil_vol 0.6 nil_bias 0.32 Right 0.04 0.01 0.001 0.23190084544684617 -0.2420839007377117 -0.0033137515337876558 0.0015218886563348692
0.0641291958215281 -0.6143567128297405 33 nil_vol 0.6 nil_bias 0.32 Right 0.04 0.01 0.001 0.06148653484578148 -0.6131430322865494 0.0026426609757466096 -0.0012136805431910574
0.05285298797188461 -0.626660401545135 33 nil_vol 0.6 nil_bias 0.32 Right 0.04 0.01 0.001 0.05485600243181066 -0.6275803151095511 -0.0020030144599260456 0.000919913564416173
0.021405445407298905 -0.6984675765490149 33 nil_vol 0.6 nil_bias 0.32 Right 0.04 0.01 0.001 0.022144178628234423 -0.6988068505403013 -0.0007387332209355179 0.00033927399128637516
-0.004402135942740883 -0.7293099534106037 33 nil_vol 0.6 nil_bias 0.32 Right 0.04 0.01 0.001 0.005951379982808314 -0.7340649563972836 -0.010353515925549197 0.004755002986680001
-0.01959051174694591 -0.7896797233140349 33 nil_vol 0.6 nil_bias 0.32 Home 0.04 0.01 0.001 0.0 -0.75 -0.01959051174694591 -0.039679723314034944
0.11192485514729054 -0.609729464030465 34 nil_vol 0.6 nil_bias 0.32 Home 0.04 0.01 0.001 0.12090233835414328 -0.617035060278196 -0.008977483206852743 0.007305596247731
0.19596626012869456 -0.5378036543039021 34 nil_vol 0.6 nil_bias 0.32 Home 0.04 0.01 0.001 0.189596542116322 -0.532620176157736 0.00636971801237256 -0.00518347814616601
0.29953728779755184 -0.402412910871089 34 nil_vol 0.6 nil_bias 0.32 Home 0.04 0.01 0.001 0.2971416188535305 -0.4004633900928281 0.0023956689440213 -0.0019495207782608973
0.4047852493351409 -0.25023039373954997 34 nil_vol 0.6 nil_bias 0.32 Home 0.04 0.01 0.001 0.41357548493286855 -0.2573836137144324 -0.008790235597727696 0.007153219974882464
0.5111387932098629 -0.11931385547780468 34 nil_vol 0.6 nil_bias 0.32 Home 0.04 0.01 0.001 0.5200386760579384 -0.12655630297027287 -0.008899882848075504 0.007242447492468185
0.6333242330507156 0.03271896325981344 34 nil_vol 0.6 nil_bias 0.32 Home 0.04 0.01 0.001 0.6431470584177914 0.02472545388860703 -0.009822825367075759 0.007993509371206407
0.6469961494010275 0.054464267508883016 34 nil_vol 0.6 nil_bias 0.32 Home 0.04 0.01 0.001 0.6592396745743309 0.04450086802328901 -0.01224352517330341 0.009963399485594005
0.7894921976999754 0.20456170349224198 34 nil_vol 0.6 nil_bias 0.32 Right 0.04 0.01 0.001 0.4 0.35 0.3894921976999753 -0.145438296507758
0.7298165158179359 0.15728142897615782 35 nil_vol 0.6 nil_bias 0.32 Right 0.04 0.01 0.001 0.739517075409615 0.14861610630157923 -0.009700559591679068 0.008665322674578589
0.5578944579080424 -0.05340097212500012 35 nil_vol 0.6 nil_bias 0.32 Right 0.04 0.01 0.001 0.55854222884366 -0.05397961340061838 -0.0006477709356175927 0.000578641275618259
0.49113425552407863 -0.11825444174518314 35 nil_vol 0.6 nil_bias 0.32 Right 0.04 0.01 0.001 0.49669197809572985 -0.12321904806134418 -0.005557722571651212 0.004964606316161042
0.27111328449175986 -0.38332101744946717 35 nil_vol 0.6 nil_bias 0.32 Right 0.04 0.01 0.001 0.2673504576832575 -0.3799597568792835 0.0037628268085023657 -0.003361260570183658
0.09948412464549941 -0.5631697204860477 35 nil_vol 0.6 nil_bias 0.32 Right 0.04 0.01 0.001 0.1018247944686087 -0.565260595667031 -0.0023406698231092965 0.0020908751809832573
0.02239860476168787 -0.6703743565791449 35 nil_vol 0.6 nil_bias 0.32 Right 0.04 0.01 0.001 0.014350605071935751 -0.6631852337726183 0.00804799968975212 -0.007189122806526616
-0.003897732880637361 -0.6836917709674308 35 nil_vol 0.6 nil_bias 0.32 Right 0.04 0.01 0.001 -0.003936530376160929 -0.6836571139134228 3.8797495523568394e-05 -3.46570540080613e-05
-0.005073070006721397 -0.6849294347292304 35 nil_vol 0.6 nil_bias 0.32 Home 0.04 0.01 0.001 0.0 -0.75 -0.005073070006721397 0.06507056527076957
-0.023579208846618536 -0.6223007081014745 36 nil_vol 0.6 nil_bias 0.32 Home 0.04 0.01 0.001 -0.03897432648366324 -0.6321983602241494 0.015395117637044703 0.009897652122674903
-0.09754876340303363 -0.538920776231404 36 nil_vol 0.6 nil_bias 0.32 Home 0.04 0.01 0.001 -0.09853545028877293 -0.539555125625757 0.0009866868857393062 0.0006343493943530414
-0.0994391960812531 -0.5375516933011497 36 nil_vol 0.6 nil_bias 0.32 Home 0.04 0.01 0.001 -0.09971109120026457 -0.5377264969866606 0.0002718951190114794 0.00017480368551087678
-0.10973494459935457 -0.5015704328200772 36 nil_vol 0.6 nil_bias 0.32 Home 0.04 0.01 0.001 -0.11908957180099895 -0.5075846022445702 0.009354627201644384 0.006014169424493049
-0.16691412585711968 -0.426521179170666 36 nil_vol 0.6 nil_bias 0.32 Home 0.04 0.01 0.001 -0.16995078841163438 -0.4284734753652867 0.0030366625545147135 0.0019522961946206708
-0.2870395289255736 -0.23905152995344559 36 nil_vol 0.6 nil_bias 0.32 Home 0.04 0.01 0.001 -0.29035951467456234 -0.24118597704053107 0.0033199857489887045 0.0021344470870854875
-0.3538739262476114 -0.10443100205048403 36 nil_vol 0.6 nil_bias 0.32 Home 0.04 0.01 0.001 -0.371142718492074 -0.11553325552097116 0.017268792244462594 0.011102253470487126
-0.4420864388892519 -0.0051851742197471795 36 nil_vol 0.6 nil_bias 0.32 Left 0.04 0.01 0.001 -0.4 0.35 -0.0420864388892519 -0.35518517421974716
-0.40472958708325923 -0.09113201995792941 37 nil_vol 0.6 nil_bias 0.32 Left 0.04 0.01 0.001 -0.3930109585018689 -0.08381834675106496 -0.01171862858139035 -0.00731367320686445
-0.35568670829242754 -0.15212106667285216 37 nil_vol 0.6 nil_bias 0.32 Left 0.04 0.01 0.001 -0.35186958538025276 -0.1497387751464858 -0.0038171229121747845 -0.0023822915263663814
-0.3175284988268614 -0.2196913114180479 37 nil_vol 0.6 nil_bias 0.32 Left 0.04 0.01 0.001 -0.3108234314475183 -0.21550663474688878 -0.0067050673793431475 -0.004184676671159129
-0.15621933687168935 -0.455043823473627 37 nil_vol 0.6 nil_bias 0.32 Left 0.04 0.01 0.001 -0.15989499412767616 -0.4573378253531147 0.003675657255986821 0.0022940018794876975
-0.14529089856947147 -0.48773343379719103 37 nil_vol 0.6 nil_bias 0.32 Left 0.04 0.01 0.001 -0.14214877886862476 -0.48577241621657263 -0.003142119700846703 -0.001961017580618377
-0.12158654437799035 -0.5385209797221755 37 nil_vol 0.6 nil_bias 0.32 Left 0.04 0.01 0.001 -0.11269240200488856 -0.532970086943178 -0.00889414237310179 -0.005550892778997409
-0.08417671065995674 -0.6190060688418833 37 nil_vol 0.6 nil_bias 0.32 Left 0.04 0.01 0.001 -0.0660552514553861 -0.6076963469121154 -0.01812145920457065 -0.011309721929767915
0.028026376997909455 -0.758442439742972 37 nil_vol 0.6 nil_bias 0.32 Home 0.04 0.01 0.001 0.0 -0.75 0.028026376997909455 -0.00844243974297204
0.07445921719986319 -0.40615680624259887 38 nil_vol 0.6 nil_bias 0.32 Home 0.04 0.01 0.001 0.06524186383285759 -0.4051857607866536 0.009217353367005606 -0.0009710454559453036
0.07434745376976366 -0.3423031704840719 38 nil_vol 0.6 nil_bias 0.32 Home 0.04 0.01 0.001 0.071893758639553 -0.3420446744265165 0.0024536951302106657 -0.0002584960575554267
0.08790614635519636 -0.2696174262747435 38 nil_vol 0.6 nil_bias 0.32 Home 0.04 0.01 0.001 0.07961595701565136 -0.26874405727536155 0.008290189339545005 -0.0008733689993819327
0.09664596617423693 -0.2363024558226582 38 nil_vol 0.6 nil_bias 0.32 Home 0.04 0.01 0.001 0.08318308870815 -0.23488414565629434 0.013462877466086924 -0.0014183101663638518
0.09184038942955063 -0.15867423752988594 38 nil_vol 0.6 nil_bias 0.32 Home 0.04 0.01 0.001 0.09121868010796329 -0.15860874063640595 0.0006217093215873428 -6.549689347999362e-05
0.13120412488519761 0.1732883942803245 38 nil_vol 0.6 nil_bias 0.32 Home 0.04 0.01 0.001 0.12623905046223705 0.1738114634049286 0.004965074422960567 -0.0005230691246040819
0.14384959423693128 0.29105735066460553 38 nil_vol 0.6 nil_bias 0.32 Home 0.04 0.01 0.001 0.1386485936883454 0.291605274536891 0.005201000548585886 -0.000547923872285484
0.15813647718890858 0.4765880758053075 38 nil_vol 0.6 nil_bias 0.32 Right 0.04 0.01 0.001 0.4 0.35 -0.24186352281109144 0.1265880758053075
0.13729527779745074 0.3811592972245512 39 nil_vol 0.6 nil_bias 0.32 Right 0.04 0.01 0.001 0.1462547841057422 0.38005650665490914 -0.008959506308291466 0.001102790569642087
0.15975116976406395 0.37339199778657683 39 nil_vol 0.6 nil_bias 0.32 Right 0.04 0.01 0.001 0.14564813930639406 0.375127884615263 0.014103030457669885 -0.001735886828686133
0.10968657132720891 0.24718781921741956 39 nil_vol 0.6 nil_bias 0.32 Right 0.04 0.01 0.001 0.12959882304142578 0.24473689807788576 -0.01991225171421688 0.002450921139533785
0.12798815876516076 0.18316064230873025 39 nil_vol 0.6 nil_bias 0.32 Right 0.04 0.01 0.001 0.1221087173134093 0.18388431974860814 0.00587944145175146 -0.0007236774398779031
0.05702047594167161 -0.35701709798979264 39 nil_vol 0.6 nil_bias 0.32 Right 0.04 0.01 0.001 0.055553503454466385 -0.3568365340871458 0.0014669724872052254 -0.00018056390264686574
0.05863227974652302 -0.4765161037623397 39 nil_vol 0.6 nil_bias 0.32 Right 0.04 0.01 0.001 0.04108840649387159 -0.4743566970593035 0.01754387325265143 -0.002159406703036237
0.020685399404039583 -0.6036552522107526 39 nil_vol 0.6 nil_bias 0.32 Right 0.04 0.01 0.001 0.025106571755300122 -0.6041994370137947 -0.004421172351260539 0.0005441848030421459
0.009462862797517742 -0.7312951095292174 39 nil_vol 0.6 nil_bias 0.32 Home 0.04 0.01 0.001 0.0 -0.75 0.009462862797517742 0.018704890470782585
0.022204843676062055 -0.7075776595046352 40 nil_vol 0.6 nil_bias 0.32 Home 0.04 0.01 0.001 0.024460795366223465 -0.7091022300962764 -0.00225595169016141 0.001524570591641103
0.13424545932046456 -0.5791410815965455 40 nil_vol 0.6 nil_bias 0.32 Home 0.04 0.01 0.001 0.11917239089146986 -0.5689547123791289 0.015073068428994698 -0.01018636921741666
0.3010064090316489 -0.3072655687535399 40 nil_vol 0.6 nil_bias 0.32 Home 0.04 0.01 0.001 0.2975845240840185 -0.3049530612730435 0.0034218849476303982 -0.0023125074804963568
0.31468742791379817 -0.27915212595221567 40 nil_vol 0.6 nil_bias 0.32 Home 0.04 0.01 0.001 0.31491626661454064 -0.2793067749878767 -0.0002288387007424556 0.0001546490356610185
0.695312776701189 0.29215064338828267 40 nil_vol 0.6 nil_bias 0.32 Home 0.04 0.01 0.001 0.6992902595241771 0.2894626632479581 -0.0039774828229881985 0.0026879801403245362
0.6924671303438927 0.3149427830423126 40 nil_vol 0.6 nil_bias 0.32 Home 0.04 0.01 0.001 0.7089719006163964 0.30378887070944216 -0.016504770272503615 0.011153912332870468
0.7253048971717078 0.3757632290317336 40 nil_vol 0.6 nil_bias 0.32 Home 0.04 0.01 0.001 0.747483191028219 0.3607751533854894 -0.022178293856511287 0.01498807564624419
0.7578024952565114 0.37604492963773006 40 nil_vol 0.6 nil_bias 0.32 Right 0.04 0.01 0.001 0.4 0.35 0.3578024952565114 0.02604492963773011
0.653479837692738 0.20899381627610397 41 nil_vol 0.6 nil_bias 0.32 Right 0.04 0.01 0.001 0.6543650985035603 0.20844745319437932 -0.0008852608108222899 0.0005463630817246552
0.6267688260396096 0.19706329760667313 41 nil_vol 0.6 nil_bias 0.32 Right 0.04 0.01 0.001 0.6416649855651165 0.1878697226458 -0.01489615952550689 0.0091935749608731
0.5124631765442792 0.005139693936673926 41 nil_vol 0.6 nil_bias 0.32 Right 0.04 0.01 0.001 0.5243574807046598 -0.0022012033408183584 -0.011894304160380651 0.007340897277492284
0.35124560083661327 -0.3056427694814387 41 nil_vol 0.6 nil_bias 0.32 Right 0.04 0.01 0.001 0.34098754184954067 -0.29931172596050803 0.010258058987072593 -0.006331043520930654
0.3215511532929964 -0.3420671637242297 41 nil_vol 0.6 nil_bias 0.32 Right 0.04 0.01 0.001 0.316517286851083 -0.33896037446103 0.005033866441913408 -0.0031067892631996817
0.16335732533103242 -0.5939013978971888 41 nil_vol 0.6 nil_bias 0.32 Right 0.04 0.01 0.001 0.1603275003049438 -0.5920314579675057 0.0030298250260886155 -0.0018699399296831258
0.06247814838266888 -0.7422393108020419 41 nil_vol 0.6 nil_bias 0.32 Right 0.04 0.01 0.001 0.06620355206340256 -0.7445385462485804 -0.003725403680733678 0.0022992354465385043
0.04900637719280149 -0.7724027733148471 41 nil_vol 0.6 nil_bias 0.32 Home 0.04 0.01 0.001 0.0 -0.75 0.04900637719280149 -0.02240277331484703
0.095133575138409 -0.5654475648257173 42 nil_vol 0.6 nil_bias 0.32 Home 0.04 0.01 0.001 0.10101432146436297 -0.5669361056713109 -0.005880746325953964 0.0014885408455935765
0.15819326948486967 -0.33236447703876704 42 nil_vol 0.6 nil_bias 0.32 Home 0.04 0.01 0.001 0.1602571137386345 -0.33288687951974366 -0.0020638442537648256 0.0005224024809766274
0.2541766181075849 0.03166586402298921 42 nil_vol 0.6 nil_bias 0.32 Home 0.04 0.01 0.001 0.2526320573703208 0.032056824900823844 0.0015445607372641106 -0.0003909608778346334
0.2648089001161164 0.0690477311487592 42 nil_vol 0.6 nil_bias 0.32 Home 0.04 0.01 0.001 0.26216465306032144 0.06971704581227733 0.002644247055794972 -0.0006693146635181326
0.30987089789892386 0.21945311495889894 42 nil_vol 0.6 nil_bias 0.32 Home 0.04 0.01 0.001 0.3006563846420311 0.22178550248165496 0.009214513256892761 -0.0023323875227560264
0.3248628367159324 0.31747045846357547 42 nil_vol 0.6 nil_bias 0.32 Home 0.04 0.01 0.001 0.3248754553087143 0.317467264431776 -1.2618592781911998e-05 3.1940317994827458e-06
0.40831961934163075 0.6774872218335543 42 nil_vol 0.6 nil_bias 0.32 Home 0.04 0.01 0.001 0.4155413936875007 0.6756592385308153 -0.007221774345869978 0.0018279833027389535
0.4243405931896932 0.7104220468857452 42 nil_vol 0.6 nil_bias 0.32 Right 0.04 0.01 0.001 0.4 0.35 0.024340593189693196 0.36042204688574525
0.2345980644236134 0.05169322517138201 43 nil_vol 0.6 nil_bias 0.32 Right 0.04 0.01 0.001 0.246443245868094 0.04850968234847486 -0.0118451814444806 0.003183542822907149
0.23880366203795997 0.045412048379629144 43 nil_vol 0.6 nil_bias 0.32 Right 0.04 0.01 0.001 0.24515214502651253 0.04370581301723442 -0.006348482988552558 0.0017062353623947249
0.218597818508708 0.0262010809052991 43 nil_vol 0.6 nil_bias 0.32 Right 0.04 0.01 0.001 0.23897557206193915 0.020724301053894778 -0.02037775355323115 0.005476779851404321
0.14856943577250162 -0.30835811419503895 43 nil_vol 0.6 nil_bias 0.32 Right 0.04 0.01 0.001 0.15039838581544296 -0.30884966772758315 -0.0018289500429413445 0.0004915535325442161
0.08379839317298458 -0.5477959550579983 43 nil_vol 0.6 nil_bias 0.32 Right 0.04 0.01 0.001 0.08601819517234782 -0.5483925550135558 -0.002219801999363234 0.0005965999555575097
0.08360310508265467 -0.5682886659084793 43 nil_vol 0.6 nil_bias 0.32 Right 0.04 0.01 0.001 0.08086839990447181 -0.5675536791897382 0.002734705178182859 -0.0007349867187410407
0.038000414998178064 -0.687888281038226 43 nil_vol 0.6 nil_bias 0.32 Right 0.04 0.01 0.001 0.04781780534897179 -0.6905268292730029 -0.009817390350793726 0.002638548234776975
0.03048733262025954 -0.7550092645376112 43 nil_vol 0.6 nil_bias 0.32 Home 0.04 0.01 0.001 0.0 -0.75 0.03048733262025954 -0.00500926453761118
0.1728441029938995 -0.4301285611935075 44 nil_vol 0.6 nil_bias 0.32 Home 0.04 0.01 0.001 0.1691633325477967 -0.4285649422628422 0.0036807704461027995 -0.0015636189306652993
0.17220172571614914 -0.39935791552937683 44 nil_vol 0.6 nil_bias 0.32 Home 0.04 0.01 0.001 0.18013842825075985 -0.4027294863762674 -0.007936702534610702 0.003371570846890559
0.19139690303577728 -0.3908681177930151 44 nil_vol 0.6 nil_bias 0.32 Home 0.04 0.01 0.001 0.18612805120186082 -0.38862986996120447 0.005268851833916445 -0.0022382478318106564
0.19958688875279904 -0.32495319874559925 44 nil_vol 0.6 nil_bias 0.32 Home 0.04 0.01 0.001 0.21110059889555993 -0.3298443092902613 -0.011513710142760899 0.0048911105446620955
0.43788638810729036 0.22869770994213218 44 nil_vol 0.6 nil_bias 0.32 Home 0.04 0.01 0.001 0.44677024946150545 0.22492377891484838 -0.008883861354215079 0.003773931027283792
0.4414871189924655 0.2934603013236529 44 nil_vol 0.6 nil_bias 0.32 Home 0.04 0.01 0.001 0.47062653797670584 0.2810816572817274 -0.02913941898424034 0.012378644041925532
0.5171728117809059 0.3503974492162567 44 nil_vol 0.6 nil_bias 0.32 Home 0.04 0.01 0.001 0.5026866079338416 0.35655129741201397 0.014486203847064366 -0.006153848195757252
0.5393059455678337 0.4427534871371718 44 nil_vol 0.6 nil_bias 0.32 Right 0.04 0.01 0.001 0.4 0.35 0.13930594556783377 0.0927534871371718
0.4938437115646057 0.39014673230116975 45 nil_vol 0.6 nil_bias 0.32 Right 0.04 0.01 0.001 0.5118464176131886 0.38200865978462056 -0.0180027060485829 0.008138072516549182
0.5077850495635187 0.38083334962762455 45 nil_vol 0.6 nil_bias 0.32 Right 0.04 0.01 0.001 0.5107161594692669 0.37950834965803204 -0.002931109905748234 0.001324999969592484
0.49345040920980976 0.29960786163713393 45 nil_vol 0.6 nil_bias 0.32 Right 0.04 0.01 0.001 0.47779624515382096 0.3066842823668732 0.015654164055988767 -0.0070764207297392525
0.4464724353924655 0.27319983147883486 45 nil_vol 0.6 nil_bias 0.32 Right 0.04 0.01 0.001 0.45991313212721063 0.2671240024115202 -0.013440696734745117 0.006075829067314668
0.3294207770006493 -0.026027239812885163 45 nil_vol 0.6 nil_bias 0.32 Right 0.04 0.01 0.001 0.3277386720425887 -0.025266849008735937 0.0016821049580606042 -0.0007603908041492278
0.1955963462308295 -0.29953328255545936 45 nil_vol 0.6 nil_bias 0.32 Right 0.04 0.01 0.001 0.20237259931875007 -0.30259646866043544 -0.006776253087920564 0.0030631861049760746
0.1002297306285144 -0.5647698925626117 45 nil_vol 0.6 nil_bias 0.32 Right 0.04 0.01 0.001 0.08663573057652635 -0.5586247631629256 0.013594000051988044 -0.006145129399686017
0.0055983449673314865 -0.7378923021411379 45 nil_vol 0.6 nil_bias 0.32 Home 0.04 0.01 0.001 0.0 -0.75 0.0055983449673314865 0.01210769785886212
-0.03624037265184511 -0.6263544500241789 46 nil_vol 0.6 nil_bias 0.32 Home 0.04 0.01 0.001 -0.041396552821405426 -0.6285709816108203 0.005156180169560317 0.0022165315866414124
-0.13421357418257698 -0.3888160319854078 46 nil_vol 0.6 nil_bias 0.32 Home 0.04 0.01 0.001 -0.14286359277505534 -0.3925344899920641 0.008650018592478364 0.0037184580066562585
-0.19046059483988861 -0.2885811261296625 46 nil_vol 0.6 nil_bias 0.32 Home 0.04 0.01 0.001 -0.1880047501408294 -0.2875254110133665 -0.002455844699059205 -0.0010557151162960197
-0.1848376515925525 -0.26287155698501574 46 nil_vol 0.6 nil_bias 0.32 Home 0.04 0.01 0.001 -0.1964559112217311 -0.2678659983355923 0.011618259629178592 0.004994441350576596
-0.2137196169168839 -0.21502305361625787 46 nil_vol 0.6 nil_bias 0.32 Home 0.04 0.01 0.001 -0.2183215466108237 -0.2170013247764354 0.00460192969393979 0.001978271160177555
-0.21873970237511633 -0.2159554300181284 46 nil_vol 0.6 nil_bias 0.32 Home 0.04 0.01 0.001 -0.2187662487469581 -0.21596684173567182 2.6546371841764844e-05 1.1411717543418869e-05
-0.3768276272998827 0.2132758271372921 46 nil_vol 0.6 nil_bias 0.32 Home 0.04 0.01 0.001 -0.3991613232113671 0.20367504888549748 0.022333695911484406 0.009600778251794614
-0.4728402767861642 0.3750698359600045 46 nil_vol 0.6 nil_bias 0.32 Left 0.04 0.01 0.001 -0.4 0.35 -0.07284027678616418 0.025069835960004495
-0.4399960244092265 0.2134148118539684 47 nil_vol 0.6 nil_bias 0.32 Left 0.04 0.01 0.001 -0.41160745801471166 0.22499801176899134 -0.02838856639451489 -0.011583199915022924
-0.3981283420313082 0.18300411047657195 47 nil_vol 0.6 nil_bias 0.32 Left 0.04 0.01 0.001 -0.3949946668342134 0.18428272334388854 -0.0031336751970947956 -0.0012786128673165833
-0.39011361070826533 0.1693413488889175 47 nil_vol 0.6 nil_bias 0.32 Left 0.04 0.01 0.001 -0.3890716971563492 0.16976647401846076 -0.0010419135519161053 -0.00042512512954327
-0.3354952647669007 0.051520453350134096 47 nil_vol 0.6 nil_bias 0.32 Left 0.04 0.01 0.001 -0.34006394367041376 0.04965632536453901 0.004568678903513045 0.001864127985595084
-0.12744801923266927 -0.5063962314101518 47 nil_vol 0.6 nil_bias 0.32 Left 0.04 0.01 0.001 -0.11521763142660274 -0.5014059467643128 -0.012230387806066534 -0.004990284645838951
-0.11382217782627672 -0.5116164198224874 47 nil_vol 0.6 nil_bias 0.32 Left 0.04 0.01 0.001 -0.11144695395893744 -0.5106472728597284 -0.002375223867339285 -0.0009691469627589475
-0.05620969149024346 -0.6293943441012142 47 nil_vol 0.6 nil_bias 0.32 Left 0.04 0.01 0.001 -0.062026900868439094 -0.631767901759561 0.005817209378195632 0.002373557658346757
-0.0037887299702731025 -0.7745003240061487 47 nil_vol 0.6 nil_bias 0.32 Home 0.04 0.01 0.001 0.0 -0.75 -0.0037887299702731025 -0.024500324006148603
-0.013779343453787056 -0.7585080590346804 48 nil_vol 0.6 nil_bias 0.32 Home 0.04 0.01 0.001 -0.01220737786020684 -0.7577194342923032 -0.0015719655935802158 -0.0007886247423772527
-0.029497976876457676 -0.7284225717774574 48 nil_vol 0.6 nil_bias 0.32 Home 0.04 0.01 0.001 -0.027426423158504826 -0.727383313333244 -0.00207155371795285 -0.0010392584442134236
-0.21428638446871914 -0.34223917063059295 48 nil_vol 0.6 nil_bias 0.32 Home 0.04 0.01 0.001 -0.21936706812299028 -0.3447880513785643 0.005080683654271132 0.002548880747971301
-0.4583516365987285 0.13021453756916623 48 nil_vol 0.6 nil_bias 0.32 Home 0.04 0.01 0.001 -0.4578044101021691 0.13048907052118097 -0.0005472264965594226 -0.000274532952014741
-0.5183731305617285 0.23496180031215982 48 nil_vol 0.6 nil_bias 0.32 Home 0.04 0.01 0.001 -0.5118564894858306 0.23823107313252756 -0.006516641075897921 -0.0032692728203677275
-0.5208613393468597 0.26110897500766084 48 nil_vol 0.6 nil_bias 0.32 Home 0.04 0.01 0.001 -0.5228367198322765 0.26011796481458094 0.0019753804854168388 0.0009910101930799113
-0.6033905195334801 0.4077650369366845 48 nil_vol 0.6 nil_bias 0.32 Home 0.04 0.01 0.001 -0.5982117993389316 0.4103631007212537 -0.005178720194548428 -0.0025980637845692293
-0.6131701664046779 0.4401796117942073 48 nil_vol 0.6 nil_bias 0.32 Left 0.04 0.01 0.001 -0.4 0.35 -0.21317016640467787 0.09017961179420733
-0.4371694512406965 0.13389133586650873 49 nil_vol 0.6 nil_bias 0.32 Left 0.04 0.01 0.001 -0.44698937086553503 0.128652996743792 0.009819919624838521 0.005238339122716737
-0.402109036047899 0.04760167315319126 49 nil_vol 0.6 nil_bias 0.32 Left 0.04 0.01 0.001 -0.40338909222867525 0.04691883982794948 0.0012800561807762402 0.0006828333252417849
-0.38131655134278775 -0.021257750134814422 49 nil_vol 0.6 nil_bias 0.32 Left 0.04 0.01 0.001 -0.3701877556533271 -0.015321204004501099 -0.011128795689460626 -0.0059365461303133235
-0.25554957336088413 -0.2462652755139031 49 nil_vol 0.6 nil_bias 0.32 Left 0.04 0.01 0.001 -0.24888841133788625 -0.24271194443168476 -0.006661162022997863 -0.0035533310822183496
-0.17061104300930513 -0.3708158752239056 49 nil_vol 0.6 nil_bias 0.32 Left 0.04 0.01 0.001 -0.1783503502594858 -0.37494433222764745 0.007739307250180669 0.004128457003741856
-0.17382675531397285 -0.4162456217575716 49 nil_vol 0.6 nil_bias 0.32 Left 0.04 0.01 0.001 -0.1601970359691216 -0.40897498260741083 -0.013629719344851236 -0.007270639150160806
-0.00879223966565778 -0.6738817321820365 49 nil_vol 0.6 nil_bias 0.32 Left 0.04 0.01 0.001 -0.016649342757385943 -0.6780730262138647 0.007857103091728164 0.004191294031828196
0.030725033764223558 -0.7668822000418033 49 nil_vol 0.6 nil_bias 0.32 Home 0.04 0.01 0.001 0.0 -0.75 0.030725033764223558 -0.016882200041803304
0.022282499380252355 -0.7419602953802354 50 nil_vol 0.6 nil_bias 0.32 Home 0.04 0.01 0.001 0.019575566176074068 -0.7432366838408098 0.0027069332041782883 0.0012763884605743279
-0.1681813427531133 -0.36400161634810085 50 nil_vol 0.6 nil_bias 0.32 Home 0.04 0.01 0.001 -0.16086924453610713 -0.3605537744241233 -0.007312098217006189 -0.003447841923977562
-0.1830816106734425 -0.2993734472287661 50 nil_vol 0.6 nil_bias 0.32 Home 0.04 0.01 0.001 -0.18851033525042987 -0.3019332301576568 0.0054287245769873765 0.0025597829288906814
-0.2721438360504692 -0.12911337626240435 50 nil_vol 0.6 nil_bias 0.32 Home 0.04 0.01 0.001 -0.2703894046390113 -0.1282861168364985 -0.001754431411457941 -0.000827259425905862
-0.3129321983397155 -0.055260581062981574 50 nil_vol 0.6 nil_bias 0.32 Home 0.04 0.01 0.001 -0.3062978711782539 -0.05213232558202119 -0.00663432716146157 -0.0031282554809603834
-0.38543927753956486 0.06265396853891944 50 nil_vol 0.6 nil_bias 0.32 Home 0.04 0.01 0.001 -0.36497296193567363 0.07230436147323971 -0.020466315603891234 -0.009650392934320268
-0.5379033111186021 0.43623372756832035 50 nil_vol 0.6 nil_bias 0.32 Home 0.04 0.01 0.001 -0.5368166092277076 0.43674613539259954 -0.0010867018908945114 -0.0005124078242791765
-0.5598222039100648 0.4855358338669332 50 nil_vol 0.6 nil_bias 0.32 Left 0.04 0.01 0.001 -0.4 0.35 -0.15982220391006474 0.13553583386693321
-0.5110767401235425 0.3797370456358306 51 nil_vol 0.6 nil_bias 0.32 Left 0.04 0.01 0.001 -0.5117027607806629 0.37945308085782803 0.0006260206571203315 0.0002839647780025755
-0.5171069537794784 0.3643370882339638 51 nil_vol 0.6 nil_bias 0.32 Left 0.04 0.01 0.001 -0.5069383498673758 0.36894959633518015 -0.010168603912102529 -0.004612508101216355
-0.4196139470343207 0.19278017194172567 51 nil_vol 0.6 nil_bias 0.32 Left 0.04 0.01 0.001 -0.4257623267541891 0.18999124914441873 0.006148379719868411 0.0027889227973069515
-0.42521524126714116 0.16212444139011534 51 nil_vol 0.6 nil_bias 0.32 Left 0.04 0.01 0.001 -0.4151855311088189 0.16667394688349513 -0.010029710158322292 -0.004549505493379777
-0.37242367146678196 0.10375491091220482 51 nil_vol 0.6 nil_bias 0.32 Left 0.04 0.01 0.001 -0.3842184360549823 0.09840477163199707 0.011794764588200344 0.0053501392802077444
-0.15815351504751402 -0.40304356850492795 51 nil_vol 0.6 nil_bias 0.32 Left 0.04 0.01 0.001 -0.15699781295276344 -0.4025193386971089 -0.0011557020947505822 -0.000524229807819072
-0.06114349648047074 -0.6469401867473217 51 nil_vol 0.6 nil_bias 0.32 Left 0.04 0.01 0.001 -0.04869015491257733 -0.6412913150471705 -0.012453341567893409 -0.005648871700151199
-0.004447852836016966 -0.738826633382437 51 nil_vol 0.6 nil_bias 0.32 Home 0.04 0.01 0.001 0.0 -0.75 -0.004447852836016966 0.011173366617562994
0.050749465196500206 -0.5767605014876511 52 nil_vol 0.6 nil_bias 0.32 Home 0.04 0.01 0.001 0.03789163909612445 -0.5734682948219284 0.012857826100375752 -0.0032922066657226946
0.1211601977183824 -0.3277397697356156 52 nil_vol 0.6 nil_bias 0.32 Home 0.04 0.01 0.001 0.10206176288064846 -0.322849674474814 0.019098434837733946 -0.004890095260801573
0.14903882151301875 -0.10159537707606799 52 nil_vol 0.6 nil_bias 0.32 Home 0.04 0.01 0.001 0.1581180106270912 -0.10392007541055803 -0.009079189114072444 0.0023246983344900516
0.19073702359647313 0.061063075540539684 52 nil_vol 0.6 nil_bias 0.32 Home 0.04 0.01 0.001 0.1997692818868213 0.05875039369853341 -0.00903225829034818 0.002312681842006274
0.21120423796828539 0.11340862635239467 52 nil_vol 0.6 nil_bias 0.32 Home 0.04 0.01 0.001 0.21360683898983956 0.11279344778048961 -0.0024026010215541715 0.000615178571905063
0.22733734068420006 0.17414525608258657 52 nil_vol 0.6 nil_bias 0.32 Home 0.04 0.01 0.001 0.2291940538837281 0.17366985040171157 -0.0018567131995280365 0.00047540568087500257
0.2616114498347049 0.2757383817293231 52 nil_vol 0.6 nil_bias 0.32 Home 0.04 0.01 0.001 0.25571496011438966 0.2772481597127895 0.0058964897203152445 -0.0015097779834664193
0.2826665616201187 0.3825085641993402 52 nil_vol 0.6 nil_bias 0.32 Right 0.04 0.01 0.001 0.4 0.35 -0.11733343837988129 0.032508564199340215
0.2493005468821433 0.22107150595043887 53 nil_vol 0.6 nil_bias 0.32 Right 0.04 0.01 0.001 0.23897988231949588 0.2239144587938943 0.010320664562647408 -0.0028429528434554146
0.2243019592931032 0.22761406339287044 53 nil_vol 0.6 nil_bias 0.32 Right 0.04 0.01 0.001 0.23889190678636207 0.22359508453157262 -0.01458994749325888 0.004018978861297829
0.11907020950747538 -0.14972142986365033 53 nil_vol 0.6 nil_bias 0.32 Right 0.04 0.01 0.001 0.13485925899201243 -0.15407071598326516 -0.015789049484537052 0.004349286119614814
0.07855090995720082 -0.4133869154150203 53 nil_vol 0.6 nil_bias 0.32 Right 0.04 0.01 0.001 0.06449407566911286 -0.4095147890837436 0.014056834288087966 -0.0038721263312766906
0.0500996193938515 -0.43575924345160433 53 nil_vol 0.6 nil_bias 0.32 Right 0.04 0.01 0.001 0.05675938194232144 -0.4375937562156791 -0.0066597625484699444 0.0018345127640747396
0.0027664188404348715 -0.6597986245419253 53 nil_vol 0.6 nil_bias 0.32 Right 0.04 0.01 0.001 -0.003940723267984003 -0.657951060500594 0.006707142108418875 -0.0018475640413312426
-0.013234102172547012 -0.6879804883475129 53 nil_vol 0.6 nil_bias 0.32 Right 0.04 0.01 0.001 -0.012284732768207518 -0.6882420037209827 -0.0009493694043394946 0.00026151537346972957
-0.02452636408901332 -0.7326823365434135 53 nil_vol 0.6 nil_bias 0.32 Home 0.04 0.01 0.001 0.0 -0.75 -0.02452636408901332 0.017317663456586425
0.004782297779130795 -0.6485560361220989 54 nil_vol 0.6 nil_bias 0.32 Home 0.04 0.01 0.001 0.0018925715307073106 -0.6476581330709932 0.0028897262484234845 -0.0008979030511056852
0.024343319771585156 -0.6075376048696441 54 nil_vol 0.6 nil_bias 0.32 Home 0.04 0.01 0.001 0.015238025937909676 -0.6047083849326583 0.00910529383367548 -0.002829219936985832
0.066812900983059 -0.4003870307888574 54 nil_vol 0.6 nil_bias 0.32 Home 0.04 0.01 0.001 0.07767641788347814 -0.40376257024556067 -0.01086351690041913 0.003375539456703245
0.20408277497511101 -0.04336171478914973 54 nil_vol 0.6 nil_bias 0.32 Home 0.04 0.01 0.001 0.19093087921397275 -0.039275124463096334 0.013151895761138267 -0.0040865903260533945
0.2871459645861423 0.2744007850238045 54 nil_vol 0.6 nil_bias 0.32 Home 0.04 0.01 0.001 0.2882868962044836 0.2740462718647222 -0.001140931618341311 0.00035451315908228536
0.3031985631510534 0.3244926765842675 54 nil_vol 0.6 nil_bias 0.32 Home 0.04 0.01 0.001 0.3038945356201735 0.32427642225780684 -0.000695972469120053 0.0002162543264606401
0.3515100292600346 0.4360836336705936 54 nil_vol 0.6 nil_bias 0.32 Home 0.04 0.01 0.001 0.33976912209590715 0.4397317980498908 0.011740907164127484 -0.003648164379297193
0.3450551083419965 0.4567437161910755 54 nil_vol 0.6 nil_bias 0.32 Right 0.04 0.01 0.001 0.4 0.35 -0.054944891658003515 0.10674371619107555
0.20103582033202638 0.028115705836391156 55 nil_vol 0.6 nil_bias 0.32 Right 0.04 0.01 0.001 0.21802871707122448 0.02313757899534319 -0.016992896739198095 0.0049781268410479685
0.18175856351252193 -0.06760477390461678 55 nil_vol 0.6 nil_bias 0.32 Right 0.04 0.01 0.001 0.19067980076188568 -0.07021828067088637 -0.008921237249363754 0.002613506766269589
0.1579071215057571 -0.201049911333693 55 nil_vol 0.6 nil_bias 0.32 Right 0.04 0.01 0.001 0.15279128016463234 -0.19955120822935118 0.005115841341124743 -0.001498703104341805
0.1703094399399774 -0.22592515828093665 55 nil_vol 0.6 nil_bias 0.32 Right 0.04 0.01 0.001 0.1470602285688404 -0.21911422280971243 0.02324921137113699 -0.00681093547122422
0.04455952382334171 -0.5752985743068145 55 nil_vol 0.6 nil_bias 0.32 Right 0.04 0.01 0.001 0.042860615669780056 -0.5748008733903951 0.001698908153561654 -0.0004977009164194817
0.009785882451062126 -0.6937669597777301 55 nil_vol 0.6 nil_bias 0.32 Right 0.04 0.01 0.001 0.008149530882381628 -0.6932875850254168 0.0016363515686804973 -0.00047937475231334483
-0.012677696920185595 -0.7886305889585474 55 nil_vol 0.6 nil_bias 0.32 Right 0.04 0.01 0.001 -0.019220050250680742 -0.7867139843196791 0.006542353330495148 -0.0019166046388683227
-0.019684507642674848 -0.7882994152968156 55 nil_vol 0.6 nil_bias 0.32 Home 0.04 0.01 0.001 0.0 -0.75 -0.019684507642674848 -0.038299415296815534
0.007158140554094785 -0.6933357143118802 56 nil_vol 0.6 nil_bias 0.32 Home 0.04 0.01 0.001 0.013430819228754373 -0.6955759432428007 -0.006272678674659588 0.0022402289309204253
0.014664506276486381 -0.6758209250210762 56 nil_vol 0.6 nil_bias 0.32 Home 0.04 0.01 0.001 0.019827591616934565 -0.677664872998072 -0.005163085340448183 0.0018439479769957856
0.05271181172923772 -0.6232669361097857 56 nil_vol 0.6 nil_bias 0.32 Home 0.04 0.01 0.001 0.0407775220925041 -0.6190047154061808 0.011934289636733621 -0.004262220703604809
0.22263844041793684 -0.08832017056953162 56 nil_vol 0.6 nil_bias 0.32 Home 0.04 0.01 0.001 0.22943915133034956 -0.09074898131004672 -0.006800710912412711 0.0024288107405150946
0.24603513999205398 -0.04001838141958425 56 nil_vol 0.6 nil_bias 0.32 Home 0.04 0.01 0.001 0.2473849467565318 -0.04050045236913746 -0.0013498067644778311 0.00048207094955321185
0.3629878774483183 0.29233867182403583 56 nil_vol 0.6 nil_bias 0.32 Home 0.04 0.01 0.001 0.3658857291980715 0.2913037309855163 -0.002897851749753215 0.001034940838519492
0.3766054894115056 0.29266237910419635 56 nil_vol 0.6 nil_bias 0.32 Home 0.04 0.01 0.001 0.36752869787309683 0.29590407090110327 0.009076791538408784 -0.003241691796906938
0.4550459265596819 0.5409537827723351 56 nil_vol 0.6 nil_bias 0.32 Right 0.04 0.01 0.001 0.4 0.35 0.05504592655968186 0.19095378277233513
0.39742309141994836 0.32971288078589567 57 nil_vol 0.6 nil_bias 0.32 Right 0.04 0.01 0.001 0.38764269292064546 0.33288115179801525 0.009780398499302886 -0.0031682710121195877
0.3090679814251132 0.08577703598706914 57 nil_vol 0.6 nil_bias 0.32 Right 0.04 0.01 0.001 0.3077354029925965 0.08620871263290514 0.0013325784325167263 -0.00043167664583599843
0.21077282805096428 -0.21447125733017305 57 nil_vol 0.6 nil_bias 0.32 Right 0.04 0.01 0.001 0.21037464933282957 -0.2143422709611208 0.0003981787181347081 -0.0001289863690522477
0.19473358170099553 -0.28531247743703514 57 nil_vol 0.6 nil_bias 0.32 Right 0.04 0.01 0.001 0.1880824516538639 -0.28315790443802424 0.006651130047131638 -0.002154572999010903
0.1791346133663153 -0.35255022806622544 57 nil_vol 0.6 nil_bias 0.32 Right 0.04 0.01 0.001 0.16688851759426704 -0.34858321688063965 0.012246095772048262 -0.003967011185585762
0.10532611471720298 -0.5079468155615765 57 nil_vol 0.6 nil_bias 0.32 Right 0.04 0.01 0.001 0.11432030197850152 -0.5108604006041061 -0.008994187261298537 0.0029135850425295574
0.08593996110291383 -0.5599737329049675 57 nil_vol 0.6 nil_bias 0.32 Right 0.04 0.01 0.001 0.09722613967628135 -0.5636297876571491 -0.011286178573367521 0.00365605475218154
0.017001993557723614 -0.8112803564703518 57 nil_vol 0.6 nil_bias 0.32 Home 0.04 0.01 0.001 0.0 -0.75 0.017001993557723614 -0.061280356470351766
-0.22400889240801072 -0.2693973529170435 58 nil_vol 0.6 nil_bias 0.32 Home 0.04 0.01 0.001 -0.21747281680805255 -0.2665837771666767 -0.006536075599958176 -0.0028135757503668056
-0.3328629752460389 -0.018427883917557113 58 nil_vol 0.6 nil_bias 0.32 Home 0.04 0.01 0.001 -0.3256354394096183 -0.015316656200975887 -0.00722753583642063 -0.0031112277165812278
-0.3689076179684085 0.05697685966288098 58 nil_vol 0.6 nil_bias 0.32 Home 0.04 0.01 0.001 -0.3586553176220586 0.06139015372578194 -0.01025230034634988 -0.004413294062900957
-0.3698267839646819 0.09019096526770548 58 nil_vol 0.6 nil_bias 0.32 Home 0.04 0.01 0.001 -0.3708614395128609 0.08974557847316511 0.001034655548178994 0.0004453867945403691
-0.459651319574346 0.28185389263363875 58 nil_vol 0.6 nil_bias 0.32 Home 0.04 0.01 0.001 -0.4545106350766172 0.2840667962364044 -0.005140684497728808 -0.002212903602765686
-0.45363258249354227 0.3023079579387256 58 nil_vol 0.6 nil_bias 0.32 Home 0.04 0.01 0.001 -0.4609980402134995 0.29913735917280004 0.0073654577199572056 0.003170598765925563
-0.5095379599137151 0.3895282189875975 58 nil_vol 0.6 nil_bias 0.32 Home 0.04 0.01 0.001 -0.5014138899037501 0.3930253765747077 -0.008124070009964969 -0.00349715758711021
-0.5176716908093446 0.43079305202975116 58 nil_vol 0.6 nil_bias 0.32 Left 0.04 0.01 0.001 -0.4 0.35 -0.11767169080934461 0.08079305202975119
-0.35967695290084556 0.055480445691715945 59 nil_vol 0.6 nil_bias 0.32 Left 0.04 0.01 0.001 -0.3571711290236663 0.05655512602761792 -0.00250582387717921 -0.0010746803359019711
-0.3094164939855606 -0.060562968956535075 59 nil_vol 0.6 nil_bias 0.32 Left 0.04 0.01 0.001 -0.3073267120617295 -0.05966671780324462 -0.002089781923831058 -0.0008962511532904561
-0.286347026715967 -0.06061199063120668 59 nil_vol 0.6 nil_bias 0.32 Left 0.04 0.01 0.001 -0.30372495183722725 -0.0680649144287157 0.01737792512126025 0.007452923797509027
-0.30695898294533414 -0.10210622905791289 59 nil_vol 0.6 nil_bias 0.32 Left 0.04 0.01 0.001 -0.2918960974109571 -0.09564616335530662 -0.015062885534377032 -0.006460065702606259
-0.27644910343898105 -0.11009546700715342 59 nil_vol 0.6 nil_bias 0.32 Left 0.04 0.01 0.001 -0.28426211656741496 -0.11344625779885253 0.007813013128433915 0.003350790791699115
-0.14612097971619692 -0.38870339409349985 59 nil_vol 0.6 nil_bias 0.32 Left 0.04 0.01 0.001 -0.16309050743734066 -0.39598116725127885 0.01696952772114374 0.007277773157779005
-0.09412722268084223 -0.5822447139016154 59 nil_vol 0.6 nil_bias 0.32 Left 0.04 0.01 0.001 -0.0849036099777648 -0.5782889549641073 -0.009223612703077427 -0.003955758937508131
0.008878229073431112 -0.7969593480936421 59 nil_vol 0.6 nil_bias 0.32 Home 0.04 0.01 0.001 0.0 -0.75 0.008878229073431112 -0.04695934809364211
0.0004860325135636768 -0.7797112685525399 60 nil_vol 0.6 nil_bias 0.32 Home 0.04 0.01 0.001 0.01327508351243876 -0.784075910911608 -0.012789050998875083 0.004364642359068113
0.0891659908378965 -0.595453656463308 60 nil_vol 0.6 nil_bias 0.32 Home 0.04 0.01 0.001 0.07884958352540125 -0.591932876981431 0.010316407312495255 -0.0035207794818769124
0.10848499755807799 -0.4895332886946246 60 nil_vol 0.6 nil_bias 0.32 Home 0.04 0.01 0.001 0.11324237506107944 -0.49115688464161894 -0.004757377503001454 0.0016235959469943664
0.1485880017691578 -0.4087002661221657 60 nil_vol 0.6 nil_bias 0.32 Home 0.04 0.01 0.001 0.14213475850007132 -0.4064979057650052 0.006453243269086486 -0.0022023603571604752
0.23872780610638333 -0.16765312708146426 60 nil_vol 0.6 nil_bias 0.32 Home 0.04 0.01 0.001 0.22522079711851156 -0.16304346029868544 0.013507008987871766 -0.004609666782778826
0.24719365342796434 -0.030592912774729114 60 nil_vol 0.6 nil_bias 0.32 Home 0.04 0.01 0.001 0.2680001043161102 -0.03769373025495182 -0.020806450888145867 0.007100817480222703
0.3567038580374841 0.23730850805736922 60 nil_vol 0.6 nil_bias 0.32 Home 0.04 0.01 0.001 0.36131562119419425 0.23573460731793694 -0.004611763156710119 0.0015739007394322826
0.3641342214533143 0.24399352511550554 60 nil_vol 0.6 nil_bias 0.32 Right 0.04 0.01 0.001 0.4 0.35 -0.035865778546685725 -0.10600647488449444
0.31657495286678183 0.16658515943125504 61 nil_vol 0.6 nil_bias 0.32 Right 0.04 0.01 0.001 0.33096817468124917 0.1608440946379357 -0.014393221814467332 0.005741064793319355
0.3130003726155607 0.11183034093884989 61 nil_vol 0.6 nil_bias 0.32 Right 0.04 0.01 0.001 0.3116351305003282 0.11237489889419522 0.0013652421152324987 -0.0005445579553453309
0.24977235318918367 -0.041578008304475035 61 nil_vol 0.6 nil_bias 0.32 Right 0.04 0.01 0.001 0.2501650278439137 -0.04173463554641982 -0.0003926746547300436 0.00015662724194478187
0.2587092782383972 -0.08541868894391959 61 nil_vol 0.6 nil_bias 0.32 Right 0.04 0.01 0.001 0.23630513515695017 -0.07648228549461689 0.022404143081447003 -0.008936403449302705
0.1669710664167119 -0.2748866583632848 61 nil_vol 0.6 nil_bias 0.32 Right 0.04 0.01 0.001 0.15851274136732343 -0.2715128625045504 0.008458325049388454 -0.003373795858734382
0.029869042974415845 -0.5811732786602511 61 nil_vol 0.6 nil_bias 0.32 Right 0.04 0.01 0.001 0.034293666376561394 -0.5829381406185531 -0.004424623402145547 0.0017648619583019185
-0.03776135658572983 -0.760521773829996 61 nil_vol 0.6 nil_bias 0.32 Right 0.04 0.01 0.001 -0.03670731367612928 -0.7609422028845162 -0.0010540429096005438 0.0004204290545201694
-0.038889759273009104 -0.7664137355539352 61 nil_vol 0.6 nil_bias 0.32 Home 0.04 0.01 0.001 0.0 -0.75 -0.038889759273009104 -0.016413735553935258
0.04108687842656979 -0.5974822581564393 62 nil_vol 0.6 nil_bias 0.32 Home 0.04 0.01 0.001 0.02505233100134422 -0.5916166983319326 0.016034547425225566 -0.005865559824506656
0.042763031822751686 -0.5051648299997373 62 nil_vol 0.6 nil_bias 0.32 Home 0.04 0.01 0.001 0.05503491892440638 -0.5096539799610955 -0.012271887101654694 0.004489149961358176
0.0719070968096844 -0.3946719642867648 62 nil_vol 0.6 nil_bias 0.32 Home 0.04 0.01 0.001 0.09412334551621632 -0.4027988376189848 -0.022216248706531917 0.00812687333221994
0.16941807796275424 -0.20542699306434134 62 nil_vol 0.6 nil_bias 0.32 Home 0.04 0.01 0.001 0.16668870434576696 -0.20442856736454995 0.002729373616987278 -0.0009984256997913855
0.20951459913763265 -0.1136630915398463 62 nil_vol 0.6 nil_bias 0.32 Home 0.04 0.01 0.001 0.20102715708505506 -0.11055832046048875 0.00848744205257758 -0.0031047710793575475
0.23218091353623985 -0.018911588869830222 62 nil_vol 0.6 nil_bias 0.32 Home 0.04 0.01 0.001 0.23427236315431663 -0.019676657102156603 -0.0020914496180767677 0.0007650682323263828
0.38016601479873774 0.3662736922465963 62 nil_vol 0.6 nil_bias 0.32 Home 0.04 0.01 0.001 0.3760118385585501 0.3677933216201096 0.004154176240187633 -0.0015196293735132915
0.39133315737266744 0.4096768622355409 62 nil_vol 0.6 nil_bias 0.32 Right 0.04 0.01 0.001 0.4 0.35 -0.008666842627332583 0.05967686223554092
0.39170624408632926 0.3986530126348915 63 nil_vol 0.6 nil_bias 0.32 Right 0.04 0.01 0.001 0.3882183832258801 0.3997470854493846 0.0034878608604491453 -0.001094072814493112
0.3381482171370454 0.22580542585920665 63 nil_vol 0.6 nil_bias 0.32 Right 0.04 0.01 0.001 0.33405871967727185 0.22708822014908572 0.004089497459773526 -0.0012827942898790672
0.2571992830948728 -0.028874168818116646 63 nil_vol 0.6 nil_bias 0.32 Right 0.04 0.01 0.001 0.25407573438977116 -0.027894373505250647 0.003123548705101617 -0.0009797953128659988
0.2307268478445148 -0.0865057206410319 63 nil_vol 0.6 nil_bias 0.32 Right 0.04 0.01 0.001 0.23524586660667876 -0.08792324724937006 -0.00451901876216395 0.0014175266083381595
0.20505266326813984 -0.15099656929686178 63 nil_vol 0.6 nil_bias 0.32 Right 0.04 0.01 0.001 0.21452862598181277 -0.15396899096475047 -0.009475962713672919 0.0029724216678886865
0.17838953301016422 -0.20741671315461155 63 nil_vol 0.6 nil_bias 0.32 Right 0.04 0.01 0.001 0.19602762996033232 -0.21294943454020254 -0.017638096950168092 0.0055327213855909906
0.1144415191645631 -0.5083684897694054 63 nil_vol 0.6 nil_bias 0.32 Right 0.04 0.01 0.001 0.10435317354864798 -0.505203975723922 0.010088345615915126 -0.0031645140454835074
0.05188278670136164 -0.6724774937137319 63 nil_vol 0.6 nil_bias 0.32 Home 0.04 0.01 0.001 0.0 -0.75 0.05188278670136164 0.07752250628626808
