x y trial vol omega bias theta state target_sigma moving_sigma staying_sigma x_mean y_mean x_noise y_noise
-0.12576560065822304 -0.5351949157292866 0 nil_vol 0.6 nil_bias 0.98 Home 0.04 0.01 0.001 -0.12240344387555693 -0.5332958310415032 -0.003362156782666103 -0.0018990846877833332
-0.1378181115950381 -0.5247067335781571 0 nil_vol 0.6 nil_bias 0.98 Home 0.04 0.01 0.001 -0.12980990348800403 -0.520183367662844 -0.008008208107034065 -0.004523365915313142
-0.18853182458403017 -0.40503786480818627 0 nil_vol 0.6 nil_bias 0.98 Home 0.04 0.01 0.001 -0.19332089595926158 -0.40774292965355363 0.004789071375231408 0.0027050648453673404
-0.2563702716556174 -0.27533021415737896 0 nil_vol 0.6 nil_bias 0.98 Home 0.04 0.01 0.001 -0.2652727555211803 -0.28035870386954587 0.008902483865562905 0.005028489712166908
-0.2964435311483034 -0.19833374819599214 0 nil_vol 0.6 nil_bias 0.98 Home 0.04 0.01 0.001 -0.3079369164500899 -0.2048256857968641 0.011493385301786513 0.006491937600871965
-0.4788890597197221 0.06057027699581355 0 nil_vol 0.6 nil_bias 0.98 Home 0.04 0.01 0.001 -0.4629339114554461 0.0695824021638648 -0.01595514826427601 -0.009012125168051248
-0.5306761165769274 0.22956246682906134 0 nil_vol 0.6 nil_bias 0.98 Home 0.04 0.01 0.001 -0.5478257341295142 0.21987565618912686 0.017149617552586805 0.00968681063993448
-0.5788776729705298 0.2748502907911858 0 nil_vol 0.6 nil_bias 0.98 Left 0.04 0.01 0.001 -0.4 0.35 -0.1788776729705298 -0.0751497092088142
-0.5568905497037129 0.2113617179459749 1 nil_vol 0.6 nil_bias 0.98 Left 0.04 0.01 0.001 -0.5492020665124959 0.2151857730113969 -0.007688483191216992 -0.0038240550654220213
-0.5518694266839671 0.19416787314179504 1 nil_vol 0.6 nil_bias 0.98 Left 0.04 0.01 0.001 -0.5413504890856051 0.19939972389901925 -0.010518937598361972 -0.005231850757224213
-0.41877744128733996 -0.03247212597933704 1 nil_vol 0.6 nil_bias 0.98 Left 0.04 0.01 0.001 -0.42458634251605354 -0.035361325008031574 0.005808901228713584 0.002889199028694534
-0.42038749554027194 -0.05138215164766234 1 nil_vol 0.6 nil_bias 0.98 Left 0.04 0.01 0.001 -0.4173655625715375 -0.04987911941242823 -0.003021932968734448 -0.0015030322352341118
-0.3525462668980625 -0.19108268052323918 1 nil_vol 0.6 nil_bias 0.98 Left 0.04 0.01 0.001 -0.3482077802675707 -0.18892482814026845 -0.00433848663049182 -0.0021578523829707263
-0.3192508402586589 -0.2768595656157574 1 nil_vol 0.6 nil_bias 0.98 Left 0.04 0.01 0.001 -0.30740237753516725 -0.270966443036392 -0.011848462723491637 -0.005893122579365399
-0.218198068965142 -0.458368643333785 1 nil_vol 0.6 nil_bias 0.98 Left 0.04 0.01 0.001 -0.21498753759202555 -0.45677180707171355 -0.003210531373116455 -0.0015968362620714736
-0.07788550420817403 -0.7324233500332379 1 nil_vol 0.6 nil_bias 0.98 Home 0.04 0.01 0.001 0.0 -0.75 -0.07788550420817403 0.01757664996676208
-0.07452067030187208 -0.694535111619715 2 nil_vol 0.6 nil_bias 0.98 Home 0.04 0.01 0.001 -0.08161621135556187 -0.6952471638345964 0.00709554105368978 0.0007120522148813545
-0.08828078865299495 -0.5138355669723346 2 nil_vol 0.6 nil_bias 0.98 Home 0.04 0.01 0.001 -0.09970618033715156 -0.514982128650018 0.011425391684156608 0.0011465616776835026
-0.10717081358115149 -0.4986753119110938 2 nil_vol 0.6 nil_bias 0.98 Home 0.04 0.01 0.001 -0.10140071114421333 -0.49809627020176883 -0.005770102436938166 -0.0005790417093249831
-0.12030138852530671 -0.4403770284160203 2 nil_vol 0.6 nil_bias 0.98 Home 0.04 0.01 0.001 -0.10732364920278523 -0.4390746854433235 -0.012977739322521479 -0.0013023429726967625
-0.11678218952437824 -0.43081609328884624 2 nil_vol 0.6 nil_bias 0.98 Home 0.04 0.01 0.001 -0.10823845598882996 -0.42995871196424945 -0.00854373353554829 -0.0008573813245967642
-0.11823671878280938 -0.3585884983975737 2 nil_vol 0.6 nil_bias 0.98 Home 0.04 0.01 0.001 -0.11542888091570101 -0.3583067260623601 -0.0028078378671083613 -0.00028177233521361545
-0.17136880315223024 0.19289027937254224 2 nil_vol 0.6 nil_bias 0.98 Home 0.04 0.01 0.001 -0.170748882949261 0.19295248964660505 -0.0006199202029692485 -6.221027406280879e-05
-0.17144108861325416 0.19985026147261994 2 nil_vol 0.6 nil_bias 0.98 Left 0.04 0.01 0.001 -0.4 0.35 0.22855891138674586 -0.15014973852738003
-0.16056926619358172 0.17401820654236627 3 nil_vol 0.6 nil_bias 0.98 Left 0.04 0.01 0.001 -0.16707789262826322 0.17296204097248535 0.006508626434681499 0.0010561655698809087
-0.08580974807702735 -0.3129313699877716 3 nil_vol 0.6 nil_bias 0.98 Left 0.04 0.01 0.001 -0.08816904058134392 -0.31331421628220013 0.0023592925043165723 0.0003828462944285119
-0.09259524596469838 -0.3503831525485694 3 nil_vol 0.6 nil_bias 0.98 Left 0.04 0.01 0.001 -0.08242169390277984 -0.34873227343927926 -0.010173552061918546 -0.0016508791092901464
-0.049161412920811234 -0.4598261149322393 3 nil_vol 0.6 nil_bias 0.98 Left 0.04 0.01 0.001 -0.0640034897206423 -0.46223456326751033 0.01484207679983107 0.0024084483352710484
-0.042567834027838126 -0.5160484955409795 3 nil_vol 0.6 nil_bias 0.98 Left 0.04 0.01 0.001 -0.05494509484216975 -0.5180569741121073 0.012377260814331622 0.002008478571127719
-0.04580358588050097 -0.5856755230327148 3 nil_vol 0.6 nil_bias 0.98 Left 0.04 0.01 0.001 -0.044019499852562066 -0.5853860164439859 -0.0017840860279389032 -0.00028950658872878857
-0.043074261346556786 -0.6625059369459991 3 nil_vol 0.6 nil_bias 0.98 Left 0.04 0.01 0.001 -0.0318019464807964 -0.660676759780348 -0.011272314865760389 -0.001829177165651151
-0.016157993385488977 -0.7570827112359673 3 nil_vol 0.6 nil_bias 0.98 Home 0.04 0.01 0.001 0.0 -0.75 -0.016157993385488977 -0.00708271123596731
-0.025390975726726862 -0.7503573368663627 4 nil_vol 0.6 nil_bias 0.98 Home 0.04 0.01 0.001 -0.017192482722488942 -0.749271550302205 -0.008198493004237918 -0.0010857865641577453
-0.03032614783688277 -0.6663717689435894 4 nil_vol 0.6 nil_bias 0.98 Home 0.04 0.01 0.001 -0.028208649017549152 -0.6660913330431789 -0.0021174988193336177 -0.0002804359004104616
-0.05560650738341254 -0.5825182493137883 4 nil_vol 0.6 nil_bias 0.98 Home 0.04 0.01 0.001 -0.03955832496660951 -0.5803928708035779 -0.016048182416803034 -0.0021253785102103673
-0.04080068255935394 -0.5628718187177 4 nil_vol 0.6 nil_bias 0.98 Home 0.04 0.01 0.001 -0.04186018314355819 -0.5630121361514591 0.001059500584204247 0.00014031743375905782
-0.08481186060404491 -0.34727650509073443 4 nil_vol 0.6 nil_bias 0.98 Home 0.04 0.01 0.001 -0.07067951159943188 -0.3454048544518591 -0.014132349004613035 -0.0018716506388753416
-0.06402541726111863 -0.34059019340163704 4 nil_vol 0.6 nil_bias 0.98 Home 0.04 0.01 0.001 -0.07119146256763853 -0.3415392453442249 0.007166045306519907 0.0009490519425878612
-0.0881372137883219 -0.20965135834925852 4 nil_vol 0.6 nil_bias 0.98 Home 0.04 0.01 0.001 -0.08864935997095913 -0.2097191856247962 0.0005121461826372241 6.782727553767872e-05
-0.11934396582490009 0.022047829798333418 4 nil_vol 0.6 nil_bias 0.98 Left 0.04 0.01 0.001 -0.4 0.35 0.28065603417509993 -0.32795217020166656
-0.10860820328325484 -0.08420109680970518 5 nil_vol 0.6 nil_bias 0.98 Left 0.04 0.01 0.001 -0.10237290857234571 -0.08319562292235344 -0.006235294710909125 -0.0010054738873517411
-0.08839120977816121 -0.18783167712429208 5 nil_vol 0.6 nil_bias 0.98 Left 0.04 0.01 0.001 -0.08557307808934803 -0.1873772386485513 -0.002818131688813193 -0.00045443847574078616
-0.08900191997040507 -0.21128253797970206 5 nil_vol 0.6 nil_bias 0.98 Left 0.04 0.01 0.001 -0.08190282311606167 -0.21013777147839544 -0.007099096854343405 -0.0011447665013066314
-0.047795731033532095 -0.3883072088595778 5 nil_vol 0.6 nil_bias 0.98 Left 0.04 0.01 0.001 -0.05303581029194436 -0.3891521990494992 0.005240079258412268 0.0008449901899214017
-0.04278719232884494 -0.4532468483239492 5 nil_vol 0.6 nil_bias 0.98 Left 0.04 0.01 0.001 -0.042702417261101244 -0.453233177900839 -8.477506774369228e-05 -1.3670423110173946e-05
-0.027555516948208812 -0.5030238115851936 5 nil_vol 0.6 nil_bias 0.98 Left 0.04 0.01 0.001 -0.0344930195274719 -0.5041425201643855 0.006937502579263089 0.001118708579191976
-0.011189403933009595 -0.6189515852147421 5 nil_vol 0.6 nil_bias 0.98 Left 0.04 0.01 0.001 -0.015858057098684986 -0.6197044299582273 0.00466865316567539 0.0007528447434851427
-0.00676669749803739 -0.6760831257612542 5 nil_vol 0.6 nil_bias 0.98 Home 0.04 0.01 0.001 0.0 -0.75 -0.00676669749803739 0.07391687423874584
-0.04166400851484812 -0.5631468477931774 6 nil_vol 0.6 nil_bias 0.98 Home 0.04 0.01 0.001 -0.03760483460882184 -0.56204912813 -0.00405917390602628 -0.0010977196631774362
-0.05027978117000045 -0.5437907644676745 6 nil_vol 0.6 nil_bias 0.98 Home 0.04 0.01 0.001 -0.04306971806760559 -0.541840951963091 -0.007210063102394862 -0.001949812504583465
-0.07958960722733874 -0.4467456135913211 6 nil_vol 0.6 nil_bias 0.98 Home 0.04 0.01 0.001 -0.06952251324289867 -0.4440231761511885 -0.010067093984440076 -0.0027224374401325804
-0.1467690480999016 -0.07098573490171989 6 nil_vol 0.6 nil_bias 0.98 Home 0.04 0.01 0.001 -0.1687921808306944 -0.07694143584063928 0.022023132730792795 0.0059557009389193975
-0.20189673344541167 0.02919469775008844 6 nil_vol 0.6 nil_bias 0.98 Home 0.04 0.01 0.001 -0.19779450793238693 0.030304059830326024 -0.004102225513024759 -0.0011093620802375816
-0.23187525655383018 0.1516978540067922 6 nil_vol 0.6 nil_bias 0.98 Home 0.04 0.01 0.001 -0.2307082923142391 0.15201343535947143 -0.0011669642395910828 -0.0003155813526792372
-0.25782617227705457 0.261654152003706 6 nil_vol 0.6 nil_bias 0.98 Home 0.04 0.01 0.001 -0.2601857935390802 0.2610160412164023 0.0023596212620256747 0.0006381107873037186
-0.27092446746916166 0.300725765351375 6 nil_vol 0.6 nil_bias 0.98 Left 0.04 0.01 0.001 -0.4 0.35 0.12907553253083834 -0.049274234648624966
-0.2603847257946963 0.2644999935193558 7 nil_vol 0.6 nil_bias 0.98 Left 0.04 0.01 0.001 -0.26310356409745467 0.2639222291562674 0.002718838302758372 0.0005777643630884504
-0.21596046577813127 0.013625578130481271 7 nil_vol 0.6 nil_bias 0.98 Left 0.04 0.01 0.001 -0.21017572006692894 0.014854860474367126 -0.005784745711202318 -0.0012292823438858553
-0.17215382963781983 -0.07189189910470521 7 nil_vol 0.6 nil_bias 0.98 Left 0.04 0.01 0.001 -0.19089534607039946 -0.07587454871428129 0.01874151643257963 0.003982649609576071
-0.14210481653899482 -0.30709005681403095 7 nil_vol 0.6 nil_bias 0.98 Left 0.04 0.01 0.001 -0.14177594719204933 -0.30702017072018545 -0.0003288693469454711 -6.988609384548278e-05
-0.1269172452654319 -0.3318554722270189 7 nil_vol 0.6 nil_bias 0.98 Left 0.04 0.01 0.001 -0.13608437386388425 -0.33380352489740434 0.009167128598452328 0.0019480526703854633
-0.06778300890688597 -0.6624076913231656 7 nil_vol 0.6 nil_bias 0.98 Left 0.04 0.01 0.001 -0.06632066835474429 -0.6620969379190851 -0.0014623405521416808 -0.0003107534040804771
-0.03775474958172734 -0.7227687373153866 7 nil_vol 0.6 nil_bias 0.98 Left 0.04 0.01 0.001 -0.05275048311896827 -0.7259553925965772 0.014995733537240928 0.003186655281190551
-0.04548671804644755 -0.7601371524334753 7 nil_vol 0.6 nil_bias 0.98 Home 0.04 0.01 0.001 0.0 -0.75 -0.04548671804644755 -0.01013715243347535
-0.07764589872756557 -0.5043045267156188 8 nil_vol 0.6 nil_bias 0.98 Home 0.04 0.01 0.001 -0.0854771939724775 -0.5055345898413501 0.007831295244911931 0.0012300631257313583
-0.07554383394923304 -0.47132434050495214 8 nil_vol 0.6 nil_bias 0.98 Home 0.04 0.01 0.001 -0.09048206297441466 -0.47367069115487104 0.014938229025181615 0.0023463506499188866
-0.10682690455953525 -0.4411287568391434 8 nil_vol 0.6 nil_bias 0.98 Home 0.04 0.01 0.001 -0.09586389998541733 -0.4394067954965918 -0.010963004574117915 -0.0017219613425516192
-0.22279119349479204 0.396596722020926 8 nil_vol 0.6 nil_bias 0.98 Home 0.04 0.01 0.001 -0.22706958882366782 0.3959247136025522 0.004278395328875787 0.0006720084183737829
-0.23085552386616767 0.4610126237546861 8 nil_vol 0.6 nil_bias 0.98 Home 0.04 0.01 0.001 -0.23713796559289832 0.4600258393638629 0.00628244172673066 0.000986784390823249
-0.24050769387669227 0.49731956339780187 8 nil_vol 0.6 nil_bias 0.98 Home 0.04 0.01 0.001 -0.2429357945692029 0.49693818113164856 0.0024281006925106286 0.0003813822661533031
-0.24302995487453738 0.510975340620611 8 nil_vol 0.6 nil_bias 0.98 Home 0.04 0.01 0.001 -0.2450897956146082 0.5106518010195614 0.002059840740070807 0.00032353960104958155
-0.25106183354139244 0.5486732580001956 8 nil_vol 0.6 nil_bias 0.98 Left 0.04 0.01 0.001 -0.4 0.35 0.14893816645860755 0.1986732580001956
-0.2316872922959968 0.3316928525225669 9 nil_vol 0.6 nil_bias 0.98 Left 0.04 0.01 0.001 -0.2098236423879065 0.33593092475036335 -0.0218636499080903 -0.004238072227796412
-0.1957412203028304 0.2554691637244895 9 nil_vol 0.6 nil_bias 0.98 Left 0.04 0.01 0.001 -0.19428169322306071 0.25575207994426485 -0.0014595270797696852 -0.0002829162197753552
-0.1461447150508901 0.009638404386424429 9 nil_vol 0.6 nil_bias 0.98 Left 0.04 0.01 0.001 -0.14655919324866623 0.009558061509255866 0.0004144781977761381 8.034287716856283e-05
-0.11367147504801503 -0.08630904219177502 9 nil_vol 0.6 nil_bias 0.98 Left 0.04 0.01 0.001 -0.1274581892488731 -0.08898147295300862 0.013786714200858061 0.0026724307612336117
-0.0682455626299564 -0.3508537201941931 9 nil_vol 0.6 nil_bias 0.98 Left 0.04 0.01 0.001 -0.07639056238756056 -0.35243255526579464 0.008144999757604163 0.0015788350716015379
-0.06279655313775014 -0.44570954483321695 9 nil_vol 0.6 nil_bias 0.98 Left 0.04 0.01 0.001 -0.05847214235269624 -0.44487129663006864 -0.0043244107850538924 -0.0008382482031482994
-0.04928010128903469 -0.5303697220534596 9 nil_vol 0.6 nil_bias 0.98 Left 0.04 0.01 0.001 -0.04216633532021391 -0.5289907823926874 -0.007113765968820784 -0.0013789396607721276
0.0006525432380467667 -0.7498876713401443 9 nil_vol 0.6 nil_bias 0.98 Home 0.04 0.01 0.001 0.0 -0.75 0.0006525432380467667 0.00011232865985567215
-0.019230557674486476 -0.7095228497850926 10 nil_vol 0.6 nil_bias 0.98 Home 0.04 0.01 0.001 -0.01394187914134445 -0.7076935611022341 -0.005288678533142023 -0.0018292886828585196
-0.036152334487450685 -0.6903059062652314 10 nil_vol 0.6 nil_bias 0.98 Home 0.04 0.01 0.001 -0.02168669832859712 -0.6853024211129548 -0.014465636158853568 -0.005003485152276547
-0.06568763552590565 -0.5148775467917786 10 nil_vol 0.6 nil_bias 0.98 Home 0.04 0.01 0.001 -0.07903741587806122 -0.5194950711816259 0.013349780352155572 0.004617524389847315
-0.0857833990917722 -0.47054111987140607 10 nil_vol 0.6 nil_bias 0.98 Home 0.04 0.01 0.001 -0.09488150249023411 -0.4736880416360752 0.009098103398461918 0.003146921764669126
-0.11898204607981529 -0.40597491036845024 10 nil_vol 0.6 nil_bias 0.98 Home 0.04 0.01 0.001 -0.11837523711473501 -0.4057650226308004 -0.0006068089650802771 -0.00020988773764983774
-0.12647889906684745 -0.36590214796506526 10 nil_vol 0.6 nil_bias 0.98 Home 0.04 0.01 0.001 -0.13155590911631831 -0.3676582231297886 0.00507701004947087 0.0017560751647233146
-0.19633327778336454 -0.18915246128345725 10 nil_vol 0.6 nil_bias 0.98 Home 0.04 0.01 0.001 -0.19362309263237923 -0.18821504166264258 -0.0027101851509853106 -0.0009374196208146617
-0.27614295859589283 0.050359136250612 10 nil_vol 0.6 nil_bias 0.98 Left 0.04 0.01 0.001 -0.4 0.35 0.12385704140410721 -0.299640863749388
-0.27226135888274605 0.014300661615551838 11 nil_vol 0.6 nil_bias 0.98 Left 0.04 0.01 0.001 -0.26424680339305445 0.0171736790130396 -0.008014555489691615 -0.0028730173974877643
-0.2382386369790891 -0.047718179273964 11 nil_vol 0.6 nil_bias 0.98 Left 0.04 0.01 0.001 -0.24067199999385444 -0.048590478964797276 0.0024333630147653587 0.0008722996908332784
-0.1933671877054377 -0.19660711607489498 11 nil_vol 0.6 nil_bias 0.98 Left 0.04 0.01 0.001 -0.18826712322714334 -0.19477887070392022 -0.005100064478294372 -0.0018282453709747653
-0.16872720057752602 -0.2691954517984432 11 nil_vol 0.6 nil_bias 0.98 Left 0.04 0.01 0.001 -0.16240329222542652 -0.2669284890530896 -0.0063239083520995045 -0.002266962745353598
-0.06820058579135051 -0.5261569482669399 11 nil_vol 0.6 nil_bias 0.98 Left 0.04 0.01 0.001 -0.06933110596068559 -0.5265622114308033 0.001130520169335082 0.0004052631638633125
-0.01962634230150389 -0.6294359804736647 11 nil_vol 0.6 nil_bias 0.98 Left 0.04 0.01 0.001 -0.030992798147134043 -0.633510570191619 0.011366455845630152 0.004074589717954335
-0.03326019831572441 -0.6594502596015487 11 nil_vol 0.6 nil_bias 0.98 Left 0.04 0.01 0.001 -0.02301111979489945 -0.6557762216668908 -0.01024907852082496 -0.003674037934657969
0.011941890926884254 -0.7532809719710399 11 nil_vol 0.6 nil_bias 0.98 Home 0.04 0.01 0.001 0.0 -0.75 0.011941890926884254 -0.0032809719710399123
-0.028205468810308866 -0.6479591717128301 12 nil_vol 0.6 nil_bias 0.98 Home 0.04 0.01 0.001 -0.036506006629259125 -0.6519268813889142 0.008300537818950258 0.003967709676084013
-0.05227673743629175 -0.6354413293197543 12 nil_vol 0.6 nil_bias 0.98 Home 0.04 0.01 0.001 -0.04585378561717407 -0.6323711176494269 -0.0064229518191176805 -0.0030702116703273533
-0.12477492858145643 -0.48558353017856704 12 nil_vol 0.6 nil_bias 0.98 Home 0.04 0.01 0.001 -0.11764768653617272 -0.4821766633172049 -0.007127242045283717 -0.0034068668613621653
-0.2697541408135412 -0.13547515195373563 12 nil_vol 0.6 nil_bias 0.98 Home 0.04 0.01 0.001 -0.28084016062671496 -0.1407743396740262 0.011086019813173769 0.005299187720290566
-0.28042174306886236 -0.13254496864999124 12 nil_vol 0.6 nil_bias 0.98 Home 0.04 0.01 0.001 -0.2839643920522013 -0.1342383773129905 0.0035426489833389517 0.001693408662999236
-0.4240163425979777 0.1520535618899368 12 nil_vol 0.6 nil_bias 0.98 Home 0.04 0.01 0.001 -0.4214094110897905 0.15329969167038404 -0.002606931508187201 -0.0012461297804472582
-0.4280836094452492 0.166856780386229 12 nil_vol 0.6 nil_bias 0.98 Home 0.04 0.01 0.001 -0.42792583524119554 0.166932197455546 -0.0001577742040536508 -7.541706931699665e-05
-0.4342746875909092 0.18021413926529567 12 nil_vol 0.6 nil_bias 0.98 Left 0.04 0.01 0.001 -0.4 0.35 -0.034274687590909195 -0.1697858607347043
-0.4061397738067264 0.13869244709664677 13 nil_vol 0.6 nil_bias 0.98 Left 0.04 0.01 0.001 -0.41556736340063166 0.13480825909693955 0.009427589593905265 0.0038841879997072153
-0.42122625091950944 0.12206543679837932 13 nil_vol 0.6 nil_bias 0.98 Left 0.04 0.01 0.001 -0.41190032864948317 0.12590773763324553 -0.009325922270026243 -0.0038423008348662108
-0.390283032277341 0.094529413554078 13 nil_vol 0.6 nil_bias 0.98 Left 0.04 0.01 0.001 -0.39771144650764517 0.09146889027579966 0.0074284142303041685 0.0030605232782783456
-0.3783604185392666 0.04390905512297145 13 nil_vol 0.6 nil_bias 0.98 Left 0.04 0.01 0.001 -0.3781520566162295 0.043994900701313094 -0.0002083619230370703 -8.584557834164874e-05
-0.3808313373325204 0.010840604525174595 13 nil_vol 0.6 nil_bias 0.98 Left 0.04 0.01 0.001 -0.36686341003022277 0.016595421816271078 -0.013967927302297643 -0.005754817291096482
-0.29705163973418663 -0.15659839936551465 13 nil_vol 0.6 nil_bias 0.98 Left 0.04 0.01 0.001 -0.2957312918751537 -0.156054413094325 -0.0013203478590329536 -0.0005439862711896543
-0.2573687912339704 -0.26179391221348186 13 nil_vol 0.6 nil_bias 0.98 Left 0.04 0.01 0.001 -0.25292132126608513 -0.25996154463890203 -0.00444746996788526 -0.0018323675745798222
-0.041448681190785805 -0.7732418650353006 13 nil_vol 0.6 nil_bias 0.98 Home 0.04 0.01 0.001 0.0 -0.75 -0.041448681190785805 -0.02324186503530056
-0.06017329988007186 -0.7526351278503978 14 nil_vol 0.6 nil_bias 0.98 Home 0.04 0.01 0.001 -0.05297279478909694 -0.7491857206144745 -0.007200505090974923 -0.00344940723592327
-0.13700250069230466 -0.5746208707226157 14 nil_vol 0.6 nil_bias 0.98 Home 0.04 0.01 0.001 -0.13667367583060958 -0.5744633469318605 -0.0003288248616950818 -0.00015752379075519964
-0.13937052080653364 -0.49296202318382226 14 nil_vol 0.6 nil_bias 0.98 Home 0.04 0.01 0.001 -0.16893272590456015 -0.5071238191809936 0.029562205098026505 0.014161795997171324
-0.2648273685137858 -0.3542153081782712 14 nil_vol 0.6 nil_bias 0.98 Home 0.04 0.01 0.001 -0.24641020713031825 -0.34539255353277754 -0.01841716138346754 -0.008822754645493633
-0.29465489606638257 -0.2361875973449054 14 nil_vol 0.6 nil_bias 0.98 Home 0.04 0.01 0.001 -0.29796523335638786 -0.23777341684745712 0.003310337290005297 0.0015858195025517088
-0.3313249620569877 -0.21975695131039477 14 nil_vol 0.6 nil_bias 0.98 Home 0.04 0.01 0.001 -0.31121179671330085 -0.2101217247259718 -0.020113165343686852 -0.009635226584422979
-0.5995281031378003 0.37815650351129404 14 nil_vol 0.6 nil_bias 0.98 Home 0.04 0.01 0.001 -0.5942403882693003 0.38068958719062707 -0.005287714868500014 -0.0025330836793330353
-0.6051126731624275 0.4033850642303328 14 nil_vol 0.6 nil_bias 0.98 Left 0.04 0.01 0.001 -0.4 0.35 -0.20511267316242746 0.05338506423033286
-0.5926747830809564 0.37469506666172525 15 nil_vol 0.6 nil_bias 0.98 Left 0.04 0.01 0.001 -0.5906396302139596 0.37576135559638874 -0.0020351528669968746 -0.0010662889346635027
-0.5370916517379232 0.25066541638148926 15 nil_vol 0.6 nil_bias 0.98 Left 0.04 0.01 0.001 -0.5276807835522896 0.2555961047708707 -0.009410868185633553 -0.004930688389381445
-0.4156489987472275 0.041889106441433364 15 nil_vol 0.6 nil_bias 0.98 Left 0.04 0.01 0.001 -0.4156985012125003 0.04186317034011394 4.950246527279e-05 2.5936101319420614e-05
-0.29655939104946527 -0.19157637284622525 15 nil_vol 0.6 nil_bias 0.98 Left 0.04 0.01 0.001 -0.294073597384964 -0.19027397717792072 -0.0024857936645012375 -0.0013023956683045465
-0.19862420462130304 -0.3767298073576903 15 nil_vol 0.6 nil_bias 0.98 Left 0.04 0.01 0.001 -0.19686553054690437 -0.37580837549101287 -0.0017586740743986762 -0.000921431866677446
-0.015546526474750588 -0.6943180581225976 15 nil_vol 0.6 nil_bias 0.98 Left 0.04 0.01 0.001 -0.026876744437554723 -0.7002543620911988 0.011330217962804135 0.005936303968601222
-0.010141709441765508 -0.7197164397752177 15 nil_vol 0.6 nil_bias 0.98 Left 0.04 0.01 0.001 -0.015271656278158297 -0.7224042012872703 0.005129946836392789 0.0026877615120525847
-0.0024510701682832325 -0.7468739784085405 15 nil_vol 0.6 nil_bias 0.98 Home 0.04 0.01 0.001 0.0 -0.75 -0.0024510701682832325 0.0031260215914594596
-0.009534917721515435 -0.6693414205455805 16 nil_vol 0.6 nil_bias 0.98 Home 0.04 0.01 0.001 -0.012181546453651524 -0.6696750125546101 0.002646628732136089 0.00033359200902965735
-0.020528207688967803 -0.6199593233387196 16 nil_vol 0.6 nil_bias 0.98 Home 0.04 0.01 0.001 -0.018480450092605828 -0.6197012155194092 -0.002047757596361974 -0.0002581078193104901
-0.005281556467210964 -0.6167380476197372 16 nil_vol 0.6 nil_bias 0.98 Home 0.04 0.01 0.001 -0.018641685996408232 -0.6184220134878717 0.013360129529197268 0.0016839658681345403
-0.052231600374074635 -0.32367420174152844 16 nil_vol 0.6 nil_bias 0.98 Home 0.04 0.01 0.001 -0.05573722247767848 -0.3241160648204863 0.00350562210360385 0.00044186307895785704
-0.11262641364673369 0.012680381299214222 16 nil_vol 0.6 nil_bias 0.98 Home 0.04 0.01 0.001 -0.09841422737000458 0.014471743916566027 -0.014212186276729113 -0.001791362617351804
-0.14629278068332863 0.3051975059619731 16 nil_vol 0.6 nil_bias 0.98 Home 0.04 0.01 0.001 -0.1352341915085407 0.30659137618451604 -0.01105858917478791 -0.0013938702225429588
-0.14494212140869028 0.3551258197330309 16 nil_vol 0.6 nil_bias 0.98 Home 0.04 0.01 0.001 -0.14140782292464316 0.3555712973013381 -0.0035342984840471352 -0.00044547756830712576
-0.16308366935234858 0.5275415975366606 16 nil_vol 0.6 nil_bias 0.98 Left 0.04 0.01 0.001 -0.4 0.35 0.23691633064765144 0.17754159753666063
-0.16040863999430177 0.3651422262883419 17 nil_vol 0.6 nil_bias 0.98 Left 0.04 0.01 0.001 -0.1445553357183051 0.36697155450726693 -0.015853304275996696 -0.001829328218925024
-0.11007183494050721 0.11286414042032963 17 nil_vol 0.6 nil_bias 0.98 Left 0.04 0.01 0.001 -0.11516580711691224 0.11227634201020098 0.00509397217640503 0.0005877984101286534
-0.11114597684505972 0.010880973782792718 17 nil_vol 0.6 nil_bias 0.98 Left 0.04 0.01 0.001 -0.10356661659879436 0.011755563542662828 -0.007579360246265362 -0.0008745897598701105
-0.08989185652717832 -0.1286670688905222 17 nil_vol 0.6 nil_bias 0.98 Left 0.04 0.01 0.001 -0.08739634028425726 -0.1283791088410281 -0.002495516242921058 -0.00028796004949411326
-0.0457018733054341 -0.4169220490378729 17 nil_vol 0.6 nil_bias 0.98 Left 0.04 0.01 0.001 -0.05399072275410506 -0.4178785074477347 0.008288849448670964 0.0009564584098617904
-0.06806794936822425 -0.4234245345887167 17 nil_vol 0.6 nil_bias 0.98 Left 0.04 0.01 0.001 -0.05354414682825598 -0.4217486188698286 -0.014523802539968262 -0.0016759157188881058
-0.05072337084892891 -0.584587696375651 17 nil_vol 0.6 nil_bias 0.98 Left 0.04 0.01 0.001 -0.0349638266384798 -0.5827691872219964 -0.01575954421044911 -0.001818509153654565
-0.010718484496142924 -0.7928839070856523 17 nil_vol 0.6 nil_bias 0.98 Home 0.04 0.01 0.001 0.0 -0.75 -0.010718484496142924 -0.04288390708565224
-0.08264272826084988 -0.6335858523701279 18 nil_vol 0.6 nil_bias 0.98 Home 0.04 0.01 0.001 -0.0822653462292884 -0.6334165356015538 -0.00037738203156148146 -0.00016931676857416094
-0.07825493438567108 -0.60060159482184 18 nil_vol 0.6 nil_bias 0.98 Home 0.04 0.01 0.001 -0.09384908737357327 -0.6075980900753044 0.015594152987902189 0.0069964952534645
-0.09933954846613932 -0.5651811522333892 18 nil_vol 0.6 nil_bias 0.98 Home 0.04 0.01 0.001 -0.11061101803287261 -0.5702382260856463 0.011271469566733295 0.005057073852257227
-0.13292512648742874 -0.5044346948921437 18 nil_vol 0.6 nil_bias 0.98 Home 0.04 0.01 0.001 -0.1389264721494082 -0.5071272673243247 0.006001345661979474 0.0026925724321810486
-0.40552923431786464 0.0655581733052551 18 nil_vol 0.6 nil_bias 0.98 Home 0.04 0.01 0.001 -0.3974871909243529 0.0691663281357554 -0.008042043393511696 -0.00360815483050031
-0.45358642750865713 0.1593543028234747 18 nil_vol 0.6 nil_bias 0.98 Home 0.04 0.01 0.001 -0.44057102159718864 0.16519381368066255 -0.013015405911468466 -0.005839510857187833
-0.4904117732126973 0.28450402695356897 18 nil_vol 0.6 nil_bias 0.98 Home 0.04 0.01 0.001 -0.4934827382556535 0.2831262033319034 0.0030709650429561544 0.0013778236216655559
-0.5949419688962598 0.5092638204282653 18 nil_vol 0.6 nil_bias 0.98 Left 0.04 0.01 0.001 -0.4 0.35 -0.19494196889625975 0.1592638204282653
-0.5548302938235152 0.40053167889171004 19 nil_vol 0.6 nil_bias 0.98 Left 0.04 0.01 0.001 -0.5433346935305047 0.40629308896818445 -0.011495600293010555 -0.005761410076474415
-0.4164120991813019 0.1753780450508691 19 nil_vol 0.6 nil_bias 0.98 Left 0.04 0.01 0.001 -0.42535696612426266 0.17089502152670993 0.008944866942960787 0.004483023524159153
-0.4145472344054785 0.16677079107669165 19 nil_vol 0.6 nil_bias 0.98 Left 0.04 0.01 0.001 -0.421534795341876 0.16326873785956503 0.0069875609363974625 0.0035020532171266207
-0.2780941369908303 -0.11516891573254831 19 nil_vol 0.6 nil_bias 0.98 Left 0.04 0.01 0.001 -0.28120493292079335 -0.11672799664697797 0.0031107959299630566 0.001559080914429659
-0.29131029284861854 -0.12223241155601149 19 nil_vol 0.6 nil_bias 0.98 Left 0.04 0.01 0.001 -0.28102877505753904 -0.11707948011327574 -0.0102815177910795 -0.005152931442735751
-0.02077201558573938 -0.638271367648741 19 nil_vol 0.6 nil_bias 0.98 Left 0.04 0.01 0.001 -0.020007751136642216 -0.637888330592312 -0.0007642644490971613 -0.0003830370564290383
0.009227187672177162 -0.6860468311904773 19 nil_vol 0.6 nil_bias 0.98 Left 0.04 0.01 0.001 0.0051521139465887655 -0.6880891926354256 0.004075073725588397 0.0020423614449482986
0.039306055335564256 -0.7562357146547067 19 nil_vol 0.6 nil_bias 0.98 Home 0.04 0.01 0.001 0.0 -0.75 0.039306055335564256 -0.006235714654706767
0.030819281762641884 -0.727138756915598 20 nil_vol 0.6 nil_bias 0.98 Home 0.04 0.01 0.001 0.027419582188242673 -0.7286010675255811 0.003399699574399213 0.0014623106099830054
-0.08376632998825613 -0.4868541882148372 20 nil_vol 0.6 nil_bias 0.98 Home 0.04 0.01 0.001 -0.07768750075630995 -0.48423950527370685 -0.006078829231946183 -0.002614682941130354
-0.16466311207645049 -0.2806577331806092 20 nil_vol 0.6 nil_bias 0.98 Home 0.04 0.01 0.001 -0.16516174572160203 -0.2808722101524247 0.0004986336451515413 0.0002144769718155037
-0.24886494423459912 -0.06619739254272833 20 nil_vol 0.6 nil_bias 0.98 Home 0.04 0.01 0.001 -0.25615157864928867 -0.06933158795690719 0.007286634414689553 0.003134195414178861
-0.3623264767699375 0.18214016459079752 20 nil_vol 0.6 nil_bias 0.98 Home 0.04 0.01 0.001 -0.36400619619114927 0.18141766794729142 0.001679719421211781 0.000722496643506086
-0.3821794840366992 0.1959287995627984 20 nil_vol 0.6 nil_bias 0.98 Home 0.04 0.01 0.001 -0.372110698721036 0.20025967976986414 -0.01006878531566316 -0.004330880207065726
-0.370503204547314 0.22504776881414432 20 nil_vol 0.6 nil_bias 0.98 Home 0.04 0.01 0.001 -0.38085718128595636 0.22059421940217616 0.01035397673864237 0.0044535494119681465
-0.4802956738868356 0.4517769781582228 20 nil_vol 0.6 nil_bias 0.98 Left 0.04 0.01 0.001 -0.4 0.35 -0.08029567388683553 0.10177697815822284
-0.4340898522251816 0.34432041252043205 21 nil_vol 0.6 nil_bias 0.98 Left 0.04 0.01 0.001 -0.43744699714201024 0.3429980133090934 0.0033571449168286432 0.001322399211338656
-0.4221886409924149 0.30749664730929593 21 nil_vol 0.6 nil_bias 0.98 Left 0.04 0.01 0.001 -0.42329165385853745 0.3070621640265085 0.001103012866122571 0.00043448328278744076
-0.2890901664718981 -0.03769291579039785 21 nil_vol 0.6 nil_bias 0.98 Left 0.04 0.01 0.001 -0.2877054472723133 -0.03714746671899277 -0.0013847191995848235 -0.0005454490714050793
-0.09899070608604814 -0.5056273287634292 21 nil_vol 0.6 nil_bias 0.98 Left 0.04 0.01 0.001 -0.10260730444919386 -0.5070519282197048 0.0036165983631457153 0.0014245994562756264
-0.10432718515957286 -0.5134339926105428 21 nil_vol 0.6 nil_bias 0.98 Left 0.04 0.01 0.001 -0.10066205934113348 -0.511990277903005 -0.003665125818439377 -0.0014437147075377708
-0.04022269125329595 -0.6307833424818262 21 nil_vol 0.6 nil_bias 0.98 Left 0.04 0.01 0.001 -0.052035822164543555 -0.6354366045206992 0.011813130911247603 0.004653262038872985
-0.026065384075682204 -0.6970403087902293 21 nil_vol 0.6 nil_bias 0.98 Left 0.04 0.01 0.001 -0.027540826761410897 -0.6976214943786745 0.0014754426857286926 0.0005811855884452431
0.0007663951613273544 -0.7694843973300922 21 nil_vol 0.6 nil_bias 0.98 Home 0.04 0.01 0.001 0.0 -0.75 0.0007663951613273544 -0.01948439733009223
-0.06851629164871777 -0.6303060386597287 22 nil_vol 0.6 nil_bias 0.98 Home 0.04 0.01 0.001 -0.07731652788595039 -0.6354320059151949 0.00880023623723262 0.0051259672554661816
-0.20544533005327162 -0.41963098670057597 22 nil_vol 0.6 nil_bias 0.98 Home 0.04 0.01 0.001 -0.20363175918829068 -0.41857461677836544 -0.0018135708649809402 -0.001056369922210538
-0.391473751548244 -0.08330616477103003 22 nil_vol 0.6 nil_bias 0.98 Home 0.04 0.01 0.001 -0.3970329851155315 -0.08654431070975377 0.005559233567287504 0.0032381459387237285
-0.5096380113443413 0.09667375603457139 22 nil_vol 0.6 nil_bias 0.98 Home 0.04 0.01 0.001 -0.5052445814498054 0.09923284390124654 -0.004393429894535834 -0.0025590878666751447
-0.6048011938787791 0.2573097159090869 22 nil_vol 0.6 nil_bias 0.98 Home 0.04 0.01 0.001 -0.5992161975827294 0.2605628681386063 -0.005584996296049639 -0.0032531522295193597
-0.6233877662631834 0.2992311685554552 22 nil_vol 0.6 nil_bias 0.98 Home 0.04 0.01 0.001 -0.6221572336878775 0.2999479299602361 -0.001230532575305968 -0.0007167614047809262
-0.7024182703820748 0.41527834133806124 22 nil_vol 0.6 nil_bias 0.98 Home 0.04 0.01 0.001 -0.692649388242418 0.42096852608088997 -0.009768882139656918 -0.0056901847428287525
-0.7001298977233236 0.43381102922732123 22 nil_vol 0.6 nil_bias 0.98 Left 0.04 0.01 0.001 -0.4 0.35 -0.30012989772332355 0.08381102922732127
-0.4489556169210519 -0.009551541267083834 23 nil_vol 0.6 nil_bias 0.98 Left 0.04 0.01 0.001 -0.4563809976355476 -0.01359690622039017 0.007425380714495717 0.004045364953306335
-0.3968013057128829 -0.12169629319186273 23 nil_vol 0.6 nil_bias 0.98 Left 0.04 0.01 0.001 -0.3973309829635797 -0.12198486260923275 0.0005296772506968164 0.0002885694173700123
-0.29785107488620777 -0.333472947552595 23 nil_vol 0.6 nil_bias 0.98 Left 0.04 0.01 0.001 -0.2857141351197398 -0.32686071409824696 -0.012136939766467935 -0.006612233454348045
-0.19765893971926973 -0.4797765694757578 23 nil_vol 0.6 nil_bias 0.98 Left 0.04 0.01 0.001 -0.20131890346889098 -0.4817705263720265 0.00365996374962123 0.0019939568962687036
-0.19171568840386127 -0.49096081811650394 23 nil_vol 0.6 nil_bias 0.98 Left 0.04 0.01 0.001 -0.19526001932532966 -0.49289177797485 0.003544330921468387 0.001930959858346053
-0.18679728029842416 -0.5325789641931458 23 nil_vol 0.6 nil_bias 0.98 Left 0.04 0.01 0.001 -0.17665012096790056 -0.5270507678205099 -0.0101471593305236 -0.005528196372635868
-0.14203713089190126 -0.5262217393229026 23 nil_vol 0.6 nil_bias 0.98 Left 0.04 0.01 0.001 -0.16907629407037672 -0.5409527392937727 0.02703916317847547 0.0147309999708701
-0.0390368914973385 -0.7796437061498511 23 nil_vol 0.6 nil_bias 0.98 Home 0.04 0.01 0.001 0.0 -0.75 -0.0390368914973385 -0.02964370614985118
-0.051165656712714086 -0.7243617138190958 24 nil_vol 0.6 nil_bias 0.98 Home 0.04 0.01 0.001 -0.04738743603377882 -0.7237967732146661 -0.003778220678935267 -0.0005649406044297062
-0.08044390387342712 -0.5312500290491999 24 nil_vol 0.6 nil_bias 0.98 Home 0.04 0.01 0.001 -0.07627138661039085 -0.5306261310228841 -0.00417251726303628 -0.0006238980263157588
-0.10287570968889027 -0.2812639934632418 24 nil_vol 0.6 nil_bias 0.98 Home 0.04 0.01 0.001 -0.11332380518147722 -0.28282625090776586 0.010448095492586946 0.0015622574445240572
-0.14145429704872386 -0.2298505952759066 24 nil_vol 0.6 nil_bias 0.98 Home 0.04 0.01 0.001 -0.1216869760542387 -0.2268948753168153 -0.019767320994485162 -0.0029557199590913045
-0.13076918183093042 -0.22460429556871622 24 nil_vol 0.6 nil_bias 0.98 Home 0.04 0.01 0.001 -0.122220604505127 -0.22332606466272942 -0.008548577325803419 -0.0012782309059867936
-0.11266055608359124 -0.198659806684472 24 nil_vol 0.6 nil_bias 0.98 Home 0.04 0.01 0.001 -0.12561911470313566 -0.20059744256156065 0.012958558619544421 0.0019376358770886483
-0.1752921845361335 0.11075958563748686 24 nil_vol 0.6 nil_bias 0.98 Home 0.04 0.01 0.001 -0.17224312274109885 0.11121549834344235 -0.003049061795034641 -0.00045591270595549767
-0.17706359453534282 0.14345394265498573 24 nil_vol 0.6 nil_bias 0.98 Left 0.04 0.01 0.001 -0.4 0.35 0.2229364054646572 -0.20654605734501424
-0.13922929058538414 -0.06872887746966129 25 nil_vol 0.6 nil_bias 0.98 Left 0.04 0.01 0.001 -0.1332004208755982 -0.06747516067631315 -0.006028869709785943 -0.0012537167933481426
-0.061744774511538425 -0.3999505569394293 25 nil_vol 0.6 nil_bias 0.98 Left 0.04 0.01 0.001 -0.06396539780731976 -0.40041234046629876 0.002220623295781338 0.000461783526869419
-0.06749794920363451 -0.40839293509790914 25 nil_vol 0.6 nil_bias 0.98 Left 0.04 0.01 0.001 -0.06252103767115036 -0.4073579753346959 -0.004976911532484149 -0.0010349597632132207
-0.04068059918317535 -0.5199518437314485 25 nil_vol 0.6 nil_bias 0.98 Left 0.04 0.01 0.001 -0.03917212624408256 -0.5196381534466872 -0.0015084729390927854 -0.0003136902847613542
-0.009253333204668274 -0.6843174859389168 25 nil_vol 0.6 nil_bias 0.98 Left 0.04 0.01 0.001 -0.005106040767558329 -0.6834550473018883 -0.004147292437109946 -0.0008624386370285477
-0.01725092130771433 -0.7069250784790592 25 nil_vol 0.6 nil_bias 0.98 Left 0.04 0.01 0.001 -0.0009311308808502283 -0.7035313419567935 -0.0163197904268641 -0.0033937365222656687
0.016926531966441855 -0.7703148801375508 25 nil_vol 0.6 nil_bias 0.98 Left 0.04 0.01 0.001 0.01312121137396191 -0.7711062049729709 0.003805320592479946 0.0007913248354201041
0.013660072319403494 -0.7736974779374843 25 nil_vol 0.6 nil_bias 0.98 Home 0.04 0.01 0.001 0.0 -0.75 0.013660072319403494 -0.023697477937484324
-0.01760004802767708 -0.6732792093947915 26 nil_vol 0.6 nil_bias 0.98 Home 0.04 0.01 0.001 -0.022279795036576157 -0.6749830070781013 0.0046797470088990765 0.0017037976833098587
-0.00243157828134909 -0.6571198216292949 26 nil_vol 0.6 nil_bias 0.98 Home 0.04 0.01 0.001 -0.02569920055261011 -0.6655910746364591 0.02326762227126102 0.008471253007164076
-0.03508490764232264 -0.6383918813463608 26 nil_vol 0.6 nil_bias 0.98 Home 0.04 0.01 0.001 -0.03554135266634306 -0.6385580634012893 0.00045644502402042344 0.0001661820549284915
-0.18085069338299453 -0.25985056557714464 26 nil_vol 0.6 nil_bias 0.98 Home 0.04 0.01 0.001 -0.17429039615030145 -0.2574620990199501 -0.0065602972326930875 -0.0023884665571945263
-0.19902085002894312 -0.1768980096172263 26 nil_vol 0.6 nil_bias 0.98 Home 0.04 0.01 0.001 -0.2030835634882613 -0.17837715833333745 0.0040627134593181685 0.001479148716111153
-0.29593952201639645 0.05712403391581082 26 nil_vol 0.6 nil_bias 0.98 Home 0.04 0.01 0.001 -0.2896573321294951 0.05941124742437465 -0.006282189886901345 -0.002287213508563828
-0.31804908268538556 0.13832389788236701 26 nil_vol 0.6 nil_bias 0.98 Home 0.04 0.01 0.001 -0.31834813214879976 0.138215020248172 0.0002990494634141737 0.0001088776341950142
-0.3312036494233558 0.17352471053756366 26 nil_vol 0.6 nil_bias 0.98 Left 0.04 0.01 0.001 -0.4 0.35 0.06879635057664421 -0.17647528946243632
-0.297562493686555 0.06776510355347173 27 nil_vol 0.6 nil_bias 0.98 Left 0.04 0.01 0.001 -0.2927551486229141 0.06954267219389895 -0.0048073450636409425 -0.001777568640427212
-0.2622188074145671 0.00652055514152255 27 nil_vol 0.6 nil_bias 0.98 Left 0.04 0.01 0.001 -0.2685820287310884 0.004167684167085045 0.006363221316521283 0.002352870974437504
-0.22300821372275442 -0.05546968656197342 27 nil_vol 0.6 nil_bias 0.98 Left 0.04 0.01 0.001 -0.24370123946571545 -0.06312116011947627 0.020693025742961016 0.007651473557502847
-0.11356224400448979 -0.36488129986895473 27 nil_vol 0.6 nil_bias 0.98 Left 0.04 0.01 0.001 -0.12988976291452956 -0.3709185793249228 0.016327518910039765 0.006037279455968071
-0.11799514238276293 -0.4110582894813724 27 nil_vol 0.6 nil_bias 0.98 Left 0.04 0.01 0.001 -0.11540218199849234 -0.41009951389860644 -0.002592960384270594 -0.0009587755827659798
-0.10896755531018078 -0.4142774427319408 27 nil_vol 0.6 nil_bias 0.98 Left 0.04 0.01 0.001 -0.11326921087260786 -0.4158680271248777 0.004301655562427077 0.0015905843929369253
-0.08152568852299681 -0.5397523144759886 27 nil_vol 0.6 nil_bias 0.98 Left 0.04 0.01 0.001 -0.06915323601387696 -0.5351774642636076 -0.012372452509119848 -0.004574850212380979
-0.001342635135392492 -0.718567826796872 27 nil_vol 0.6 nil_bias 0.98 Home 0.04 0.01 0.001 0.0 -0.75 -0.001342635135392492 0.03143217320312793
-0.02680619279576411 -0.6467074857630684 28 nil_vol 0.6 nil_bias 0.98 Home 0.04 0.01 0.001 -0.027496127140938128 -0.6469594702135124 0.0006899343451740183 0.00025198445044405854
-0.026768785087461562 -0.6326877307782834 28 nil_vol 0.6 nil_bias 0.98 Home 0.04 0.01 0.001 -0.032009514120118876 -0.6346018001885942 0.005240729032657314 0.001914069410310763
-0.13007845514868807 -0.3430008950686402 28 nil_vol 0.6 nil_bias 0.98 Home 0.04 0.01 0.001 -0.13751836851141636 -0.3457181717097757 0.007439913362728276 0.0027172766411355216
-0.227960162631486 -0.11991009689269735 28 nil_vol 0.6 nil_bias 0.98 Home 0.04 0.01 0.001 -0.22092817830420222 -0.1173418080132752 -0.007031984327283772 -0.002568288879422149
-0.3231500809611122 0.159854992631639 28 nil_vol 0.6 nil_bias 0.98 Home 0.04 0.01 0.001 -0.32228416410521915 0.16017125110549046 -0.0008659168558930472 -0.00031625847385148185
-0.32102225799068257 0.1690854250522755 28 nil_vol 0.6 nil_bias 0.98 Home 0.04 0.01 0.001 -0.3250081902312427 0.16762964458248097 0.0039859322405601605 0.00145578046979452
-0.3780023977617917 0.3097200208628611 28 nil_vol 0.6 nil_bias 0.98 Home 0.04 0.01 0.001 -0.37703309989058514 0.31007403714441173 -0.0009692978712065436 -0.00035401628155063276
-0.4145217934705371 0.4127182170171523 28 nil_vol 0.6 nil_bias 0.98 Left 0.04 0.01 0.001 -0.4 0.35 -0.014521793470537038 0.06271821701715229
-0.3287349864476563 0.16554639664028456 29 nil_vol 0.6 nil_bias 0.98 Left 0.04 0.01 0.001 -0.3285649284897176 0.16560555042277136 -0.00017005795793874825 -5.915378248679079e-05
-0.31243463026091967 0.14302178309768446 29 nil_vol 0.6 nil_bias 0.98 Left 0.04 0.01 0.001 -0.3198161473821871 0.1404541604853322 0.00738151712126744 0.0025676226123522413
-0.28747788480823305 0.08499583268348286 29 nil_vol 0.6 nil_bias 0.98 Left 0.04 0.01 0.001 -0.29911697119890057 0.08094723658693032 0.01163908639066753 0.0040485960965525505
-0.257735292583411 0.01398645834118754 29 nil_vol 0.6 nil_bias 0.98 Left 0.04 0.01 0.001 -0.2738724752374863 0.008373222687654613 0.016137182654075318 0.005613235653532928
-0.24736430308069599 -0.0732942095708177 29 nil_vol 0.6 nil_bias 0.98 Left 0.04 0.01 0.001 -0.24566989705997336 -0.072704819186451 -0.0016944060207226262 -0.0005893903843667002
-0.06372267937897479 -0.5562693426992665 29 nil_vol 0.6 nil_bias 0.98 Left 0.04 0.01 0.001 -0.07598123779109967 -0.5605334189395189 0.012258558412124879 0.004264076240252377
-0.06607562398029815 -0.6039246550021197 29 nil_vol 0.6 nil_bias 0.98 Left 0.04 0.01 0.001 -0.06144777210390967 -0.6023148806252242 -0.004627851876388472 -0.0016097743768955042
0.001156772794793431 -0.7822932457540391 29 nil_vol 0.6 nil_bias 0.98 Home 0.04 0.01 0.001 0.0 -0.75 0.001156772794793431 -0.03229324575403916
-0.11564351947166208 -0.47622334947913897 30 nil_vol 0.6 nil_bias 0.98 Home 0.04 0.01 0.001 -0.09792396331080186 -0.47059084027478093 -0.017719556160860222 -0.005632509204358049
-0.13904140080405453 -0.3938573887604979 30 nil_vol 0.6 nil_bias 0.98 Home 0.04 0.01 0.001 -0.12385014094747618 -0.38902854823022703 -0.015191259856578362 -0.00482884053027086
-0.20753264440535688 -0.10895823787686194 30 nil_vol 0.6 nil_bias 0.98 Home 0.04 0.01 0.001 -0.21238564162442486 -0.11050085842880908 0.00485299721906799 0.001542620551947136
-0.2011100178259982 -0.10166151421196609 30 nil_vol 0.6 nil_bias 0.98 Home 0.04 0.01 0.001 -0.21390280355427288 -0.10572795259844481 0.012792785728274692 0.004066438386478719
-0.23407642823685737 -0.0814749664055849 30 nil_vol 0.6 nil_bias 0.98 Home 0.04 0.01 0.001 -0.222755927913567 -0.07787652287291258 -0.011320500323290367 -0.003598443532672311
-0.22761458086018196 -0.007478438670565925 30 nil_vol 0.6 nil_bias 0.98 Home 0.04 0.01 0.001 -0.24352566857021413 -0.012536090632304098 0.015911087710032166 0.005057651961738172
-0.2765038430298889 0.09523156688088763 30 nil_vol 0.6 nil_bias 0.98 Home 0.04 0.01 0.001 -0.2776644660423756 0.09486264004427414 0.0011606230124867269 0.000368926836613491
-0.3282778666205248 0.25408954256628197 30 nil_vol 0.6 nil_bias 0.98 Left 0.04 0.01 0.001 -0.4 0.35 0.07172213337947521 -0.095910457433718
-0.2563580168877895 0.03556160512378006 31 nil_vol 0.6 nil_bias 0.98 Left 0.04 0.01 0.001 -0.25655211485544754 0.03549791639566985 0.00019409796765806753 6.368872811020894e-05
-0.19271170156127404 -0.17192312303510882 31 nil_vol 0.6 nil_bias 0.98 Left 0.04 0.01 0.001 -0.1889019193520361 -0.17067303172188747 -0.0038097822092379515 -0.001250091313221341
-0.12946689124988772 -0.29131799124165153 31 nil_vol 0.6 nil_bias 0.98 Left 0.04 0.01 0.001 -0.14738580695470468 -0.29719766615078963 0.017918915704816966 0.005879674909138114
-0.13718000360472982 -0.31807594770310876 31 nil_vol 0.6 nil_bias 0.98 Left 0.04 0.01 0.001 -0.14020896540441713 -0.319069830981971 0.0030289617996873135 0.0009938832788622262
-0.1335602890631455 -0.3835658494184227 31 nil_vol 0.6 nil_bias 0.98 Left 0.04 0.01 0.001 -0.12045690297941469 -0.3792662784147737 -0.013103386083730809 -0.004299571003648992
-0.08749564107989728 -0.5145478655978656 31 nil_vol 0.6 nil_bias 0.98 Left 0.04 0.01 0.001 -0.07717824498652665 -0.5111624523319545 -0.010317396093370639 -0.0033854132659111467
-0.0035441732654628057 -0.7319828249084985 31 nil_vol 0.6 nil_bias 0.98 Left 0.04 0.01 0.001 -0.004606774729102259 -0.7323314928338962 0.0010626014636394528 0.0003486679253976738
0.018347074171706692 -0.8022857147782849 31 nil_vol 0.6 nil_bias 0.98 Home 0.04 0.01 0.001 0.0 -0.75 0.018347074171706692 -0.05228571477828489
0.09356682907232008 -0.46285983079154536 32 nil_vol 0.6 nil_bias 0.1 Home 0.04 0.01 0.001 0.11657376345958233 -0.4696538123029603 -0.023006934387262243 0.0067939815114149895
0.12012495596612947 -0.46263463177980274 32 nil_vol 0.6 nil_bias 0.1 Home 0.04 0.01 0.001 0.11876511953442298 -0.4622330700845307 0.0013598364317064888 -0.00040156169527207476
0.20711449956417513 -0.16761696668135362 32 nil_vol 0.6 nil_bias 0.1 Home 0.04 0.01 0.001 0.20587387376663696 -0.16725060806141834 0.0012406257975381809 -0.00036635861993527765
0.25498275588457464 -0.01184884385808149 32 nil_vol 0.6 nil_bias 0.1 Home 0.04 0.01 0.001 0.25202239516114044 -0.010974644989010685 0.002960360723434175 -0.0008741988690708061
0.3426132263188145 0.30067061404948126 32 nil_vol 0.6 nil_bias 0.1 Home 0.04 0.01 0.001 0.34393632012908476 0.3002799025042777 -0.0013230938102702177 0.00039071154520353045
0.4186592462665102 0.6221214361496022 32 nil_vol 0.6 nil_bias 0.1 Home 0.04 0.01 0.001 0.4373469726489612 0.6166029231049852 -0.018687726382451017 0.005518513044617011
0.4426090448691335 0.6560456282696238 32 nil_vol 0.6 nil_bias 0.1 Home 0.04 0.01 0.001 0.4484822964966499 0.6543112484388487 -0.00587325162751637 0.0017343798307751217
0.4596331490161115 0.692072159599153 32 nil_vol 0.6 nil_bias 0.1 Right 0.04 0.01 0.001 0.4 0.35 0.05963314901611147 0.34207215959915305
0.4179785126849901 0.5435198224226795 33 nil_vol 0.6 nil_bias 0.1 Right 0.04 0.01 0.001 0.41425227890159416 0.5446669988887247 0.0037262337833958996 -0.0011471764660452137
0.3582670530081717 0.39716041784825395 33 nil_vol 0.6 nil_bias 0.1 Right 0.04 0.01 0.001 0.36792481486739514 0.39418713228336566 -0.009657761859223448 0.0029732855648883167
0.29166034168218286 0.17144070017886734 33 nil_vol 0.6 nil_bias 0.1 Right 0.04 0.01 0.001 0.29868336655096495 0.1692785575656428 -0.0070230248687821115 0.0021621426132245234
0.2867193341408587 0.1187426385743358 33 nil_vol 0.6 nil_bias 0.1 Right 0.04 0.01 0.001 0.28343630102651063 0.11975336912559897 0.0032830331143480617 -0.0010107305512631797
0.08967191955586654 -0.4758037089604755 33 nil_vol 0.6 nil_bias 0.1 Right 0.04 0.01 0.001 0.09918366966817016 -0.47873204263839986 -0.009511750112303628 0.002928333677924339
0.060060296043211926 -0.6408135155418456 33 nil_vol 0.6 nil_bias 0.1 Right 0.04 0.01 0.001 0.05021739633303157 -0.6377832325371997 0.009842899710180356 -0.003030283004645946
0.021040692337931228 -0.7221332807127328 33 nil_vol 0.6 nil_bias 0.1 Right 0.04 0.01 0.001 0.023971222129645253 -0.723035487875654 -0.0029305297917140262 0.0009022071629211917
0.022745235790124295 -0.7270177101854033 33 nil_vol 0.6 nil_bias 0.1 Home 0.04 0.01 0.001 0.0 -0.75 0.022745235790124295 0.022982289814596706
0.14253056394120803 -0.5351270606915566 34 nil_vol 0.6 nil_bias 0.1 Home 0.04 0.01 0.001 0.14735900810206856 -0.5383156352824392 -0.00482844416086054 0.0031885745908825764
0.1896421165776015 -0.5037399054486843 34 nil_vol 0.6 nil_bias 0.1 Home 0.04 0.01 0.001 0.17609826385025673 -0.49479590957126884 0.013543852727344756 -0.00894399587741541
0.3414729201030857 -0.2552924057027345 34 nil_vol 0.6 nil_bias 0.1 Home 0.04 0.01 0.001 0.33645027238360986 -0.2519755843077407 0.005022647719475839 -0.00331682139499377
0.3886717193539443 -0.17222637926229403 34 nil_vol 0.6 nil_bias 0.1 Home 0.04 0.01 0.001 0.38898004347799664 -0.17242998821684685 -0.00030832412405237667 0.000203608954552831
0.44028963647276304 -0.08963214888652483 34 nil_vol 0.6 nil_bias 0.1 Home 0.04 0.01 0.001 0.4426347999913862 -0.0911808317661077 -0.0023451635186231565 0.0015486828795828658
0.5045147280293193 -0.00807955120291313 34 nil_vol 0.6 nil_bias 0.1 Home 0.04 0.01 0.001 0.49963894319987057 -0.00485971410842756 0.004875784829448748 -0.0032198370944855697
0.5388122603936013 0.0739787455071971 34 nil_vol 0.6 nil_bias 0.1 Home 0.04 0.01 0.001 0.5477876425093875 0.06805164468456748 -0.008975382115786166 0.005927100822629615
0.6284195173296125 0.1901521300450779 34 nil_vol 0.6 nil_bias 0.1 Right 0.04 0.01 0.001 0.4 0.35 0.22841951732961252 -0.1598478699549221
0.5489361882929721 0.0697229895225993 35 nil_vol 0.6 nil_bias 0.1 Right 0.04 0.01 0.001 0.5501892382821761 0.06891444185250419 -0.0012530499892040917 0.0008085476700951128
0.34129053300930906 -0.22784147338970515 35 nil_vol 0.6 nil_bias 0.1 Right 0.04 0.01 0.001 0.3535845977311861 -0.23577438705836581 -0.012294064721877072 0.007932913668660658
0.297390125302004 -0.2955247831722078 35 nil_vol 0.6 nil_bias 0.1 Right 0.04 0.01 0.001 0.309844335812882 -0.30356103310493443 -0.012454210510878014 0.008036249932726627
0.25698587358454217 -0.36962222045913123 35 nil_vol 0.6 nil_bias 0.1 Right 0.04 0.01 0.001 0.2642096996685703 -0.3742834931934482 -0.007223826084028128 0.0046612727343170015
0.21412410561131864 -0.46079166406481986 35 nil_vol 0.6 nil_bias 0.1 Right 0.04 0.01 0.001 0.21007501711143345 -0.45817893424494205 0.004049088499885189 -0.002612729819877799
0.16991040793006945 -0.5022169191990696 35 nil_vol 0.6 nil_bias 0.1 Right 0.04 0.01 0.001 0.17820522893642 -0.507569266077745 -0.008294821006350539 0.005352346878675371
0.13866093288912937 -0.5664855080581177 35 nil_vol 0.6 nil_bias 0.1 Right 0.04 0.01 0.001 0.13973959806537062 -0.5671815315388861 -0.0010786651762412453 0.0006960234807683642
0.0029949706471233775 -0.7791020654141441 35 nil_vol 0.6 nil_bias 0.1 Home 0.04 0.01 0.001 0.0 -0.75 0.0029949706471233775 -0.029102065414144097
0.02911141852443542 -0.7050788120303786 36 nil_vol 0.6 nil_bias 0.1 Home 0.04 0.01 0.001 0.03946165433065525 -0.7105877128849009 -0.010350235806219835 0.005508900854522218
0.20829487683196532 -0.4226984472258061 36 nil_vol 0.6 nil_bias 0.1 Home 0.04 0.01 0.001 0.1961351052016854 -0.41622642305370083 0.012159771630279925 -0.006472024172105257
0.21112280155905086 -0.37505244805126803 36 nil_vol 0.6 nil_bias 0.1 Home 0.04 0.01 0.001 0.21652073180129836 -0.3779254900844069 -0.005397930242247503 0.0028730420331388724
0.2758279403284337 -0.24652515104606648 36 nil_vol 0.6 nil_bias 0.1 Home 0.04 0.01 0.001 0.28411170897861693 -0.25093417718325217 -0.008283768650183198 0.004409026137185702
0.2957581547778273 -0.2306655049155875 36 nil_vol 0.6 nil_bias 0.1 Home 0.04 0.01 0.001 0.2950891948554775 -0.23030945178241546 0.0006689599223497659 -0.0003560531331720144
0.2912686533923222 -0.22695272174620487 36 nil_vol 0.6 nil_bias 0.1 Home 0.04 0.01 0.001 0.2956380182839696 -0.22927831107923735 -0.004369364891647376 0.0023255893330324734
0.37170486913442 -0.08783470674431688 36 nil_vol 0.6 nil_bias 0.1 Home 0.04 0.01 0.001 0.3710942049410983 -0.08750968144446869 0.0006106641933217231 -0.00032502529984819846
0.5446758012087489 0.2386189784161291 36 nil_vol 0.6 nil_bias 0.1 Right 0.04 0.01 0.001 0.4 0.35 0.14467580120874896 -0.11138102158387085
0.4150668381384553 0.005670399181706864 37 nil_vol 0.6 nil_bias 0.1 Right 0.04 0.01 0.001 0.4184977120595624 0.003826637524773663 -0.0034308739211070974 0.0018437616569332012
0.3815211232320897 -0.07731929526857005 37 nil_vol 0.6 nil_bias 0.1 Right 0.04 0.01 0.001 0.3763756681638049 -0.0745541126997758 0.005145455068284799 -0.002765182568794249
0.36579824003359346 -0.08227172874001333 37 nil_vol 0.6 nil_bias 0.1 Right 0.04 0.01 0.001 0.37078733786708595 -0.08495288447455973 -0.004989097833492513 0.0026811557345464043
0.3540015074680898 -0.10518700522033224 37 nil_vol 0.6 nil_bias 0.1 Right 0.04 0.01 0.001 0.35858867860813304 -0.10765216437694536 -0.004587171140043258 0.00246515915661312
0.32403598082301327 -0.14662843557221422 37 nil_vol 0.6 nil_bias 0.1 Right 0.04 0.01 0.001 0.33459364367631533 -0.1523021543981934 -0.010557662853302075 0.0056737188259791795
0.3072477725342708 -0.22272014716881589 37 nil_vol 0.6 nil_bias 0.1 Right 0.04 0.01 0.001 0.2991030268671193 -0.2183431370798759 0.008144745667151529 -0.004377010088939974
0.1305243188418345 -0.544556630469423 37 nil_vol 0.6 nil_bias 0.1 Right 0.04 0.01 0.001 0.1253028994182508 -0.5417506244344175 0.005221419423583691 -0.0028060060350056076
0.014504619230287868 -0.7479241982100495 37 nil_vol 0.6 nil_bias 0.1 Home 0.04 0.01 0.001 0.0 -0.75 0.014504619230287868 0.0020758017899505272
0.016704142382437646 -0.7432186225639696 38 nil_vol 0.6 nil_bias 0.1 Home 0.04 0.01 0.001 0.013020775746903395 -0.7453067011858253 0.00368336663553425 0.0020880786218556266
-0.08795792884831223 -0.5805507397740921 38 nil_vol 0.6 nil_bias 0.1 Home 0.04 0.01 0.001 -0.0822218085730892 -0.5772989673321265 -0.0057361202752230335 -0.0032517724419656013
-0.12243197233873383 -0.5341576987899551 38 nil_vol 0.6 nil_bias 0.1 Home 0.04 0.01 0.001 -0.11050976358259929 -0.5273990696084825 -0.011922208756134544 -0.0067586291814726454
-0.19643017693148637 -0.3726610192437807 38 nil_vol 0.6 nil_bias 0.1 Home 0.04 0.01 0.001 -0.1977921481692699 -0.3734331126318682 0.0013619712377835325 0.0007720933880874852
-0.20688185041660662 -0.3645944612780227 38 nil_vol 0.6 nil_bias 0.1 Home 0.04 0.01 0.001 -0.20379480672857922 -0.3628444345857248 -0.0030870436880273983 -0.0017500266922978762
-0.30812758682981006 -0.15765416353904882 38 nil_vol 0.6 nil_bias 0.1 Home 0.04 0.01 0.001 -0.31720027167029774 -0.16279741457344066 0.00907268484048767 0.0051432510343918415
-0.4951848248276456 0.12978614014575401 38 nil_vol 0.6 nil_bias 0.1 Home 0.04 0.01 0.001 -0.48601200576744696 0.1349861566732894 -0.009172819060198598 -0.005200016527535388
-0.4867532722617133 0.13629374933021424 38 nil_vol 0.6 nil_bias 0.1 Left 0.04 0.01 0.001 -0.4 0.35 -0.08675327226171323 -0.21370625066978574
-0.40025895030812036 -0.02534742759349703 39 nil_vol 0.6 nil_bias 0.1 Left 0.04 0.01 0.001 -0.4001548241812356 -0.02529162327874218 -0.00010412612688474503 -5.5804314754849385e-05
-0.39990063068642856 -0.03715955279877074 39 nil_vol 0.6 nil_bias 0.1 Left 0.04 0.01 0.001 -0.3951569339074127 -0.034617263403422555 -0.00474369677901587 -0.002542289395348185
-0.3762966424158099 -0.06975779215623892 39 nil_vol 0.6 nil_bias 0.1 Left 0.04 0.01 0.001 -0.3763179503822586 -0.06976921173461051 2.130796644871251e-05 1.1419578371582823e-05
-0.36571666726124474 -0.07531752957535422 39 nil_vol 0.6 nil_bias 0.1 Left 0.04 0.01 0.001 -0.37164243556160625 -0.07849332655629551 0.0059257683003615174 0.0031757969809412903
-0.2025546909351506 -0.4180623026265651 39 nil_vol 0.6 nil_bias 0.1 Left 0.04 0.01 0.001 -0.19253507835602518 -0.41269249169807387 -0.010019612579125427 -0.005369810928491184
-0.17741177766634222 -0.46656719910655514 39 nil_vol 0.6 nil_bias 0.1 Left 0.04 0.01 0.001 -0.1667300288035572 -0.46084252948227433 -0.010681748862785032 -0.0057246696242808206
-0.14135669454748534 -0.506128256069258 39 nil_vol 0.6 nil_bias 0.1 Left 0.04 0.01 0.001 -0.14221385507053907 -0.5065876341048674 0.0008571605230537479 0.00045937803560933637
-0.006156967716377685 -0.7604582671987314 39 nil_vol 0.6 nil_bias 0.1 Home 0.04 0.01 0.001 0.0 -0.75 -0.006156967716377685 -0.010458267198731441
0.1304715479647538 -0.5522832550604989 40 nil_vol 0.6 nil_bias 0.1 Home 0.04 0.01 0.001 0.13881284186365345 -0.5582638137124534 -0.008341293898899657 0.005980558651954436
0.22052008349360452 -0.392534717852151 40 nil_vol 0.6 nil_bias 0.1 Home 0.04 0.01 0.001 0.24503527811036963 -0.41011167426283235 -0.024515194616765115 0.017576956410681334
0.2913339538373779 -0.35561697185910307 40 nil_vol 0.6 nil_bias 0.1 Home 0.04 0.01 0.001 0.2865607401449661 -0.35219466294734697 0.004773213692411823 -0.0034223089117560793
0.3245359694250484 -0.30883627776307326 40 nil_vol 0.6 nil_bias 0.1 Home 0.04 0.01 0.001 0.3199865944650972 -0.3055744572221006 0.004549374959951225 -0.003261820540972701
0.33488461720167884 -0.29106820834150077 40 nil_vol 0.6 nil_bias 0.1 Home 0.04 0.01 0.001 0.3319142649536712 -0.2889385188650854 0.0029703522480076234 -0.0021296894764153665
0.546898494550243 -0.012977058847564331 40 nil_vol 0.6 nil_bias 0.1 Home 0.04 0.01 0.001 0.5355880071600617 -0.0048676415270580975 0.01131048739018122 -0.008109417320506233
0.5603698762163587 0.02613377498047273 40 nil_vol 0.6 nil_bias 0.1 Home 0.04 0.01 0.001 0.5586827556393973 0.027343410282349323 0.0016871205769614039 -0.0012096353018765946
0.5742961834988884 0.04912000309324377 40 nil_vol 0.6 nil_bias 0.1 Right 0.04 0.01 0.001 0.4 0.35 0.17429618349888837 -0.3008799969067562
0.4308479933547449 -0.14892624617068828 41 nil_vol 0.6 nil_bias 0.1 Right 0.04 0.01 0.001 0.43143713686050444 -0.14935031200403345 -0.0005891435057595492 0.0004240658333451659
0.40996933798202745 -0.156488862570715 41 nil_vol 0.6 nil_bias 0.1 Right 0.04 0.01 0.001 0.4207257622608407 -0.1642313429358823 -0.010756424278813263 0.007742480365167271
0.3977865959018866 -0.16626835759083644 41 nil_vol 0.6 nil_bias 0.1 Right 0.04 0.01 0.001 0.4119310791794682 -0.17644956476651646 -0.014144483277581615 0.010181207175680029
0.24765295107672888 -0.40881658385785596 41 nil_vol 0.6 nil_bias 0.1 Right 0.04 0.01 0.001 0.24569012895777947 -0.40740374337087226 0.0019628221189493963 -0.0014128404869836904
0.2062935354156101 -0.4493586300618189 41 nil_vol 0.6 nil_bias 0.1 Right 0.04 0.01 0.001 0.2123520059332099 -0.4537195206151838 -0.0060584705175998005 0.004360890553364866
0.10902504274948055 -0.5874559731177253 41 nil_vol 0.6 nil_bias 0.1 Right 0.04 0.01 0.001 0.11367778506425552 -0.5908050197044505 -0.004652742314774965 0.003349046586725243
0.06677221707903647 -0.6254129487516802 41 nil_vol 0.6 nil_bias 0.1 Right 0.04 0.01 0.001 0.0812604421018252 -0.6358415814327112 -0.014488225022788744 0.010428632681030971
0.01586220272328761 -0.7266976348762184 41 nil_vol 0.6 nil_bias 0.1 Home 0.04 0.01 0.001 0.0 -0.75 0.01586220272328761 0.023302365123781543
0.14438615500079527 -0.6249647103377249 42 nil_vol 0.6 nil_bias 0.1 Home 0.04 0.01 0.001 0.1370749859589985 -0.6168938827808212 0.007311169041796754 -0.008070827556903663
0.19313547286248212 -0.582759638525438 42 nil_vol 0.6 nil_bias 0.1 Home 0.04 0.01 0.001 0.18485117952037325 -0.5736145753197137 0.008284293342108872 -0.009145063205724266
0.5650109367871361 -0.24440334184824425 42 nil_vol 0.6 nil_bias 0.1 Home 0.04 0.01 0.001 0.5574646527635471 -0.23607296996084542 0.0075462840235890494 -0.008330371887398833
0.5796949414574716 -0.21431364072219405 42 nil_vol 0.6 nil_bias 0.1 Home 0.04 0.01 0.001 0.5805017184202487 -0.2152042449068644 -0.0008067769627771123 0.0008906041846703577
0.623368978359033 -0.17027866706643618 42 nil_vol 0.6 nil_bias 0.1 Home 0.04 0.01 0.001 0.6264007311089793 -0.1736254305594016 -0.0030317527499462184 0.0033467634929654267
0.748117504736447 -0.058323504461925364 42 nil_vol 0.6 nil_bias 0.1 Home 0.04 0.01 0.001 0.7506260487510631 -0.06109269582450039 -0.0025085440146161166 0.002769191362575026
0.7649556126778166 -0.029919393977716993 42 nil_vol 0.6 nil_bias 0.1 Home 0.04 0.01 0.001 0.774007596031479 -0.03991191313268605 -0.009051983353662288 0.009992519154969057
0.8605530694766087 0.03848755479033161 42 nil_vol 0.6 nil_bias 0.1 Right 0.04 0.01 0.001 0.4 0.35 0.4605530694766087 -0.31151244520966836
0.7425569092076388 -0.08313326167305708 43 nil_vol 0.6 nil_bias 0.1 Right 0.04 0.01 0.001 0.7343802111955632 -0.07395838761910498 0.008176698012075689 -0.009174874053952104
0.6344410964257141 -0.15162656215995365 43 nil_vol 0.6 nil_bias 0.1 Right 0.04 0.01 0.001 0.640102557004362 -0.15797914943831434 -0.005661460578647876 0.006352587278360678
0.4932212648305637 -0.2786030426878748 43 nil_vol 0.6 nil_bias 0.1 Right 0.04 0.01 0.001 0.4983261250196467 -0.28433108220073194 -0.005104860189082949 0.005728039512857166
0.4586279050887791 -0.29945985632071154 43 nil_vol 0.6 nil_bias 0.1 Right 0.04 0.01 0.001 0.4686863595500194 -0.3107462035385007 -0.010058454461240297 0.011286347217789134
0.4391880539621728 -0.33512351377551824 43 nil_vol 0.6 nil_bias 0.1 Right 0.04 0.01 0.001 0.4401376189366483 -0.33618899754830656 -0.0009495649744755346 0.001065483772788334
0.2365013786028992 -0.53126780084945 43 nil_vol 0.6 nil_bias 0.1 Right 0.04 0.01 0.001 0.22974769177070087 -0.523689653045319 0.006753686832198309 -0.007578147804131068
0.19426700783500714 -0.5562875324160588 43 nil_vol 0.6 nil_bias 0.1 Right 0.04 0.01 0.001 0.19378158159704917 -0.5557428474357439 0.0004854262379579657 -0.0005446849803148744
-0.02620090404012481 -0.7517924435853651 43 nil_vol 0.6 nil_bias 0.1 Home 0.04 0.01 0.001 0.0 -0.75 -0.02620090404012481 -0.0017924435853651035
-0.0322608780951577 -0.6906654200176403 44 nil_vol 0.6 nil_bias 0.1 Home 0.04 0.01 0.001 -0.049609960834627286 -0.6982506248712363 0.017349082739469585 0.007585204853595987
-0.06581074664324427 -0.6436985830780527 44 nil_vol 0.6 nil_bias 0.1 Home 0.04 0.01 0.001 -0.07223305343376636 -0.6465064844161404 0.006422306790522097 0.0028079013380876887
-0.21117897169399918 -0.3659726815875455 44 nil_vol 0.6 nil_bias 0.1 Home 0.04 0.01 0.001 -0.197500182199752 -0.3599921682646691 -0.013678789494247199 -0.005980513322876331
-0.2353012058658759 -0.297005329882852 44 nil_vol 0.6 nil_bias 0.1 Home 0.04 0.01 0.001 -0.22668560293210183 -0.29323849597172863 -0.008615602933774096 -0.0037668339111233662
-0.2612425014384559 -0.20297589746659114 44 nil_vol 0.6 nil_bias 0.1 Home 0.04 0.01 0.001 -0.26536193511663214 -0.20477695800673612 0.004119433678176235 0.0018010605401449862
-0.25321780543475386 -0.18314239718324413 44 nil_vol 0.6 nil_bias 0.1 Home 0.04 0.01 0.001 -0.2713540043000199 -0.1910717376402834 0.018136198865266014 0.007929340457039266
-0.29901566377223676 -0.14014091217073185 44 nil_vol 0.6 nil_bias 0.1 Home 0.04 0.01 0.001 -0.2944871473227332 -0.13816099626000666 -0.004528516449503573 -0.0019799159107251997
-0.4493471922085996 0.21603902649734452 44 nil_vol 0.6 nil_bias 0.1 Left 0.04 0.01 0.001 -0.4 0.35 -0.04934719220859958 -0.13396097350265546
-0.38604394771193545 0.10306849076517641 45 nil_vol 0.6 nil_bias 0.1 Left 0.04 0.01 0.001 -0.3956082022417556 0.09868867123198359 0.009564254529820104 0.004379819533192821
-0.38911476307748794 0.06580369622592304 45 nil_vol 0.6 nil_bias 0.1 Left 0.04 0.01 0.001 -0.382033879279409 0.06904629010236163 -0.007080883798078927 -0.0032425938764385842
-0.35835206757851196 0.042155863126508125 45 nil_vol 0.6 nil_bias 0.1 Left 0.04 0.01 0.001 -0.36774915378082434 0.03785259604221414 0.00939708620231238 0.004303267084293986
-0.18596045573448858 -0.404258646660728 45 nil_vol 0.6 nil_bias 0.1 Left 0.04 0.01 0.001 -0.16887357387249696 -0.39643394284223643 -0.017086881861991608 -0.007824703818491601
-0.05360589656350434 -0.6300113874366852 45 nil_vol 0.6 nil_bias 0.1 Left 0.04 0.01 0.001 -0.06047044372000859 -0.6331549129073677 0.0068645471565042535 0.0031435254706825622
-0.03861502070595361 -0.6789682016197385 45 nil_vol 0.6 nil_bias 0.1 Left 0.04 0.01 0.001 -0.039339043204616786 -0.6792997578191504 0.0007240224986631802 0.00033155619941199077
-0.009578730572662406 -0.7690892235398092 45 nil_vol 0.6 nil_bias 0.1 Left 0.04 0.01 0.001 -0.0001900460240912838 -0.7647898038779205 -0.009388684548571122 -0.004299419661888784
0.001495461401320509 -0.7684704628426036 45 nil_vol 0.6 nil_bias 0.1 Home 0.04 0.01 0.001 0.0 -0.75 0.001495461401320509 -0.01847046284260351
0.09368352695041586 -0.5222328289131832 46 nil_vol 0.6 nil_bias 0.1 Home 0.04 0.01 0.001 0.08798485827182902 -0.5202472194663326 0.005698668678586838 -0.0019856094468506573
0.1955561936883144 -0.23476969686151464 46 nil_vol 0.6 nil_bias 0.1 Home 0.04 0.01 0.001 0.1883319745180972 -0.2322525338819571 0.007224219170217196 -0.002517162979557541
0.26520378514100806 -0.03843784963804054 46 nil_vol 0.6 nil_bias 0.1 Home 0.04 0.01 0.001 0.2568747771923768 -0.03553574077745003 0.008329007948631267 -0.002902108860590506
0.26853632539431105 -0.00848956578128153 46 nil_vol 0.6 nil_bias 0.1 Home 0.04 0.01 0.001 0.26654084549448265 -0.00779427290437007 0.0019954798998284007 -0.0006952928769114608
0.2961261858013312 0.041633782003973024 46 nil_vol 0.6 nil_bias 0.1 Home 0.04 0.01 0.001 0.2851016974302997 0.04547508766514785 0.011024488371031458 -0.0038413056611748242
0.3322921047548118 0.18592733562920682 46 nil_vol 0.6 nil_bias 0.1 Home 0.04 0.01 0.001 0.3338507902089426 0.18538423675174087 -0.0015586854541307983 0.0005430988774659393
0.37609726634884066 0.3050826497741442 46 nil_vol 0.6 nil_bias 0.1 Home 0.04 0.01 0.001 0.375616183501767 0.30525027535473925 0.00048108284707363126 -0.00016762558059509687
0.37786788595378945 0.31171262687970275 46 nil_vol 0.6 nil_bias 0.1 Right 0.04 0.01 0.001 0.4 0.35 -0.02213211404621057 -0.03828737312029721
0.34215028948122367 0.24582067861174886 47 nil_vol 0.6 nil_bias 0.1 Right 0.04 0.01 0.001 0.35208020020743985 0.24214006910851432 -0.009929910726216186 0.003680609503234527
0.3137961080780431 0.16637801011339012 47 nil_vol 0.6 nil_bias 0.1 Right 0.04 0.01 0.001 0.3227659695974534 0.1630532513656728 -0.008969861519410335 0.003324758747717326
0.219294358081592 -0.0811453134069435 47 nil_vol 0.6 nil_bias 0.1 Right 0.04 0.01 0.001 0.2306864662300563 -0.08536789935652439 -0.011392108148464268 0.004222585949580894
0.2272459512737464 -0.10092684249721963 47 nil_vol 0.6 nil_bias 0.1 Right 0.04 0.01 0.001 0.22520043527476602 -0.1001686538455343 0.002045515998980373 -0.000758188651685318
0.16850169694705397 -0.26106116926212486 47 nil_vol 0.6 nil_bias 0.1 Right 0.04 0.01 0.001 0.16591902519241095 -0.2601038790642605 0.0025826717546430225 -0.0009572901978643171
0.07989790162258019 -0.49922138473751193 47 nil_vol 0.6 nil_bias 0.1 Right 0.04 0.01 0.001 0.07760325702826204 -0.4983708543618364 0.002294644594318147 -0.0008505303756755279
0.012697989601688345 -0.6627391258125523 47 nil_vol 0.6 nil_bias 0.1 Right 0.04 0.01 0.001 0.01619785898174103 -0.6640363834471343 -0.0034998693800526873 0.0012972576345819812
-0.0034801186086499615 -0.7171255689674527 47 nil_vol 0.6 nil_bias 0.1 Home 0.04 0.01 0.001 0.0 -0.75 -0.0034801186086499615 0.03287443103254732
0.11066711615276756 -0.37042616259934696 48 nil_vol 0.6 nil_bias 0.1 Home 0.04 0.01 0.001 0.11165136781068492 -0.37075332032295266 -0.0009842516579173638 0.0003271577236056962
0.10723519930447097 -0.34202985104824335 48 nil_vol 0.6 nil_bias 0.1 Home 0.04 0.01 0.001 0.11980955564045113 -0.3462094709265484 -0.012574356335980166 0.004179619878305067
0.13072083741005147 -0.30060899453530293 48 nil_vol 0.6 nil_bias 0.1 Home 0.04 0.01 0.001 0.1345443641335898 -0.30187990557614913 -0.003823526723538323 0.0012709110408461886
0.1551277594635764 -0.2355183275826694 48 nil_vol 0.6 nil_bias 0.1 Home 0.04 0.01 0.001 0.15645572525969156 -0.235959733257111 -0.001327965796115169 0.00044140567444158756
0.18238939368980112 -0.17430609591365676 48 nil_vol 0.6 nil_bias 0.1 Home 0.04 0.01 0.001 0.17749020775890859 -0.17267764397885044 0.004899185930892543 -0.0016284519348063185
0.2996864668221448 0.11835279088819071 48 nil_vol 0.6 nil_bias 0.1 Home 0.04 0.01 0.001 0.27675956936009943 0.12597351626130837 0.022926897462045355 -0.007620725373117653
0.30357398828750665 0.13116590917337728 48 nil_vol 0.6 nil_bias 0.1 Home 0.04 0.01 0.001 0.2809815943687774 0.13867544812695576 0.022592393918729227 -0.007509538953578462
0.34731361141457245 0.33823484422121913 48 nil_vol 0.6 nil_bias 0.1 Right 0.04 0.01 0.001 0.4 0.35 -0.05268638858542756 -0.011765155778780857
0.2517925947981689 0.12345820455946815 49 nil_vol 0.6 nil_bias 0.1 Right 0.04 0.01 0.001 0.27231840178050276 0.11651547684136426 -0.020525806982333864 0.0069427277181038985
0.23742822052151724 -0.0005704074616777104 49 nil_vol 0.6 nil_bias 0.1 Right 0.04 0.01 0.001 0.23319871591781255 0.0008601964055057754 0.004229504603704693 -0.0014306038671834857
0.23057180268540167 -0.032231737331363405 49 nil_vol 0.6 nil_bias 0.1 Right 0.04 0.01 0.001 0.22288501063843624 -0.029631727292600996 0.007686792046965441 -0.002600010038762408
0.20413633525789024 -0.08698946486228142 49 nil_vol 0.6 nil_bias 0.1 Right 0.04 0.01 0.001 0.2035510690421515 -0.08679150217160736 0.000585266215738741 -0.00019796269067405578
0.1831630818959875 -0.08859606290521704 49 nil_vol 0.6 nil_bias 0.1 Right 0.04 0.01 0.001 0.20091025325684625 -0.09459893424815724 -0.01774717136085874 0.0060028713429401935
0.16502328296274896 -0.17579878015871722 49 nil_vol 0.6 nil_bias 0.1 Right 0.04 0.01 0.001 0.17258031420276246 -0.17835489940420052 -0.007557031240013512 0.0025561192454832903
0.103033752803743 -0.44124736402888964 49 nil_vol 0.6 nil_bias 0.1 Right 0.04 0.01 0.001 0.08564767956329489 -0.43536663189985164 0.017386073240448104 -0.0058807321290380125
-0.03140649265669682 -0.7814310957559383 49 nil_vol 0.6 nil_bias 0.1 Home 0.04 0.01 0.001 0.0 -0.75 -0.03140649265669682 -0.03143109575593828
0.002770875712782025 -0.6479495444133633 50 nil_vol 0.6 nil_bias 0.1 Home 0.04 0.01 0.001 0.0021723606212138077 -0.647799150356132 0.0005985150915682173 -0.00015039405723127005
-0.007543765604413237 -0.628309382960192 50 nil_vol 0.6 nil_bias 0.1 Home 0.04 0.01 0.001 0.006201813833755357 -0.6317633534445191 -0.013745579438168594 0.003453970484327003
0.028302990268444832 -0.5425990597816949 50 nil_vol 0.6 nil_bias 0.1 Home 0.04 0.01 0.001 0.02858884687447623 -0.5426708894404171 -0.0002858566060313978 7.18296587221855e-05
0.06568893180685004 -0.4008534875554661 50 nil_vol 0.6 nil_bias 0.1 Home 0.04 0.01 0.001 0.06431150270009348 -0.4005073690451195 0.001377429106756562 -0.0003461185103466222
0.10007698815267328 -0.2272130691811118 50 nil_vol 0.6 nil_bias 0.1 Home 0.04 0.01 0.001 0.10739461637338807 -0.2290518328362433 -0.00731762822071479 0.0018387636551314953
0.2184415471117378 0.19766684517325325 50 nil_vol 0.6 nil_bias 0.1 Home 0.04 0.01 0.001 0.21484687571656114 0.1985701093066894 0.0035946713951766638 -0.0009032641334361244
0.23497933406407567 0.24329915143784886 50 nil_vol 0.6 nil_bias 0.1 Home 0.04 0.01 0.001 0.22661449258874072 0.24540105741364604 0.008364841475334955 -0.0021019059757971703
0.23176684982157314 0.2659056146931851 50 nil_vol 0.6 nil_bias 0.1 Right 0.04 0.01 0.001 0.4 0.35 -0.16823315017842688 -0.08409438530681493
0.22580202172229175 0.18317228759769708 51 nil_vol 0.6 nil_bias 0.1 Right 0.04 0.01 0.001 0.2117556902303981 0.18672205714398424 0.014046331491893618 -0.003549769546287171
0.19474007944641167 0.09486475854235313 51 nil_vol 0.6 nil_bias 0.1 Right 0.04 0.01 0.001 0.188913748783335 0.09633718080195341 0.005826330663076675 -0.0014724222596002904
0.1791196984350002 0.05569537322703122 51 nil_vol 0.6 nil_bias 0.1 Right 0.04 0.01 0.001 0.17867143618718676 0.05580865744483263 0.000448262247813451 -0.00011328421780140577
0.14096132380327375 -0.08734397054083168 51 nil_vol 0.6 nil_bias 0.1 Right 0.04 0.01 0.001 0.14240208459042947 -0.08770807762236266 -0.0014407607871557075 0.0003641070815309787
0.11767992729109028 -0.15050908272611904 51 nil_vol 0.6 nil_bias 0.1 Right 0.04 0.01 0.001 0.12599974196116895 -0.1526116548292794 -0.008319814670078663 0.0021025721031603687
0.06494071641517063 -0.3240321128294549 51 nil_vol 0.6 nil_bias 0.1 Right 0.04 0.01 0.001 0.08161374837469745 -0.32824569849973173 -0.01667303195952683 0.004213585670276826
0.016165749952003376 -0.5908594046919349 51 nil_vol 0.6 nil_bias 0.1 Right 0.04 0.01 0.001 0.01530156681433617 -0.5906410095197665 0.0008641831376672059 -0.0002183951721683584
-0.01047841174380452 -0.6926516104784405 51 nil_vol 0.6 nil_bias 0.1 Home 0.04 0.01 0.001 0.0 -0.75 -0.01047841174380452 0.05734838952155949
-0.02096427183717532 -0.6732996662452264 52 nil_vol 0.6 nil_bias 0.1 Home 0.04 0.01 0.001 -0.005802051069733653 -0.6782090438255935 -0.015162220767441668 0.00490937758036713
0.06793973320124949 -0.5019221808020093 52 nil_vol 0.6 nil_bias 0.1 Home 0.04 0.01 0.001 0.05285896544896478 -0.4970391769047984 0.01508076775228471 -0.004883003897210929
0.08049757110762665 -0.4382989408974873 52 nil_vol 0.6 nil_bias 0.1 Home 0.04 0.01 0.001 0.07269635463237872 -0.43577298392518055 0.007801216475247922 -0.0025259569723067067
0.07489275995670173 -0.43136247633562297 52 nil_vol 0.6 nil_bias 0.1 Home 0.04 0.01 0.001 0.07419734123740063 -0.43113730661135435 0.0006954187193011089 -0.0002251697242686003
0.11553700877085533 -0.3557411623908329 52 nil_vol 0.6 nil_bias 0.1 Home 0.04 0.01 0.001 0.10021611286926342 -0.35078040736661326 0.015320895901591917 -0.004960755024219664
0.16128451047197673 -0.18034804238848462 52 nil_vol 0.6 nil_bias 0.1 Home 0.04 0.01 0.001 0.15595878181677758 -0.17862362396324327 0.005325728655199134 -0.001724418425241347
0.17593064960633686 -0.16380301668306402 52 nil_vol 0.6 nil_bias 0.1 Home 0.04 0.01 0.001 0.16219734836939764 -0.15935630915709031 0.013733301236939228 -0.0044467075259737015
0.2162583003928361 0.007606625768796893 52 nil_vol 0.6 nil_bias 0.1 Right 0.04 0.01 0.001 0.4 0.35 -0.1837416996071639 -0.3423933742312031
0.19982635519995023 -0.04346118861571044 53 nil_vol 0.6 nil_bias 0.1 Right 0.04 0.01 0.001 0.20191829505782138 -0.04404200610561695 -0.002091939857871161 0.0005808174899065103
0.19420836424710466 -0.08272937492528842 53 nil_vol 0.6 nil_bias 0.1 Right 0.04 0.01 0.001 0.19139388457162232 -0.08194794757480518 0.0028144796754823323 -0.0007814273504832357
0.1174720936526879 -0.3075556192311118 53 nil_vol 0.6 nil_bias 0.1 Right 0.04 0.01 0.001 0.12794743850727563 -0.31046405059994586 -0.010475344854587731 0.002908431368834048
0.12048819410638414 -0.3416396238940621 53 nil_vol 0.6 nil_bias 0.1 Right 0.04 0.01 0.001 0.11937731790332476 -0.3413311942203169 0.0011108762030593892 -0.0003084296737452225
0.10385197778708594 -0.4142359448899935 53 nil_vol 0.6 nil_bias 0.1 Right 0.04 0.01 0.001 0.09947319588251452 -0.4130201962129501 0.004378781904571421 -0.0012157486770433996
0.056604899488596816 -0.5660426722192692 53 nil_vol 0.6 nil_bias 0.1 Right 0.04 0.01 0.001 0.05695984669194096 -0.5661412216794365 -0.00035494720334413834 9.854946016730809e-05
0.032029904797863586 -0.6393568142526879 53 nil_vol 0.6 nil_bias 0.1 Right 0.04 0.01 0.001 0.03630251150089561 -0.6405430838728566 -0.004272606703032028 0.001186269620168799
0.005975698728498402 -0.7497716617019878 53 nil_vol 0.6 nil_bias 0.1 Home 0.04 0.01 0.001 0.0 -0.75 0.005975698728498402 0.00022833829801213206
0.07519953458920545 -0.5793965350637036 54 nil_vol 0.6 nil_bias 0.1 Home 0.04 0.01 0.001 0.061218184000719315 -0.5749778179209102 0.013981350588486138 -0.004418717142793421
0.07688203386441643 -0.4917150725490122 54 nil_vol 0.6 nil_bias 0.1 Home 0.04 0.01 0.001 0.08656561546623565 -0.49477550707261503 -0.009683581601819216 0.0030604345236028173
0.2203558858457558 -0.09328580270194477 54 nil_vol 0.6 nil_bias 0.1 Home 0.04 0.01 0.001 0.21408067928007526 -0.0913025634826109 0.006275206565680546 -0.0019832392193338743
0.2256741229928351 -0.08961844511246918 54 nil_vol 0.6 nil_bias 0.1 Home 0.04 0.01 0.001 0.2156174325677281 -0.08644009191261581 0.010056690425106984 -0.0031783531998533683
0.250755712802344 0.065298880211314 54 nil_vol 0.6 nil_bias 0.1 Home 0.04 0.01 0.001 0.2624095452862583 0.06161576039752992 -0.011653832483914309 0.0036831198137840786
0.2894020214584613 0.1314052051829943 54 nil_vol 0.6 nil_bias 0.1 Home 0.04 0.01 0.001 0.284914305673591 0.13282351928255787 0.00448771578487028 -0.0014183140995635436
0.28832610940962783 0.1571857320686051 54 nil_vol 0.6 nil_bias 0.1 Home 0.04 0.01 0.001 0.2922244483520263 0.15595368678054966 -0.003898338942398489 0.0012320452880554313
0.33974500507025907 0.30631442320407 54 nil_vol 0.6 nil_bias 0.1 Right 0.04 0.01 0.001 0.4 0.35 -0.06025499492974095 -0.04368557679592999
0.24951384545172256 0.05029828573519168 55 nil_vol 0.6 nil_bias 0.1 Right 0.04 0.01 0.001 0.2544037344010578 0.0486785218198158 -0.004889888949335232 0.0016197639153758825
0.19260831077812435 -0.10240471564787805 55 nil_vol 0.6 nil_bias 0.1 Right 0.04 0.01 0.001 0.20319603850444376 -0.10591187490949039 -0.01058772772631941 0.0035071592616123448
0.0971578280064028 -0.45981643549839823 55 nil_vol 0.6 nil_bias 0.1 Right 0.04 0.01 0.001 0.08707260724952182 -0.4564757304578847 0.010085220756880975 -0.0033407050405135363
0.10340535993648947 -0.4807786424087738 55 nil_vol 0.6 nil_bias 0.1 Right 0.04 0.01 0.001 0.08143321871092996 -0.4735004236456376 0.02197214122555951 -0.007278218763136214
0.07085119529832867 -0.5179953010201537 55 nil_vol 0.6 nil_bias 0.1 Right 0.04 0.01 0.001 0.0671054046847751 -0.5167545169178455 0.0037457906135535636 -0.0012407841023082094
0.05746396248902324 -0.5623030379248718 55 nil_vol 0.6 nil_bias 0.1 Right 0.04 0.01 0.001 0.05255608381793492 -0.5606773149575737 0.004907878671088319 -0.0016257229672981689
0.060429915871048415 -0.5823673790769726 55 nil_vol 0.6 nil_bias 0.1 Right 0.04 0.01 0.001 0.046860235143802664 -0.5778724550791275 0.013569680727245749 -0.004494923997845045
-0.0051983534294700534 -0.7350316031290226 55 nil_vol 0.6 nil_bias 0.1 Home 0.04 0.01 0.001 0.0 -0.75 -0.0051983534294700534 0.014968396870977384
-0.021008008636664913 -0.6714606103326926 56 nil_vol 0.6 nil_bias 0.1 Home 0.04 0.01 0.001 -0.023994102637378435 -0.672356109849519 0.0029860940007135203 0.00089549951682639
-0.11862557155667361 -0.3494495768505267 56 nil_vol 0.6 nil_bias 0.1 Home 0.04 0.01 0.001 -0.12064858238630856 -0.350056257423891 0.002023010829634953 0.0006066805733643268
-0.11995315491620054 -0.3093193287863116 56 nil_vol 0.6 nil_bias 0.1 Home 0.04 0.01 0.001 -0.13179976439566474 -0.312872007657893 0.011846609479464197 0.003552678871581474
-0.18051156719599004 -0.1614150157144835 56 nil_vol 0.6 nil_bias 0.1 Home 0.04 0.01 0.001 -0.17749177298364457 -0.16050940984359519 -0.0030197942123454543 -0.0009056058708882959
-0.17950967908626764 -0.12644442781763948 56 nil_vol 0.6 nil_bias 0.1 Home 0.04 0.01 0.001 -0.18703108786658815 -0.128700022560143 0.0075214087803205 0.0022555947425035388
-0.1883793451128775 -0.09721272214944573 56 nil_vol 0.6 nil_bias 0.1 Home 0.04 0.01 0.001 -0.19580591154286456 -0.09943987462627446 0.007426566429987057 0.0022271524768287198
-0.3106778380614867 0.2644360819511041 56 nil_vol 0.6 nil_bias 0.1 Home 0.04 0.01 0.001 -0.30540303057421503 0.2660179435921225 -0.005274807487271634 -0.001581861641018428
-0.3549987394780778 0.4313976518289394 56 nil_vol 0.6 nil_bias 0.1 Left 0.04 0.01 0.001 -0.4 0.35 0.045001260521922215 0.0813976518289394
-0.3461633713287135 0.3552179198689696 57 nil_vol 0.6 nil_bias 0.1 Left 0.04 0.01 0.001 -0.33625143575514627 0.35774072491199466 -0.009911935573567215 -0.0025228050430250288
-0.32602109882828084 0.3541413572759758 57 nil_vol 0.6 nil_bias 0.1 Left 0.04 0.01 0.001 -0.3347686396469238 0.35191491624157367 0.008747540818642999 0.0022264410344020884
-0.21424293588693052 -0.0916517697447778 57 nil_vol 0.6 nil_bias 0.1 Left 0.04 0.01 0.001 -0.2214070838259783 -0.09347520255620623 0.007164147939047757 0.0018234328114284215
-0.20051509505494056 -0.19783684965984064 57 nil_vol 0.6 nil_bias 0.1 Left 0.04 0.01 0.001 -0.1951897393289144 -0.1964814298044747 -0.0053253557260261476 -0.001355419855365939
-0.17209417038813446 -0.2755239401158909 57 nil_vol 0.6 nil_bias 0.1 Left 0.04 0.01 0.001 -0.17489053408638824 -0.2762356760213279 0.0027963636982537804 0.0007117359054370692
-0.09361972312598303 -0.5351273732137954 57 nil_vol 0.6 nil_bias 0.1 Left 0.04 0.01 0.001 -0.10806136761989496 -0.5388030885459224 0.014441644493911934 0.003675715332126962
-0.08683094772037571 -0.694149388580704 57 nil_vol 0.6 nil_bias 0.1 Left 0.04 0.01 0.001 -0.06963622490694032 -0.6897729544215844 -0.017194722813435388 -0.004376434159119603
-0.05611978079414186 -0.7428781769595634 57 nil_vol 0.6 nil_bias 0.1 Home 0.04 0.01 0.001 0.0 -0.75 -0.05611978079414186 0.0071218230404366725
-0.06448004320547694 -0.7178553175390748 58 nil_vol 0.6 nil_bias 0.1 Home 0.04 0.01 0.001 -0.05223300136901412 -0.7199295865642601 -0.01224704183646282 0.0020742690251852906
-0.04178800688216813 -0.7027554567134907 58 nil_vol 0.6 nil_bias 0.1 Home 0.04 0.01 0.001 -0.04911408175250082 -0.7015146468605779 0.007326074870332686 -0.0012408098529128897
-0.036688590794643705 -0.5700435013398295 58 nil_vol 0.6 nil_bias 0.1 Home 0.04 0.01 0.001 -0.027121390781286833 -0.5716638882798312 -0.009567200013356869 0.0016203869400016728
-0.014604115851236329 -0.4192178037906695 58 nil_vol 0.6 nil_bias 0.1 Home 0.04 0.01 0.001 -0.0016727010888211505 -0.42140798436257226 -0.012931414762415178 0.0021901805719027963
0.15473408539879022 0.5963151695794869 58 nil_vol 0.6 nil_bias 0.1 Home 0.04 0.01 0.001 0.1702528654159145 0.5936867695847758 -0.015518780017124291 0.00262839999471109
0.20416202699440797 0.752537992455207 58 nil_vol 0.6 nil_bias 0.1 Home 0.04 0.01 0.001 0.19735266781451094 0.7536912866969372 0.006809359179897018 -0.0011532942417302062
0.1953959157984862 0.7588533187302301 58 nil_vol 0.6 nil_bias 0.1 Home 0.04 0.01 0.001 0.19814800977031322 0.758387199372071 -0.002752093971827007 0.00046611935815911844
0.2073965527663032 0.8129930829980373 58 nil_vol 0.6 nil_bias 0.1 Right 0.04 0.01 0.001 0.4 0.35 -0.19260344723369682 0.4629930829980373
0.18991986621500995 0.6322923796492682 59 nil_vol 0.6 nil_bias 0.1 Right 0.04 0.01 0.001 0.18245014406879168 0.633329555889294 0.007469722146218277 -0.0010371762400257685
0.1381126438171973 0.4099757802615099 59 nil_vol 0.6 nil_bias 0.1 Right 0.04 0.01 0.001 0.1511852791104349 0.4081606355405603 -0.013072635293237605 0.0018151447209495885
0.12855573026490877 0.2725198591179738 59 nil_vol 0.6 nil_bias 0.1 Right 0.04 0.01 0.001 0.1322796650235074 0.2720027881245125 -0.0037239347585986387 0.0005170709934612525
0.0783717425644103 -0.08546510764948237 59 nil_vol 0.6 nil_bias 0.1 Right 0.04 0.01 0.001 0.08256416520514603 -0.0860472285190409 -0.004192422640735728 0.000582120869558529
0.05835091828278871 -0.22650265293958302 59 nil_vol 0.6 nil_bias 0.1 Right 0.04 0.01 0.001 0.06297272330666412 -0.22714439385885166 -0.00462180502387541 0.0006417409192686224
0.026476133466087896 -0.4628854651646317 59 nil_vol 0.6 nil_bias 0.1 Right 0.04 0.01 0.001 0.030168716430164305 -0.4633981829390944 -0.0036925829640764105 0.0005127177744627268
-0.040889341149204186 -0.7458244159220594 59 nil_vol 0.6 nil_bias 0.1 Right 0.04 0.01 0.001 -0.00964867227593802 -0.7501622050450817 -0.031240668873266167 0.004337789123022277
-0.014252537586616659 -0.7833191492000384 59 nil_vol 0.6 nil_bias 0.1 Home 0.04 0.01 0.001 0.0 -0.75 -0.014252537586616659 -0.03331914920003847
0.020534298897558173 -0.7479921546372007 60 nil_vol 0.6 nil_bias 0.1 Home 0.04 0.01 0.001 0.0032295735105519734 -0.7408660922627417 0.0173047253870062 -0.0071260623744590305
0.0698445298691524 -0.5935785882753061 60 nil_vol 0.6 nil_bias 0.1 Home 0.04 0.01 0.001 0.06474682628346687 -0.5914793608732131 0.0050977035856855386 -0.0020992274020930454
0.2286643432204712 -0.23712392640900373 60 nil_vol 0.6 nil_bias 0.1 Home 0.04 0.01 0.001 0.2132789399215557 -0.2307882382595342 0.015385403298915506 -0.006335688149469524
0.3475842957252813 0.11768787869299513 60 nil_vol 0.6 nil_bias 0.1 Home 0.04 0.01 0.001 0.35544750294924404 0.11444982065462084 -0.007863207223962719 0.0032380580383742953
0.3556193436200008 0.11676754946404569 60 nil_vol 0.6 nil_bias 0.1 Home 0.04 0.01 0.001 0.35628847113442147 0.11649200366383272 -0.0006691275144206441 0.0002755458002129656
0.3817431862562746 0.23101388630621436 60 nil_vol 0.6 nil_bias 0.1 Home 0.04 0.01 0.001 0.40030136548317374 0.22337165334558184 -0.0185581792268991 0.007642232960632504
0.5059955449344455 0.4674524044929706 60 nil_vol 0.6 nil_bias 0.1 Home 0.04 0.01 0.001 0.5015648377684141 0.4692769636767766 0.004430707166031496 -0.0018245591838060022
0.5319861778179328 0.5431512729093869 60 nil_vol 0.6 nil_bias 0.1 Right 0.04 0.01 0.001 0.4 0.35 0.1319861778179328 0.19315127290938694
0.44879393139393015 0.31241855199039886 61 nil_vol 0.6 nil_bias 0.1 Right 0.04 0.01 0.001 0.44204063386214687 0.31508190403539493 0.006753297531783261 -0.0026633520449960793
0.4340830378893292 0.27859732974059837 61 nil_vol 0.6 nil_bias 0.1 Right 0.04 0.01 0.001 0.42851754369568545 0.2807922382682167 0.005565494193643756 -0.002194908527618331
0.4026662314224932 0.2500753715343253 61 nil_vol 0.6 nil_bias 0.1 Right 0.04 0.01 0.001 0.41455446257883777 0.2453869145823515 -0.011888231156344584 0.004688456951973759
0.28974404466391157 -0.07877208648354565 61 nil_vol 0.6 nil_bias 0.1 Right 0.04 0.01 0.001 0.2871212192204797 -0.07773770180323858 0.0026228254434319132 -0.0010343846803070674
0.27642331812272336 -0.08276124758186014 61 nil_vol 0.6 nil_bias 0.1 Right 0.04 0.01 0.001 0.2839667785430718 -0.08573622249483082 -0.007543460420348451 0.0029749749129706826
0.12719000118911644 -0.45752932520940104 61 nil_vol 0.6 nil_bias 0.1 Right 0.04 0.01 0.001 0.13597360517577445 -0.46099338547480506 -0.008783603986658003 0.0034640602654040014
0.09145989172633244 -0.5379643239210528 61 nil_vol 0.6 nil_bias 0.1 Right 0.04 0.01 0.001 0.10371229424467576 -0.5427964020502579 -0.012252402518343326 0.00483207812920512
0.002933320579947529 -0.798335430540448 61 nil_vol 0.6 nil_bias 0.1 Home 0.04 0.01 0.001 0.0 -0.75 0.002933320579947529 -0.04833543054044796
0.06371348761343024 -0.43899213788903685 62 nil_vol 0.6 nil_bias 0.1 Home 0.04 0.01 0.001 0.07343119835351328 -0.4409088334836976 -0.009717710740083043 0.0019166955946607082
0.07124154590566492 -0.4253237910403365 62 nil_vol 0.6 nil_bias 0.1 Home 0.04 0.01 0.001 0.07630805086180087 -0.4263230950934709 -0.005066504956135945 0.0009993040531343729
0.07393571588435081 -0.4034800905918351 62 nil_vol 0.6 nil_bias 0.1 Home 0.04 0.01 0.001 0.08055599867333851 -0.4047858576800364 -0.006620282788987705 0.001305767088201311
0.10243932157033252 -0.3021169914148398 62 nil_vol 0.6 nil_bias 0.1 Home 0.04 0.01 0.001 0.10086729068087877 -0.30180692819510857 0.0015720308894537447 -0.0003100632197311935
0.1146205258899009 -0.2355315213377231 62 nil_vol 0.6 nil_bias 0.1 Home 0.04 0.01 0.001 0.11396478678667407 -0.2354021850892981 0.000655739103226827 -0.00012933624842499504
0.15880459768201902 -0.09622656105475151 62 nil_vol 0.6 nil_bias 0.1 Home 0.04 0.01 0.001 0.14206657153067628 -0.09292519699425672 0.016738026151342737 -0.0033013640604947865
0.16463098780234975 0.05586185377326883 62 nil_vol 0.6 nil_bias 0.1 Home 0.04 0.01 0.001 0.17115898063273163 0.0545742897126964 -0.00652799283038188 0.00128756406057243
0.22404988182856575 0.32273292691894123 62 nil_vol 0.6 nil_bias 0.1 Right 0.04 0.01 0.001 0.4 0.35 -0.17595011817143427 -0.027267073081058742
0.22607618202341265 0.3210634581937393 63 nil_vol 0.6 nil_bias 0.1 Right 0.04 0.01 0.001 0.2237556481813512 0.3217798611561444 0.002320533842061443 -0.0007164029624050544
0.21820074719960916 0.27996889549231224 63 nil_vol 0.6 nil_bias 0.1 Right 0.04 0.01 0.001 0.2114874702484076 0.2820414407868958 0.006713276951201551 -0.002072545294583564
0.18715875523842346 0.24401103286087827 63 nil_vol 0.6 nil_bias 0.1 Right 0.04 0.01 0.001 0.1986512452338696 0.2404630329442582 -0.011492489995446125 0.003547999916620071
0.14054724354090314 0.09873479633678894 63 nil_vol 0.6 nil_bias 0.1 Right 0.04 0.01 0.001 0.15364781372809244 0.0946903445295443 -0.013100570187189286 0.004044451807244636
0.044071809017381176 -0.2752175625434078 63 nil_vol 0.6 nil_bias 0.1 Right 0.04 0.01 0.001 0.03985090344957776 -0.2739144704712318 0.004220905567803419 -0.00130309207217599
-0.0333027901007537 -0.5048142815671087 63 nil_vol 0.6 nil_bias 0.1 Right 0.04 0.01 0.001 -0.03159593808468056 -0.5053412266254129 -0.001706852016073146 0.000526945058304159
-0.09746531645537401 -0.7257663555847687 63 nil_vol 0.6 nil_bias 0.1 Right 0.04 0.01 0.001 -0.09945653706733873 -0.7251516193032472 0.0019912206119647195 -0.0006147362815214478
-0.12303227880651475 -0.8015168905659398 63 nil_vol 0.6 nil_bias 0.1 Home 0.04 0.01 0.001 0.0 -0.75 -0.12303227880651475 -0.05151689056593983
