x y trial vol omega bias theta state target_sigma moving_sigma staying_sigma x_mean y_mean x_noise y_noise
-0.011870153837799272 -0.6221061439362466 0 nil_vol 0.6 nil_bias 0.76 Home 0.04 0.01 0.001 -0.018647897748820762 -0.6231021471989542 0.00677774391102149 0.000996003262707528
-0.03183920014855105 -0.5623662026571584 0 nil_vol 0.6 nil_bias 0.76 Home 0.04 0.01 0.001 -0.027663345581921957 -0.5617525523293272 -0.004175854566629096 -0.0006136503278312668
-0.021108770989897517 -0.5088968257284664 0 nil_vol 0.6 nil_bias 0.76 Home 0.04 0.01 0.001 -0.03512786132158963 -0.5109569595862611 0.014019090331692116 0.002060133857794651
-0.05113230271349728 -0.42774365953009164 0 nil_vol 0.6 nil_bias 0.76 Home 0.04 0.01 0.001 -0.04743604544055998 -0.4272004870007098 -0.0036962572729372966 -0.0005431725293818503
-0.050158430306521555 -0.27515925692136656 0 nil_vol 0.6 nil_bias 0.76 Home 0.04 0.01 0.001 -0.06936406977856308 -0.2779815647317032 0.01920563947204152 0.002822307810336682
-0.09144332345011497 -0.21606105867394146 0 nil_vol 0.6 nil_bias 0.76 Home 0.04 0.01 0.001 -0.07873778892894502 -0.21419395451602985 -0.012705534521169952 -0.0018671041579116218
-0.10102375796933609 -0.14356618852233197 0 nil_vol 0.6 nil_bias 0.76 Home 0.04 0.01 0.001 -0.08936837963063948 -0.14185340695285498 -0.011655378338696608 -0.0017127815694769853
-0.15252134071772971 0.28789879717892364 0 nil_vol 0.6 nil_bias 0.76 Left 0.04 0.01 0.001 -0.4 0.35 0.2474786592822703 -0.06210120282107637
-0.1367077030027891 0.1738976409177741 1 nil_vol 0.6 nil_bias 0.76 Left 0.04 0.01 0.001 -0.1366992872393454 0.1738988089412215 -8.415763443675274e-06 -1.16802344742019e-06
-0.118686496059877 0.16753317382756416 1 nil_vol 0.6 nil_bias 0.76 Left 0.04 0.01 0.001 -0.13549208087960163 0.165200727431177 0.01680558481972463 0.002332446396387158
-0.08319263774650112 -0.14702096190105768 1 nil_vol 0.6 nil_bias 0.76 Left 0.04 0.01 0.001 -0.09198939709174256 -0.14824186375331644 0.008796759345241436 0.0012209018522587568
-0.07856309745846675 -0.24070856671641952 1 nil_vol 0.6 nil_bias 0.76 Left 0.04 0.01 0.001 -0.07914474331135508 -0.2407892933193968 0.0005816458528883302 8.072660297728041e-05
-0.07740797579834431 -0.2799348347316189 1 nil_vol 0.6 nil_bias 0.76 Left 0.04 0.01 0.001 -0.07378158912284681 -0.27943152868045174 -0.0036263866754974983 -0.0005033060511671705
-0.022605457639172842 -0.45716168790894735 1 nil_vol 0.6 nil_bias 0.76 Left 0.04 0.01 0.001 -0.04861344512854088 -0.46077133537719017 0.026007987489368035 0.003609647468242808
-0.014333764355882843 -0.619546203945409 1 nil_vol 0.6 nil_bias 0.76 Left 0.04 0.01 0.001 -0.026345706073843345 -0.6212133408212877 0.012011941717960502 0.0016671368758786594
-0.008949155984213768 -0.7465577854159019 1 nil_vol 0.6 nil_bias 0.76 Home 0.04 0.01 0.001 0.0 -0.75 -0.008949155984213768 0.003442214584098127
-0.07096049480126591 -0.5887018829498446 2 nil_vol 0.6 nil_bias 0.76 Home 0.04 0.01 0.001 -0.044696893772463754 -0.5829629232388912 -0.026263601028802156 -0.005738959710953359
-0.09265253149082003 -0.4334074514067153 2 nil_vol 0.6 nil_bias 0.76 Home 0.04 0.01 0.001 -0.07807297944092696 -0.43022161783704127 -0.014579552049893078 -0.0031858335696740504
-0.08111566957001719 -0.4243650692180562 2 nil_vol 0.6 nil_bias 0.76 Home 0.04 0.01 0.001 -0.07943305805422383 -0.4239973953530849 -0.0016826115157933545 -0.00036767386497131235
-0.10139608959269837 -0.274623565204791 2 nil_vol 0.6 nil_bias 0.76 Home 0.04 0.01 0.001 -0.11158671875252296 -0.27685035848090583 0.010190629159824587 0.0022267932761148536
-0.12594975848817483 -0.21465242144995078 2 nil_vol 0.6 nil_bias 0.76 Home 0.04 0.01 0.001 -0.12521300605493607 -0.21449143086352407 -0.0007367524332387466 -0.00016099058642671067
-0.148855730020456 -0.10202549657194325 2 nil_vol 0.6 nil_bias 0.76 Home 0.04 0.01 0.001 -0.14974586426162806 -0.10222000320269142 0.0008901342411720728 0.00019450663074817333
-0.16003548425758848 -0.0068380404392797065 2 nil_vol 0.6 nil_bias 0.76 Home 0.04 0.01 0.001 -0.17010723229664118 -0.009038856547916474 0.010071748039052702 0.002200816108636767
-0.20504099656488473 0.15083096191835746 2 nil_vol 0.6 nil_bias 0.76 Left 0.04 0.01 0.001 -0.4 0.35 0.1949590034351153 -0.19916903808164252
-0.18758938293797497 0.07278429612125256 3 nil_vol 0.6 nil_bias 0.76 Left 0.04 0.01 0.001 -0.19049069881328662 0.07224709919058674 0.002901315875311643 0.000537196930665824
-0.17789204212122434 0.05989720389191045 3 nil_vol 0.6 nil_bias 0.76 Left 0.04 0.01 0.001 -0.18786223124228457 0.058051160501886245 0.009970189121060244 0.0018460433900242064
-0.16435355829718407 0.03550413791124535 3 nil_vol 0.6 nil_bias 0.76 Left 0.04 0.01 0.001 -0.18304665504653553 0.032042993165221356 0.018693096749351466 0.0034611447460239945
-0.1567030036832294 -0.06120982447382592 3 nil_vol 0.6 nil_bias 0.76 Left 0.04 0.01 0.001 -0.1654794269181918 -0.06283483458188235 0.008776423234962414 0.0016250101080564376
-0.16065004273202027 -0.16878011358976244 3 nil_vol 0.6 nil_bias 0.76 Left 0.04 0.01 0.001 -0.14635312943952966 -0.16613294993410002 -0.01429691329249061 -0.0026471636556624177
-0.1511327209778342 -0.18944554153018137 3 nil_vol 0.6 nil_bias 0.76 Left 0.04 0.01 0.001 -0.14233815881454387 -0.18781717288515684 -0.008794562163290325 -0.001628368645024521
-0.11884446202463596 -0.3301607677501588 3 nil_vol 0.6 nil_bias 0.76 Left 0.04 0.01 0.001 -0.11607721375329873 -0.32964839428182935 -0.0027672482713372295 -0.0005123734683294315
-0.028071748524155556 -0.804952028401688 3 nil_vol 0.6 nil_bias 0.76 Home 0.04 0.01 0.001 0.0 -0.75 -0.028071748524155556 -0.054952028401687995
-0.008014395123037955 -0.7566713705081839 4 nil_vol 0.6 nil_bias 0.76 Home 0.04 0.01 0.001 -0.008187356328661136 -0.7566002412149907 0.00017296120562318033 -7.112929319318069e-05
0.006794018860470409 -0.6958688824587193 4 nil_vol 0.6 nil_bias 0.76 Home 0.04 0.01 0.001 0.01534235325823535 -0.6993843354269222 -0.00854833439776494 0.0035154529682029736
0.034681036166476886 -0.6539673161104668 4 nil_vol 0.6 nil_bias 0.76 Home 0.04 0.01 0.001 0.0341154860328899 -0.653734736896403 0.0005655501335869864 -0.00023257921406371137
0.06119917113552541 -0.5896912454630927 4 nil_vol 0.6 nil_bias 0.76 Home 0.04 0.01 0.001 0.06056093951535174 -0.5894287764089894 0.0006382316201736629 -0.0002624690541033502
0.1545437813744716 -0.34656125318834013 4 nil_vol 0.6 nil_bias 0.76 Home 0.04 0.01 0.001 0.15958604407182142 -0.34863485449369996 -0.005042262697349806 0.002073601305359805
0.1766166566269897 -0.2890800854222249 4 nil_vol 0.6 nil_bias 0.76 Home 0.04 0.01 0.001 0.18299831937000965 -0.29170450723214914 -0.006381662743019968 0.0026244218099242367
0.2626341595390052 -0.116639039485478 4 nil_vol 0.6 nil_bias 0.76 Home 0.04 0.01 0.001 0.25609832947383404 -0.11395121725799429 0.006535830065171164 -0.0026878222274837123
0.33755402690123903 0.0841201398361554 4 nil_vol 0.6 nil_bias 0.76 Right 0.04 0.01 0.001 0.4 0.35 -0.062445973098760967 -0.2658798601638446
0.3235433561255363 0.01700112396041572 5 nil_vol 0.6 nil_bias 0.76 Right 0.04 0.01 0.001 0.30887130022405623 0.024001151409815007 0.014672055901480092 -0.007000027449399286
0.2762518361638133 -0.043168819097828846 5 nil_vol 0.6 nil_bias 0.76 Right 0.04 0.01 0.001 0.2767183625311027 -0.043391398496300526 -0.00046652636728939387 0.00022257939847167922
0.2709244423397873 -0.04804952345801924 5 nil_vol 0.6 nil_bias 0.76 Right 0.04 0.01 0.001 0.2738337475175771 -0.04943755089193555 -0.002909305177789811 0.0013880274339163156
0.25883388182779216 -0.05374591368365434 5 nil_vol 0.6 nil_bias 0.76 Right 0.04 0.01 0.001 0.26937811335563316 -0.05877655905628154 -0.010544231527841012 0.005030645372627201
0.22548210725554094 -0.15584563719115144 5 nil_vol 0.6 nil_bias 0.76 Right 0.04 0.01 0.001 0.2235144179148827 -0.15490685400432425 0.0019676893406582467 -0.0009387831868271865
0.1132630229904072 -0.3804569977279549 5 nil_vol 0.6 nil_bias 0.76 Right 0.04 0.01 0.001 0.11541480735819687 -0.38148361252146834 -0.0021517843677896697 0.0010266147935134634
0.008558114784702035 -0.6236892213194632 5 nil_vol 0.6 nil_bias 0.76 Right 0.04 0.01 0.001 0.00147171597794854 -0.6203083054820542 0.007086398806753494 -0.003380915837409039
-0.032984106428616586 -0.6925277012108492 5 nil_vol 0.6 nil_bias 0.76 Home 0.04 0.01 0.001 0.0 -0.75 -0.032984106428616586 0.05747229878915088
0.012370344951289669 -0.5008747753623038 6 nil_vol 0.6 nil_bias 0.76 Home 0.04 0.01 0.001 0.010774853700635821 -0.5005111762499974 0.001595491250653847 -0.00036359911230643817
0.03662109369737977 -0.4652865581285467 6 nil_vol 0.6 nil_bias 0.76 Home 0.04 0.01 0.001 0.019681975849755645 -0.46142627483954324 0.01693911784762413 -0.0038602832890034613
0.037468591935708735 -0.37521592886242244 6 nil_vol 0.6 nil_bias 0.76 Home 0.04 0.01 0.001 0.0392367634121973 -0.3756188803540043 -0.0017681714764885635 0.0004029514915818794
0.0797329955620828 -0.2198110598198008 6 nil_vol 0.6 nil_bias 0.76 Home 0.04 0.01 0.001 0.07499036903262193 -0.21873025489817793 0.004742626529460866 -0.0010808049216228881
0.10447082904231107 -0.07782870186153638 6 nil_vol 0.6 nil_bias 0.76 Home 0.04 0.01 0.001 0.10697081860197992 -0.07839842857379409 -0.002499989559668848 0.000569726712257709
0.1291127466775323 0.06357336345779424 6 nil_vol 0.6 nil_bias 0.76 Home 0.04 0.01 0.001 0.13882081786548184 0.061360975226458225 -0.00970807118794954 0.0022123882313360215
0.18473161082754805 0.21733114324303487 6 nil_vol 0.6 nil_bias 0.76 Home 0.04 0.01 0.001 0.1748769144139305 0.2195769461370165 0.009854696413617558 -0.002245802893981633
0.24193141768512105 0.5138154898107931 6 nil_vol 0.6 nil_bias 0.76 Right 0.04 0.01 0.001 0.4 0.35 -0.15806858231487897 0.16381548981079308
0.22771001416428696 0.4509548417894952 7 nil_vol 0.6 nil_bias 0.76 Right 0.04 0.01 0.001 0.22843447346963608 0.45079967460173054 -0.0007244593053491104 0.0001551671877646318
0.1899348251458507 0.3135375963202928 7 nil_vol 0.6 nil_bias 0.76 Right 0.04 0.01 0.001 0.19863604455943837 0.31167393919481934 -0.008701219413587688 0.0018636571254734566
0.19487111437989912 0.29642836413063495 7 nil_vol 0.6 nil_bias 0.76 Right 0.04 0.01 0.001 0.19534878202676073 0.2963260556297952 -0.00047766764686160744 0.00010230850083973719
0.19112744756966757 0.2562881265220772 7 nil_vol 0.6 nil_bias 0.76 Right 0.04 0.01 0.001 0.18696430292560032 0.25717980317238404 0.004163144644067242 -0.0008916766503068236
0.17756426199571143 0.19317718894663963 7 nil_vol 0.6 nil_bias 0.76 Right 0.04 0.01 0.001 0.17344497320676983 0.19405947239893434 0.004119288788941617 -0.0008822834522947184
0.0730531464408644 -0.2776957289723606 7 nil_vol 0.6 nil_bias 0.76 Right 0.04 0.01 0.001 0.07243134514670199 -0.27756254943080294 0.0006218012941624013 -0.000133179541557678
-0.028843842333635253 -0.7744173501802798 7 nil_vol 0.6 nil_bias 0.76 Right 0.04 0.01 0.001 -0.03376114722509571 -0.7733641448922043 0.0049173048914604575 -0.0010532052880755012
-0.03701332979585812 -0.7885482437988421 7 nil_vol 0.6 nil_bias 0.76 Home 0.04 0.01 0.001 0.0 -0.75 -0.03701332979585812 -0.03854824379884214
-0.03989793436569317 -0.6958532647351812 8 nil_vol 0.6 nil_bias 0.76 Home 0.04 0.01 0.001 -0.042179990657838326 -0.6959806377053491 0.0022820562921451546 0.00012737297016791774
-0.04449396569677181 -0.6225660176066693 8 nil_vol 0.6 nil_bias 0.76 Home 0.04 0.01 0.001 -0.0462720882112335 -0.6226652635134284 0.00177812251446169 9.924590675917723e-05
-0.06870953411197628 -0.3735557642491792 8 nil_vol 0.6 nil_bias 0.76 Home 0.04 0.01 0.001 -0.060202636377346366 -0.37308095175874934 -0.008506897734629917 -0.00047481249042984704
-0.060650226116341265 -0.37090818807311193 8 nil_vol 0.6 nil_bias 0.76 Home 0.04 0.01 0.001 -0.06032492260340023 -0.37089003125779063 -0.00032530351294103734 -1.8156815321329524e-05
-0.07082594616044714 -0.22429209925739735 8 nil_vol 0.6 nil_bias 0.76 Home 0.04 0.01 0.001 -0.06851448698522201 -0.22416308516533323 -0.002311459175225125 -0.0001290140920641157
-0.06981070254862286 -0.0435753694124978 8 nil_vol 0.6 nil_bias 0.76 Home 0.04 0.01 0.001 -0.07856671247772892 -0.04406408609986823 0.008756009929106063 0.0004887166873704265
-0.10704922901561616 0.3486252287400808 8 nil_vol 0.6 nil_bias 0.76 Home 0.04 0.01 0.001 -0.10050505344222507 0.3489904918946104 -0.006544175573391082 -0.0003652631545296423
-0.10240856604655685 0.3830944537490471 8 nil_vol 0.6 nil_bias 0.76 Left 0.04 0.01 0.001 -0.4 0.35 0.2975914339534432 0.03309445374904715
-0.10393430120916489 0.2806616031846301 9 nil_vol 0.6 nil_bias 0.76 Left 0.04 0.01 0.001 -0.09273599198984436 0.2817301895956151 -0.011198309219320527 -0.0010685864109849265
-0.05995125182390694 -0.07343607467234964 9 nil_vol 0.6 nil_bias 0.76 Left 0.04 0.01 0.001 -0.05885462520254645 -0.07333143027625738 -0.0010966266213604853 -0.0001046443960922549
-0.06628225765539886 -0.08206320828397153 9 nil_vol 0.6 nil_bias 0.76 Left 0.04 0.01 0.001 -0.05809594710248857 -0.08128203855186145 -0.008186310552910294 -0.0007811697321100787
-0.06480727163526047 -0.11722467980395429 9 nil_vol 0.6 nil_bias 0.76 Left 0.04 0.01 0.001 -0.05475766875641285 -0.11626570743930448 -0.010049602878847616 -0.0009589723646498088
-0.0347088031227538 -0.21826384104343488 9 nil_vol 0.6 nil_bias 0.76 Left 0.04 0.01 0.001 -0.04493152315471862 -0.2192393329231031 0.010222720031964823 0.0009754918796682257
-0.017774645597053804 -0.3651136139322399 9 nil_vol 0.6 nil_bias 0.76 Left 0.04 0.01 0.001 -0.03089218475114071 -0.3663653407609147 0.013117539154086904 0.0012517268286748103
0.009000889772127365 -0.7193772189810894 9 nil_vol 0.6 nil_bias 0.76 Left 0.04 0.01 0.001 0.002849599618171453 -0.7199641991170909 0.0061512901539559125 0.0005869801360014152
0.005972508319919304 -0.7526908901421486 9 nil_vol 0.6 nil_bias 0.76 Home 0.04 0.01 0.001 0.0 -0.75 0.005972508319919304 -0.0026908901421486358
-0.017731701573973316 -0.6578669678854344 10 nil_vol 0.6 nil_bias 0.76 Home 0.04 0.01 0.001 -0.012544341906926451 -0.6568645962179723 -0.005187359667046866 -0.0010023716674620725
-0.09516843999580052 -0.3094010952815492 10 nil_vol 0.6 nil_bias 0.76 Home 0.04 0.01 0.001 -0.08024322587476082 -0.3065170439093697 -0.014925214121039695 -0.002884051372179485
-0.0997734837169441 -0.09337930124647321 10 nil_vol 0.6 nil_bias 0.76 Home 0.04 0.01 0.001 -0.120649099508747 -0.09741316956361645 0.020875615791802905 0.004033868317143238
-0.14418429963291096 -0.016154917819288357 10 nil_vol 0.6 nil_bias 0.76 Home 0.04 0.01 0.001 -0.13663287981528402 -0.01469573053324269 -0.007551419817626951 -0.001459187286045666
-0.1804343544464829 0.151752241852361 10 nil_vol 0.6 nil_bias 0.76 Home 0.04 0.01 0.001 -0.16921512122460972 0.15392017356214682 -0.011219233221873185 -0.0021679317097858183
-0.2155413079256096 0.3117433806469935 10 nil_vol 0.6 nil_bias 0.76 Home 0.04 0.01 0.001 -0.20028163574370036 0.3146920605210869 -0.01525967218190925 -0.002948679874093408
-0.221178085995199 0.36572905741289924 10 nil_vol 0.6 nil_bias 0.76 Home 0.04 0.01 0.001 -0.21054087799981547 0.3677845223507187 -0.010637207995383535 -0.0020554649378194258
-0.22071757224385766 0.4204497911118291 10 nil_vol 0.6 nil_bias 0.76 Left 0.04 0.01 0.001 -0.4 0.35 0.17928242775614237 0.07044979111182915
-0.20440899418725608 0.40074799222984425 11 nil_vol 0.6 nil_bias 0.76 Left 0.04 0.01 0.001 -0.21686253685644344 0.39855525984796303 0.012453542669187365 0.0021927323818812265
-0.2078620873648211 0.36882435750537074 11 nil_vol 0.6 nil_bias 0.76 Left 0.04 0.01 0.001 -0.21151449735372788 0.36818126679075847 0.0036524099889067886 0.0006430907146122915
-0.13185338499796687 -0.11236909735505562 11 nil_vol 0.6 nil_bias 0.76 Left 0.04 0.01 0.001 -0.12705143092759222 -0.11152360298721853 -0.004801954070374658 -0.0008454943678370962
-0.10880728716641347 -0.2557886715988534 11 nil_vol 0.6 nil_bias 0.76 Left 0.04 0.01 0.001 -0.10186545868846135 -0.25456640316509016 -0.0069418284779521125 -0.0012222684337632036
-0.06056228816480923 -0.4552996258420374 11 nil_vol 0.6 nil_bias 0.76 Left 0.04 0.01 0.001 -0.06634256345479203 -0.45631737614339485 0.005780275289982805 0.0010177503013574412
-0.05236141504334709 -0.5189796283882757 11 nil_vol 0.6 nil_bias 0.76 Left 0.04 0.01 0.001 -0.05522078848308107 -0.5194830867936264 0.0028593734397339737 0.0005034584053506857
-0.047365318452903905 -0.5592492284837307 11 nil_vol 0.6 nil_bias 0.76 Left 0.04 0.01 0.001 -0.048193374239842685 -0.5593950267345784 0.0008280557869387798 0.00014579825084770718
-0.01284504955654331 -0.7601545327122682 11 nil_vol 0.6 nil_bias 0.76 Home 0.04 0.01 0.001 0.0 -0.75 -0.01284504955654331 -0.010154532712268204
0.01510247395869702 -0.6906658133049131 12 nil_vol 0.6 nil_bias 0.76 Home 0.04 0.01 0.001 0.022562557332708406 -0.6947014310651228 -0.007460083374011386 0.004035617760209808
0.059413082163968685 -0.6271688130250576 12 nil_vol 0.6 nil_bias 0.76 Home 0.04 0.01 0.001 0.05916708959252416 -0.62703574051897 0.00024599257144452565 -0.00013307250608747586
0.23449965956043708 -0.3111849016044081 12 nil_vol 0.6 nil_bias 0.76 Home 0.04 0.01 0.001 0.2310420578380278 -0.3093144722513935 0.003457601722409269 -0.0018704293530145699
0.31708471665092897 -0.16402160933275414 12 nil_vol 0.6 nil_bias 0.76 Home 0.04 0.01 0.001 0.3113253248604841 -0.16090600021255363 0.0057593917904448936 -0.0031156091202004976
0.3879876835662466 -0.019270409930521867 12 nil_vol 0.6 nil_bias 0.76 Home 0.04 0.01 0.001 0.3879544493630308 -0.01925243150668665 3.3234203215781124e-05 -1.7978423835216445e-05
0.5063262710161635 0.20276541383609697 12 nil_vol 0.6 nil_bias 0.76 Home 0.04 0.01 0.001 0.5076656090900258 0.20204088352633753 -0.0013393380738622803 0.0007245303097594528
0.5055713720691116 0.21651523867065514 12 nil_vol 0.6 nil_bias 0.76 Home 0.04 0.01 0.001 0.5132489240673629 0.21236197876111917 -0.007677551998251298 0.004153259909535959
0.5421647520207484 0.26581463463148336 12 nil_vol 0.6 nil_bias 0.76 Right 0.04 0.01 0.001 0.4 0.35 0.14216475202074835 -0.0841853653685166
0.40847844503002456 0.013158566020337718 13 nil_vol 0.6 nil_bias 0.76 Right 0.04 0.01 0.001 0.4110722154965384 0.011819861505155571 -0.002593770466513817 0.0013387045151821463
0.3424637349287223 -0.10176507961955668 13 nil_vol 0.6 nil_bias 0.76 Right 0.04 0.01 0.001 0.3503481459693081 -0.10583440525798549 -0.007884411040585768 0.00406932563842881
0.31962802681181207 -0.17620923418681642 13 nil_vol 0.6 nil_bias 0.76 Right 0.04 0.01 0.001 0.3152044465222953 -0.17392612279230424 0.004423580289516799 -0.0022831113945121864
0.28933379959691496 -0.20775821764537047 13 nil_vol 0.6 nil_bias 0.76 Right 0.04 0.01 0.001 0.29597407051184826 -0.21118541398776763 -0.006640270914933326 0.0034271963423971583
0.23655493492149546 -0.29833749058883224 13 nil_vol 0.6 nil_bias 0.76 Right 0.04 0.01 0.001 0.24795586808352077 -0.30422177406662465 -0.011400933162025312 0.005884283477792403
0.18376063962294428 -0.47345481124470107 13 nil_vol 0.6 nil_bias 0.76 Right 0.04 0.01 0.001 0.16548036368525781 -0.46401994094584686 0.01828027593768646 -0.009434870298854196
0.059767234152396875 -0.6728237719979828 13 nil_vol 0.6 nil_bias 0.76 Right 0.04 0.01 0.001 0.058144246551112666 -0.6719861108178692 0.0016229876012842093 -0.0008376611801136173
0.004137153321664714 -0.776626083128518 13 nil_vol 0.6 nil_bias 0.76 Home 0.04 0.01 0.001 0.0 -0.75 0.004137153321664714 -0.026626083128517993
-0.020116925872790722 -0.6799072965550512 14 nil_vol 0.6 nil_bias 0.76 Home 0.04 0.01 0.001 -0.03188165861436811 -0.6845073568605292 0.011764732741577388 0.004600060305477948
-0.04190767186195453 -0.6524183819403778 14 nil_vol 0.6 nil_bias 0.76 Home 0.04 0.01 0.001 -0.044094284833669714 -0.6532733568688844 0.0021866129717151824 0.0008549749285066681
-0.07319971993439375 -0.6015037283545743 14 nil_vol 0.6 nil_bias 0.76 Home 0.04 0.01 0.001 -0.06551179225990389 -0.5984977160886242 -0.007687927674489868 -0.003006012265950088
-0.09273678042816491 -0.4900998751851282 14 nil_vol 0.6 nil_bias 0.76 Home 0.04 0.01 0.001 -0.10588556419341538 -0.4952411052999512 0.013148783765250473 0.0051412301148229785
-0.1626742659019056 -0.41241988159591836 14 nil_vol 0.6 nil_bias 0.76 Home 0.04 0.01 0.001 -0.14150540063696793 -0.4041427656633898 -0.02116886526493767 -0.008277115932528568
-0.23582119363973178 -0.1795269169769036 14 nil_vol 0.6 nil_bias 0.76 Home 0.04 0.01 0.001 -0.23019179505778062 -0.177325798300486 -0.0056293985819511625 -0.0022011186764175805
-0.35557026534511393 0.1936102873626171 14 nil_vol 0.6 nil_bias 0.76 Home 0.04 0.01 0.001 -0.3726223748314046 0.18694284036695907 0.01705210948629067 0.006667446995658018
-0.3758309956103881 0.19514894277149925 14 nil_vol 0.6 nil_bias 0.76 Left 0.04 0.01 0.001 -0.4 0.35 0.024169004389611923 -0.15485105722850073
-0.3501815648705357 0.1691569184440743 15 nil_vol 0.6 nil_bias 0.76 Left 0.04 0.01 0.001 -0.36253209556660937 0.16390067580532286 0.01235053069607369 0.005256242638751448
-0.28694865918051055 0.012341675173420701 15 nil_vol 0.6 nil_bias 0.76 Left 0.04 0.01 0.001 -0.2963309673312344 0.00834867362836017 0.009382308150723816 0.003993001545060532
-0.10248842001314189 -0.43633249027736914 15 nil_vol 0.6 nil_bias 0.76 Left 0.04 0.01 0.001 -0.10637572990535787 -0.4379868842874987 0.003887309892215986 0.0016543940101295907
-0.049527397981148566 -0.5880009348526068 15 nil_vol 0.6 nil_bias 0.76 Left 0.04 0.01 0.001 -0.04360431157566241 -0.5854801379667351 -0.005923086405486154 -0.002520796885871698
-0.04013614041079111 -0.6050600691954172 15 nil_vol 0.6 nil_bias 0.76 Left 0.04 0.01 0.001 -0.036017339700324946 -0.6033071553775717 -0.004118800710466164 -0.0017529138178454542
-0.01592473612933526 -0.629813495425558 15 nil_vol 0.6 nil_bias 0.76 Left 0.04 0.01 0.001 -0.023385258076234594 -0.6329886070486641 0.0074605219468993345 0.0031751116231061812
-0.00865578990912631 -0.6382455149104386 15 nil_vol 0.6 nil_bias 0.76 Left 0.04 0.01 0.001 -0.01923230295547701 -0.6427467562102325 0.0105765130463507 0.004501241299793925
0.014201109141936584 -0.7213048462305349 15 nil_vol 0.6 nil_bias 0.76 Home 0.04 0.01 0.001 0.0 -0.75 0.014201109141936584 0.02869515376946509
0.008329094156245906 -0.7109065282246388 16 nil_vol 0.6 nil_bias 0.76 Home 0.04 0.01 0.001 0.009218399125454569 -0.7104965515441042 -0.0008893049692086635 -0.00040997668053465564
-0.0764489314839924 -0.5357743357270173 16 nil_vol 0.6 nil_bias 0.76 Home 0.04 0.01 0.001 -0.07222717766437273 -0.5338280735594481 -0.004221753819619666 -0.0019462621675692677
-0.10308789290203074 -0.47740004944370845 16 nil_vol 0.6 nil_bias 0.76 Home 0.04 0.01 0.001 -0.09909050491333407 -0.47555722171288706 -0.003997387988696677 -0.0018428277308213678
-0.14396753430101408 -0.40087029152152914 16 nil_vol 0.6 nil_bias 0.76 Home 0.04 0.01 0.001 -0.13535267663979153 -0.3968987734602173 -0.008614857661222544 -0.003971518061311828
-0.15067371134525354 -0.3762582771731299 16 nil_vol 0.6 nil_bias 0.76 Home 0.04 0.01 0.001 -0.14588569845917707 -0.3740509650615856 -0.004788012886076472 -0.0022073121115442716
-0.19373023132784523 -0.2635430892755534 16 nil_vol 0.6 nil_bias 0.76 Home 0.04 0.01 0.001 -0.1962872675076441 -0.26472190333968015 0.002557036179798883 0.0011788140641267324
-0.3095801924946124 -0.05142475266153387 16 nil_vol 0.6 nil_bias 0.76 Home 0.04 0.01 0.001 -0.2972413155781765 -0.04573643203489053 -0.012338876916435856 -0.00568832062664334
-0.400860542502312 0.17903023832553355 16 nil_vol 0.6 nil_bias 0.76 Left 0.04 0.01 0.001 -0.4 0.35 -0.0008605425023120041 -0.17096976167446643
-0.4049778888917814 0.17429347624384 17 nil_vol 0.6 nil_bias 0.76 Left 0.04 0.01 0.001 -0.3997971956774824 0.17634506859359886 -0.00518069321429899 -0.0020515923497588543
-0.30655711431707466 -0.08311077849311527 17 nil_vol 0.6 nil_bias 0.76 Left 0.04 0.01 0.001 -0.2983394881146436 -0.0798565384999898 -0.008217626202431058 -0.003254239993125461
-0.12444600417947825 -0.5265163566226135 17 nil_vol 0.6 nil_bias 0.76 Left 0.04 0.01 0.001 -0.12186387248369718 -0.5254938136126331 -0.002582131695781067 -0.0010225430099803944
-0.11048796988798457 -0.5796648400127388 17 nil_vol 0.6 nil_bias 0.76 Left 0.04 0.01 0.001 -0.1017777090424723 -0.5762155131030242 -0.008710260845512265 -0.003449326909714546
-0.05688157840285946 -0.7050565634031474 17 nil_vol 0.6 nil_bias 0.76 Left 0.04 0.01 0.001 -0.051586150580537116 -0.7029595353106536 -0.005295427822322349 -0.0020970280924937496
-0.039195750068345206 -0.7410897620508269 17 nil_vol 0.6 nil_bias 0.76 Left 0.04 0.01 0.001 -0.03685360212867961 -0.7401622543609758 -0.0023421479396655964 -0.000927507689851037
-0.04421168309801168 -0.755342174091922 17 nil_vol 0.6 nil_bias 0.76 Left 0.04 0.01 0.001 -0.03265463928280815 -0.7507655003348931 -0.011557043815203524 -0.004576673757028813
-0.020298096614581432 -0.7819683154365397 17 nil_vol 0.6 nil_bias 0.76 Home 0.04 0.01 0.001 0.0 -0.75 -0.020298096614581432 -0.03196831543653967
0.033975622278472936 -0.6761242031002574 18 nil_vol 0.6 nil_bias 0.76 Home 0.04 0.01 0.001 0.017116400704729886 -0.6704670536623103 0.016859221573743054 -0.0056571494379471995
0.03050982178675029 -0.648167528837428 18 nil_vol 0.6 nil_bias 0.76 Home 0.04 0.01 0.001 0.0251972290242137 -0.6463848764753858 0.00531259276253659 -0.0017826523620422213
0.0887506675267088 -0.4425255391959395 18 nil_vol 0.6 nil_bias 0.76 Home 0.04 0.01 0.001 0.09311165776486395 -0.4439888792064353 -0.004360990238155147 0.001463340010495826
0.1169627944613665 -0.36970050839462193 18 nil_vol 0.6 nil_bias 0.76 Home 0.04 0.01 0.001 0.11793034481897136 -0.3700251720772106 -0.0009675503576048532 0.00032466368258867806
0.2046613220929634 -0.11130621071607234 18 nil_vol 0.6 nil_bias 0.76 Home 0.04 0.01 0.001 0.20473569577670622 -0.11133116697169443 -7.437368374281574e-05 2.4956255622086845e-05
0.19565305011787476 -0.09017880762857595 18 nil_vol 0.6 nil_bias 0.76 Home 0.04 0.01 0.001 0.21019595448643277 -0.09505871165705371 -0.014542904368557999 0.004879904028477752
0.236374414999922 0.0028213047680930203 18 nil_vol 0.6 nil_bias 0.76 Home 0.04 0.01 0.001 0.24236527035802308 0.00081105987786112 -0.0059908553581010625 0.0020102448902319004
0.25769836321722284 0.046506159991360874 18 nil_vol 0.6 nil_bias 0.76 Right 0.04 0.01 0.001 0.4 0.35 -0.1423016367827772 -0.3034938400086391
0.22541912787323165 -0.08361335268400459 19 nil_vol 0.6 nil_bias 0.76 Right 0.04 0.01 0.001 0.22321254813013258 -0.08302588646946868 0.0022065797430990733 -0.0005874662145359146
0.1526358403748084 -0.31246658581535147 19 nil_vol 0.6 nil_bias 0.76 Right 0.04 0.01 0.001 0.16149941382336497 -0.3148263690760151 -0.008863573448556556 0.002359783260663592
0.12493662678133335 -0.43036330378679716 19 nil_vol 0.6 nil_bias 0.76 Right 0.04 0.01 0.001 0.13035548034085204 -0.4318059860182872 -0.005418853559518677 0.001442682231490046
0.14308646741004066 -0.43549963548187703 19 nil_vol 0.6 nil_bias 0.76 Right 0.04 0.01 0.001 0.13027984513056592 -0.43209007916058684 0.012806622279474735 -0.00340955632129019
0.0636360334961163 -0.5967984296065763 19 nil_vol 0.6 nil_bias 0.76 Right 0.04 0.01 0.001 0.08492027073906344 -0.6024650139761206 -0.021284237242947153 0.005666584369544396
0.06881990279815248 -0.6375185639789736 19 nil_vol 0.6 nil_bias 0.76 Right 0.04 0.01 0.001 0.07513986726015515 -0.6392011524329397 -0.006319964462002674 0.0016825884539662067
0.06383003042674791 -0.6733215863332594 19 nil_vol 0.6 nil_bias 0.76 Right 0.04 0.01 0.001 0.06590852800160596 -0.6738749527393649 -0.0020784975748580486 0.0005533664061055023
0.03328688274654134 -0.7964049975748011 19 nil_vol 0.6 nil_bias 0.76 Home 0.04 0.01 0.001 0.0 -0.75 0.03328688274654134 -0.04640499757480114
0.08692804308622268 -0.6824304870527096 20 nil_vol 0.6 nil_bias 0.76 Home 0.04 0.01 0.001 0.07056808817554688 -0.6773092396589516 0.0163599549106758 -0.005121247393757956
0.07145847605081364 -0.6538307799484985 20 nil_vol 0.6 nil_bias 0.76 Home 0.04 0.01 0.001 0.07734122286879086 -0.6556722888019272 -0.005882746817977219 0.0018415088534286948
0.0963559636326108 -0.6217144895134766 20 nil_vol 0.6 nil_bias 0.76 Home 0.04 0.01 0.001 0.0887195252214327 -0.6193240128572531 0.0076364384111781 -0.0023904766562234674
0.10882166947803933 -0.6072569602321769 20 nil_vol 0.6 nil_bias 0.76 Home 0.04 0.01 0.001 0.09395385715650303 -0.6026028065063092 0.014867812321536295 -0.00465415372586775
0.10139194771972428 -0.5087365747823116 20 nil_vol 0.6 nil_bias 0.76 Home 0.04 0.01 0.001 0.12137878855636167 -0.5149931663868086 -0.019986840836637394 0.006256591604497039
0.17124430417621683 -0.3976391211152532 20 nil_vol 0.6 nil_bias 0.76 Home 0.04 0.01 0.001 0.15928653299055548 -0.39389591370092464 0.011957771185661355 -0.0037432074143285356
0.25710961680748673 -0.12468960459551046 20 nil_vol 0.6 nil_bias 0.76 Home 0.04 0.01 0.001 0.24476713208181308 -0.12082596816870061 0.012342484725673645 -0.003863636426809839
0.3193028658124113 0.11728032690171411 20 nil_vol 0.6 nil_bias 0.76 Right 0.04 0.01 0.001 0.4 0.35 -0.0806971341875887 -0.23271967309828587
0.27696516678609984 0.04917650525234781 21 nil_vol 0.6 nil_bias 0.76 Right 0.04 0.01 0.001 0.2890697937559632 0.044170859955219174 -0.012104626969863355 0.00500564529712864
0.2607422343467681 -0.04253722540220285 21 nil_vol 0.6 nil_bias 0.76 Right 0.04 0.01 0.001 0.2543127579547588 -0.03987843398758198 0.006429476392009303 -0.002658791414620875
0.13744377805145344 -0.3003491310473481 21 nil_vol 0.6 nil_bias 0.76 Right 0.04 0.01 0.001 0.1452627877934163 -0.3035825383584948 -0.007819009741962868 0.003233407311146679
0.11838262932417465 -0.3602984572489947 21 nil_vol 0.6 nil_bias 0.76 Right 0.04 0.01 0.001 0.12130859986715375 -0.36150843841772173 -0.002925970542979107 0.0012099811687270555
0.04623810708064194 -0.544128399505829 21 nil_vol 0.6 nil_bias 0.76 Right 0.04 0.01 0.001 0.04585499712561264 -0.5439699714477443 0.00038310995502929644 -0.00015842805808473508
0.0477101854380837 -0.5496405973795723 21 nil_vol 0.6 nil_bias 0.76 Right 0.04 0.01 0.001 0.044123386845754675 -0.5481573429554467 0.003586798592329029 -0.001483254424125563
0.022930602049728577 -0.60409193404957 21 nil_vol 0.6 nil_bias 0.76 Right 0.04 0.01 0.001 0.021275674465987382 -0.6034075692610253 0.0016549275837411948 -0.0006843647885446643
-0.02803930161482221 -0.7226608031704181 21 nil_vol 0.6 nil_bias 0.76 Home 0.04 0.01 0.001 0.0 -0.75 -0.02803930161482221 0.027339196829581806
0.042601182760198725 -0.454448692176758 22 nil_vol 0.6 nil_bias 0.76 Home 0.04 0.01 0.001 0.03185256711019635 -0.4520696246806241 0.010748615650002373 -0.0023790674961338505
0.02201646512553312 -0.4040088187405001 22 nil_vol 0.6 nil_bias 0.76 Home 0.04 0.01 0.001 0.04153403869879345 -0.40832878201796036 -0.019517573573260328 0.0043199632774602375
0.050046022157366636 -0.3848635292687477 22 nil_vol 0.6 nil_bias 0.76 Home 0.04 0.01 0.001 0.04688273944978405 -0.38416337742447826 0.003163282707582589 -0.0007001518442693927
0.07841484860013354 -0.29453806976375446 22 nil_vol 0.6 nil_bias 0.76 Home 0.04 0.01 0.001 0.06726631379712637 -0.2920704853191153 0.011148534803007157 -0.002467584444639201
0.06703637135324599 -0.2723478612421566 22 nil_vol 0.6 nil_bias 0.76 Home 0.04 0.01 0.001 0.0714170522963375 -0.273317468490383 -0.004380680943091525 0.000969607248226401
0.15782661614120758 0.14630073428639004 22 nil_vol 0.6 nil_bias 0.76 Home 0.04 0.01 0.001 0.16399208449190802 0.14493608735610464 -0.006165468350700438 0.0013646469302854042
0.20934806264715086 0.3505809086952795 22 nil_vol 0.6 nil_bias 0.76 Home 0.04 0.01 0.001 0.20950140226584163 0.35054696894763426 -0.00015333961869076743 3.393974764524052e-05
0.209925264586706 0.352461976900495 22 nil_vol 0.6 nil_bias 0.76 Right 0.04 0.01 0.001 0.4 0.35 -0.19007473541329403 0.0024619769004950625
0.16976848027990452 0.10712935405236783 23 nil_vol 0.6 nil_bias 0.76 Right 0.04 0.01 0.001 0.16634500009070324 0.10773900737764872 0.0034234801892012758 -0.0006096533252808898
0.17868477880365907 0.09323040948312551 23 nil_vol 0.6 nil_bias 0.76 Right 0.04 0.01 0.001 0.16422002244037742 0.09580629318301337 0.014464756363281636 -0.002575883699887856
0.14386185554064718 -0.011551326413633895 23 nil_vol 0.6 nil_bias 0.76 Right 0.04 0.01 0.001 0.14506366598925718 -0.011765344808910005 -0.0012018104486100163 0.00021401839527611114
0.15090724191117597 -0.10536798109884735 23 nil_vol 0.6 nil_bias 0.76 Right 0.04 0.01 0.001 0.12908688690241713 -0.10148221244978062 0.02182035500875884 -0.0038857686490667274
0.09256425929262084 -0.3213937588642695 23 nil_vol 0.6 nil_bias 0.76 Right 0.04 0.01 0.001 0.09000616399444977 -0.3209382132736058 0.0025580952981710705 -0.0004555455906637677
0.03146772535542669 -0.6668004943851371 23 nil_vol 0.6 nil_bias 0.76 Right 0.04 0.01 0.001 0.02850884512369331 -0.6662735770166435 0.002958880231733377 -0.0005269173684936686
0.023729420954734046 -0.689762068569051 23 nil_vol 0.6 nil_bias 0.76 Right 0.04 0.01 0.001 0.0243076768028907 -0.689865044365962 -0.0005782558481566523 0.00010297579691094215
0.018176872327319668 -0.7242922947320841 23 nil_vol 0.6 nil_bias 0.76 Home 0.04 0.01 0.001 0.0 -0.75 0.018176872327319668 0.025707705267915847
0.010599369547338922 -0.7130442112634288 24 nil_vol 0.6 nil_bias 0.76 Home 0.04 0.01 0.001 0.014890761158800253 -0.7119057212727016 -0.004291391611461332 -0.0011384899907271493
-0.06320817204312273 -0.4616244580123772 24 nil_vol 0.6 nil_bias 0.76 Home 0.04 0.01 0.001 -0.052277253785977154 -0.45872452667262725 -0.010930918257145582 -0.0028999313397499826
-0.07465373313366372 -0.4347379249494346 24 nil_vol 0.6 nil_bias 0.76 Home 0.04 0.01 0.001 -0.059693725223747926 -0.43076909133817665 -0.01496000790991579 -0.003968833611257939
-0.06599243214132286 -0.3530788397564094 24 nil_vol 0.6 nil_bias 0.76 Home 0.04 0.01 0.001 -0.07936356723210218 -0.35662615140814863 0.013371135090779317 0.003547311651739237
-0.24240247191937075 0.2710019864085503 24 nil_vol 0.6 nil_bias 0.76 Home 0.04 0.01 0.001 -0.24564287594761341 0.2701423194552447 0.003240404028242661 0.0008596669533056073
-0.26890826891608666 0.3538446262939915 24 nil_vol 0.6 nil_bias 0.76 Home 0.04 0.01 0.001 -0.2679184475918874 0.3541072221538518 -0.0009898213241992873 -0.00026259585986034993
-0.29529585934901137 0.4330665304910946 24 nil_vol 0.6 nil_bias 0.76 Home 0.04 0.01 0.001 -0.28928884047482517 0.4346601699166145 -0.006007018874186201 -0.0015936394255198771
-0.29897030008159 0.47115318687905294 24 nil_vol 0.6 nil_bias 0.76 Left 0.04 0.01 0.001 -0.4 0.35 0.10102969991841007 0.12115318687905297
-0.27042415545832427 0.32794278339749666 25 nil_vol 0.6 nil_bias 0.76 Left 0.04 0.01 0.001 -0.26563805471202445 0.3290655516395766 -0.004786100746299836 -0.001122768242079971
-0.2362554066131131 0.23447364153705022 25 nil_vol 0.6 nil_bias 0.76 Left 0.04 0.01 0.001 -0.2430726336832419 0.23287439269981963 0.00681722707012879 0.0015992488372305943
-0.20947968565386196 0.09837268485414905 25 nil_vol 0.6 nil_bias 0.76 Left 0.04 0.01 0.001 -0.21141354177524374 0.09791902281213749 0.0019338561213817795 0.00045366204201155506
-0.13023797664510398 -0.23450223661886255 25 nil_vol 0.6 nil_bias 0.76 Left 0.04 0.01 0.001 -0.13326449994215503 -0.23521222673857978 0.003026523297051052 0.0007099901197172181
-0.1346713319261465 -0.28688308740679114 25 nil_vol 0.6 nil_bias 0.76 Left 0.04 0.01 0.001 -0.1218487224605615 -0.2838750398432953 -0.012822609465584995 -0.0030080475634958435
-0.05393888708169066 -0.4848730439713826 25 nil_vol 0.6 nil_bias 0.76 Left 0.04 0.01 0.001 -0.07361396987842123 -0.489488608769416 0.019675082796730567 0.004615564798033431
-0.034278889488960525 -0.634549254315063 25 nil_vol 0.6 nil_bias 0.76 Left 0.04 0.01 0.001 -0.03930754991605073 -0.63572892447393 0.005028660427090207 0.0011796701588670403
-0.013877447927175775 -0.7441315542828753 25 nil_vol 0.6 nil_bias 0.76 Home 0.04 0.01 0.001 0.0 -0.75 -0.013877447927175775 0.005868445717124714
-0.03658719732617965 -0.705446542945143 26 nil_vol 0.6 nil_bias 0.76 Home 0.04 0.01 0.001 -0.040428937293101555 -0.708292727579556 0.0038417399669219096 0.00284618463441304
-0.030289534594785242 -0.6992310761810661 26 nil_vol 0.6 nil_bias 0.76 Home 0.04 0.01 0.001 -0.04117023588425993 -0.7072921331730503 0.010880701289474685 0.008061056991984198
-0.13545281040645 -0.5597925518171639 26 nil_vol 0.6 nil_bias 0.76 Home 0.04 0.01 0.001 -0.14513321874741825 -0.5669643619115841 0.00968040834096826 0.007171810094420101
-0.20902263146061767 -0.47666337061402864 26 nil_vol 0.6 nil_bias 0.76 Home 0.04 0.01 0.001 -0.2109665113399272 -0.4781035100017208 0.001943879879309532 0.0014401393876921724
-0.23271755451903375 -0.48140544700706167 26 nil_vol 0.6 nil_bias 0.76 Home 0.04 0.01 0.001 -0.21709500630422693 -0.46983135374145574 -0.015622548214806827 -0.01157409326560594
-0.5488059522713147 -0.025412505336209958 26 nil_vol 0.6 nil_bias 0.76 Home 0.04 0.01 0.001 -0.5472179639471862 -0.024236031132677915 -0.001587988324128434 -0.0011764742035320409
-0.7241086727436414 0.21879743721401523 26 nil_vol 0.6 nil_bias 0.76 Home 0.04 0.01 0.001 -0.7261505692050791 0.21728468143573632 0.002041896461437657 0.0015127557782789282
-0.7958549171823792 0.311370629429005 26 nil_vol 0.6 nil_bias 0.76 Left 0.04 0.01 0.001 -0.4 0.35 -0.3958549171823792 -0.03862937057099497
-0.7035037315913305 0.19414340942652483 27 nil_vol 0.6 nil_bias 0.76 Left 0.04 0.01 0.001 -0.7043449418752852 0.19349038117579181 0.0008412102839547296 0.0006530282507330278
-0.6999662336961529 0.19565041882273268 27 nil_vol 0.6 nil_bias 0.76 Left 0.04 0.01 0.001 -0.7037447201476698 0.19271719458033226 0.00377848645151693 0.0029332242424004104
-0.681117953133298 0.14763568306383865 27 nil_vol 0.6 nil_bias 0.76 Left 0.04 0.01 0.001 -0.6733995211844453 0.15362747157391876 -0.007718431948852685 -0.005991788510080119
-0.6742149240013968 0.14317151818095142 27 nil_vol 0.6 nil_bias 0.76 Left 0.04 0.01 0.001 -0.6686414059554708 0.14749821842390268 -0.005573518045926012 -0.004326700242951259
-0.34529872828469305 -0.2825185283028607 27 nil_vol 0.6 nil_bias 0.76 Left 0.04 0.01 0.001 -0.3387609728897965 -0.2774432943801624 -0.006537755394896546 -0.005075233922698292
-0.26343237817095977 -0.35174525736747475 27 nil_vol 0.6 nil_bias 0.76 Left 0.04 0.01 0.001 -0.2744444083212607 -0.36029385326939717 0.011012030150300924 0.008548595901922392
-0.10174601670761407 -0.5704846872154519 27 nil_vol 0.6 nil_bias 0.76 Left 0.04 0.01 0.001 -0.10769126707104026 -0.5750999618014281 0.005945250363426192 0.004615274585976221
0.021454005707124482 -0.7414608067774057 27 nil_vol 0.6 nil_bias 0.76 Home 0.04 0.01 0.001 0.0 -0.75 0.021454005707124482 0.008539193222594322
0.004621326012350386 -0.7101439500446968 28 nil_vol 0.6 nil_bias 0.76 Home 0.04 0.01 0.001 0.0037922931259612644 -0.7106186951179725 0.000829032886389121 0.00047474507327576045
-0.20234607793008377 -0.30829346048754397 28 nil_vol 0.6 nil_bias 0.76 Home 0.04 0.01 0.001 -0.2206097894509917 -0.31875216147110313 0.018263711520907906 0.010458700983559142
-0.24078137608132413 -0.2686546893466359 28 nil_vol 0.6 nil_bias 0.76 Home 0.04 0.01 0.001 -0.24719490093073776 -0.2723273896394463 0.006413524849413623 0.0036727002928104062
-0.3281303994583465 -0.12865198529626856 28 nil_vol 0.6 nil_bias 0.76 Home 0.04 0.01 0.001 -0.3291395784450444 -0.12922989090152748 0.0010091789866979067 0.0005779056052589212
-0.35578956587297694 -0.05817258717062628 28 nil_vol 0.6 nil_bias 0.76 Home 0.04 0.01 0.001 -0.36636313161243 -0.06422753182261276 0.010573565739453075 0.0060549446519864766
-0.39592506050864423 0.007269341925926422 28 nil_vol 0.6 nil_bias 0.76 Home 0.04 0.01 0.001 -0.4044953371681845 0.002361579293676308 0.008570276659540264 0.004907762632250114
-0.5793894344737541 0.32586875501233464 28 nil_vol 0.6 nil_bias 0.76 Home 0.04 0.01 0.001 -0.5871926102258431 0.32140027215112477 0.007803175752088982 0.004468482861209851
-0.7295373080401557 0.5699724898192802 28 nil_vol 0.6 nil_bias 0.76 Left 0.04 0.01 0.001 -0.4 0.35 -0.32953730804015563 0.21997248981928022
-0.6797930664530781 0.4598770002974784 29 nil_vol 0.6 nil_bias 0.76 Left 0.04 0.01 0.001 -0.6685732529352533 0.46648665184968774 -0.011219813517824829 -0.006609651552209347
-0.5817732115683856 0.3099247301497365 29 nil_vol 0.6 nil_bias 0.76 Left 0.04 0.01 0.001 -0.5777411150123889 0.31230005958080603 -0.004032096555996681 -0.002375329431069561
-0.35207957736739437 -0.10735098225179132 29 nil_vol 0.6 nil_bias 0.76 Left 0.04 0.01 0.001 -0.33607631662167253 -0.09792337660929773 -0.016003260745721826 -0.009427605642493588
-0.2765851580156503 -0.15225505817839277 29 nil_vol 0.6 nil_bias 0.76 Left 0.04 0.01 0.001 -0.29698839348013273 -0.16427471222555323 0.0204032354644824 0.012019654047160464
-0.23653306694760182 -0.25834650403811626 29 nil_vol 0.6 nil_bias 0.76 Left 0.04 0.01 0.001 -0.240272463689627 -0.2605494024589311 0.0037393967420252076 0.002202898420814856
-0.19720700649686318 -0.32819481302645165 29 nil_vol 0.6 nil_bias 0.76 Left 0.04 0.01 0.001 -0.19959385142730945 -0.32960091601331 0.0023868449304462725 0.0014061029868583529
-0.04908040844604167 -0.6096753177578257 29 nil_vol 0.6 nil_bias 0.76 Left 0.04 0.01 0.001 -0.038331049993492905 -0.6033428137756278 -0.010749358452548766 -0.006332503982197905
0.030207131017289057 -0.719685650265224 29 nil_vol 0.6 nil_bias 0.76 Home 0.04 0.01 0.001 0.0 -0.75 0.030207131017289057 0.030314349734776036
-0.04570665724813057 -0.5090868696845517 30 nil_vol 0.6 nil_bias 0.76 Home 0.04 0.01 0.001 -0.04656983316466595 -0.5094020251151244 0.0008631759165353844 0.00031515543057267876
-0.09057423926555588 -0.37376140135521535 30 nil_vol 0.6 nil_bias 0.76 Home 0.04 0.01 0.001 -0.09544453906576231 -0.3755396036905086 0.0048702998002064166 0.0017782023352932183
-0.14642626554047886 -0.1962093367312318 30 nil_vol 0.6 nil_bias 0.76 Home 0.04 0.01 0.001 -0.15921522680490788 -0.20087873322001026 0.012788961264429029 0.004669396488778446
-0.19131761759530833 -0.10797723237604029 30 nil_vol 0.6 nil_bias 0.76 Home 0.04 0.01 0.001 -0.19292090252391222 -0.10856261009838564 0.00160328492860389 0.0005853777223453526
-0.2895195062563233 0.14361657780334186 30 nil_vol 0.6 nil_bias 0.76 Home 0.04 0.01 0.001 -0.2855266858158501 0.14507440235684366 -0.003992820440473163 -0.0014578245535018103
-0.3041780641431689 0.21513927246013037 30 nil_vol 0.6 nil_bias 0.76 Home 0.04 0.01 0.001 -0.310293012134385 0.21290663479012162 0.006114947991216068 0.0022326376700087607
-0.31243180129841464 0.21748907027970646 30 nil_vol 0.6 nil_bias 0.76 Home 0.04 0.01 0.001 -0.31202088912474657 0.21763909902881673 -0.0004109121736680504 -0.00015002874911026448
-0.3708326897952693 0.37871812550990347 30 nil_vol 0.6 nil_bias 0.76 Left 0.04 0.01 0.001 -0.4 0.35 0.029167310204730706 0.0287181255099035
-0.36829585788072255 0.34119294498471525 31 nil_vol 0.6 nil_bias 0.76 Left 0.04 0.01 0.001 -0.35842468109893194 0.34480452386158167 -0.009871176781790626 -0.0036115788768664335
-0.3699993991812799 0.3211286118732458 31 nil_vol 0.6 nil_bias 0.76 Left 0.04 0.01 0.001 -0.352151498208069 0.32765864406456063 -0.01784790097321087 -0.0065300321913148215
-0.34833136749612453 0.2949258821725307 31 nil_vol 0.6 nil_bias 0.76 Left 0.04 0.01 0.001 -0.3411383890696012 0.2975575855166456 -0.007192978426523335 -0.002631703344114888
-0.2529654574177263 0.019137570603274173 31 nil_vol 0.6 nil_bias 0.76 Left 0.04 0.01 0.001 -0.24088909794767588 0.023555962223201 -0.01207635947005041 -0.0044183916199268276
-0.06363529454623504 -0.5063318582286885 31 nil_vol 0.6 nil_bias 0.76 Left 0.04 0.01 0.001 -0.04898018550476718 -0.5009699765176877 -0.01465510904146786 -0.0053618817110008725
-0.02813482300329523 -0.5285294786093491 31 nil_vol 0.6 nil_bias 0.76 Left 0.04 0.01 0.001 -0.03762639991057137 -0.5320021728406699 0.009491576907276143 0.0034726942313207617
0.02501734553555066 -0.7095374563854492 31 nil_vol 0.6 nil_bias 0.76 Left 0.04 0.01 0.001 0.027055772502546926 -0.7087916547511781 -0.002038426966996268 -0.0007458016342711249
0.03895993934225032 -0.741328154526201 31 nil_vol 0.6 nil_bias 0.76 Home 0.04 0.01 0.001 0.0 -0.75 0.03895993934225032 0.008671845473798973
0.02309664799894448 -0.6720842772068617 32 nil_vol 0.6 nil_bias 0.76 Home 0.04 0.01 0.001 0.01877822600055562 -0.6733666675538446 0.004318421998388861 0.001282390346982876
-0.09173907554743413 -0.3207979223697787 32 nil_vol 0.6 nil_bias 0.76 Home 0.04 0.01 0.001 -0.08639148733404456 -0.31920991278964767 -0.005347588213389564 -0.001588009580131049
-0.1706312919514546 -0.06624300358452763 32 nil_vol 0.6 nil_bias 0.76 Home 0.04 0.01 0.001 -0.16225106065222641 -0.06375442610700843 -0.008380231299228184 -0.0024885774775192026
-0.235504511322293 0.15279261138110517 32 nil_vol 0.6 nil_bias 0.76 Home 0.04 0.01 0.001 -0.22728158650781563 0.1552344754254218 -0.008222924814477353 -0.0024418640443166265
-0.2124233844768074 0.16679579882650677 32 nil_vol 0.6 nil_bias 0.76 Home 0.04 0.01 0.001 -0.22923251670381414 0.16180419103154964 0.016809132227006748 0.004991607794957139
-0.2742290294668965 0.3203845566396075 32 nil_vol 0.6 nil_bias 0.76 Home 0.04 0.01 0.001 -0.2761544478329658 0.31981278807982527 0.0019254183660692714 0.0005717685597822476
-0.2791330424473656 0.34276230461791474 32 nil_vol 0.6 nil_bias 0.76 Home 0.04 0.01 0.001 -0.2826585947418905 0.3417153633435398 0.0035255522945248753 0.0010469412743749444
-0.2913204274925848 0.37088389941757427 32 nil_vol 0.6 nil_bias 0.76 Left 0.04 0.01 0.001 -0.4 0.35 0.10867957250741525 0.02088389941757431
-0.24389754924383136 0.2271429547818231 33 nil_vol 0.6 nil_bias 0.76 Left 0.04 0.01 0.001 -0.25524208502199247 0.22434980250131137 0.011344535778161097 0.0027931522805117103
-0.1936433021721373 0.037978904320092564 33 nil_vol 0.6 nil_bias 0.76 Left 0.04 0.01 0.001 -0.20845744132696134 0.03433149667175406 0.01481413915482405 0.003647407648338506
-0.18524201096243942 -0.07494114926713796 33 nil_vol 0.6 nil_bias 0.76 Left 0.04 0.01 0.001 -0.18176411695626224 -0.07408485265309472 -0.003477894006177178 -0.0008562966140432446
-0.13041880765168368 -0.2857431988257646 33 nil_vol 0.6 nil_bias 0.76 Left 0.04 0.01 0.001 -0.1296953103702594 -0.2855650656591837 -0.0007234972814242779 -0.00017813316658090824
-0.11264076994385516 -0.336708882374861 33 nil_vol 0.6 nil_bias 0.76 Left 0.04 0.01 0.001 -0.116848080500468 -0.33774476954607935 0.004207310556612837 0.001035887171218304
-0.10502123902722599 -0.37186050361910195 33 nil_vol 0.6 nil_bias 0.76 Left 0.04 0.01 0.001 -0.10825252278442885 -0.37265608201665845 0.003231283757202854 0.0007955783975564833
-0.04001023049609875 -0.5972506542347913 33 nil_vol 0.6 nil_bias 0.76 Left 0.04 0.01 0.001 -0.05221496288624003 -0.6002555965942824 0.012204732390141275 0.003004942359491067
-0.006247223892653098 -0.7869560007549827 33 nil_vol 0.6 nil_bias 0.76 Home 0.04 0.01 0.001 0.0 -0.75 -0.006247223892653098 -0.03695600075498276
-0.021649920695827232 -0.7931177795982245 34 nil_vol 0.6 nil_bias 0.76 Home 0.04 0.01 0.001 -0.007500416310890858 -0.7848192344534575 -0.014149504384936375 -0.008298545144766994
-0.032562870174726664 -0.7414873285426394 34 nil_vol 0.6 nil_bias 0.76 Home 0.04 0.01 0.001 -0.03282424695135833 -0.7416406234511862 0.00026137677663165966 0.00015329490854680983
-0.01786460588166172 -0.7169822435964736 34 nil_vol 0.6 nil_bias 0.76 Home 0.04 0.01 0.001 -0.03975610845822832 -0.7298213945289843 0.0218915025765666 0.012839150932510757
-0.062234287456263346 -0.7045230771100829 34 nil_vol 0.6 nil_bias 0.76 Home 0.04 0.01 0.001 -0.056548921993461725 -0.7011886661883981 -0.005685365462801622 -0.0033344109216847675
-0.22559681783994934 -0.4071267038386797 34 nil_vol 0.6 nil_bias 0.76 Home 0.04 0.01 0.001 -0.22813895108406557 -0.408617639981487 0.0025421332441162427 0.0014909361428072714
-0.37532532688001224 -0.17780770451499572 34 nil_vol 0.6 nil_bias 0.76 Home 0.04 0.01 0.001 -0.3665315199734547 -0.1726502232617214 -0.00879380690655759 -0.005157481253274307
-0.3928227081235377 -0.16761929413738808 34 nil_vol 0.6 nil_bias 0.76 Home 0.04 0.01 0.001 -0.3754558135247367 -0.15743378127900198 -0.01736689459880096 -0.010185512858386094
-0.403347575164125 -0.10987669787035281 34 nil_vol 0.6 nil_bias 0.76 Left 0.04 0.01 0.001 -0.4 0.35 -0.0033475751641249977 -0.4598766978703528
-0.36896944364085527 -0.17736153607235647 35 nil_vol 0.6 nil_bias 0.76 Left 0.04 0.01 0.001 -0.36481354504623514 -0.1748986202470728 -0.004155898594620143 -0.002462915825283649
-0.24691495272881112 -0.3967352401679862 35 nil_vol 0.6 nil_bias 0.76 Left 0.04 0.01 0.001 -0.2368730454562784 -0.39078409103033207 -0.010041907272532707 -0.005951149137654153
-0.2342370403303372 -0.4014618547969069 35 nil_vol 0.6 nil_bias 0.76 Left 0.04 0.01 0.001 -0.2315046987645877 -0.39984258350595764 -0.0027323415657494886 -0.001619271290949247
-0.10699454223141865 -0.6171523931722253 35 nil_vol 0.6 nil_bias 0.76 Left 0.04 0.01 0.001 -0.10383112214836254 -0.6152776512344251 -0.0031634200830561086 -0.0018747419378001304
-0.0792422724703763 -0.6791386982791471 35 nil_vol 0.6 nil_bias 0.76 Left 0.04 0.01 0.001 -0.06943092529126438 -0.6733241862826157 -0.009811347179111923 -0.005814511996531409
-0.05543369864454383 -0.692224780403943 35 nil_vol 0.6 nil_bias 0.76 Left 0.04 0.01 0.001 -0.05750305715442644 -0.6934511471465706 0.002069358509882611 0.0012263667426276835
-0.013084960354561475 -0.742343937312413 35 nil_vol 0.6 nil_bias 0.76 Left 0.04 0.01 0.001 -0.024513734703862256 -0.7491169873682846 0.01142877434930078 0.006773050055871617
-0.023394049474432587 -0.7510063326003198 35 nil_vol 0.6 nil_bias 0.76 Home 0.04 0.01 0.001 0.0 -0.75 -0.023394049474432587 -0.0010063326003197737
-0.021983182846921474 -0.7451110751088981 36 nil_vol 0.6 nil_bias 0.76 Home 0.04 0.01 0.001 -0.023738364324523826 -0.7452154345787229 0.0017551814776023528 0.00010435946982484017
-0.03703741308166967 -0.5836839724348527 36 nil_vol 0.6 nil_bias 0.76 Home 0.04 0.01 0.001 -0.033355707569660026 -0.5834650658202447 -0.0036817055120096425 -0.0002189066146079543
-0.046724503963969335 -0.2124182384826818 36 nil_vol 0.6 nil_bias 0.76 Home 0.04 0.01 0.001 -0.055386763256019544 -0.21293327855046928 0.008662259292050205 0.0005150400677874855
-0.06716449113339425 -0.14910380807372553 36 nil_vol 0.6 nil_bias 0.76 Home 0.04 0.01 0.001 -0.05921005279277271 -0.1486308535795181 -0.007954438340621534 -0.0004729544942074153
-0.0818089477108123 0.2018895166420932 36 nil_vol 0.6 nil_bias 0.76 Home 0.04 0.01 0.001 -0.08005746283418697 0.20199365631964983 -0.0017514848766253456 -0.0001041396775566119
-0.09880426900237707 0.4851109700887651 36 nil_vol 0.6 nil_bias 0.76 Home 0.04 0.01 0.001 -0.0968977741856848 0.48522432633758195 -0.0019064948166922584 -0.00011335624881684498
-0.09444921639435046 0.49309804915131417 36 nil_vol 0.6 nil_bias 0.76 Home 0.04 0.01 0.001 -0.09735565452658114 0.49292523833577806 0.0029064381322306838 0.00017281081553608476
-0.09905956162101826 0.5215825913937313 36 nil_vol 0.6 nil_bias 0.76 Left 0.04 0.01 0.001 -0.4 0.35 0.30094043837898177 0.17158259139373133
-0.08301630076263258 0.15739477784926056 37 nil_vol 0.6 nil_bias 0.76 Left 0.04 0.01 0.001 -0.0735544936047832 0.15805862413410565 -0.009461807157849389 -0.0006638462848450838
-0.060736095490072764 0.023631519091610393 37 nil_vol 0.6 nil_bias 0.76 Left 0.04 0.01 0.001 -0.06410641373227846 0.023395055464048742 0.003370318242205695 0.00023646362756165126
-0.051704315887666795 -0.09178433658598736 37 nil_vol 0.6 nil_bias 0.76 Left 0.04 0.01 0.001 -0.056004189645409916 -0.09208601840762676 0.004299873757743119 0.00030168182163939176
-0.06071342053558782 -0.10195663589776384 37 nil_vol 0.6 nil_bias 0.76 Left 0.04 0.01 0.001 -0.055338120955130514 -0.10157950153041884 -0.005375299580457307 -0.0003771343673449999
-0.038138021723793665 -0.22488726837714962 37 nil_vol 0.6 nil_bias 0.76 Left 0.04 0.01 0.001 -0.046644896013705826 -0.22548411597706264 0.00850687428991216 0.0005968475999130313
-0.02599774588876758 -0.35882901418710766 37 nil_vol 0.6 nil_bias 0.76 Left 0.04 0.01 0.001 -0.03723402415614405 -0.35961735847048226 0.011236278267376467 0.0007883442833745986
-0.009885162988379341 -0.6711628765914189 37 nil_vol 0.6 nil_bias 0.76 Left 0.04 0.01 0.001 -0.015348901191312464 -0.6715462158676135 0.005463738202933123 0.0003833392761946463
-0.009460097169059354 -0.7554793933530147 37 nil_vol 0.6 nil_bias 0.76 Home 0.04 0.01 0.001 0.0 -0.75 -0.009460097169059354 -0.005479393353014725
-0.01015551695125001 -0.7232286019940123 38 nil_vol 0.6 nil_bias 0.76 Home 0.04 0.01 0.001 -0.012614395571070285 -0.7234709139389474 0.0024588786198202752 0.00024231194493510533
-0.05179368866689845 -0.40123518798252034 38 nil_vol 0.6 nil_bias 0.76 Home 0.04 0.01 0.001 -0.044440750969622286 -0.4005105874999866 -0.007352937697276165 -0.0007246004825337295
-0.07862578254339656 0.021547954391130237 38 nil_vol 0.6 nil_bias 0.76 Home 0.04 0.01 0.001 -0.08596157086431593 0.02082504390610429 0.007335788320919375 0.0007229104850259462
-0.1182273768130753 0.18002539828445274 38 nil_vol 0.6 nil_bias 0.76 Home 0.04 0.01 0.001 -0.10180952119941929 0.1816433075595757 -0.016417855613656007 -0.0016179092751229431
-0.11085532969053603 0.24232526794587866 38 nil_vol 0.6 nil_bias 0.76 Home 0.04 0.01 0.001 -0.10781895522067689 0.24262448963067929 -0.0030363744698591495 -0.00029922168480062974
-0.12806397383390783 0.33536880002700964 38 nil_vol 0.6 nil_bias 0.76 Home 0.04 0.01 0.001 -0.11706532010361087 0.3364526701926914 -0.010998653730296964 -0.0010838701656817884
-0.13844298396118582 0.475690386849552 38 nil_vol 0.6 nil_bias 0.76 Home 0.04 0.01 0.001 -0.13086023806137181 0.47643763394508654 -0.007582745899813994 -0.0007472470955345177
-0.13767214920154386 0.5455620127171296 38 nil_vol 0.6 nil_bias 0.76 Left 0.04 0.01 0.001 -0.4 0.35 0.26232785079845616 0.19556201271712959
-0.09754802773310466 0.28778371968309413 39 nil_vol 0.6 nil_bias 0.76 Left 0.04 0.01 0.001 -0.1070510998302931 0.28665976636108864 0.009503072097188443 0.0011239533220055165
-0.10638499196711194 0.22573390530588985 39 nil_vol 0.6 nil_bias 0.76 Left 0.04 0.01 0.001 -0.09993545683240612 0.22649670878311368 -0.006449535134705827 -0.0007628034772238102
-0.08391389070109578 0.1415405048161214 39 nil_vol 0.6 nil_bias 0.76 Left 0.04 0.01 0.001 -0.08980505517366599 0.14084374130515265 0.005891164472570207 0.0006967635109687478
-0.0804598281264307 0.10970120932717947 39 nil_vol 0.6 nil_bias 0.76 Left 0.04 0.01 0.001 -0.08604363739772261 0.10904079752395107 0.005583809271291911 0.0006604118032284036
-0.058426515422360256 -0.04076668866945515 39 nil_vol 0.6 nil_bias 0.76 Left 0.04 0.01 0.001 -0.06818895113786516 -0.0419213176085067 0.009762435715504909 0.0011546289390515461
-0.020897819044261346 -0.5864424431610858 39 nil_vol 0.6 nil_bias 0.76 Left 0.04 0.01 0.001 -0.00402305715616183 -0.5844466207061775 -0.016874761888099516 -0.0019958224549083345
0.004503093285015659 -0.7045980321021867 39 nil_vol 0.6 nil_bias 0.76 Left 0.04 0.01 0.001 0.010109146370604699 -0.7039349894645589 -0.00560605308558904 -0.0006630426376278109
0.017606886159962615 -0.7673286913107261 39 nil_vol 0.6 nil_bias 0.76 Home 0.04 0.01 0.001 0.0 -0.75 0.017606886159962615 -0.017328691310726067
0.03733270765481555 -0.49816495034493125 40 nil_vol 0.6 nil_bias 0.76 Home 0.04 0.01 0.001 0.028139822692453846 -0.4978056931590026 0.009192884962361703 -0.0003592571859286794
0.034938958363667796 -0.45440323770184504 40 nil_vol 0.6 nil_bias 0.76 Home 0.04 0.01 0.001 0.029843768648372224 -0.45420411810811745 0.005095189715295573 -0.00019911959372757943
0.03036939189092509 -0.2938605478701867 40 nil_vol 0.6 nil_bias 0.76 Home 0.04 0.01 0.001 0.036101228255651624 -0.29408454756245156 -0.005731836364726534 0.000223999692264865
0.052794158394032356 -0.07079849749828565 40 nil_vol 0.6 nil_bias 0.76 Home 0.04 0.01 0.001 0.044839377530509476 -0.0704876253183977 0.007954780863522882 -0.0003108721798879503
0.04497016616439138 -0.04778213206077766 40 nil_vol 0.6 nil_bias 0.76 Home 0.04 0.01 0.001 0.0457255526773834 -0.04781165250338704 -0.0007553865129920186 2.9520442609375575e-05
0.051094706567539214 0.17765264465130648 40 nil_vol 0.6 nil_bias 0.76 Home 0.04 0.01 0.001 0.05453143010819819 0.1775183377788625 -0.0034367235406589794 0.00013430687244396882
0.06231173965515463 0.24723878643770095 40 nil_vol 0.6 nil_bias 0.76 Home 0.04 0.01 0.001 0.05726380889148087 0.24743605915549793 0.005047930763673766 -0.000197272717796998
0.06099879722645374 0.34300914563506735 40 nil_vol 0.6 nil_bias 0.76 Right 0.04 0.01 0.001 0.4 0.35 -0.3390012027735463 -0.006990854364932653
0.06660535191328738 0.31696584790721494 41 nil_vol 0.6 nil_bias 0.76 Right 0.04 0.01 0.001 0.05960470679631252 0.3173461437275385 0.007000645116974855 -0.0003802958203235878
0.04548046258225032 0.1647090492280125 41 nil_vol 0.6 nil_bias 0.76 Right 0.04 0.01 0.001 0.05129584569627931 0.16439314035748812 -0.005815383114028994 0.00031590887052438776
0.033335835221819654 -0.043441983979499 41 nil_vol 0.6 nil_bias 0.76 Right 0.04 0.01 0.001 0.03998600036133667 -0.043803240687239786 -0.006650165139517013 0.00036125670774078645
0.030746099008453286 -0.10335316883594214 41 nil_vol 0.6 nil_bias 0.76 Right 0.04 0.01 0.001 0.03673340307946099 -0.10367841696310254 -0.005987304071007704 0.0003252481271603944
0.02797544004456501 -0.30376008468550736 41 nil_vol 0.6 nil_bias 0.76 Right 0.04 0.01 0.001 0.025870584453211103 -0.3036457426826774 0.0021048555913539043 -0.00011434200282995129
0.004798187277164848 -0.6826111228255985 41 nil_vol 0.6 nil_bias 0.76 Right 0.04 0.01 0.001 0.005282630668179598 -0.6826374392284026 -0.00048444339101475045 2.6316402804018446e-05
-0.0020363865652131812 -0.7088489939538155 41 nil_vol 0.6 nil_bias 0.76 Right 0.04 0.01 0.001 0.0038413959736871076 -0.7091682925462973 -0.005877782538900289 0.00031929859248181267
0.0011365110924288322 -0.7589609490100143 41 nil_vol 0.6 nil_bias 0.76 Home 0.04 0.01 0.001 0.0 -0.75 0.0011365110924288322 -0.00896094901001437
0.006165499744055131 -0.757354627783414 42 nil_vol 0.6 nil_bias 0.76 Home 0.04 0.01 0.001 0.0010830491477985785 -0.7575467652560774 0.0050824505962565525 0.00019213747266339084
0.008385887475112071 -0.6653393096701834 42 nil_vol 0.6 nil_bias 0.76 Home 0.04 0.01 0.001 -0.0023873741546645458 -0.6657465831345653 0.010773261629776617 0.0004072734643818022
-0.03368220389587486 -0.20072183753213999 42 nil_vol 0.6 nil_bias 0.76 Home 0.04 0.01 0.001 -0.01998678913208709 -0.2002040946972703 -0.013695414763787774 -0.0005177428348697017
-0.013917101546327302 -0.07103219177599007 42 nil_vol 0.6 nil_bias 0.76 Home 0.04 0.01 0.001 -0.02485438570037925 -0.07144566596434887 0.010937284154051949 0.0004134741883588033
-0.02514935420715623 0.055489703437662026 42 nil_vol 0.6 nil_bias 0.76 Home 0.04 0.01 0.001 -0.029646635860564898 0.05531968775047014 0.004497281653408668 0.00017001568719188768
-0.036488429724075025 0.16652993772749083 42 nil_vol 0.6 nil_bias 0.76 Home 0.04 0.01 0.001 -0.03385460345001819 0.16662950716041447 -0.0026338262740568316 -9.956943292364671e-05
-0.03310933838773008 0.20590871746994985 42 nil_vol 0.6 nil_bias 0.76 Home 0.04 0.01 0.001 -0.0353363359469573 0.20582452783061078 0.0022269975592272197 8.418963933906559e-05
-0.04739996880490849 0.5249336384169107 42 nil_vol 0.6 nil_bias 0.76 Left 0.04 0.01 0.001 -0.4 0.35 0.35260003119509153 0.17493363841691065
-0.06007978415883436 0.20184749546074404 43 nil_vol 0.6 nil_bias 0.76 Left 0.04 0.01 0.001 -0.039259342858234514 0.2023729513872975 -0.020820441300599842 -0.0005254559265534581
-0.02828298503976626 -0.11084466945958985 43 nil_vol 0.6 nil_bias 0.76 Left 0.04 0.01 0.001 -0.03135255745458447 -0.11092213779919247 0.00306957241481821 7.746833960261783e-05
-0.02801838110977015 -0.25124112075612953 43 nil_vol 0.6 nil_bias 0.76 Left 0.04 0.01 0.001 -0.027811388697809525 -0.2512358967847427 -0.00020699241196062428 -5.223971386868317e-06
-0.028245777776325524 -0.37327167797420424 43 nil_vol 0.6 nil_bias 0.76 Left 0.04 0.01 0.001 -0.024733747362906486 -0.37318304310002826 -0.0035120304134190396 -8.863487417597913e-05
-0.029408582371756833 -0.5419896774417564 43 nil_vol 0.6 nil_bias 0.76 Left 0.04 0.01 0.001 -0.020479177030194542 -0.5417643215576241 -0.00892940534156229 -0.00022535588413233264
-0.017223844026023016 -0.608957628424047 43 nil_vol 0.6 nil_bias 0.76 Left 0.04 0.01 0.001 -0.018782393132526217 -0.608996962310059 0.0015585491065032027 3.933388601196991e-05
-0.023097057968365486 -0.6383791538045962 43 nil_vol 0.6 nil_bias 0.76 Left 0.04 0.01 0.001 -0.018044078421170645 -0.6382516292237531 -0.00505297954719484 -0.0001275245808430796
-0.01646318931434133 -0.7008921042630022 43 nil_vol 0.6 nil_bias 0.76 Home 0.04 0.01 0.001 0.0 -0.75 -0.01646318931434133 0.0491078957369978
-0.028125125918625468 -0.6790459408954085 44 nil_vol 0.6 nil_bias 0.76 Home 0.04 0.01 0.001 -0.024794263676568014 -0.6778420536875238 -0.0033308622420574535 -0.0012038872078846978
-0.10490398568879797 -0.4429816323408448 44 nil_vol 0.6 nil_bias 0.76 Home 0.04 0.01 0.001 -0.10912890835253589 -0.4445086634755922 0.0042249226637379195 0.0015270311347473885
-0.11573465365710758 -0.4237516459029395 44 nil_vol 0.6 nil_bias 0.76 Home 0.04 0.01 0.001 -0.11652761428427658 -0.4240382489162227 0.0007929606271689935 0.000286603013283223
-0.25800650824931637 -0.05707573513747957 44 nil_vol 0.6 nil_bias 0.76 Home 0.04 0.01 0.001 -0.250182471427133 -0.05424786140397231 -0.007824036822183356 -0.002827873733507263
-0.27054727765643993 -0.05476285042520909 44 nil_vol 0.6 nil_bias 0.76 Home 0.04 0.01 0.001 -0.25237081231285957 -0.04819325597143809 -0.01817646534358034 -0.0065695944537710075
-0.29492575080260125 0.03655515176350614 44 nil_vol 0.6 nil_bias 0.76 Home 0.04 0.01 0.001 -0.28437948447411165 0.04036693207777431 -0.010546266328489583 -0.003811780314268165
-0.4025030121176534 0.3569274158094084 44 nil_vol 0.6 nil_bias 0.76 Home 0.04 0.01 0.001 -0.3992236387379328 0.3581126931865012 -0.0032793733797205444 -0.0011852773770927609
-0.4521551833593623 0.5045613656523229 44 nil_vol 0.6 nil_bias 0.76 Left 0.04 0.01 0.001 -0.4 0.35 -0.05215518335936227 0.15456136565232292
-0.42959001300158284 0.423196081233497 45 nil_vol 0.6 nil_bias 0.76 Left 0.04 0.01 0.001 -0.4240556634906479 0.42515450862716214 -0.005534349510934982 -0.0019584273936651547
-0.3647473863256519 0.2066576196719348 45 nil_vol 0.6 nil_bias 0.76 Left 0.04 0.01 0.001 -0.34874103059813233 0.21232175155727856 -0.01600635572751958 -0.005664131885343764
-0.23104643749058232 -0.09956855371576616 45 nil_vol 0.6 nil_bias 0.76 Left 0.04 0.01 0.001 -0.23755776929077943 -0.10187270356057687 0.006511331800197122 0.002304149844810714
-0.2023598492681142 -0.18707765389644723 45 nil_vol 0.6 nil_bias 0.76 Left 0.04 0.01 0.001 -0.2068448672191826 -0.18866475677079542 0.004485017951068408 0.0015871028743481767
-0.13155329194209306 -0.42923346121055006 45 nil_vol 0.6 nil_bias 0.76 Left 0.04 0.01 0.001 -0.12281020842080015 -0.42613956657318197 -0.0087430835212929 -0.0030938946373680835
-0.0656269119509599 -0.5771796543575252 45 nil_vol 0.6 nil_bias 0.76 Left 0.04 0.01 0.001 -0.06894633752652002 -0.5783542917680402 0.003319425575560112 0.0011746374105150042
-0.022878485726877645 -0.6592376449887198 45 nil_vol 0.6 nil_bias 0.76 Left 0.04 0.01 0.001 -0.03838284177189927 -0.6647241354136042 0.015504356045021624 0.005486490424884373
-0.006327371206064753 -0.7553101731817979 45 nil_vol 0.6 nil_bias 0.76 Home 0.04 0.01 0.001 0.0 -0.75 -0.006327371206064753 -0.0053101731817979374
-0.06921871198406532 -0.5845147516553072 46 nil_vol 0.6 nil_bias 0.76 Home 0.04 0.01 0.001 -0.08030008849063053 -0.5894571986245724 0.01108137650656521 0.004942446969265198
-0.1744245972970997 -0.4417897607935506 46 nil_vol 0.6 nil_bias 0.76 Home 0.04 0.01 0.001 -0.1508512179719911 -0.43127570803740656 -0.023573379325108595 -0.01051405275614405
-0.2188988118430308 -0.3097800692816654 46 nil_vol 0.6 nil_bias 0.76 Home 0.04 0.01 0.001 -0.20733943773031627 -0.3046244287783271 -0.011559374112714538 -0.005155640503338253
-0.256198114706337 -0.19806255190762892 46 nil_vol 0.6 nil_bias 0.76 Home 0.04 0.01 0.001 -0.25508828343443335 -0.19756755183223518 -0.0011098312719036967 -0.0004950000753937371
-0.24960100817831785 -0.17917374039443681 46 nil_vol 0.6 nil_bias 0.76 Home 0.04 0.01 0.001 -0.26102051422572814 -0.18426699780890066 0.011419506047410306 0.005093257414463841
-0.270635045987773 -0.18038064041859836 46 nil_vol 0.6 nil_bias 0.76 Home 0.04 0.01 0.001 -0.26406153983191943 -0.17744876588494307 -0.006573506155853583 -0.0029318745336552997
-0.31278776837731714 -0.03693280001095476 46 nil_vol 0.6 nil_bias 0.76 Home 0.04 0.01 0.001 -0.3244196838981338 -0.04212079498419197 0.011631915520816678 0.005187994973237209
-0.48945703661558626 0.32790665386485257 46 nil_vol 0.6 nil_bias 0.76 Left 0.04 0.01 0.001 -0.4 0.35 -0.08945703661558627 -0.022093346135147404
-0.4602228358098804 0.23498549131821242 47 nil_vol 0.6 nil_bias 0.76 Left 0.04 0.01 0.001 -0.44867384902020047 0.24036589346005072 -0.011548986789679942 -0.005380402141838302
-0.42016285435889916 0.2056698545975943 47 nil_vol 0.6 nil_bias 0.76 Left 0.04 0.01 0.001 -0.4303078898238883 0.2009435204577346 0.01014503546498913 0.004726334139859706
-0.41961716108630637 0.18497318354694525 47 nil_vol 0.6 nil_bias 0.76 Left 0.04 0.01 0.001 -0.4222880023727663 0.18372890121812482 0.0026708412864599406 0.0012442823288204205
-0.3519997729171978 0.02233024387096809 47 nil_vol 0.6 nil_bias 0.76 Left 0.04 0.01 0.001 -0.3479706394349171 0.02420732268425302 -0.0040291334822807464 -0.001877078813284929
-0.29693846340691105 -0.10053964648295927 47 nil_vol 0.6 nil_bias 0.76 Left 0.04 0.01 0.001 -0.2911173677875029 -0.0978277345283542 -0.005821095619408124 -0.002711911954605067
-0.16260343137619807 -0.3767414580252911 47 nil_vol 0.6 nil_bias 0.76 Left 0.04 0.01 0.001 -0.16143220758532112 -0.3761958123242641 -0.0011712237908769326 -0.0005456457010269783
0.0012977481078171333 -0.7044787212412448 47 nil_vol 0.6 nil_bias 0.76 Left 0.04 0.01 0.001 -0.006746883417962424 -0.7082265264366132 0.008044631525779557 0.003747805195368465
0.017291186003073524 -0.7598240351124429 47 nil_vol 0.6 nil_bias 0.76 Home 0.04 0.01 0.001 0.0 -0.75 0.017291186003073524 -0.009824035112442899
-0.152422659102664 -0.40794289356979 48 nil_vol 0.6 nil_bias 0.76 Home 0.04 0.01 0.001 -0.1560122180563958 -0.40971974349895524 0.003589558953731796 0.001776849929165227
-0.2933833546472421 -0.19800395376964566 48 nil_vol 0.6 nil_bias 0.76 Home 0.04 0.01 0.001 -0.2672227451900204 -0.18505431910417847 -0.026160609457221658 -0.012949634665467209
-0.2726916982872409 -0.1639232508423435 48 nil_vol 0.6 nil_bias 0.76 Home 0.04 0.01 0.001 -0.2767004635209688 -0.16590761001108878 0.0040087652337279 0.0019843591687452914
-0.2860732965510776 -0.1541928292667481 48 nil_vol 0.6 nil_bias 0.76 Home 0.04 0.01 0.001 -0.2832027175950881 -0.152771878091309 -0.002870578955989521 -0.0014209511754391085
-0.2898744242054108 -0.1535494063996051 48 nil_vol 0.6 nil_bias 0.76 Home 0.04 0.01 0.001 -0.28420661950124965 -0.15074381425947847 -0.005667804704161151 -0.002805592140126626
-0.41509424305819326 0.061288906470030755 48 nil_vol 0.6 nil_bias 0.76 Home 0.04 0.01 0.001 -0.3942671559389007 0.07159842046593823 -0.02082708711929253 -0.010309513995907474
-0.4705077238422329 0.2201809841300129 48 nil_vol 0.6 nil_bias 0.76 Home 0.04 0.01 0.001 -0.4683459739096316 0.22125106133563233 -0.0021617499326012654 -0.001070077205619421
-0.6236618410854636 0.5350172677701566 48 nil_vol 0.6 nil_bias 0.76 Left 0.04 0.01 0.001 -0.4 0.35 -0.2236618410854636 0.18501726777015653
-0.626946639639024 0.5132444349439265 49 nil_vol 0.6 nil_bias 0.76 Left 0.04 0.01 0.001 -0.6157384539382293 0.5186804139622767 -0.011208185700794597 -0.005435979018350294
-0.5651159860782908 0.42255055073252024 49 nil_vol 0.6 nil_bias 0.76 Left 0.04 0.01 0.001 -0.568353780725393 0.42098021774221955 0.003237794647102115 0.00157033299030067
-0.5318439391920554 0.3372288118159878 49 nil_vol 0.6 nil_bias 0.76 Left 0.04 0.01 0.001 -0.528516889734492 0.3388424334606619 -0.003327049457563464 -0.001613621644674083
-0.33816190442802146 -0.07580253019176965 49 nil_vol 0.6 nil_bias 0.76 Left 0.04 0.01 0.001 -0.32946053702168787 -0.07158236004876128 -0.00870136740633362 -0.004220170143008368
-0.1336513124936259 -0.4574833748092269 49 nil_vol 0.6 nil_bias 0.76 Left 0.04 0.01 0.001 -0.14065159072196814 -0.46087851534202384 0.007000278228342228 0.003395140532796932
-0.10338646953155285 -0.5132677462061119 49 nil_vol 0.6 nil_bias 0.76 Left 0.04 0.01 0.001 -0.11298495963136246 -0.5179230215721071 0.009598490099809611 0.004655275365995141
-0.012338300120121652 -0.7813200033928404 49 nil_vol 0.6 nil_bias 0.76 Left 0.04 0.01 0.001 0.009601888979978712 -0.7706789941527519 -0.021940189100100364 -0.010641009240088525
0.010195024350673427 -0.7719019516656512 49 nil_vol 0.6 nil_bias 0.76 Home 0.04 0.01 0.001 0.0 -0.75 0.010195024350673427 -0.02190195166565122
0.01130580970148788 -0.6715734270542195 50 nil_vol 0.6 nil_bias 0.76 Home 0.04 0.01 0.001 0.016335772189141895 -0.6718822435049134 -0.005029962487654015 0.0003088164506939011
0.02914209046496804 -0.5317546747365197 50 nil_vol 0.6 nil_bias 0.76 Home 0.04 0.01 0.001 0.024954741073222445 -0.5314975908357654 0.0041873493917455925 -0.00025708390075434824
0.021428359713548586 -0.4252997744143749 50 nil_vol 0.6 nil_bias 0.76 Home 0.04 0.01 0.001 0.031437069451260874 -0.4259142629368663 -0.010008709737712288 0.0006144885224914223
0.05797062063615667 -0.31117698809352573 50 nil_vol 0.6 nil_bias 0.76 Home 0.04 0.01 0.001 0.03855459448990488 -0.3099849338196057 0.01941602614625179 -0.0011920542739200432
0.06634639271228873 0.03416414368959948 50 nil_vol 0.6 nil_bias 0.76 Home 0.04 0.01 0.001 0.05970877713714196 0.034571662610072273 0.006637615575146771 -0.0004075189204727879
0.07249560127737706 0.08309169513005835 50 nil_vol 0.6 nil_bias 0.76 Home 0.04 0.01 0.001 0.0627245139610418 0.08369159473405285 0.009771087316335265 -0.0005998996039945036
0.05067355365119199 0.17755283154790594 50 nil_vol 0.6 nil_bias 0.76 Home 0.04 0.01 0.001 0.06842026579663231 0.1764632654388757 -0.017746712145440317 0.0010895661090302349
0.07548411192231164 0.2915182793505062 50 nil_vol 0.6 nil_bias 0.76 Right 0.04 0.01 0.001 0.4 0.35 -0.3245158880776884 -0.05848172064949373
0.045954791102994684 0.007301922489830474 51 nil_vol 0.6 nil_bias 0.76 Right 0.04 0.01 0.001 0.05805565271957967 0.0065618116416778505 -0.012100861616584987 0.0007401108481526234
0.040480146196978935 -0.15056872339716873 51 nil_vol 0.6 nil_bias 0.76 Right 0.04 0.01 0.001 0.048415576938008645 -0.151054068867788 -0.007935430741029708 0.00048534547061925335
0.05075228715834055 -0.17924506759159559 51 nil_vol 0.6 nil_bias 0.76 Right 0.04 0.01 0.001 0.04670649821395006 -0.17899761973358724 0.004045788944390492 -0.000247447858008345
0.04240040189300359 -0.38292870366361204 51 nil_vol 0.6 nil_bias 0.76 Right 0.04 0.01 0.001 0.034264135703733226 -0.3824310747293316 0.00813626618927037 -0.0004976289342804514
0.014968958291573738 -0.584395406886952 51 nil_vol 0.6 nil_bias 0.76 Right 0.04 0.01 0.001 0.02188575329970563 -0.5848184507314457 -0.006916795008131892 0.00042304384449369704
-0.0010074979331317364 -0.7043225825126757 51 nil_vol 0.6 nil_bias 0.76 Right 0.04 0.01 0.001 0.014518582349334813 -0.705272186004595 -0.01552608028246655 0.0009496034919193589
0.016105099407459432 -0.7416352944413214 51 nil_vol 0.6 nil_bias 0.76 Right 0.04 0.01 0.001 0.012308749342118688 -0.7414031027217753 0.0037963500653407454 -0.00023219171954604536
0.012061190579221028 -0.745450704968486 51 nil_vol 0.6 nil_bias 0.76 Home 0.04 0.01 0.001 0.0 -0.75 0.012061190579221028 0.004549295031513968
0.06716739060568835 -0.5972173465106875 52 nil_vol 0.6 nil_bias 0.76 Home 0.04 0.01 0.001 0.07582289098619414 -0.6010389852474916 -0.008655500380505785 0.0038216387368041204
0.07898134389122217 -0.6010608427589728 52 nil_vol 0.6 nil_bias 0.76 Home 0.04 0.01 0.001 0.07633009194416789 -0.5998902429442341 0.0026512519470542877 -0.001170599814738607
0.12596665023296105 -0.4753393310243975 52 nil_vol 0.6 nil_bias 0.76 Home 0.04 0.01 0.001 0.13044890663796635 -0.47731836908720393 -0.004482256405005286 0.001979038062806441
0.19941081218712978 -0.32467237472787913 52 nil_vol 0.6 nil_bias 0.76 Home 0.04 0.01 0.001 0.19810150725957118 -0.3240942810060285 0.0013093049275585923 -0.0005780937218506642
0.32810704006342445 -0.027133143677158477 52 nil_vol 0.6 nil_bias 0.76 Home 0.04 0.01 0.001 0.3290366909676568 -0.02754360982598114 -0.0009296509042323458 0.0004104661488226638
0.4967375982488844 0.35829454380520853 52 nil_vol 0.6 nil_bias 0.76 Home 0.04 0.01 0.001 0.49896123583086016 0.3573127473582889 -0.002223637581975765 0.000981796446919624
0.5059720955718269 0.37825347512480784 52 nil_vol 0.6 nil_bias 0.76 Home 0.04 0.01 0.001 0.5078425067928533 0.37742763771948273 -0.001870411221026332 0.0008258374053251013
0.5106030026600233 0.38367979148759535 52 nil_vol 0.6 nil_bias 0.76 Right 0.04 0.01 0.001 0.4 0.35 0.11060300266002335 0.03367979148759538
0.4786605426630763 0.3023604061569759 53 nil_vol 0.6 nil_bias 0.76 Right 0.04 0.01 0.001 0.47676347935996227 0.3031576492012447 0.0018970633031140263 -0.0007972430442688284
0.29053170482735147 -0.07679293649568211 53 nil_vol 0.6 nil_bias 0.76 Right 0.04 0.01 0.001 0.31310254709699936 -0.08627835902914621 -0.022570842269647867 0.009485422533464098
0.3075661390654769 -0.09699846555755538 53 nil_vol 0.6 nil_bias 0.76 Right 0.04 0.01 0.001 0.30844261468223044 -0.09736680544783788 -0.0008764756167535251 0.0003683398902825009
0.2482956208826205 -0.277099361547075 53 nil_vol 0.6 nil_bias 0.76 Right 0.04 0.01 0.001 0.23521923449881538 -0.2716039950658682 0.013076386383805112 -0.0054953664812067825
0.10294241624984424 -0.6038259196510082 53 nil_vol 0.6 nil_bias 0.76 Right 0.04 0.01 0.001 0.09670430605767277 -0.6012043466376419 0.006238110192171464 -0.0026215730133662576
0.09523339585129534 -0.6103861898062831 53 nil_vol 0.6 nil_bias 0.76 Right 0.04 0.01 0.001 0.09320403362125956 -0.6095333479851682 0.002029362230035776 -0.0008528418211148402
0.04125494236279044 -0.7287375494611366 53 nil_vol 0.6 nil_bias 0.76 Right 0.04 0.01 0.001 0.04283013403888558 -0.7293995255823844 -0.0015751916760951385 0.0006619761212478231
0.040494202113084715 -0.7349579443943959 53 nil_vol 0.6 nil_bias 0.76 Home 0.04 0.01 0.001 0.0 -0.75 0.040494202113084715 0.015042055605604088
-0.02977029007821313 -0.6037736549829344 54 nil_vol 0.6 nil_bias 0.76 Home 0.04 0.01 0.001 -0.03561288912287687 -0.6072556859506422 0.005842599044663744 0.0034820309677077235
-0.051199014580217694 -0.5505941957190433 54 nil_vol 0.6 nil_bias 0.76 Home 0.04 0.01 0.001 -0.06461608055983037 -0.5585904040639338 0.013417065979612678 0.007996208344890435
-0.06536669858760037 -0.5285578751934454 54 nil_vol 0.6 nil_bias 0.76 Home 0.04 0.01 0.001 -0.07802030121245634 -0.5360990800332774 0.012653602624855976 0.007541204839832035
-0.09884093458575877 -0.4854601260883953 54 nil_vol 0.6 nil_bias 0.76 Home 0.04 0.01 0.001 -0.10574687128645688 -0.48957587753206533 0.006905936700698112 0.0041157514436700625
-0.20052345042816175 -0.3159907435449374 54 nil_vol 0.6 nil_bias 0.76 Home 0.04 0.01 0.001 -0.2069251392070801 -0.31980597686891155 0.006401688778918369 0.0038152333239741764
-0.28674315233213576 -0.22340053580154867 54 nil_vol 0.6 nil_bias 0.76 Home 0.04 0.01 0.001 -0.2702413470914702 -0.21356590631014805 -0.01650180524066558 -0.00983462949140062
-0.38842636655336504 -0.04133658883330634 54 nil_vol 0.6 nil_bias 0.76 Home 0.04 0.01 0.001 -0.37695854484827096 -0.034502077342096094 -0.011467821705094082 -0.006834511491210249
-0.5674398265123708 0.2851118963985334 54 nil_vol 0.6 nil_bias 0.76 Left 0.04 0.01 0.001 -0.4 0.35 -0.16743982651237077 -0.06488810360146655
-0.45233622859489503 0.06470985153821981 55 nil_vol 0.6 nil_bias 0.76 Left 0.04 0.01 0.001 -0.4412091915782595 0.07127838679805604 -0.011127037016635533 -0.0065685352598362215
-0.4196952017270224 0.032486244179716225 55 nil_vol 0.6 nil_bias 0.76 Left 0.04 0.01 0.001 -0.41866747641088387 0.0330929330912737 -0.0010277253161385443 -0.000606688911557476
-0.3459060806061249 -0.07851026169240463 55 nil_vol 0.6 nil_bias 0.76 Left 0.04 0.01 0.001 -0.3510078017247762 -0.08152192014232368 0.005101721118651329 0.0030116584499190403
-0.26828819729449555 -0.23480696106597174 55 nil_vol 0.6 nil_bias 0.76 Left 0.04 0.01 0.001 -0.26252768627543266 -0.23140640441402394 -0.005760511019062864 -0.0034005566519478133
-0.05380695067342548 -0.576649086837506 55 nil_vol 0.6 nil_bias 0.76 Left 0.04 0.01 0.001 -0.05745281004554914 -0.5788013180022262 0.003645859372123661 0.002152231164720231
-0.02635367531851092 -0.6382978417310246 55 nil_vol 0.6 nil_bias 0.76 Left 0.04 0.01 0.001 -0.023370335150486032 -0.6365367102585167 -0.0029833401680248854 -0.001761131472507894
0.011120047405285683 -0.6732199138522784 55 nil_vol 0.6 nil_bias 0.76 Left 0.04 0.01 0.001 0.0016015691011043165 -0.6788388814415411 0.009518478304181366 0.005618967589262701
0.0036598083215478583 -0.6823255193431451 55 nil_vol 0.6 nil_bias 0.76 Home 0.04 0.01 0.001 0.0 -0.75 0.0036598083215478583 0.06767448065685486
-0.10036377708293334 -0.5034233790570913 56 nil_vol 0.6 nil_bias 0.76 Home 0.04 0.01 0.001 -0.09308789596303631 -0.4995716156700999 -0.007275881119897035 -0.0038517633869913927
-0.29523013324565794 -0.09737150837438165 56 nil_vol 0.6 nil_bias 0.76 Home 0.04 0.01 0.001 -0.3036485028720215 -0.1018280913463484 0.008418369626363552 0.004456582971966757
-0.3778267156830005 0.03770698633024158 56 nil_vol 0.6 nil_bias 0.76 Home 0.04 0.01 0.001 -0.3775845509092841 0.03783518542993125 -0.00024216477371639955 -0.00012819909968967214
-0.43504422175479834 0.16617743570357227 56 nil_vol 0.6 nil_bias 0.76 Home 0.04 0.01 0.001 -0.4432325835386409 0.16184261609908557 0.008188361783842567 0.004334819604486702
-0.5529489055105166 0.36861385989460993 56 nil_vol 0.6 nil_bias 0.76 Home 0.04 0.01 0.001 -0.5527504065758391 0.36871894282770745 -0.00019849893467753296 -0.00010508293309752943
-0.5570022154533537 0.3846258132313928 56 nil_vol 0.6 nil_bias 0.76 Home 0.04 0.01 0.001 -0.5602586815575276 0.3829018794968607 0.0032564661041738206 0.0017239337345320352
-0.5946692402193655 0.4639330998255967 56 nil_vol 0.6 nil_bias 0.76 Home 0.04 0.01 0.001 -0.6012979285480123 0.46042395246772727 0.00662868832864681 0.003509147357869458
-0.6087391979756258 0.4744803173834162 56 nil_vol 0.6 nil_bias 0.76 Left 0.04 0.01 0.001 -0.4 0.35 -0.20873919797562573 0.1244803173834162
-0.5772254689526329 0.4044159283189498 57 nil_vol 0.6 nil_bias 0.76 Left 0.04 0.01 0.001 -0.5745696102935897 0.4057360321651553 -0.0026558586590433105 -0.0013201038462055184
-0.5814875002986419 0.35984901644984224 57 nil_vol 0.6 nil_bias 0.76 Left 0.04 0.01 0.001 -0.5576505238923849 0.37169726903988975 -0.023836976406256993 -0.011848252590047525
-0.47057802287505623 0.21817277446487807 57 nil_vol 0.6 nil_bias 0.76 Left 0.04 0.01 0.001 -0.47920839716743974 0.2138830167028168 0.008630374292383529 0.004289757762061289
-0.34497597620319825 -0.05245349694518063 57 nil_vol 0.6 nil_bias 0.76 Left 0.04 0.01 0.001 -0.34645860014832924 -0.05319044036864912 0.0014826239451309815 0.0007369434234684892
-0.2542297512954753 -0.2630997788070948 57 nil_vol 0.6 nil_bias 0.76 Left 0.04 0.01 0.001 -0.24452107518039656 -0.258274047348292 -0.00970867611507874 -0.004825731458802789
-0.03421025863722535 -0.670989449377447 57 nil_vol 0.6 nil_bias 0.76 Left 0.04 0.01 0.001 -0.03835534528414519 -0.6730497792096923 0.004145086646919841 0.0020603298322453326
-0.031958663745761035 -0.6747383657454482 57 nil_vol 0.6 nil_bias 0.76 Left 0.04 0.01 0.001 -0.0364150282814143 -0.676953417342256 0.004456364535653262 0.0022150515968078124
-0.0006489661478082055 -0.7489095790415461 57 nil_vol 0.6 nil_bias 0.76 Home 0.04 0.01 0.001 0.0 -0.75 -0.0006489661478082055 0.001090420958453927
-0.016045237012216464 -0.7095877915988628 58 nil_vol 0.6 nil_bias 0.76 Home 0.04 0.01 0.001 -0.01561199032395218 -0.709423614763139 -0.00043324668826428295 -0.00016417683572382262
-0.12643006235320808 -0.49153733528783183 58 nil_vol 0.6 nil_bias 0.76 Home 0.04 0.01 0.001 -0.10172642446557374 -0.48217600556709567 -0.024703637887634352 -0.009361329720736158
-0.10024570120601584 -0.44129264982186167 58 nil_vol 0.6 nil_bias 0.76 Home 0.04 0.01 0.001 -0.11508768117142046 -0.4469169497244384 0.014841979965404616 0.005624299902576737
-0.18834343726914324 -0.2705595052393747 58 nil_vol 0.6 nil_bias 0.76 Home 0.04 0.01 0.001 -0.18272441180579527 -0.2684302014376078 -0.005619025463347959 -0.002129303801766894
-0.21126868584920983 -0.18522567918886257 58 nil_vol 0.6 nil_bias 0.76 Home 0.04 0.01 0.001 -0.213879473887416 -0.1862150252830601 0.0026107880382061537 0.0009893460941975522
-0.2764055282930204 -0.06752786206380167 58 nil_vol 0.6 nil_bias 0.76 Home 0.04 0.01 0.001 -0.2610591598812895 -0.0617124264841693 -0.015346368411730869 -0.005815435579632358
-0.38724345271020877 0.2778830819062836 58 nil_vol 0.6 nil_bias 0.76 Home 0.04 0.01 0.001 -0.38943290773511197 0.27705339801559226 0.0021894550249032235 0.0008296838906913078
-0.4363222715868934 0.4007898649418796 58 nil_vol 0.6 nil_bias 0.76 Left 0.04 0.01 0.001 -0.4 0.35 -0.036322271586893384 0.05078986494187965
-0.40624285414914724 0.33479165887303197 59 nil_vol 0.6 nil_bias 0.76 Left 0.04 0.01 0.001 -0.4070164345341979 0.33444992775790316 0.0007735803850506414 0.0003417311151288109
-0.3371585678395306 0.24321613095204198 59 nil_vol 0.6 nil_bias 0.76 Left 0.04 0.01 0.001 -0.3618878646419826 0.23229190079320716 0.02472929680245201 0.01092423015883481
-0.29185868637451484 0.06480765171364193 59 nil_vol 0.6 nil_bias 0.76 Left 0.04 0.01 0.001 -0.2885474426521841 0.06627040210333968 -0.0033112437223307423 -0.0014627503896977475
-0.26599396315232976 -0.008117430212902949 59 nil_vol 0.6 nil_bias 0.76 Left 0.04 0.01 0.001 -0.2573694589847947 -0.004307533421877285 -0.008624504167535069 -0.0038098967910256635
-0.1427876536661414 -0.2889007056986372 59 nil_vol 0.6 nil_bias 0.76 Left 0.04 0.01 0.001 -0.13346832090552996 -0.284783866598158 -0.009319332760611447 -0.0041168391004791655
0.01548781124473289 -0.5927620311805964 59 nil_vol 0.6 nil_bias 0.76 Left 0.04 0.01 0.001 0.004689133128739031 -0.5975323748783029 0.01079867811599386 0.004770343697706466
0.024662090993231675 -0.6161968303718645 59 nil_vol 0.6 nil_bias 0.76 Left 0.04 0.01 0.001 0.014849153066061216 -0.6205317208180877 0.00981293792717046 0.004334890446223295
0.03466340486813583 -0.6653854548210965 59 nil_vol 0.6 nil_bias 0.76 Home 0.04 0.01 0.001 0.0 -0.75 0.03466340486813583 0.08461454517890353
0.023445300859538405 -0.6398552391900011 60 nil_vol 0.6 nil_bias 0.76 Home 0.04 0.01 0.001 0.025088165044497054 -0.6392532681881257 -0.001642864184958649 -0.0006019710018754602
-0.06848853992181002 -0.393569638837385 60 nil_vol 0.6 nil_bias 0.76 Home 0.04 0.01 0.001 -0.06535486777769445 -0.39242141260090524 -0.003133672144115564 -0.0011482262364797657
-0.0716323538015252 -0.36452716233358545 60 nil_vol 0.6 nil_bias 0.76 Home 0.04 0.01 0.001 -0.07510898179841013 -0.36580105293123444 0.0034766279968849317 0.0012738905976489912
-0.08163122520589729 -0.3611543614454159 60 nil_vol 0.6 nil_bias 0.76 Home 0.04 0.01 0.001 -0.07738209202963181 -0.3595974129291372 -0.004249133176265483 -0.0015569485162787026
-0.11558324154177205 -0.2550016279207699 60 nil_vol 0.6 nil_bias 0.76 Home 0.04 0.01 0.001 -0.11569289337075664 -0.2550418060571951 0.00010965182898459531 4.017813642519382e-05
-0.1538428063872001 -0.10623410378732955 60 nil_vol 0.6 nil_bias 0.76 Home 0.04 0.01 0.001 -0.16828000723847886 -0.11152411883561564 0.014437200851278748 0.005290015048286089
-0.21797293377003607 0.03505871841225151 60 nil_vol 0.6 nil_bias 0.76 Home 0.04 0.01 0.001 -0.22151471847167806 0.03376095338408014 0.003541784701641984 0.001297765028171374
-0.23017734730544948 0.05740249527605584 60 nil_vol 0.6 nil_bias 0.76 Left 0.04 0.01 0.001 -0.4 0.35 0.16982265269455055 -0.29259750472394414
-0.14337328935929425 -0.2653312874582525 61 nil_vol 0.6 nil_bias 0.76 Left 0.04 0.01 0.001 -0.1412929057263796 -0.26475730604678355 -0.002080383632914649 -0.0005739814114689979
-0.1437677093693311 -0.32843276250527226 61 nil_vol 0.6 nil_bias 0.76 Left 0.04 0.01 0.001 -0.1251425202148997 -0.3232940408817225 -0.01862518915443139 -0.005138721623549803
-0.1139021000290736 -0.3931285800298495 61 nil_vol 0.6 nil_bias 0.76 Left 0.04 0.01 0.001 -0.10644286146089635 -0.39107056331884127 -0.007459238568177254 -0.002058016711008234
-0.0947863001538611 -0.41827984268806784 61 nil_vol 0.6 nil_bias 0.76 Left 0.04 0.01 0.001 -0.09864225274539493 -0.4193437066197146 0.0038559525915338373 0.0010638639316467521
-0.05709101718355587 -0.5393082799306407 61 nil_vol 0.6 nil_bias 0.76 Left 0.04 0.01 0.001 -0.06494589423509586 -0.5414754539775937 0.007854877051539994 0.0021671740469529723
-0.041301806982846245 -0.5972366403113409 61 nil_vol 0.6 nil_bias 0.76 Left 0.04 0.01 0.001 -0.04897703544482265 -0.5993542490043973 0.007675228461976411 0.002117608693056367
-0.02078378925006595 -0.7495426319921592 61 nil_vol 0.6 nil_bias 0.76 Left 0.04 0.01 0.001 -0.008476644526272198 -0.7461470696603121 -0.012307144723793751 -0.0033955623318471773
-0.007556076120699992 -0.7494836506116523 61 nil_vol 0.6 nil_bias 0.76 Home 0.04 0.01 0.001 0.0 -0.75 -0.007556076120699992 0.0005163493883476995
-0.15495357937134072 -0.46194540102434684 62 nil_vol 0.6 nil_bias 0.76 Home 0.04 0.01 0.001 -0.1725273011036135 -0.4724088513616922 0.017573721732272774 0.01046345033734534
-0.2403726738490087 -0.35075257443821095 62 nil_vol 0.6 nil_bias 0.76 Home 0.04 0.01 0.001 -0.24376074931055963 -0.3527698454449558 0.003388075461550918 0.0020172710067448882
-0.3757774971107015 -0.13751540955411715 62 nil_vol 0.6 nil_bias 0.76 Home 0.04 0.01 0.001 -0.3729324978855797 -0.13582148788201165 -0.002844999225121836 -0.0016939216721055025
-0.49480376421369643 0.1065802245200952 62 nil_vol 0.6 nil_bias 0.76 Home 0.04 0.01 0.001 -0.5113821391299498 0.09670940687242813 0.016578374916253347 0.00987081764766708
-0.5464233642356278 0.14445629987371286 62 nil_vol 0.6 nil_bias 0.76 Home 0.04 0.01 0.001 -0.5415414540090028 0.14736300489532828 -0.004881910226624997 -0.0029067050216154016
-0.6461822430270128 0.32747204147033215 62 nil_vol 0.6 nil_bias 0.76 Home 0.04 0.01 0.001 -0.648099334219831 0.32633059921957785 0.0019170911928182155 0.0011414422507543195
-0.6887392515912943 0.3814411035022193 62 nil_vol 0.6 nil_bias 0.76 Home 0.04 0.01 0.001 -0.6829607965129647 0.38488161420677025 -0.0057784550783296544 -0.003440510704550903
-0.6852484069599671 0.3887237339790575 62 nil_vol 0.6 nil_bias 0.76 Left 0.04 0.01 0.001 -0.4 0.35 -0.2852484069599671 0.03872373397905754
-0.6623390280685392 0.3642141646119447 63 nil_vol 0.6 nil_bias 0.76 Left 0.04 0.01 0.001 -0.6679126384869993 0.3607589980730028 0.005573610418460183 0.0034551665389418802
-0.662630464937994 0.3419764930366925 63 nil_vol 0.6 nil_bias 0.76 Left 0.04 0.01 0.001 -0.6580350649858498 0.3448252519121092 -0.004595399952144209 -0.0028487588754167637
-0.37585759748836756 -0.12970027490335084 63 nil_vol 0.6 nil_bias 0.76 Left 0.04 0.01 0.001 -0.3671974631471308 -0.12433172486987915 -0.008660134341236745 -0.00536855003347171
-0.33816825449681676 -0.1394692548594631 63 nil_vol 0.6 nil_bias 0.76 Left 0.04 0.01 0.001 -0.35235975380601103 -0.1482667828295094 0.014191499309194297 0.008797527970046303
-0.19279199415593126 -0.3929580793969779 63 nil_vol 0.6 nil_bias 0.76 Left 0.04 0.01 0.001 -0.19848433128678783 -0.39648684644495286 0.0056923371308565725 0.003528767047974931
-0.07375770076508507 -0.5815566270372574 63 nil_vol 0.6 nil_bias 0.76 Left 0.04 0.01 0.001 -0.08098089841864675 -0.58603439799055 0.007223197653561678 0.004477770953292563
-0.06475287165782458 -0.6481876615254303 63 nil_vol 0.6 nil_bias 0.76 Left 0.04 0.01 0.001 -0.04864233609405366 -0.6382004935633478 -0.01611053556377091 -0.009987167962082434
0.015856353672664036 -0.742244847202782 63 nil_vol 0.6 nil_bias 0.76 Home 0.04 0.01 0.001 0.0 -0.75 0.015856353672664036 0.007755152797217951
