x y trial vol omega bias theta state target_sigma moving_sigma staying_sigma x_mean y_mean x_noise y_noise
-0.01320788121406542 -0.734177408999414 0 nil_vol 0.6 nil_bias 0.87 Home 0.04 0.01 0.001 -0.0032879604200749795 -0.7323314044923342 -0.00991992079399044 -0.001846004507079717
-0.033052534386136465 -0.6065289521008564 0 nil_vol 0.6 nil_bias 0.87 Home 0.04 0.01 0.001 -0.026911290168074323 -0.6053861239733892 -0.006141244218062141 -0.001142828127467294
-0.035213690496402876 -0.5742788620555647 0 nil_vol 0.6 nil_bias 0.87 Home 0.04 0.01 0.001 -0.03278419357592648 -0.5738267553948085 -0.002429496920476391 -0.000452106660756069
-0.058663511435717276 -0.4526829415321615 0 nil_vol 0.6 nil_bias 0.87 Home 0.04 0.01 0.001 -0.05543956888372889 -0.45208299596756163 -0.0032239425519883843 -0.0005999455645998758
-0.11528312828054678 -0.10901514525500058 0 nil_vol 0.6 nil_bias 0.87 Home 0.04 0.01 0.001 -0.11914746715599144 -0.10973426258759822 0.003864338875444655 0.000719117332597633
-0.12306356438677221 -0.0066629344767129344 0 nil_vol 0.6 nil_bias 0.87 Home 0.04 0.01 0.001 -0.13781716440123096 -0.009408441491127961 0.01475360001445875 0.002745507014415027
-0.13903350164298733 0.007619756826066143 0 nil_vol 0.6 nil_bias 0.87 Home 0.04 0.01 0.001 -0.1409206030788268 0.007268584893525443 0.001887101435839485 0.0003511719325406997
-0.18225094052840884 0.229366457524042 0 nil_vol 0.6 nil_bias 0.87 Left 0.04 0.01 0.001 -0.4 0.35 0.21774905947159118 -0.12063354247595798
-0.16769389653951183 0.07772342383201226 1 nil_vol 0.6 nil_bias 0.87 Left 0.04 0.01 0.001 -0.15349300122968282 0.08046612068534464 -0.014200895309829018 -0.0027426968533323763
-0.0902292107836384 -0.17742623004543195 1 nil_vol 0.6 nil_bias 0.87 Left 0.04 0.01 0.001 -0.10320097229396386 -0.17993153754191937 0.01297176151032546 0.0025053074964874193
-0.0995185196959199 -0.23348319610482288 1 nil_vol 0.6 nil_bias 0.87 Left 0.04 0.01 0.001 -0.09309774973084753 -0.23224311756083232 -0.006420769965072371 -0.0012400785439905515
-0.09245543737746943 -0.24062649091456012 1 nil_vol 0.6 nil_bias 0.87 Left 0.04 0.01 0.001 -0.0915137490377938 -0.2404446174770269 -0.0009416883396756303 -0.000181873437533231
-0.08135198217731143 -0.3534449174117651 1 nil_vol 0.6 nil_bias 0.87 Left 0.04 0.01 0.001 -0.07010876761476344 -0.3512734536744965 -0.011243214562547989 -0.0021714637372685767
-0.05101331305281175 -0.42514848814865325 1 nil_vol 0.6 nil_bias 0.87 Left 0.04 0.01 0.001 -0.05566727772948199 -0.4260473338901178 0.004653964676670238 0.0008988457414645343
-0.014825867219259275 -0.661827329744953 1 nil_vol 0.6 nil_bias 0.87 Left 0.04 0.01 0.001 -0.01029866369614496 -0.660952966080808 -0.0045272035231143145 -0.000874363664144946
0.009971904105695087 -0.7659081348866392 1 nil_vol 0.6 nil_bias 0.87 Home 0.04 0.01 0.001 0.0 -0.75 0.009971904105695087 -0.01590813488663928
-0.037274891680778945 -0.5999584823156594 2 nil_vol 0.6 nil_bias 0.87 Home 0.04 0.01 0.001 -0.013467749513092013 -0.5966613376999869 -0.02380714216768693 -0.0032971446156725907
-0.04059010970441801 -0.588997069122451 2 nil_vol 0.6 nil_bias 0.87 Home 0.04 0.01 0.001 -0.015019659916079805 -0.5854557171094245 -0.025570449788338202 -0.0035413520130264772
-0.012437640373550263 -0.5773456955248825 2 nil_vol 0.6 nil_bias 0.87 Home 0.04 0.01 0.001 -0.016073118127629037 -0.5778491871165161 0.0036354777540787736 0.0005034915916336934
-0.01472964516316638 -0.5522634516613151 2 nil_vol 0.6 nil_bias 0.87 Home 0.04 0.01 0.001 -0.019524616833053524 -0.5529275261189848 0.004794971669887144 0.0006640744576696522
-0.03221647709853911 -0.4352572102822241 2 nil_vol 0.6 nil_bias 0.87 Home 0.04 0.01 0.001 -0.03575340079038451 -0.4357470527347315 0.003536923691845406 0.0004898424525074334
-0.0494289727560371 -0.39062085948789926 2 nil_vol 0.6 nil_bias 0.87 Home 0.04 0.01 0.001 -0.04214285636556294 -0.3896117766144991 -0.007286116390474161 -0.001009082873400162
-0.03763321035413415 -0.34793867337430806 2 nil_vol 0.6 nil_bias 0.87 Home 0.04 0.01 0.001 -0.04772084159854986 -0.3493357490421116 0.010087631244415711 0.0013970756678035744
-0.14429514087722572 0.347982185313392 2 nil_vol 0.6 nil_bias 0.87 Left 0.04 0.01 0.001 -0.4 0.35 0.2557048591227743 -0.0020178146866080163
-0.1313001870874603 0.14167814596882447 3 nil_vol 0.6 nil_bias 0.87 Left 0.04 0.01 0.001 -0.12352004644344533 0.14246461476639397 -0.007780140644014958 -0.0007864687975695067
-0.12444911678799102 0.07806599258659873 3 nil_vol 0.6 nil_bias 0.87 Left 0.04 0.01 0.001 -0.1170854476109424 0.07881036165502014 -0.0073636691770486125 -0.0007443690684214225
-0.1270386758933416 0.059062251370480226 3 nil_vol 0.6 nil_bias 0.87 Left 0.04 0.01 0.001 -0.11521004727875361 0.060257968485256 -0.011828628614588005 -0.0011957171147757727
-0.116081544028555 0.04132276049143081 3 nil_vol 0.6 nil_bias 0.87 Left 0.04 0.01 0.001 -0.11332412619234503 0.041601498780269974 -0.00275741783620997 -0.00027873828883916466
-0.11618462072910546 0.019207639545222817 3 nil_vol 0.6 nil_bias 0.87 Left 0.04 0.01 0.001 -0.11111223697230772 0.019720390115752495 -0.005072383756797729 -0.0005127505705296782
-0.06648344013878948 -0.32116445219504997 3 nil_vol 0.6 nil_bias 0.87 Left 0.04 0.01 0.001 -0.07655044093025581 -0.3221820921542564 0.010067000791466328 0.001017639959206446
-0.05352086379702659 -0.6156666298860707 3 nil_vol 0.6 nil_bias 0.87 Left 0.04 0.01 0.001 -0.04695019795607469 -0.6150024229135219 -0.006570665840951904 -0.0006642069725487265
-0.03427670351187708 -0.7403749355061596 3 nil_vol 0.6 nil_bias 0.87 Home 0.04 0.01 0.001 0.0 -0.75 -0.03427670351187708 0.009625064493840345
-0.05406487163129411 -0.6098139501497678 4 nil_vol 0.6 nil_bias 0.87 Home 0.04 0.01 0.001 -0.055359170663535066 -0.6100232840287203 0.0012942990322409613 0.00020933387895254619
-0.08657502746694277 -0.5209895845064616 4 nil_vol 0.6 nil_bias 0.87 Home 0.04 0.01 0.001 -0.0701877294171763 -0.5183391794757404 -0.016387298049766474 -0.0026504050307212673
-0.09844437113750744 -0.4226244142332145 4 nil_vol 0.6 nil_bias 0.87 Home 0.04 0.01 0.001 -0.08599387248440604 -0.4206107287455304 -0.012450498653101397 -0.0020136854876840757
-0.11046075071842712 -0.32629455054926365 4 nil_vol 0.6 nil_bias 0.87 Home 0.04 0.01 0.001 -0.10148297405578033 -0.32484252689294707 -0.008977776662646798 -0.0014520236563165547
-0.09998123349634468 -0.28458908827157126 4 nil_vol 0.6 nil_bias 0.87 Home 0.04 0.01 0.001 -0.10778913559434802 -0.28585190188105597 0.007807902098003343 0.0012628136094847006
-0.1429105822602116 -0.08580710927079033 4 nil_vol 0.6 nil_bias 0.87 Home 0.04 0.01 0.001 -0.14021398427375137 -0.08537097411004313 -0.0026965979864602345 -0.0004361351607471919
-0.18091924082984662 0.2843280324975316 4 nil_vol 0.6 nil_bias 0.87 Home 0.04 0.01 0.001 -0.19952078930407963 0.28131950494737723 0.018601548474233006 0.0030085275501543244
-0.21130844847886465 0.35420190668116036 4 nil_vol 0.6 nil_bias 0.87 Left 0.04 0.01 0.001 -0.4 0.35 0.18869155152113537 0.0042019066811603886
-0.15242266633689885 0.14792869457449723 5 nil_vol 0.6 nil_bias 0.87 Left 0.04 0.01 0.001 -0.1657327991488573 0.14502862087137022 0.013310132811958445 0.0029000737031270114
-0.1298588481663424 -0.051252193358723566 5 nil_vol 0.6 nil_bias 0.87 Left 0.04 0.01 0.001 -0.12327860995518879 -0.04981846042261545 -0.006580238211153626 -0.0014337329361081162
-0.127714052520638 -0.09046319116571039 5 nil_vol 0.6 nil_bias 0.87 Left 0.04 0.01 0.001 -0.11502513686567513 -0.08769847114886031 -0.012688915654962885 -0.0027647200168500773
-0.08271952226451416 -0.17642862725999467 5 nil_vol 0.6 nil_bias 0.87 Left 0.04 0.01 0.001 -0.09510424830882132 -0.17912706902830355 0.012384726044307149 0.0026984417683088937
-0.0971494580989145 -0.20764752027964564 5 nil_vol 0.6 nil_bias 0.87 Left 0.04 0.01 0.001 -0.08926441210213487 -0.2059294897486007 -0.00788504599677963 -0.0017180305310449302
-0.04716835026333618 -0.3736416212699171 5 nil_vol 0.6 nil_bias 0.87 Left 0.04 0.01 0.001 -0.05247078573950004 -0.37479694059724455 0.005302435476163857 0.0011553193273274277
-0.005010832670702847 -0.5460071160527901 5 nil_vol 0.6 nil_bias 0.87 Left 0.04 0.01 0.001 -0.014706429550989969 -0.5481196378394532 0.009695596880287122 0.0021125217866630524
0.028469932436748197 -0.7462811920697252 5 nil_vol 0.6 nil_bias 0.87 Home 0.04 0.01 0.001 0.0 -0.75 0.028469932436748197 0.0037188079302748183
0.017872214864251727 -0.7341306067159328 6 nil_vol 0.6 nil_bias 0.87 Home 0.04 0.01 0.001 0.02053961370472131 -0.7325860237967112 -0.002667398840469583 -0.0015445829192215876
-0.20715458696041913 -0.37892100169216975 6 nil_vol 0.6 nil_bias 0.87 Home 0.04 0.01 0.001 -0.19000420826547434 -0.36898991017766264 -0.01715037869494478 -0.009931091514507091
-0.20773267844608462 -0.35686413108570597 6 nil_vol 0.6 nil_bias 0.87 Home 0.04 0.01 0.001 -0.19971437474325768 -0.3522210553099298 -0.008018303702826945 -0.004643075775776148
-0.24047983406463672 -0.2784520787482692 6 nil_vol 0.6 nil_bias 0.87 Home 0.04 0.01 0.001 -0.24194104912112938 -0.2792982093618563 0.001461215056492666 0.0008461306135870744
-0.3952799783691513 0.015047100733516961 6 nil_vol 0.6 nil_bias 0.87 Home 0.04 0.01 0.001 -0.4080894004839144 0.007629681822110657 0.012809422114763089 0.007417418911406305
-0.4743458715257416 0.10359872220262943 6 nil_vol 0.6 nil_bias 0.87 Home 0.04 0.01 0.001 -0.46634422680912024 0.10823215143243192 -0.008001644716621372 -0.004633429229802489
-0.5777741503853384 0.293510545309545 6 nil_vol 0.6 nil_bias 0.87 Home 0.04 0.01 0.001 -0.5746717322939271 0.2953070303044303 -0.0031024180914113273 -0.00179648499488527
-0.5943075527847279 0.32921687363950153 6 nil_vol 0.6 nil_bias 0.87 Left 0.04 0.01 0.001 -0.4 0.35 -0.19430755278472786 -0.020783126360498463
-0.5447986462706932 0.25280247844097603 7 nil_vol 0.6 nil_bias 0.87 Left 0.04 0.01 0.001 -0.5576709361819177 0.24706212663567173 0.012872289911224447 0.005740351805304294
-0.5448500185526803 0.2136303013802255 7 nil_vol 0.6 nil_bias 0.87 Left 0.04 0.01 0.001 -0.5431084712819598 0.21440693817821946 -0.001741547270720496 -0.0007766367979939486
-0.37767060032703076 -0.14804257016195296 7 nil_vol 0.6 nil_bias 0.87 Left 0.04 0.01 0.001 -0.3808442640475666 -0.14945785418626018 0.0031736637205358603 0.0014152840243072046
-0.2246019474546278 -0.5175815595693828 7 nil_vol 0.6 nil_bias 0.87 Left 0.04 0.01 0.001 -0.21799476781077354 -0.5146351113571268 -0.006607179643854264 -0.00294644821225603
-0.1900441822034834 -0.577822087176142 7 nil_vol 0.6 nil_bias 0.87 Left 0.04 0.01 0.001 -0.18985448575655572 -0.5777374927217682 -0.0001896964469276756 -8.459445437377595e-05
-0.13669668663521062 -0.6558624731628877 7 nil_vol 0.6 nil_bias 0.87 Left 0.04 0.01 0.001 -0.15197629968569337 -0.6626763621417404 0.015279613050482758 0.006813888978852753
-0.11065784725061448 -0.771095727502945 7 nil_vol 0.6 nil_bias 0.87 Left 0.04 0.01 0.001 -0.10479333522878759 -0.7684804692696474 -0.0058645120218268855 -0.0026152582332975476
-0.08912154024016762 -0.8036232436787669 7 nil_vol 0.6 nil_bias 0.87 Home 0.04 0.01 0.001 0.0 -0.75 -0.08912154024016762 -0.05362324367876695
-0.0967773028702118 -0.8006171549711865 8 nil_vol 0.6 nil_bias 0.87 Home 0.04 0.01 0.001 -0.09023195910167815 -0.7990335805430228 -0.00654534376853365 -0.0015835744281637153
-0.08637737531619843 -0.7728466864088623 8 nil_vol 0.6 nil_bias 0.87 Home 0.04 0.01 0.001 -0.09600409661085176 -0.7751757664707164 0.009626721294653327 0.0023290800618540083
-0.1749754622758873 -0.459601861942005 8 nil_vol 0.6 nil_bias 0.87 Home 0.04 0.01 0.001 -0.1724987300340805 -0.4590026436301435 -0.002476732241806813 -0.0005992183118614905
-0.25117573875811267 -0.22004596508444865 8 nil_vol 0.6 nil_bias 0.87 Home 0.04 0.01 0.001 -0.23146542208067067 -0.21527726926568058 -0.019710316677442018 -0.0047686958187680584
-0.2848306561686847 -0.05324399040902731 8 nil_vol 0.6 nil_bias 0.87 Home 0.04 0.01 0.001 -0.2714507880789677 -0.05000687747678689 -0.013379868089716966 -0.003237112932240414
-0.30123475724476473 0.08711346081132229 8 nil_vol 0.6 nil_bias 0.87 Home 0.04 0.01 0.001 -0.30443805276795427 0.08633845844998556 0.0032032955231895495 0.0007750023613367377
-0.32847211917843094 0.1741104732923588 8 nil_vol 0.6 nil_bias 0.87 Home 0.04 0.01 0.001 -0.32582828836019484 0.17475011927952255 -0.0026438308182360954 -0.0006396459871637539
-0.3539883159393225 0.29114317145232765 8 nil_vol 0.6 nil_bias 0.87 Left 0.04 0.01 0.001 -0.4 0.35 0.046011684060677495 -0.05885682854767232
-0.32016560843883984 0.21953252087878802 9 nil_vol 0.6 nil_bias 0.87 Left 0.04 0.01 0.001 -0.32686336343822786 0.2170795450386943 0.006697754999388001 0.0024529758400937047
-0.31887412103960283 0.18007564164222287 9 nil_vol 0.6 nil_bias 0.87 Left 0.04 0.01 0.001 -0.31396903165892387 0.18187207428949126 -0.0049050893806789585 -0.0017964326472683896
-0.2561991352119428 0.030260759552523827 9 nil_vol 0.6 nil_bias 0.87 Left 0.04 0.01 0.001 -0.25817773775526265 0.029536119096676305 0.001978602543319844 0.000724640455847521
-0.19839793070826559 -0.14532028496410518 9 nil_vol 0.6 nil_bias 0.87 Left 0.04 0.01 0.001 -0.19464232936394776 -0.14394483910747458 -0.0037556013443178185 -0.0013754458566305901
-0.020993523148454228 -0.5930146707055007 9 nil_vol 0.6 nil_bias 0.87 Left 0.04 0.01 0.001 -0.029089714077745854 -0.5959798076429004 0.008096190929291626 0.002965136937399594
-0.02355686240678038 -0.6022560362937541 9 nil_vol 0.6 nil_bias 0.87 Left 0.04 0.01 0.001 -0.02640861058617988 -0.6033004563101234 0.0028517481793995003 0.0010444200163692709
-0.006212099427635979 -0.6283097079835512 9 nil_vol 0.6 nil_bias 0.87 Left 0.04 0.01 0.001 -0.015943923524186 -0.6318738767820606 0.00973182409655002 0.0035641687985093827
0.014766528285838298 -0.7157275694202225 9 nil_vol 0.6 nil_bias 0.87 Home 0.04 0.01 0.001 0.0 -0.75 0.014766528285838298 0.03427243057977751
-0.02244046707415207 -0.6102039968260495 10 nil_vol 0.6 nil_bias 0.87 Home 0.04 0.01 0.001 -0.023031198612368305 -0.6104160182910479 0.0005907315382162361 0.00021202146499833612
-0.014989348687693024 -0.5634259128724285 10 nil_vol 0.6 nil_bias 0.87 Home 0.04 0.01 0.001 -0.03705420781338229 -0.5713452864866033 0.022064859125689267 0.007919373614174786
-0.058345198314074684 -0.48250601771266893 10 nil_vol 0.6 nil_bias 0.87 Home 0.04 0.01 0.001 -0.06773077309115023 -0.48587462626892747 0.00938557477707555 0.0033686085562585543
-0.1266055260668348 -0.35040874636476604 10 nil_vol 0.6 nil_bias 0.87 Home 0.04 0.01 0.001 -0.11752148782849578 -0.347148363312916 -0.009084038238339028 -0.003260383051850082
-0.16016756955081532 -0.2681219499713819 10 nil_vol 0.6 nil_bias 0.87 Home 0.04 0.01 0.001 -0.14751501394348132 -0.263580778216882 -0.012652555607333991 -0.004541171754499926
-0.2676040841280713 0.07767948753664836 10 nil_vol 0.6 nil_bias 0.87 Home 0.04 0.01 0.001 -0.26972471863182773 0.07691836339628144 0.002120634503756441 0.0007611241403669185
-0.30655605540664316 0.18412471266420588 10 nil_vol 0.6 nil_bias 0.87 Home 0.04 0.01 0.001 -0.30801462300315174 0.18360121320869238 0.001458567596508596 0.0005234994555135044
-0.4138415811257033 0.478454952460851 10 nil_vol 0.6 nil_bias 0.87 Left 0.04 0.01 0.001 -0.4 0.35 -0.013841581125703262 0.128454952460851
-0.340117719928725 0.2446859860567208 11 nil_vol 0.6 nil_bias 0.87 Left 0.04 0.01 0.001 -0.33612015250668786 0.2460227052718862 -0.003997567422037158 -0.0013367192151653967
-0.2904276422691909 0.11703827014732189 11 nil_vol 0.6 nil_bias 0.87 Left 0.04 0.01 0.001 -0.2927322471732019 0.11626764908372866 0.0023046049040109954 0.0007706210635932251
-0.19170397468899963 -0.1572067665249113 11 nil_vol 0.6 nil_bias 0.87 Left 0.04 0.01 0.001 -0.2003232675110383 -0.16008891287042182 0.008619292822038648 0.002882146345510503
-0.19736939318539476 -0.20083179039296273 11 nil_vol 0.6 nil_bias 0.87 Left 0.04 0.01 0.001 -0.1877725757651809 -0.19762277628620462 -0.00959681742021386 -0.0032090141067581063
-0.12233346333209105 -0.3175791799965456 11 nil_vol 0.6 nil_bias 0.87 Left 0.04 0.01 0.001 -0.14511403169199133 -0.3251966183644893 0.022780568359900277 0.007617438367943683
-0.12224057507579252 -0.4165366016956257 11 nil_vol 0.6 nil_bias 0.87 Left 0.04 0.01 0.001 -0.11534274098504171 -0.4142300821554422 -0.006897834090750797 -0.002306519540183459
-0.06918279881957512 -0.5746874580630649 11 nil_vol 0.6 nil_bias 0.87 Left 0.04 0.01 0.001 -0.062442179794244324 -0.572433508592795 -0.006740619025330791 -0.002253949470269963
-0.003480525341671242 -0.7487631268962576 11 nil_vol 0.6 nil_bias 0.87 Home 0.04 0.01 0.001 0.0 -0.75 -0.003480525341671242 0.001236873103742479
-0.018339086615362654 -0.7390661958594968 12 nil_vol 0.6 nil_bias 0.87 Home 0.04 0.01 0.001 -0.0026611414862216546 -0.7406494871470771 -0.015677945129141 0.0015832912875802954
0.028491827844859468 -0.43888526565346003 12 nil_vol 0.6 nil_bias 0.87 Home 0.04 0.01 0.001 0.027820405385122673 -0.4388174597438188 0.0006714224597367961 -6.780590964124942e-05
0.06064309323137598 -0.2115657616482222 12 nil_vol 0.6 nil_bias 0.87 Home 0.04 0.01 0.001 0.0508698746193764 -0.21057877950531145 0.00977321861199958 -0.0009869821429107362
0.0746592203646076 -0.17248023676052326 12 nil_vol 0.6 nil_bias 0.87 Home 0.04 0.01 0.001 0.0549187140077132 -0.17048667373489435 0.01974050635689441 -0.00199356302562891
0.08096264691330658 -0.001170140826614438 12 nil_vol 0.6 nil_bias 0.87 Home 0.04 0.01 0.001 0.07210803250516909 -0.0002759270931304014 0.00885461440813749 -0.0008942137334840367
0.10596094037066303 0.23547712197628626 12 nil_vol 0.6 nil_bias 0.87 Home 0.04 0.01 0.001 0.09601777319686296 0.23648126696005523 0.009943167173800081 -0.0010041449837689678
0.10864375659402077 0.2388959843255863 12 nil_vol 0.6 nil_bias 0.87 Home 0.04 0.01 0.001 0.09638663800395031 0.24013381166294734 0.01225711859007046 -0.0012378273373610364
0.13146819658588438 0.5875157209848064 12 nil_vol 0.6 nil_bias 0.87 Right 0.04 0.01 0.001 0.4 0.35 -0.26853180341411564 0.23751572098480642
0.10513889445553519 0.39448064720968057 13 nil_vol 0.6 nil_bias 0.87 Right 0.04 0.01 0.001 0.10792741492129408 0.3941411818811221 -0.002788520465758887 0.000339465328558453
0.08738545392425584 0.2209238841660549 13 nil_vol 0.6 nil_bias 0.87 Right 0.04 0.01 0.001 0.08684846770357736 0.22098925510597534 0.0005369862206784795 -6.537093992041864e-05
0.06786600450688676 0.12620011813232432 13 nil_vol 0.6 nil_bias 0.87 Right 0.04 0.01 0.001 0.07520045401767814 0.1253072463232237 -0.007334449510791369 0.0008928718091005971
0.05587137200004715 0.01844135828881713 13 nil_vol 0.6 nil_bias 0.87 Right 0.04 0.01 0.001 0.062098664179635 0.017683268179122358 -0.006227292179587847 0.0007580901096947728
0.03811179593848641 -0.18278735158508078 13 nil_vol 0.6 nil_bias 0.87 Right 0.04 0.01 0.001 0.037700129769355634 -0.18273723669688957 0.0004116661691307742 -5.011488819119942e-05
0.004039889270916328 -0.4229434727106419 13 nil_vol 0.6 nil_bias 0.87 Right 0.04 0.01 0.001 0.008393688484353956 -0.423473489936126 -0.004353799213437628 0.000530017225484094
-0.03823284143787547 -0.7452821758949537 13 nil_vol 0.6 nil_bias 0.87 Right 0.04 0.01 0.001 -0.03089104875839291 -0.7461759416373078 -0.00734179267948256 0.0008937657423541001
-0.031615321668106114 -0.7521254441685574 13 nil_vol 0.6 nil_bias 0.87 Home 0.04 0.01 0.001 0.0 -0.75 -0.031615321668106114 -0.002125444168557391
-0.05387986066911167 -0.6508721326734591 14 nil_vol 0.6 nil_bias 0.87 Home 0.04 0.01 0.001 -0.051237681495427956 -0.6503626557684979 -0.0026421791736837173 -0.0005094769049611412
-0.14961515349893817 -0.19029044257314812 14 nil_vol 0.6 nil_bias 0.87 Home 0.04 0.01 0.001 -0.1402973293866766 -0.18849373770280098 -0.009317824112261576 -0.0017967048703471415
-0.17288205109616306 -0.057613145438877085 14 nil_vol 0.6 nil_bias 0.87 Home 0.04 0.01 0.001 -0.16579772006034554 -0.05624711277697536 -0.007084331035817508 -0.0013660326619017215
-0.21656504434705193 0.06976107494894493 14 nil_vol 0.6 nil_bias 0.87 Home 0.04 0.01 0.001 -0.19104408921454913 0.07468214062157752 -0.025520955132502805 -0.004921065672632589
-0.20049753877633247 0.21671786880851002 14 nil_vol 0.6 nil_bias 0.87 Home 0.04 0.01 0.001 -0.21778913504437497 0.21338362522797438 0.017291596268042494 0.0033342435805356445
-0.25384465837474146 0.366776803439161 14 nil_vol 0.6 nil_bias 0.87 Home 0.04 0.01 0.001 -0.24759930963076154 0.36798105975159334 -0.006245348743979933 -0.001204256312432327
-0.252294620346054 0.45365165076042513 14 nil_vol 0.6 nil_bias 0.87 Home 0.04 0.01 0.001 -0.26369482504195846 0.4514534118740383 0.011400204695904482 0.0021982388863867972
-0.2709403177426243 0.48902899131710825 14 nil_vol 0.6 nil_bias 0.87 Left 0.04 0.01 0.001 -0.4 0.35 0.12905968225737574 0.13902899131710827
-0.2686244148910071 0.4856607809178629 15 nil_vol 0.6 nil_bias 0.87 Left 0.04 0.01 0.001 -0.2701824959740435 0.4853406510800374 0.0015580810830363753 0.00032012983782554174
-0.23730252673027685 0.3621454438242027 15 nil_vol 0.6 nil_bias 0.87 Left 0.04 0.01 0.001 -0.24456375816321368 0.3606535209285664 0.007261231432936827 0.0014919228956363135
-0.23313859478271381 0.22836441577864988 15 nil_vol 0.6 nil_bias 0.87 Left 0.04 0.01 0.001 -0.21802127256417644 0.2314704838535832 -0.015117322218537378 -0.0031060680749333287
-0.19742083179546321 0.15012421697543546 15 nil_vol 0.6 nil_bias 0.87 Left 0.04 0.01 0.001 -0.20115009642324905 0.14935798671084932 0.0037292646277858298 0.0007662302645861308
-0.18533411172317457 -0.003507460284283287 15 nil_vol 0.6 nil_bias 0.87 Left 0.04 0.01 0.001 -0.17037330252853933 -0.0004335500280314708 -0.014960809194635235 -0.0030739102562518162
-0.1345089868721666 -0.21219116319402895 15 nil_vol 0.6 nil_bias 0.87 Left 0.04 0.01 0.001 -0.12717433625092728 -0.2106841552857444 -0.00733465062123934 -0.0015070079082845403
-0.07900040963139496 -0.4171314871133935 15 nil_vol 0.6 nil_bias 0.87 Left 0.04 0.01 0.001 -0.08452364030956802 -0.4182663131250352 0.0055232306781730686 0.001134826011641733
-0.02364089423538739 -0.7145843807747714 15 nil_vol 0.6 nil_bias 0.87 Home 0.04 0.01 0.001 0.0 -0.75 -0.02364089423538739 0.035415619225228574
-0.0881452418047119 -0.6076279703640631 16 nil_vol 0.6 nil_bias 0.87 Home 0.04 0.01 0.001 -0.08645987030303584 -0.6066470923599576 -0.0016853715016760563 -0.0009808780041055253
-0.13368162796100538 -0.5041097429677822 16 nil_vol 0.6 nil_bias 0.87 Home 0.04 0.01 0.001 -0.14298491448882208 -0.5095242104083149 0.009303286527816697 0.005414467440532674
-0.22512209267480612 -0.3882051575437472 16 nil_vol 0.6 nil_bias 0.87 Home 0.04 0.01 0.001 -0.21650931720357391 -0.38319256417449304 -0.008612775471232202 -0.005012593369254126
-0.4105009716860452 -0.041007352905379955 16 nil_vol 0.6 nil_bias 0.87 Home 0.04 0.01 0.001 -0.4143542629202565 -0.04324994963333684 0.0038532912342113 0.002242596727956879
-0.4179131991803364 -0.01719727509354716 16 nil_vol 0.6 nil_bias 0.87 Home 0.04 0.01 0.001 -0.4265808876356916 -0.02224182755206583 0.008667688455355139 0.00504455245851867
-0.44635963079256236 -0.006748318332242185 16 nil_vol 0.6 nil_bias 0.87 Home 0.04 0.01 0.001 -0.43832089999797924 -0.002069816168481342 -0.008038730794583096 -0.004678502163760843
-0.48097571908354286 0.05449520389645515 16 nil_vol 0.6 nil_bias 0.87 Home 0.04 0.01 0.001 -0.4737043964065101 0.058727078274040334 -0.007271322677032782 -0.004231874377585179
-0.5364283548684139 0.16650110483140673 16 nil_vol 0.6 nil_bias 0.87 Left 0.04 0.01 0.001 -0.4 0.35 -0.13642835486841384 -0.18349889516859325
-0.35951915202750695 -0.13402851494584853 17 nil_vol 0.6 nil_bias 0.87 Left 0.04 0.01 0.001 -0.3628858768969996 -0.13596023217714287 0.0033667248694926473 0.0019317172312943432
-0.31756718173070714 -0.21361858096542063 17 nil_vol 0.6 nil_bias 0.87 Left 0.04 0.01 0.001 -0.3181395975904242 -0.21394701456856452 0.0005724158597170537 0.0003284336031438855
-0.31452891893454216 -0.2344897756774677 17 nil_vol 0.6 nil_bias 0.87 Left 0.04 0.01 0.001 -0.30837782544878756 -0.23096047829252125 -0.0061510934857546195 -0.0035292973849464513
-0.2153567286449775 -0.4097902990773525 17 nil_vol 0.6 nil_bias 0.87 Left 0.04 0.01 0.001 -0.20814519359782468 -0.4056525548141073 -0.007211535047152824 -0.004137744263245207
-0.18951986443530314 -0.4251934415861089 17 nil_vol 0.6 nil_bias 0.87 Left 0.04 0.01 0.001 -0.19509716885210482 -0.42839351746511395 0.005577304416801689 0.0032000758790050564
-0.1028557910985286 -0.6210374666710973 17 nil_vol 0.6 nil_bias 0.87 Left 0.04 0.01 0.001 -0.08909463452048422 -0.6131417625922684 -0.013761156578044394 -0.007895704078828917
-0.029939696470484112 -0.7249221600389375 17 nil_vol 0.6 nil_bias 0.87 Left 0.04 0.01 0.001 -0.026192341434640665 -0.7227720495977457 -0.003747355035843446 -0.0021501104411918515
0.02021810431080462 -0.8036592515981824 17 nil_vol 0.6 nil_bias 0.87 Home 0.04 0.01 0.001 0.0 -0.75 0.02021810431080462 -0.05365925159818244
-0.030478396921400877 -0.6588594669108832 18 nil_vol 0.6 nil_bias 0.87 Home 0.04 0.01 0.001 -0.028066028640906557 -0.658059471808199 -0.0024123682804943194 -0.0007999951026841584
-0.04384275948563408 -0.5989482971780744 18 nil_vol 0.6 nil_bias 0.87 Home 0.04 0.01 0.001 -0.04728955619510064 -0.6000913318091532 0.0034467967094665643 0.0011430346310788415
-0.04647673391795023 -0.5491396033119215 18 nil_vol 0.6 nil_bias 0.87 Home 0.04 0.01 0.001 -0.06243166781130448 -0.5544306150871706 0.01595493389335425 0.0052910117752491105
-0.21536463315506957 -0.03375201145791804 18 nil_vol 0.6 nil_bias 0.87 Home 0.04 0.01 0.001 -0.23314494076644876 -0.03964835785259313 0.017780307611379186 0.005896346394675086
-0.2519790098445133 0.04646040007844981 18 nil_vol 0.6 nil_bias 0.87 Home 0.04 0.01 0.001 -0.2607373415477957 0.04355594202908697 0.008758331703282385 0.002904458049362837
-0.30534748118036886 0.14398422119907012 18 nil_vol 0.6 nil_bias 0.87 Home 0.04 0.01 0.001 -0.2951617561136795 0.1473620347097705 -0.010185725066689334 -0.003377813510700374
-0.40682579712502287 0.45718250745077 18 nil_vol 0.6 nil_bias 0.87 Home 0.04 0.01 0.001 -0.3987889688472606 0.45984769887917243 -0.00803682827776228 -0.0026651914284024363
-0.40749113418701854 0.48608889406500966 18 nil_vol 0.6 nil_bias 0.87 Left 0.04 0.01 0.001 -0.4 0.35 -0.007491134187018501 0.13608889406500965
-0.23370738738446573 0.03307979320472375 19 nil_vol 0.6 nil_bias 0.87 Left 0.04 0.01 0.001 -0.22827515497544693 0.03523914418751051 -0.005432232409018812 -0.0021593509827867565
-0.22097090166407463 0.013139976708230762 19 nil_vol 0.6 nil_bias 0.87 Left 0.04 0.01 0.001 -0.2196925704186229 0.01364812246182745 -0.0012783312454517314 -0.0005081457535966877
-0.1679235404065734 -0.09827012393823858 19 nil_vol 0.6 nil_bias 0.87 Left 0.04 0.01 0.001 -0.17421080896397062 -0.10076935786569718 0.0062872685573972355 0.0024992339274586025
-0.15559205739180676 -0.11433377600829735 19 nil_vol 0.6 nil_bias 0.87 Left 0.04 0.01 0.001 -0.16701404621995486 -0.11887409772952795 0.01142198882814811 0.0045403217212306056
-0.07070302375891117 -0.3405287747288351 19 nil_vol 0.6 nil_bias 0.87 Left 0.04 0.01 0.001 -0.07778560497629827 -0.34334415108994965 0.007082581217387103 0.002815376361114541
-0.05819512734924687 -0.36554861411823775 19 nil_vol 0.6 nil_bias 0.87 Left 0.04 0.01 0.001 -0.06749040816758178 -0.3692435542936666 0.00929528081833492 0.003694940175428876
0.009516272962595574 -0.5335341702525243 19 nil_vol 0.6 nil_bias 0.87 Left 0.04 0.01 0.001 -0.0005872448714354106 -0.5375503903848398 0.010103517834030984 0.004016220132315545
0.06702116283761812 -0.707631394541609 19 nil_vol 0.6 nil_bias 0.87 Home 0.04 0.01 0.001 0.0 -0.75 0.06702116283761812 0.04236860545839103
0.09594006624188194 -0.6659116332075096 20 nil_vol 0.6 nil_bias 0.87 Home 0.04 0.01 0.001 0.09188061359905612 -0.6636187519542986 0.004059452642825806 -0.002292881253210945
0.11885798710532483 -0.6018625687212632 20 nil_vol 0.6 nil_bias 0.87 Home 0.04 0.01 0.001 0.12485033858129777 -0.6052471999932134 -0.00599235147597294 0.0033846312719502444
0.16031902933640296 -0.5418767881026902 20 nil_vol 0.6 nil_bias 0.87 Home 0.04 0.01 0.001 0.1605650563555155 -0.542015750369168 -0.0002460270191125184 0.00013896226647782344
0.31415188703212416 -0.2895428715137177 20 nil_vol 0.6 nil_bias 0.87 Home 0.04 0.01 0.001 0.30582470679813295 -0.28483947006269444 0.008327180233991193 -0.004703401451023268
0.40130524910373333 -0.10900449562716501 20 nil_vol 0.6 nil_bias 0.87 Home 0.04 0.01 0.001 0.4042130631013688 -0.11064690232324648 -0.002907813997635457 0.0016424066960814675
0.6340625491089822 0.30871639078941837 20 nil_vol 0.6 nil_bias 0.87 Home 0.04 0.01 0.001 0.6393827416621459 0.30571141183242034 -0.0053201925531636985 0.003004978956998013
0.7654945920248033 0.5204918437139183 20 nil_vol 0.6 nil_bias 0.87 Home 0.04 0.01 0.001 0.7618567266829699 0.5225466018249009 0.003637865341833466 -0.002054758110982527
0.8173588207730107 0.6208107933178804 20 nil_vol 0.6 nil_bias 0.87 Right 0.04 0.01 0.001 0.4 0.35 0.4173588207730107 0.27081079331788044
0.7583142352842793 0.5578835974111459 21 nil_vol 0.6 nil_bias 0.87 Right 0.04 0.01 0.001 0.7758697343140017 0.5478945764696069 -0.01755549902972239 0.009989020941538971
0.3955542817199974 -0.1264835052252436 21 nil_vol 0.6 nil_bias 0.87 Right 0.04 0.01 0.001 0.3929832305277663 -0.1250205855920572 0.0025710511922311307 -0.0014629196331863903
0.39256264195045704 -0.1448598828686749 21 nil_vol 0.6 nil_bias 0.87 Right 0.04 0.01 0.001 0.38435274840398775 -0.14018848056762712 0.008209893546469298 -0.004671402301047793
0.3612462687945967 -0.178694083136041 21 nil_vol 0.6 nil_bias 0.87 Right 0.04 0.01 0.001 0.36215045193408735 -0.17920856035483534 -0.0009041831394906694 0.0005144772187943651
0.22207501052860149 -0.4114677342101382 21 nil_vol 0.6 nil_bias 0.87 Right 0.04 0.01 0.001 0.22805853882770888 -0.41487234204172885 -0.005983528299107391 0.0034046078315906436
0.04817172572223929 -0.7330072039578209 21 nil_vol 0.6 nil_bias 0.87 Right 0.04 0.01 0.001 0.047317436039278404 -0.7325211159509355 0.0008542896829608819 -0.0004860880068854347
0.016213979732694048 -0.7631041167678962 21 nil_vol 0.6 nil_bias 0.87 Right 0.04 0.01 0.001 0.026564691691488007 -0.7689936376719264 -0.010350711958793958 0.0058895209040301325
0.012688215395250984 -0.7933812596000692 21 nil_vol 0.6 nil_bias 0.87 Home 0.04 0.01 0.001 0.0 -0.75 0.012688215395250984 -0.04338125960006921
0.017558242224406585 -0.7653188849121125 22 nil_vol 0.6 nil_bias 0.87 Home 0.04 0.01 0.001 0.006103847023221837 -0.7683294433811847 0.011454395201184749 0.0030105584690722008
-0.05422865760425121 -0.5097174535743022 22 nil_vol 0.6 nil_bias 0.87 Home 0.04 0.01 0.001 -0.06137356959970183 -0.5115953506558045 0.007144911995450621 0.0018778970815023555
-0.055055957454763355 -0.48960614365511773 22 nil_vol 0.6 nil_bias 0.87 Home 0.04 0.01 0.001 -0.06637133098710638 -0.49258016306165847 0.011315373532343022 0.002974019406540753
-0.0797160287833107 -0.49012318144291145 22 nil_vol 0.6 nil_bias 0.87 Home 0.04 0.01 0.001 -0.06783765286069013 -0.48700118812902876 -0.011878375922620577 -0.003121993313882685
-0.18236898973652174 -0.07181826069573356 22 nil_vol 0.6 nil_bias 0.87 Home 0.04 0.01 0.001 -0.17730966945838494 -0.0704885196449343 -0.005059320278136784 -0.001329741050799261
-0.18502545826665207 -0.022830253177024182 22 nil_vol 0.6 nil_bias 0.87 Home 0.04 0.01 0.001 -0.1895248729510005 -0.02401283425144285 0.0044994146843484574 0.0011825810744186661
-0.23105653524463737 0.1615090151465826 22 nil_vol 0.6 nil_bias 0.87 Home 0.04 0.01 0.001 -0.23781846560248496 0.15973177712148035 0.006761930357847573 0.0017772380251022638
-0.2482388710471357 0.1993787208184059 22 nil_vol 0.6 nil_bias 0.87 Left 0.04 0.01 0.001 -0.4 0.35 0.1517611289528643 -0.15062127918159407
-0.24828158986816382 0.1420567229062029 23 nil_vol 0.6 nil_bias 0.87 Left 0.04 0.01 0.001 -0.23797473267904942 0.14396586486447194 -0.01030685718911439 -0.0019091419582690625
-0.21824544446037913 0.0844614526884863 23 nil_vol 0.6 nil_bias 0.87 Left 0.04 0.01 0.001 -0.22666387572841395 0.0829021043768027 0.008418431268034834 0.001559348311683603
-0.2135108221198658 -0.0032874175185457887 23 nil_vol 0.6 nil_bias 0.87 Left 0.04 0.01 0.001 -0.210792242325835 -0.0027838542444598435 -0.00271857979403082 -0.0005035632740859452
-0.18100919439514418 -0.25755270120853274 23 nil_vol 0.6 nil_bias 0.87 Left 0.04 0.01 0.001 -0.16417879483990327 -0.2544352017248609 -0.01683039955524092 -0.00311749948367183
-0.17044451634337754 -0.2965859518401309 23 nil_vol 0.6 nil_bias 0.87 Left 0.04 0.01 0.001 -0.15683804154140257 -0.29406562081468346 -0.013606474801974968 -0.0025203310254474547
-0.09266309656532772 -0.5916396462324571 23 nil_vol 0.6 nil_bias 0.87 Left 0.04 0.01 0.001 -0.10141794294134407 -0.5932613088060208 0.008754846376016355 0.0016216625735636907
-0.09359670444596126 -0.5968627458861734 23 nil_vol 0.6 nil_bias 0.87 Left 0.04 0.01 0.001 -0.10051352974231756 -0.5981439513156265 0.006916825296356298 0.001281205429453059
-0.0675987622251962 -0.7758404325764818 23 nil_vol 0.6 nil_bias 0.87 Home 0.04 0.01 0.001 0.0 -0.75 -0.0675987622251962 -0.0258404325764818
-0.034748090470452644 -0.7241291148549089 24 nil_vol 0.6 nil_bias 0.87 Home 0.04 0.01 0.001 -0.049160400097327056 -0.7194191970137149 0.01441230962687441 -0.004709917841193999
-0.056968138927203496 -0.7098251753347592 24 nil_vol 0.6 nil_bias 0.87 Home 0.04 0.01 0.001 -0.04708100747132618 -0.7130562727818632 -0.009887131455877317 0.003231097447104046
0.005478497419822534 -0.5298374852288968 24 nil_vol 0.6 nil_bias 0.87 Home 0.04 0.01 0.001 0.012088631931103891 -0.531997665746343 -0.006610134511281357 0.002160180517446188
0.3084765380196562 0.36820350144453695 24 nil_vol 0.6 nil_bias 0.87 Home 0.04 0.01 0.001 0.3064854569949409 0.36885418327724495 0.0019910810247153123 -0.0006506818327079783
0.3207341358585753 0.38395159094223114 24 nil_vol 0.6 nil_bias 0.87 Home 0.04 0.01 0.001 0.3123180746891764 0.3867019451658469 0.008416061169398893 -0.0027503542236157435
0.3332178226852314 0.4796849940076255 24 nil_vol 0.6 nil_bias 0.87 Home 0.04 0.01 0.001 0.3417893588367963 0.4768838308289345 -0.008571536151564845 0.0028011631786910136
0.35381029612093073 0.5244680815678815 24 nil_vol 0.6 nil_bias 0.87 Home 0.04 0.01 0.001 0.3569992396684756 0.5234259403359769 -0.0031889435475448255 0.0010421412319046302
0.38442369760799844 0.6073445547365623 24 nil_vol 0.6 nil_bias 0.87 Right 0.04 0.01 0.001 0.4 0.35 -0.015576302392001612 0.25734455473656237
0.324874367867276 0.37813347806692765 25 nil_vol 0.6 nil_bias 0.87 Right 0.04 0.01 0.001 0.31829962740670675 0.3800461558592806 0.00657474046056927 -0.0019126777923529307
0.31426716342494027 0.35086966297879846 25 nil_vol 0.6 nil_bias 0.87 Right 0.04 0.01 0.001 0.3101594429453014 0.3520646524670859 0.004107720479638879 -0.0011949894882874726
0.294642814177745 0.29860644495130584 25 nil_vol 0.6 nil_bias 0.87 Right 0.04 0.01 0.001 0.29461048854556093 0.2986158488995184 3.232563218409563e-05 -9.403948212571037e-06
0.2756607421977275 0.22920843872926008 25 nil_vol 0.6 nil_bias 0.87 Right 0.04 0.01 0.001 0.2745158591566319 0.2295415001452472 0.0011448830410956002 -0.0003330614159871248
0.23131466226711522 0.14726466335899302 25 nil_vol 0.6 nil_bias 0.87 Right 0.04 0.01 0.001 0.24907720277949982 0.14209730854437186 -0.017762540512384597 0.005167354814621175
0.17187670210030495 -0.07529010888832649 25 nil_vol 0.6 nil_bias 0.87 Right 0.04 0.01 0.001 0.18474713638027454 -0.07903428616389674 -0.012870434279969601 0.00374417727557025
0.09475186521551515 -0.44652427229891795 25 nil_vol 0.6 nil_bias 0.87 Right 0.04 0.01 0.001 0.07915912406682185 -0.4419881404324395 0.015592741148693304 -0.004536131866478441
-0.014790339359612846 -0.7649350272045607 25 nil_vol 0.6 nil_bias 0.87 Home 0.04 0.01 0.001 0.0 -0.75 -0.014790339359612846 -0.014935027204560733
-0.03164631081274161 -0.7063210804413924 26 nil_vol 0.6 nil_bias 0.87 Home 0.04 0.01 0.001 -0.0346540777774193 -0.7073587561206847 0.0030077669646776974 0.0010376756792922794
-0.12287758610454205 -0.4671152051348847 26 nil_vol 0.6 nil_bias 0.87 Home 0.04 0.01 0.001 -0.1181057526594165 -0.46546892882099783 -0.004771833445125544 -0.0016462763138868591
-0.14088787100548975 -0.38713430654972053 26 nil_vol 0.6 nil_bias 0.87 Home 0.04 0.01 0.001 -0.14467976802823984 -0.3884425060761789 0.003791897022750089 0.001308199526458396
-0.2544892130052604 -0.13368280467547186 26 nil_vol 0.6 nil_bias 0.87 Home 0.04 0.01 0.001 -0.2349027891561438 -0.12692551399729712 -0.019586423849116588 -0.006757290678174747
-0.29674428554552745 0.03036764019697184 26 nil_vol 0.6 nil_bias 0.87 Home 0.04 0.01 0.001 -0.28997449088602845 0.03270321052355052 -0.006769794659498981 -0.0023355703265786785
-0.40012426145826047 0.3901998915866629 26 nil_vol 0.6 nil_bias 0.87 Home 0.04 0.01 0.001 -0.4119078486519332 0.38613456937610247 0.011783587193672751 0.004065322210560432
-0.44944473886863373 0.5027016991295608 26 nil_vol 0.6 nil_bias 0.87 Home 0.04 0.01 0.001 -0.45183844736060463 0.5018758728223356 0.0023937084919708755 0.0008258263072251484
-0.453809469772806 0.5075890028651463 26 nil_vol 0.6 nil_bias 0.87 Left 0.04 0.01 0.001 -0.4 0.35 -0.05380946977280596 0.15758900286514635
-0.3333974633622277 0.24792926321859973 27 nil_vol 0.6 nil_bias 0.87 Left 0.04 0.01 0.001 -0.34613011603297494 0.2427523224384524 0.01273265267074723 0.005176940780147321
-0.25916333458892704 0.06275080445242111 27 nil_vol 0.6 nil_bias 0.87 Left 0.04 0.01 0.001 -0.27098879221588146 0.057942718076709754 0.011825457626954413 0.00480808637571135
-0.17277184744154953 -0.23039376740407125 27 nil_vol 0.6 nil_bias 0.87 Left 0.04 0.01 0.001 -0.15645251331796733 -0.2237585258315652 -0.01631933412358219 -0.006635241572506064
-0.13735578090708855 -0.23715345072847194 27 nil_vol 0.6 nil_bias 0.87 Left 0.04 0.01 0.001 -0.14906981198950986 -0.24191623243458293 0.011714031082421302 0.004762781706110988
-0.08217842307620823 -0.38626184380041834 27 nil_vol 0.6 nil_bias 0.87 Left 0.04 0.01 0.001 -0.08921706869428236 -0.38912367098438994 0.007038645618074136 0.002861827183971618
0.01799469060960784 -0.6485270882324693 27 nil_vol 0.6 nil_bias 0.87 Left 0.04 0.01 0.001 0.01650023977963705 -0.6491347136539477 0.0014944508299707924 0.0006076254214783957
0.02724386845401118 -0.7353819575242652 27 nil_vol 0.6 nil_bias 0.87 Left 0.04 0.01 0.001 0.048116743499807435 -0.7268953019295704 -0.020872875045796255 -0.008486655594694751
0.04917510592770064 -0.7294983375381311 27 nil_vol 0.6 nil_bias 0.87 Home 0.04 0.01 0.001 0.0 -0.75 0.04917510592770064 0.020501662461868873
-0.11346955318808821 -0.56879474075805 28 nil_vol 0.6 nil_bias 0.87 Home 0.04 0.01 0.001 -0.11475506979294714 -0.5701169463262407 0.0012855166048589214 0.0013222055681906477
-0.12799941163164433 -0.5706522854643595 28 nil_vol 0.6 nil_bias 0.87 Home 0.04 0.01 0.001 -0.12129597953123486 -0.5637575357461153 -0.0067034321004094555 -0.006894749718244217
-0.3648721610665395 -0.33255023255203664 28 nil_vol 0.6 nil_bias 0.87 Home 0.04 0.01 0.001 -0.3620682452510527 -0.3296662922824503 -0.0028039158154868358 -0.0028839402695863096
-0.46798925397651836 -0.21181266547774952 28 nil_vol 0.6 nil_bias 0.87 Home 0.04 0.01 0.001 -0.47542218401187614 -0.21945773318327333 0.007432930035357778 0.007645067705523817
-0.5717891561930835 -0.1332600575790424 28 nil_vol 0.6 nil_bias 0.87 Home 0.04 0.01 0.001 -0.5680430013424101 -0.12940698653807503 -0.003746154850673285 -0.003853071040967384
-0.588773748243503 -0.1063582675962328 28 nil_vol 0.6 nil_bias 0.87 Home 0.04 0.01 0.001 -0.5902197832184398 -0.10784557276866946 0.00144603497493682 0.0014873051724366593
-0.7106729384236182 0.02224323838581015 28 nil_vol 0.6 nil_bias 0.87 Home 0.04 0.01 0.001 -0.7171593833915193 0.015571668666753746 0.00648644496790105 0.0066715697190564026
-0.7241654829749349 0.02238336086231807 28 nil_vol 0.6 nil_bias 0.87 Left 0.04 0.01 0.001 -0.4 0.35 -0.32416548297493486 -0.3276166391376819
-0.7115762721475877 0.014029012404148854 29 nil_vol 0.6 nil_bias 0.87 Left 0.04 0.01 0.001 -0.7140173130195768 0.011708426851812625 0.0024410408719891703 0.0023205855523362293
-0.47039251464090115 -0.2352031880917752 29 nil_vol 0.6 nil_bias 0.87 Left 0.04 0.01 0.001 -0.4750660730877281 -0.23964612566572402 0.0046735584468269075 0.0044429375739488165
-0.23167879030383393 -0.49392441159838546 29 nil_vol 0.6 nil_bias 0.87 Left 0.04 0.01 0.001 -0.23254896208160575 -0.49475164398057103 0.0008701717777718172 0.0008272323821855981
-0.21956370604142372 -0.49818590541029506 29 nil_vol 0.6 nil_bias 0.87 Left 0.04 0.01 0.001 -0.2246696788584729 -0.503039919485123 0.005105972817049151 0.0048540140748279705
-0.10321371910847016 -0.6508733985037906 29 nil_vol 0.6 nil_bias 0.87 Left 0.04 0.01 0.001 -0.0931900220673989 -0.6413443296539313 -0.010023697041071259 -0.009529068849859296
-0.08099884830887227 -0.6407746335603252 29 nil_vol 0.6 nil_bias 0.87 Left 0.04 0.01 0.001 -0.08768712295204806 -0.6471328693789506 0.006688274643175783 0.006358235818625543
-0.05798251654871436 -0.6952748986277854 29 nil_vol 0.6 nil_bias 0.87 Left 0.04 0.01 0.001 -0.04954555328173593 -0.6872542647712997 -0.008436963266978428 -0.008020633856485658
-0.008892112498116353 -0.7300179157127187 29 nil_vol 0.6 nil_bias 0.87 Home 0.04 0.01 0.001 0.0 -0.75 -0.008892112498116353 0.019982084287281366
-0.008277495004800099 -0.6824479598771125 30 nil_vol 0.6 nil_bias 0.87 Home 0.04 0.01 0.001 -0.0193307390799883 -0.6850116162731252 0.011053244075188201 0.002563656396012737
-0.07674817750234658 -0.44299127345104883 30 nil_vol 0.6 nil_bias 0.87 Home 0.04 0.01 0.001 -0.07552975864015228 -0.4427086770216351 -0.0012184188621943055 -0.0002825964294137608
-0.10909745860885159 -0.2795193134024667 30 nil_vol 0.6 nil_bias 0.87 Home 0.04 0.01 0.001 -0.11316082407461858 -0.2804617582444326 0.004063365465766991 0.00094244484196586
-0.14619864299440605 -0.12759838322831205 30 nil_vol 0.6 nil_bias 0.87 Home 0.04 0.01 0.001 -0.14849212126129027 -0.12813032572302385 0.0022934782668842285 0.0005319424947117932
-0.19579693422797897 0.12111339123033626 30 nil_vol 0.6 nil_bias 0.87 Home 0.04 0.01 0.001 -0.20576474775003534 0.11880148635279497 0.009967813522056359 0.0023119048775412957
-0.22272184749522572 0.14995393700870474 30 nil_vol 0.6 nil_bias 0.87 Home 0.04 0.01 0.001 -0.21348694364515672 0.1520958530073695 -0.009234903850069007 -0.0021419159986647584
-0.2806746648491496 0.4702391606644346 30 nil_vol 0.6 nil_bias 0.87 Home 0.04 0.01 0.001 -0.28693915475088877 0.4687861935992812 0.006264489901739156 0.0014529670651534346
-0.3448229013813173 0.7183528595875811 30 nil_vol 0.6 nil_bias 0.87 Left 0.04 0.01 0.001 -0.4 0.35 0.055177098618682675 0.3683528595875811
-0.3319372694931239 0.6529416945090321 31 nil_vol 0.6 nil_bias 0.87 Left 0.04 0.01 0.001 -0.32862201707215666 0.6537733832117271 -0.003315252420967262 -0.0008316887026949837
-0.2972778805675341 0.5187283714414512 31 nil_vol 0.6 nil_bias 0.87 Left 0.04 0.01 0.001 -0.29489367676645356 0.5193264904123447 -0.0023842038010805366 -0.0005981189708934993
-0.21685384916373387 0.12827518608662944 31 nil_vol 0.6 nil_bias 0.87 Left 0.04 0.01 0.001 -0.1979795053198638 0.13301014335457328 -0.01887434384387008 -0.004734957267943844
-0.1878420928238933 0.10994298289279074 31 nil_vol 0.6 nil_bias 0.87 Left 0.04 0.01 0.001 -0.19193511503572697 0.10891617711717849 0.00409302221183366 0.0010268057756122532
-0.151018181563247 -0.04681252466518813 31 nil_vol 0.6 nil_bias 0.87 Left 0.04 0.01 0.001 -0.15275834665677085 -0.04724907533021583 0.0017401650935238472 0.00043655066502769785
-0.1477017278427395 -0.07101184882072342 31 nil_vol 0.6 nil_bias 0.87 Left 0.04 0.01 0.001 -0.1468506066689234 -0.07079833027824067 -0.0008511211738160962 -0.00021351854248275083
-0.08876684374049178 -0.31026787869006683 31 nil_vol 0.6 nil_bias 0.87 Left 0.04 0.01 0.001 -0.08689341092508629 -0.30979789550025705 -0.0018734328154054885 -0.00046998318980978377
0.018362875035809086 -0.7293673278168776 31 nil_vol 0.6 nil_bias 0.87 Home 0.04 0.01 0.001 0.0 -0.75 0.018362875035809086 0.02063267218312239
0.011551924543557385 -0.7254756715982403 32 nil_vol 0.6 nil_bias 0.87 Home 0.04 0.01 0.001 0.01887768972374681 -0.7275433008400265 -0.007325765180189425 0.0020676292417861827
0.02098907181217046 -0.7074910114878458 32 nil_vol 0.6 nil_bias 0.87 Home 0.04 0.01 0.001 0.02427546853077277 -0.7084185664651562 -0.00328639671860231 0.0009275549773104509
0.06446091853851198 -0.5900893501820431 32 nil_vol 0.6 nil_bias 0.87 Home 0.04 0.01 0.001 0.05817363562803273 -0.588314822924161 0.006287282910479248 -0.0017745272578820622
0.08259218956893272 -0.5242500673534096 32 nil_vol 0.6 nil_bias 0.87 Home 0.04 0.01 0.001 0.07672286755155809 -0.5225935056790878 0.005869322017374628 -0.0016565616743218431
0.18747838393701596 -0.17402537961245057 32 nil_vol 0.6 nil_bias 0.87 Home 0.04 0.01 0.001 0.17601607228541788 -0.1707902485146916 0.011462311651598073 -0.0032351310977589702
0.20043620270218554 -0.05696236535254169 32 nil_vol 0.6 nil_bias 0.87 Home 0.04 0.01 0.001 0.20757431523831754 -0.058977031376888034 -0.007138112536132013 0.00201466602434634
0.2670299761864923 0.1509640187936432 32 nil_vol 0.6 nil_bias 0.87 Home 0.04 0.01 0.001 0.2668431138930831 0.15101675894194677 0.00018686229340925584 -5.2740148303554624e-05
0.366118531023717 0.5027569932965871 32 nil_vol 0.6 nil_bias 0.87 Right 0.04 0.01 0.001 0.4 0.35 -0.03388146897628302 0.1527569932965871
0.36101255150432676 0.47425426501483137 33 nil_vol 0.6 nil_bias 0.87 Right 0.04 0.01 0.001 0.3576088964392345 0.47530951158195517 0.003403655065092294 -0.0010552465671237938
0.26492543512921013 0.1819780271185484 33 nil_vol 0.6 nil_bias 0.87 Right 0.04 0.01 0.001 0.26651369073734554 0.18148561491867865 -0.0015882556081353882 0.00049241219986977
0.1355001439563051 -0.23686074225612552 33 nil_vol 0.6 nil_bias 0.87 Right 0.04 0.01 0.001 0.13669729867929642 -0.2372319001401041 -0.0011971547229913083 0.00037115788397857485
0.07433135432909851 -0.3814167823173633 33 nil_vol 0.6 nil_bias 0.87 Right 0.04 0.01 0.001 0.09044620677135184 -0.38641292393400306 -0.016114852442253334 0.0049961416166397574
0.0770911719094817 -0.3909643410337573 33 nil_vol 0.6 nil_bias 0.87 Right 0.04 0.01 0.001 0.08798773107432567 -0.39434263772724176 -0.010896559164843972 0.0033782966934844546
0.06208031330924318 -0.484588414058761 33 nil_vol 0.6 nil_bias 0.87 Right 0.04 0.01 0.001 0.060190209195321365 -0.48400241875677574 0.0018901041139218126 -0.0005859953019852994
-0.03296411807127046 -0.7889141559224214 33 nil_vol 0.6 nil_bias 0.87 Right 0.04 0.01 0.001 -0.03422171566317633 -0.7885242587335751 0.0012575975919058725 -0.0003898971888462606
-0.03747913058701786 -0.7990309186461109 33 nil_vol 0.6 nil_bias 0.87 Home 0.04 0.01 0.001 0.0 -0.75 -0.03747913058701786 -0.04903091864611086
0.030709392668730642 -0.6988101871290531 34 nil_vol 0.6 nil_bias 0.87 Home 0.04 0.01 0.001 0.02462953929585647 -0.6951742938314796 0.006079853372874171 -0.003635893297573483
0.04285971166296776 -0.6875432883321758 34 nil_vol 0.6 nil_bias 0.87 Home 0.04 0.01 0.001 0.032793171678961126 -0.68152326399723 0.010066539984006636 -0.006020024334945865
0.06555769538384326 -0.6279289454349392 34 nil_vol 0.6 nil_bias 0.87 Home 0.04 0.01 0.001 0.06503186909862643 -0.627614489123437 0.0005258262852168262 -0.0003144563115021341
0.15483016361969826 -0.4815198457347426 34 nil_vol 0.6 nil_bias 0.87 Home 0.04 0.01 0.001 0.15304005364436382 -0.4804493184601414 0.0017901099753344306 -0.0010705272746011983
0.25423359892369096 -0.32398572629802974 34 nil_vol 0.6 nil_bias 0.87 Home 0.04 0.01 0.001 0.2486174300647247 -0.3206271270917625 0.00561616885896627 -0.0033585992062672375
0.25791496366215455 -0.27530172999503555 34 nil_vol 0.6 nil_bias 0.87 Home 0.04 0.01 0.001 0.2710320000708163 -0.2831460219273153 -0.013117036408661756 0.00784429193227974
0.5616505610168976 0.22308999746922198 34 nil_vol 0.6 nil_bias 0.87 Home 0.04 0.01 0.001 0.570579578388532 0.21775023803352767 -0.008929017371634389 0.0053397594356943
0.6551317754071693 0.359136389428773 34 nil_vol 0.6 nil_bias 0.87 Right 0.04 0.01 0.001 0.4 0.35 0.25513177540716925 0.00913638942877305
0.5416777262263329 0.12332240626038794 35 nil_vol 0.6 nil_bias 0.87 Right 0.04 0.01 0.001 0.5382278516638541 0.12504525610544803 0.0034498745624788594 -0.0017228498450600892
0.5127204372193822 0.0796135621052713 35 nil_vol 0.6 nil_bias 0.87 Right 0.04 0.01 0.001 0.5149767744192129 0.07848675876076411 -0.0022563371998306136 0.0011268033445071988
0.42604870842391396 -0.10456996215316341 35 nil_vol 0.6 nil_bias 0.87 Right 0.04 0.01 0.001 0.4240561194816736 -0.10357487334971993 0.0019925889422403344 -0.0009950888034434857
0.29318736232940457 -0.39693376971268984 35 nil_vol 0.6 nil_bias 0.87 Right 0.04 0.01 0.001 0.280674759844676 -0.39068503954534617 0.012512602484728599 -0.006248730167343658
0.185054238651948 -0.5579958688141328 35 nil_vol 0.6 nil_bias 0.87 Right 0.04 0.01 0.001 0.19471198461504297 -0.5628188981257238 -0.009657745963094967 0.004823029311591044
0.16193729410468283 -0.6096418183245459 35 nil_vol 0.6 nil_bias 0.87 Right 0.04 0.01 0.001 0.16945418000027457 -0.6133957129853562 -0.007516885895591743 0.003753894660810284
0.11956607391306005 -0.7368594428587039 35 nil_vol 0.6 nil_bias 0.87 Right 0.04 0.01 0.001 0.11014627378514763 -0.7321552424893983 0.009419800127912418 -0.004704200369305562
0.09359287715760188 -0.7653021485368036 35 nil_vol 0.6 nil_bias 0.87 Home 0.04 0.01 0.001 0.0 -0.75 0.09359287715760188 -0.015302148536803537
-0.06811672602657226 -0.3597501781232387 36 nil_vol 0.6 nil_bias 0.87 Home 0.04 0.01 0.001 -0.06656998715849786 -0.3591402486160442 -0.00154673886807439 -0.0006099295071944648
-0.13051600252178822 -0.18351365263396313 36 nil_vol 0.6 nil_bias 0.87 Home 0.04 0.01 0.001 -0.13511079207676202 -0.18532552779063804 0.004594789554973804 0.0018118751566749023
-0.1376078692956403 -0.15788831138219572 36 nil_vol 0.6 nil_bias 0.87 Home 0.04 0.01 0.001 -0.14481022662902265 -0.1607284354326486 0.007202357333382334 0.0028401240504528713
-0.1567442492256348 -0.13970757128064545 36 nil_vol 0.6 nil_bias 0.87 Home 0.04 0.01 0.001 -0.1535899289712941 -0.1384637200799197 -0.003154320254340712 -0.0012438512007257705
-0.24413958282925013 0.13063595215519685 36 nil_vol 0.6 nil_bias 0.87 Home 0.04 0.01 0.001 -0.25761005889106275 0.12532410476088862 0.01347047606181262 0.005311847394308227
-0.2885973852552039 0.2115914177295936 36 nil_vol 0.6 nil_bias 0.87 Home 0.04 0.01 0.001 -0.2912202232787988 0.21055714728084374 0.002622838023594917 0.0010342704487498612
-0.3110749006880496 0.3182367229504472 36 nil_vol 0.6 nil_bias 0.87 Home 0.04 0.01 0.001 -0.3306395235762401 0.31052175499887846 0.019564622888190504 0.007714967951568708
-0.3338163100920539 0.31857786496179136 36 nil_vol 0.6 nil_bias 0.87 Left 0.04 0.01 0.001 -0.4 0.35 0.06618368990794612 -0.03142213503820864
-0.31430591273463676 0.280996872388463 37 nil_vol 0.6 nil_bias 0.87 Left 0.04 0.01 0.001 -0.3221008924790924 0.27870647225941436 0.007794979744455617 0.002290400129048649
-0.25182798850535687 0.05379909177006949 37 nil_vol 0.6 nil_bias 0.87 Left 0.04 0.01 0.001 -0.25568345516664964 0.05266623939224918 0.0038554666612927546 0.001132852377820309
-0.26209405162402993 0.029902680112571498 37 nil_vol 0.6 nil_bias 0.87 Left 0.04 0.01 0.001 -0.2500358903138955 0.03344573155416958 -0.01205816131013442 -0.0035430514415980803
-0.1983765759283754 -0.122686838790498 37 nil_vol 0.6 nil_bias 0.87 Left 0.04 0.01 0.001 -0.203699842145243 -0.12425097494348109 0.005323266216867597 0.0015641361529830824
-0.18789180693150148 -0.16414409673266805 37 nil_vol 0.6 nil_bias 0.87 Left 0.04 0.01 0.001 -0.19165328803090192 -0.16524933331799835 0.003761481099400445 0.0011052365853302813
-0.11505237986659471 -0.4719511344028626 37 nil_vol 0.6 nil_bias 0.87 Left 0.04 0.01 0.001 -0.10260933419637636 -0.46829499232897237 -0.012443045670218358 -0.0036561420738902392
-0.09365468850760014 -0.49418887948206575 37 nil_vol 0.6 nil_bias 0.87 Left 0.04 0.01 0.001 -0.09489393726477685 -0.4945530081400497 0.0012392487571767084 0.0003641286579839775
-0.01934011666279518 -0.7516873375261145 37 nil_vol 0.6 nil_bias 0.87 Home 0.04 0.01 0.001 0.0 -0.75 -0.01934011666279518 -0.001687337526114458
-0.0672339810761606 -0.6671904644135492 38 nil_vol 0.6 nil_bias 0.87 Home 0.04 0.01 0.001 -0.053695402095558495 -0.6620041865015984 -0.013538578980602116 -0.0051862779119507966
-0.08271204247303846 -0.5912206025407206 38 nil_vol 0.6 nil_bias 0.87 Home 0.04 0.01 0.001 -0.0810540566476196 -0.5905854712409722 -0.0016579858254188624 -0.0006351312997484862
-0.1648319302028047 -0.36584655475286726 38 nil_vol 0.6 nil_bias 0.87 Home 0.04 0.01 0.001 -0.1668496113946819 -0.36661947600359707 0.002017681191877197 0.0007729212507298072
-0.184435933173907 -0.3540148566729839 38 nil_vol 0.6 nil_bias 0.87 Home 0.04 0.01 0.001 -0.17331069462196463 -0.34975306678722173 -0.011125238551942364 -0.004261789885762151
-0.22048104270000066 -0.20115423289649448 38 nil_vol 0.6 nil_bias 0.87 Home 0.04 0.01 0.001 -0.22898685609245756 -0.20441258904921034 0.00850581339245691 0.003258356152715862
-0.327785338349748 0.058587016117837565 38 nil_vol 0.6 nil_bias 0.87 Home 0.04 0.01 0.001 -0.32948565818085107 0.057935667760233955 0.0017003198311030961 0.0006513483576036065
-0.41420617261768267 0.2511444029100903 38 nil_vol 0.6 nil_bias 0.87 Home 0.04 0.01 0.001 -0.40486908334412525 0.25472119925856573 -0.009337089273557406 -0.0035767963484754028
-0.40637469019886835 0.25865152803437347 38 nil_vol 0.6 nil_bias 0.87 Left 0.04 0.01 0.001 -0.4 0.35 -0.006374690198868334 -0.09134847196562651
-0.4037137867670101 0.22572456492242982 39 nil_vol 0.6 nil_bias 0.87 Left 0.04 0.01 0.001 -0.39434782129175044 0.22960222167490607 -0.009365965475259653 -0.0038776567524762603
-0.3510610694593894 0.11603055185720912 39 nil_vol 0.6 nil_bias 0.87 Left 0.04 0.01 0.001 -0.3478737091534748 0.11735016906543524 -0.0031873603059145795 -0.0013196172082261303
-0.32677586442480333 0.07664563694076966 39 nil_vol 0.6 nil_bias 0.87 Left 0.04 0.01 0.001 -0.33040015736448386 0.07514512276231924 0.0036242929396805225 0.0015005141784504175
-0.2104778935958771 -0.24624476853013585 39 nil_vol 0.6 nil_bias 0.87 Left 0.04 0.01 0.001 -0.1992621721428997 -0.2416012837617036 -0.011215721452977395 -0.004643484768432263
-0.1820229556006674 -0.2858019150864958 39 nil_vol 0.6 nil_bias 0.87 Left 0.04 0.01 0.001 -0.1811176024946519 -0.2854270846865557 -0.0009053531060155001 -0.00037483039994005887
-0.00870289955727609 -0.661664980312935 39 nil_vol 0.6 nil_bias 0.87 Left 0.04 0.01 0.001 -0.02291339923139174 -0.667548350282956 0.01421049967411565 0.005883369970021014
-0.012848534783705852 -0.668114707016552 39 nil_vol 0.6 nil_bias 0.87 Left 0.04 0.01 0.001 -0.02124046609840108 -0.6715890983342119 0.008391931314695227 0.003474391317659943
0.008722039483381691 -0.7439595557379118 39 nil_vol 0.6 nil_bias 0.87 Home 0.04 0.01 0.001 0.0 -0.75 0.008722039483381691 0.006040444262088186
-0.027716317178927197 -0.5847101023421951 40 nil_vol 0.6 nil_bias 0.87 Home 0.04 0.01 0.001 -0.03083223917796743 -0.5854878312869901 0.003115921999040233 0.0007777289447950381
-0.027632090196166904 -0.5308438495299362 40 nil_vol 0.6 nil_bias 0.87 Home 0.04 0.01 0.001 -0.043483738989232135 -0.5348003946850748 0.01585164879306523 0.003956545155138518
-0.07300497942917994 -0.40981169785880395 40 nil_vol 0.6 nil_bias 0.87 Home 0.04 0.01 0.001 -0.0745824352457795 -0.41020542820509714 0.001577455816599557 0.0003937303462932185
-0.15786771747122197 -0.08533984401697291 40 nil_vol 0.6 nil_bias 0.87 Home 0.04 0.01 0.001 -0.15579732821214728 -0.08482307830388025 -0.002070389259074684 -0.0005167657130926607
-0.20656763959597194 0.023232035018725186 40 nil_vol 0.6 nil_bias 0.87 Home 0.04 0.01 0.001 -0.1841634694212825 0.028824078604648307 -0.022404170174689438 -0.0055920435859231205
-0.21469453572525357 0.1952202618179168 40 nil_vol 0.6 nil_bias 0.87 Home 0.04 0.01 0.001 -0.22505050957674225 0.19263542798115063 0.010355973851488674 0.0025848338367661745
-0.2392991685667488 0.2503411900435301 40 nil_vol 0.6 nil_bias 0.87 Home 0.04 0.01 0.001 -0.2394447049241517 0.25030486441095423 0.0001455363574029086 3.6325632575893036e-05
-0.23984653890700303 0.25191478693667213 40 nil_vol 0.6 nil_bias 0.87 Left 0.04 0.01 0.001 -0.4 0.35 0.160153461092997 -0.09808521306332785
-0.14656772719475156 -0.1909598004157594 41 nil_vol 0.6 nil_bias 0.87 Left 0.04 0.01 0.001 -0.11818939976860802 -0.18302203578457305 -0.028378327426143542 -0.007937764631186369
-0.0805883172402519 -0.26725888431466593 41 nil_vol 0.6 nil_bias 0.87 Left 0.04 0.01 0.001 -0.09360862967341971 -0.27090082465762577 0.013020312433167806 0.003641940342959829
-0.06919370975845907 -0.32577388790808126 41 nil_vol 0.6 nil_bias 0.87 Left 0.04 0.01 0.001 -0.07760210056632758 -0.32812581746889125 0.008408390807868505 0.002351929560809966
-0.04038749698810595 -0.4492999349774805 41 nil_vol 0.6 nil_bias 0.87 Left 0.04 0.01 0.001 -0.043467263008074186 -0.45016138313186016 0.0030797660199682305 0.0008614481543796738
-0.03129518733748073 -0.49400457050428953 41 nil_vol 0.6 nil_bias 0.87 Left 0.04 0.01 0.001 -0.03121042032990687 -0.49398086013741316 -8.476700757386127e-05 -2.3710366876358966e-05
-0.023869430855890012 -0.557113171358836 41 nil_vol 0.6 nil_bias 0.87 Left 0.04 0.01 0.001 -0.014300226364789587 -0.554436548039307 -0.009569204491100426 -0.0026766233195290533
0.0374707916451895 -0.6866807345109996 41 nil_vol 0.6 nil_bias 0.87 Left 0.04 0.01 0.001 0.023762601080603962 -0.6905150827651144 0.01370819056458554 0.003834348254114735
0.030291284715099738 -0.7138558002655444 41 nil_vol 0.6 nil_bias 0.87 Home 0.04 0.01 0.001 0.0 -0.75 0.030291284715099738 0.036144199734455575
-0.06846824060942619 -0.2772304376910092 42 nil_vol 0.6 nil_bias 0.87 Home 0.04 0.01 0.001 -0.07256378466453467 -0.2781973590865767 0.004095544055108482 0.000966921395567507
-0.08246137033115833 -0.24600019990520344 42 nil_vol 0.6 nil_bias 0.87 Home 0.04 0.01 0.001 -0.08028647314713502 -0.24548672609266597 -0.0021748971840233086 -0.0005134738125374544
-0.20386019370045239 0.31148584205575275 42 nil_vol 0.6 nil_bias 0.87 Home 0.04 0.01 0.001 -0.21136444562068574 0.30971415515853784 0.007504251920233346 0.0017716868972149232
-0.2608919896703069 0.42407971042082926 42 nil_vol 0.6 nil_bias 0.87 Home 0.04 0.01 0.001 -0.2395544646274465 0.42911730962981953 -0.02133752504286041 -0.005037599208990252
-0.23765063278540638 0.4316845755323327 42 nil_vol 0.6 nil_bias 0.87 Home 0.04 0.01 0.001 -0.24002805790460047 0.43112328668201716 0.002377425119194087 0.0005612888503155178
-0.2618372945838985 0.5145888371915216 42 nil_vol 0.6 nil_bias 0.87 Home 0.04 0.01 0.001 -0.2598446001710023 0.5150592945560941 -0.0019926944128961584 -0.00047045736457255403
-0.253673735363657 0.5344438642971335 42 nil_vol 0.6 nil_bias 0.87 Home 0.04 0.01 0.001 -0.26385370290172067 0.5320404648253445 0.010179967538063646 0.0024033994717890276
-0.2814558375221397 0.6065970090618746 42 nil_vol 0.6 nil_bias 0.87 Left 0.04 0.01 0.001 -0.4 0.35 0.11854416247786032 0.25659700906187466
-0.25498261219029433 0.5100637943984494 43 nil_vol 0.6 nil_bias 0.87 Left 0.04 0.01 0.001 -0.26281502942788243 0.5085743169771012 0.007832417237588107 0.0014894774213481555
-0.15202394622794865 -0.12867395184386424 43 nil_vol 0.6 nil_bias 0.87 Left 0.04 0.01 0.001 -0.14199335944392336 -0.12676645227068273 -0.010030586784025299 -0.0019074995731815196
-0.12657339116109273 -0.22688251042735288 43 nil_vol 0.6 nil_bias 0.87 Left 0.04 0.01 0.001 -0.12308076669673806 -0.22621832399255226 -0.003492624464354674 -0.0006641864348006095
-0.1342027354946529 -0.24434553174726714 43 nil_vol 0.6 nil_bias 0.87 Left 0.04 0.01 0.001 -0.12014203733495168 -0.24167163277049153 -0.014060698159701205 -0.0026738989767756123
-0.10149647638756684 -0.36948456863338375 43 nil_vol 0.6 nil_bias 0.87 Left 0.04 0.01 0.001 -0.09603362776152546 -0.3684457080316167 -0.005462848626041375 -0.0010388606017670532
-0.062319112117598906 -0.5058000892782145 43 nil_vol 0.6 nil_bias 0.87 Left 0.04 0.01 0.001 -0.06964813289228627 -0.5071938366531756 0.00732902077468737 0.0013937473749610885
-0.032519545053108515 -0.6413381613335676 43 nil_vol 0.6 nil_bias 0.87 Left 0.04 0.01 0.001 -0.04373262593123997 -0.6434705337908948 0.011213080878131457 0.002132372457327185
-0.026733410396624885 -0.7328609111611558 43 nil_vol 0.6 nil_bias 0.87 Home 0.04 0.01 0.001 0.0 -0.75 -0.026733410396624885 0.017139088838844147
-0.049469136059628806 -0.6389215270402586 44 nil_vol 0.6 nil_bias 0.87 Home 0.04 0.01 0.001 -0.05396681213021122 -0.64024404007554 0.004497676070582417 0.001322513035281455
-0.21381351951834457 -0.06242338659598152 44 nil_vol 0.6 nil_bias 0.87 Home 0.04 0.01 0.001 -0.22307089154810425 -0.06514545794787008 0.009257372029759672 0.0027220713518885608
-0.2233087922434257 -0.02001924413066132 44 nil_vol 0.6 nil_bias 0.87 Home 0.04 0.01 0.001 -0.23530293419966933 -0.02354604526867532 0.011994141956243622 0.0035268011380140004
-0.2766279285506953 0.1035087432113382 44 nil_vol 0.6 nil_bias 0.87 Home 0.04 0.01 0.001 -0.27297815218384186 0.1045819367328985 -0.0036497763668534404 -0.0010731935215603065
-0.2797056738352592 0.1210837102405085 44 nil_vol 0.6 nil_bias 0.87 Home 0.04 0.01 0.001 -0.2779796302946983 0.12159124236288288 -0.0017260435405608966 -0.0005075321223743768
-0.32257407678318395 0.2894716532726934 44 nil_vol 0.6 nil_bias 0.87 Home 0.04 0.01 0.001 -0.32696421818438437 0.28818076012283067 0.004390141401200435 0.0012908931498627314
-0.34512570846878476 0.3873396001272915 44 nil_vol 0.6 nil_bias 0.87 Home 0.04 0.01 0.001 -0.35524620897432546 0.38436373133814217 0.0101205005055407 0.0029758687891493574
-0.3555705594379755 0.38546680047993775 44 nil_vol 0.6 nil_bias 0.87 Left 0.04 0.01 0.001 -0.4 0.35 0.044429440562024546 0.0354668004799378
-0.1359726965500599 -0.3223374376763441 45 nil_vol 0.6 nil_bias 0.87 Left 0.04 0.01 0.001 -0.1342132618482256 -0.32178676712659815 -0.0017594347018342834 -0.0005506705497459342
-0.1171890669571334 -0.3258614035656778 45 nil_vol 0.6 nil_bias 0.87 Left 0.04 0.01 0.001 -0.13153289169016388 -0.33035075565300587 0.014343824733030483 0.004489352087328095
-0.08697135182860499 -0.43542630496439627 45 nil_vol 0.6 nil_bias 0.87 Left 0.04 0.01 0.001 -0.09760458243523007 -0.4387543096568245 0.01063323060662507 0.0033280046924282084
-0.001866166882525647 -0.6925240164941436 45 nil_vol 0.6 nil_bias 0.87 Left 0.04 0.01 0.001 -0.01672392560869851 -0.6971742204245335 0.014857758726172862 0.004650203930389839
-0.0005720087223659021 -0.6975101167937902 45 nil_vol 0.6 nil_bias 0.87 Left 0.04 0.01 0.001 -0.015187135913445837 -0.7020843815371922 0.014615127191079935 0.004574264743402094
0.00030235700795022344 -0.71094476433968 45 nil_vol 0.6 nil_bias 0.87 Left 0.04 0.01 0.001 -0.011279473446374921 -0.7145696632556207 0.011581830454325145 0.0036248989159406355
-0.002881565634685051 -0.7279396443939815 45 nil_vol 0.6 nil_bias 0.87 Left 0.04 0.01 0.001 -0.0067190101918494505 -0.7291406936296878 0.0038374445571643994 0.0012010492357063312
-0.005878853079668161 -0.7318250601331203 45 nil_vol 0.6 nil_bias 0.87 Home 0.04 0.01 0.001 0.0 -0.75 -0.005878853079668161 0.018174939866879708
-0.12717185064897607 -0.5350619178991904 46 nil_vol 0.6 nil_bias 0.87 Home 0.04 0.01 0.001 -0.13707220507744666 -0.5419007511719914 0.009900354428470605 0.006838833272801021
-0.2021742962900296 -0.4388332159412123 46 nil_vol 0.6 nil_bias 0.87 Home 0.04 0.01 0.001 -0.2062994534002864 -0.44168273632000077 0.004125157110256812 0.002849520378788504
-0.23830599007573824 -0.41233720485790387 46 nil_vol 0.6 nil_bias 0.87 Home 0.04 0.01 0.001 -0.23036125878265445 -0.4068492505525146 -0.007944731293083792 -0.005487954305389263
-0.2736937306853917 -0.32293027210248987 46 nil_vol 0.6 nil_bias 0.87 Home 0.04 0.01 0.001 -0.2836019085917 -0.32977450957177007 0.009908177906308251 0.006844237469280217
-0.5114198269014242 0.0015551309339627904 46 nil_vol 0.6 nil_bias 0.87 Home 0.04 0.01 0.001 -0.5121330212515204 0.0010624801620484625 0.0007131943500961834 0.000492650771914328
-0.6439695277628827 0.19874547963484585 46 nil_vol 0.6 nil_bias 0.87 Home 0.04 0.01 0.001 -0.6471623398158461 0.1965399919970685 0.0031928120529633873 0.002205487637777349
-0.68720253379913 0.25518443018772624 46 nil_vol 0.6 nil_bias 0.87 Home 0.04 0.01 0.001 -0.6875203195592903 0.25496491442736546 0.00031778576016032255 0.0002195157603607637
-0.7359849582873323 0.32512558094978194 46 nil_vol 0.6 nil_bias 0.87 Left 0.04 0.01 0.001 -0.4 0.35 -0.3359849582873324 -0.02487441905021801
-0.729529628189836 0.3111324835197416 47 nil_vol 0.6 nil_bias 0.87 Left 0.04 0.01 0.001 -0.7274813832964602 0.3125134922009664 -0.0020482448933758115 -0.001381008681224825
-0.7291221247740688 0.31088264964072276 47 nil_vol 0.6 nil_bias 0.87 Left 0.04 0.01 0.001 -0.7272382243605476 0.31215285069629467 -0.001883900413521168 -0.00127020105557193
-0.44697172133834473 -0.11909675652728167 47 nil_vol 0.6 nil_bias 0.87 Left 0.04 0.01 0.001 -0.4397537615412397 -0.1142301191575163 -0.007217959797105042 -0.004866637369765384
-0.39929158530721565 -0.20279986652803722 47 nil_vol 0.6 nil_bias 0.87 Left 0.04 0.01 0.001 -0.3860542022777869 -0.19387469310787575 -0.013237383029428755 -0.008925173420161482
-0.27911030724882013 -0.331695522389737 47 nil_vol 0.6 nil_bias 0.87 Left 0.04 0.01 0.001 -0.2887484070027458 -0.33819391497635043 0.009638099753925655 0.006498392586613425
-0.27165251633254395 -0.3440921736824559 47 nil_vol 0.6 nil_bias 0.87 Left 0.04 0.01 0.001 -0.28067152646528326 -0.3501731512694862 0.009019010132739294 0.006080977587030325
-0.05146207832077242 -0.6948595644610955 47 nil_vol 0.6 nil_bias 0.87 Left 0.04 0.01 0.001 -0.04926771051780565 -0.6933800338661467 -0.0021943678029667673 -0.0014795305949488957
-0.0024501762344448855 -0.7628175231593289 47 nil_vol 0.6 nil_bias 0.87 Home 0.04 0.01 0.001 0.0 -0.75 -0.0024501762344448855 -0.012817523159328926
-0.188325462396955 -0.3809749220367184 48 nil_vol 0.6 nil_bias 0.87 Home 0.04 0.01 0.001 -0.1893491210805376 -0.3814766272823731 0.0010236586835826237 0.000501705245654703
-0.22001329701871444 -0.30724600395301316 48 nil_vol 0.6 nil_bias 0.87 Home 0.04 0.01 0.001 -0.22462299806664612 -0.30950526403035966 0.004609701047931682 0.0022592600773465115
-0.23582802668331293 -0.3045687728268086 48 nil_vol 0.6 nil_bias 0.87 Home 0.04 0.01 0.001 -0.22874404759191186 -0.30109684460770186 -0.007083979091401079 -0.00347192821910673
-0.2648770514836414 -0.2522768249554863 48 nil_vol 0.6 nil_bias 0.87 Home 0.04 0.01 0.001 -0.25503528922095303 -0.24745327992737565 -0.009841762262688368 -0.004823545028110646
-0.25932813224960394 -0.19796081342929506 48 nil_vol 0.6 nil_bias 0.87 Home 0.04 0.01 0.001 -0.27542535873965207 -0.2058502233469487 0.01609722649004815 0.00788940991765362
-0.3059072308799008 -0.1593539989557252 48 nil_vol 0.6 nil_bias 0.87 Home 0.04 0.01 0.001 -0.2997037436346199 -0.1563136084991944 -0.006203487245280918 -0.003040390456530789
-0.29894861297265285 -0.1514150624256602 48 nil_vol 0.6 nil_bias 0.87 Home 0.04 0.01 0.001 -0.30149331296954385 -0.1526622450633237 0.002544699996891021 0.001247182637663509
-0.3445205402506113 -0.0648712657617802 48 nil_vol 0.6 nil_bias 0.87 Left 0.04 0.01 0.001 -0.4 0.35 0.055479459749388754 -0.4148712657617802
-0.3013239255069765 -0.18119303529399747 49 nil_vol 0.6 nil_bias 0.87 Left 0.04 0.01 0.001 -0.2882132601800223 -0.1744564892431314 -0.013110665326954214 -0.006736546050866059
-0.24391774146704504 -0.2123698110154744 49 nil_vol 0.6 nil_bias 0.87 Left 0.04 0.01 0.001 -0.2635495243932005 -0.22245704964483357 0.019631782926155483 0.010087238629359173
-0.24239354134946414 -0.26276183781001405 49 nil_vol 0.6 nil_bias 0.87 Left 0.04 0.01 0.001 -0.24274678382058126 -0.2629433415029586 0.0003532424711171098 0.0001815036929445407
-0.21894310404468498 -0.27030861576124643 49 nil_vol 0.6 nil_bias 0.87 Left 0.04 0.01 0.001 -0.23478094992887028 -0.27844644671678037 0.015837845884185308 0.008137830955533963
-0.12869758441526738 -0.4867296115053393 49 nil_vol 0.6 nil_bias 0.87 Left 0.04 0.01 0.001 -0.12795623802781272 -0.48634869154787047 -0.0007413463874546503 -0.0003809199574688285
-0.054033091594634666 -0.6040268225256245 49 nil_vol 0.6 nil_bias 0.87 Left 0.04 0.01 0.001 -0.0646797820756535 -0.6094973245120681 0.010646690481018836 0.005470501986443633
0.027700212511615453 -0.7741612093074666 49 nil_vol 0.6 nil_bias 0.87 Left 0.04 0.01 0.001 0.021551465032685846 -0.7773205699893229 0.006148747478929609 0.003159360681856306
0.029408350828815714 -0.7926116404291836 49 nil_vol 0.6 nil_bias 0.87 Home 0.04 0.01 0.001 0.0 -0.75 0.029408350828815714 -0.0426116404291836
0.02909269577546914 -0.7871635324590179 50 nil_vol 0.6 nil_bias 0.87 Home 0.04 0.01 0.001 0.02777151817621642 -0.7875945702035769 0.0013211775992527208 0.0004310377445589981
-0.12378735427654619 -0.3953500917234903 50 nil_vol 0.6 nil_bias 0.87 Home 0.04 0.01 0.001 -0.10246849456793625 -0.3883947564146215 -0.021318859708609937 -0.0069553353088687726
-0.15943623040580593 -0.22690692215184086 50 nil_vol 0.6 nil_bias 0.87 Home 0.04 0.01 0.001 -0.15556625780233904 -0.2256443331831458 -0.003869972603466899 -0.0012625889686950433
-0.17614773390043176 -0.14888326854468337 50 nil_vol 0.6 nil_bias 0.87 Home 0.04 0.01 0.001 -0.18018050961748394 -0.15019897246698244 0.004032775717052188 0.0013157039222990684
-0.1920466306589662 -0.035196460763915915 50 nil_vol 0.6 nil_bias 0.87 Home 0.04 0.01 0.001 -0.21523246876182692 -0.042760902794434674 0.023185838102860696 0.007564442030518761
-0.28373926501558777 0.13262572000261533 50 nil_vol 0.6 nil_bias 0.87 Home 0.04 0.01 0.001 -0.2735385938582672 0.13595371639850218 -0.010200671157320573 -0.0033279963958868413
-0.2848523531068756 0.18115569446291405 50 nil_vol 0.6 nil_bias 0.87 Home 0.04 0.01 0.001 -0.2879555535629045 0.18014326696926164 0.0031032004560288366 0.0010124274936523976
-0.3180831700312102 0.2724876903967901 50 nil_vol 0.6 nil_bias 0.87 Left 0.04 0.01 0.001 -0.4 0.35 0.08191682996878977 -0.07751230960320987
-0.31348793919773293 0.18904938692336226 51 nil_vol 0.6 nil_bias 0.87 Left 0.04 0.01 0.001 -0.2973975105573695 0.19324992336062424 -0.01609042864036344 -0.0042005364372619935
-0.23329589348877744 -0.05836467310594139 51 nil_vol 0.6 nil_bias 0.87 Left 0.04 0.01 0.001 -0.23181257663865215 -0.05797744125424753 -0.0014833168501252867 -0.0003872318516938663
-0.14422872840937015 -0.34904170316797684 51 nil_vol 0.6 nil_bias 0.87 Left 0.04 0.01 0.001 -0.15508783617260935 -0.35187656101142895 0.010859107763239196 0.002834857843452114
-0.12589041429856182 -0.4741541724361174 51 nil_vol 0.6 nil_bias 0.87 Left 0.04 0.01 0.001 -0.1233400857418222 -0.4734883885549658 -0.0025503285567396263 -0.0006657838811516347
-0.08914270332025004 -0.5731877476453211 51 nil_vol 0.6 nil_bias 0.87 Left 0.04 0.01 0.001 -0.09679148753746128 -0.5751845245816765 0.0076487842172112365 0.00199677693635541
-0.08714939162644708 -0.5787340953559381 51 nil_vol 0.6 nil_bias 0.87 Left 0.04 0.01 0.001 -0.09530877091367967 -0.5808641672618837 0.008159379287232598 0.0021300719059456435
-0.09178250284177587 -0.5864093022634757 51 nil_vol 0.6 nil_bias 0.87 Left 0.04 0.01 0.001 -0.0937285433714978 -0.5869173318713992 0.0019460405297219336 0.0005080296079235447
-0.045153507137274417 -0.772987174593511 51 nil_vol 0.6 nil_bias 0.87 Home 0.04 0.01 0.001 0.0 -0.75 -0.045153507137274417 -0.022987174593510948
-0.05590718588329086 -0.7336552094201542 52 nil_vol 0.6 nil_bias 0.87 Home 0.04 0.01 0.001 -0.05329459397212154 -0.7331216818961297 -0.002612591911169325 -0.0005335275240244511
-0.11312536618496745 -0.4383399818678874 52 nil_vol 0.6 nil_bias 0.87 Home 0.04 0.01 0.001 -0.11347838581063785 -0.43841207337441424 0.000353019625670403 7.209150652681547e-05
-0.20993603882656087 0.04222305582614859 52 nil_vol 0.6 nil_bias 0.87 Home 0.04 0.01 0.001 -0.21156290348170698 0.04189082748705275 0.0016268646551461222 0.00033222833909583697
-0.2511534205164456 0.252132526598802 52 nil_vol 0.6 nil_bias 0.87 Home 0.04 0.01 0.001 -0.2543633129010699 0.25147702202917055 0.003209892384624296 0.0006555045696314065
-0.26554780430959635 0.368961926323765 52 nil_vol 0.6 nil_bias 0.87 Home 0.04 0.01 0.001 -0.27784262600119525 0.36645115311521403 0.012294821691598892 0.0025107732085509525
-0.2915894898025519 0.47698173954649475 52 nil_vol 0.6 nil_bias 0.87 Home 0.04 0.01 0.001 -0.3000612069898337 0.4752516973321549 0.008471717187281813 0.0017300422143398861
-0.30974901298032853 0.5416796511738305 52 nil_vol 0.6 nil_bias 0.87 Home 0.04 0.01 0.001 -0.31347147790586505 0.5409194721782137 0.003722464925536506 0.0007601789956168312
-0.32157533452992476 0.5806026549793394 52 nil_vol 0.6 nil_bias 0.87 Left 0.04 0.01 0.001 -0.4 0.35 0.07842466547007527 0.23060265497933938
-0.3204743294284972 0.5472913644053875 53 nil_vol 0.6 nil_bias 0.87 Left 0.04 0.01 0.001 -0.31429446031865627 0.5487018245411523 -0.0061798691098409264 -0.0014104601357648162
-0.17869129271758422 -0.013079560410045097 53 nil_vol 0.6 nil_bias 0.87 Left 0.04 0.01 0.001 -0.18571083865363605 -0.014681663875020567 0.007019545936051824 0.0016021034649754695
-0.17015531731002753 -0.07063775799827735 53 nil_vol 0.6 nil_bias 0.87 Left 0.04 0.01 0.001 -0.17280185911984242 -0.0712417904873206 0.0026465418098148706 0.0006040324890432558
-0.17043857515596592 -0.07446011985070945 53 nil_vol 0.6 nil_bias 0.87 Left 0.04 0.01 0.001 -0.17198668238547352 -0.07481345153044239 0.0015481072295075878 0.0003533316797329339
-0.1462558487839843 -0.1733640542473679 53 nil_vol 0.6 nil_bias 0.87 Left 0.04 0.01 0.001 -0.14933369392827014 -0.17406652509309495 0.003077845144285855 0.0007024708457270629
-0.09793554735554859 -0.41385835440218066 53 nil_vol 0.6 nil_bias 0.87 Left 0.04 0.01 0.001 -0.09476980164824478 -0.41313582160403284 -0.003165745707303814 -0.0007225327981478165
-0.06215460211996172 -0.6207929096107793 53 nil_vol 0.6 nil_bias 0.87 Left 0.04 0.01 0.001 -0.04810701655963395 -0.6175867641270446 -0.014047585560327763 -0.003206145483734651
-0.01722756775765556 -0.7528837122231945 53 nil_vol 0.6 nil_bias 0.87 Home 0.04 0.01 0.001 0.0 -0.75 -0.01722756775765556 -0.0028837122231944513
-0.047774360371822776 -0.6112748998010867 54 nil_vol 0.6 nil_bias 0.87 Home 0.04 0.01 0.001 -0.0592670339580022 -0.6147731541675869 0.011492673586179426 0.003498254366500186
-0.0677245642743923 -0.5506185186551573 54 nil_vol 0.6 nil_bias 0.87 Home 0.04 0.01 0.001 -0.07785632035205407 -0.5537025234059421 0.010131756077661777 0.003084004750784693
-0.14025873655204368 -0.33630017697487435 54 nil_vol 0.6 nil_bias 0.87 Home 0.04 0.01 0.001 -0.14371150047126197 -0.3373511636200902 0.0034527639192182733 0.001050986645215858
-0.16349092646003793 -0.21451527771292891 54 nil_vol 0.6 nil_bias 0.87 Home 0.04 0.01 0.001 -0.17960819293300603 -0.21942121168837136 0.016117266472968093 0.00490593397544245
-0.22837411704477215 -0.05602777833020445 54 nil_vol 0.6 nil_bias 0.87 Home 0.04 0.01 0.001 -0.2292613109518716 -0.056297831241406526 0.0008871939070994475 0.00027005291120207994
-0.24759452565287263 0.0030888930378007756 54 nil_vol 0.6 nil_bias 0.87 Home 0.04 0.01 0.001 -0.24735978281685705 0.003160346398495162 -0.0002347428360155757 -7.14533606943863e-05
-0.3351629594185595 0.3050182563917751 54 nil_vol 0.6 nil_bias 0.87 Home 0.04 0.01 0.001 -0.3388963838104693 0.30388183951862013 0.0037334243919098413 0.0011364168731549842
-0.39648752793286995 0.4930836960764489 54 nil_vol 0.6 nil_bias 0.87 Left 0.04 0.01 0.001 -0.4 0.35 0.0035124720671300745 0.14308369607644894
-0.27918600217700884 0.1098374482235839 55 nil_vol 0.6 nil_bias 0.87 Left 0.04 0.01 0.001 -0.2702743594315503 0.11279511437920775 -0.008911642745458543 -0.0029576661556238396
-0.15804636059829075 -0.23857049867024954 55 nil_vol 0.6 nil_bias 0.87 Left 0.04 0.01 0.001 -0.15409555317546245 -0.23725927359809978 -0.003950807422828297 -0.0013112250721497528
-0.04681120329286599 -0.48716491618119173 55 nil_vol 0.6 nil_bias 0.87 Left 0.04 0.01 0.001 -0.06873950790136424 -0.49444265455595066 0.021928304608498244 0.007277738374758915
-0.06289034422280843 -0.507818412026427 55 nil_vol 0.6 nil_bias 0.87 Left 0.04 0.01 0.001 -0.06416036407650116 -0.5082399162143223 0.0012700198536927337 0.00042150418789527693
-0.0380164230265578 -0.5724998314819086 55 nil_vol 0.6 nil_bias 0.87 Left 0.04 0.01 0.001 -0.04235534692104076 -0.5739398677043077 0.004338923894482961 0.0014400362223990298
0.017069239561033744 -0.7288017308277113 55 nil_vol 0.6 nil_bias 0.87 Left 0.04 0.01 0.001 0.009837950723432853 -0.7312017078989883 0.0072312888376008895 0.00239997707127701
-0.006582782565154838 -0.7422496995968271 55 nil_vol 0.6 nil_bias 0.87 Left 0.04 0.01 0.001 0.011511561182270202 -0.736244406337371 -0.01809434374742504 -0.006005293259456082
0.019815030906033638 -0.7612633069949752 55 nil_vol 0.6 nil_bias 0.87 Home 0.04 0.01 0.001 0.0 -0.75 0.019815030906033638 -0.011263306994975186
0.040114957541250024 -0.7027773651470907 56 nil_vol 0.6 nil_bias 0.87 Home 0.04 0.01 0.001 0.045887332566163036 -0.7054750493799157 -0.005772375024913016 0.0026976842328250666
0.08388469965719572 -0.5805898828202251 56 nil_vol 0.6 nil_bias 0.87 Home 0.04 0.01 0.001 0.10060070485345117 -0.5884020058127778 -0.016716005196255452 0.0078121229925527495
0.1950367715680026 -0.3746855696630853 56 nil_vol 0.6 nil_bias 0.87 Home 0.04 0.01 0.001 0.19950407219780186 -0.37677333534363905 -0.004467300629799268 0.002087765680553747
0.27572557796841785 -0.21337064896603955 56 nil_vol 0.6 nil_bias 0.87 Home 0.04 0.01 0.001 0.2758435532367248 -0.21342578398755174 -0.00011797526830698081 5.5135021512197195e-05
0.2967349488149802 -0.15087852678054928 56 nil_vol 0.6 nil_bias 0.87 Home 0.04 0.01 0.001 0.30357967359034094 -0.15407736712353204 -0.006844724775360763 0.003198840342982753
0.4573108862375305 0.11113374223366397 56 nil_vol 0.6 nil_bias 0.87 Home 0.04 0.01 0.001 0.43286393339785617 0.12255887641700669 0.024446952839674338 -0.011425134183342714
0.44815932571314243 0.19362564891713785 56 nil_vol 0.6 nil_bias 0.87 Home 0.04 0.01 0.001 0.46286474125691696 0.18675316272586184 -0.014705415543774539 0.006872486191276012
0.6806457988690608 0.6527505995507819 56 nil_vol 0.6 nil_bias 0.87 Right 0.04 0.01 0.001 0.4 0.35 0.2806457988690609 0.3027505995507819
0.539818216841278 0.3875912945796677 57 nil_vol 0.6 nil_bias 0.87 Right 0.04 0.01 0.001 0.5467316989837998 0.38414456362664423 -0.006913482142521893 0.003446730953023419
0.49616208099984804 0.3159603338942326 57 nil_vol 0.6 nil_bias 0.87 Right 0.04 0.01 0.001 0.5094384194571016 0.3093413876439804 -0.013276338457253501 0.006618946250252201
0.3364979952223241 -0.03211002127822251 57 nil_vol 0.6 nil_bias 0.87 Right 0.04 0.01 0.001 0.3386677941966561 -0.033191779086009454 -0.002169798974332032 0.001081757807786946
0.33621893171352907 -0.04114015178514884 57 nil_vol 0.6 nil_bias 0.87 Right 0.04 0.01 0.001 0.33500647707061726 -0.04053567999210583 0.0012124546429117936 -0.0006044717930430095
0.14924230523943885 -0.40199193812437134 57 nil_vol 0.6 nil_bias 0.87 Right 0.04 0.01 0.001 0.15369497531583687 -0.4042118260852483 -0.004452670076398012 0.002219887960876957
0.13436824466520256 -0.47568085671425925 57 nil_vol 0.6 nil_bias 0.87 Right 0.04 0.01 0.001 0.12130969745757791 -0.4691704907461165 0.013058547207624631 -0.0065103659681427775
0.10797410733725257 -0.4930873492472265 57 nil_vol 0.6 nil_bias 0.87 Right 0.04 0.01 0.001 0.10910484752459493 -0.49365108212787856 -0.0011307401873423498 0.0005637328806520506
-0.006468416444329932 -0.7254689140074596 57 nil_vol 0.6 nil_bias 0.87 Home 0.04 0.01 0.001 0.0 -0.75 -0.006468416444329932 0.02453108599254038
-0.012549850807514078 -0.6658669969713136 58 nil_vol 0.6 nil_bias 0.87 Home 0.04 0.01 0.001 -0.02848227451667126 -0.6724868637481826 0.015932423709157182 0.006619866776869005
-0.05587216470425041 -0.5924685965872516 58 nil_vol 0.6 nil_bias 0.87 Home 0.04 0.01 0.001 -0.06086724875621256 -0.5945440366814193 0.004995084051962145 0.002075440094167671
-0.059433798922175436 -0.5885486447280687 58 nil_vol 0.6 nil_bias 0.87 Home 0.04 0.01 0.001 -0.06278054063552901 -0.5899392042991312 0.003346741713353575 0.00139055957106246
-0.09500969836344136 -0.5493360074124833 58 nil_vol 0.6 nil_bias 0.87 Home 0.04 0.01 0.001 -0.0819121537022722 -0.5438940230450202 -0.013097544661169164 -0.005441984367463095
-0.11174167466746404 -0.4508184066505827 58 nil_vol 0.6 nil_bias 0.87 Home 0.04 0.01 0.001 -0.11928285917047593 -0.45395174264898674 0.0075411845030118945 0.0031333359984040167
-0.1367781826942058 -0.42151415018755195 58 nil_vol 0.6 nil_bias 0.87 Home 0.04 0.01 0.001 -0.1333520455911546 -0.4200906021075162 -0.003426137103051214 -0.0014235480800357614
-0.3947862664672639 0.257095134346349 58 nil_vol 0.6 nil_bias 0.87 Home 0.04 0.01 0.001 -0.4117856422534694 0.25003195268303846 0.016999375786205535 0.007063181663310562
-0.49638950595486375 0.4536530600793923 58 nil_vol 0.6 nil_bias 0.87 Left 0.04 0.01 0.001 -0.4 0.35 -0.0963895059548637 0.10365306007939233
-0.431942548995393 0.35422057588821354 59 nil_vol 0.6 nil_bias 0.87 Left 0.04 0.01 0.001 -0.4542266139795931 0.3455307793165042 0.02228406498420005 0.008689796571709336
-0.3898779907353357 0.19548521007482839 59 nil_vol 0.6 nil_bias 0.87 Left 0.04 0.01 0.001 -0.3949449851873456 0.19350930706749264 0.005066994452009947 0.0019759030073357546
-0.3019167800261658 -0.025623364365419957 59 nil_vol 0.6 nil_bias 0.87 Left 0.04 0.01 0.001 -0.3084929575122991 -0.028187781791705113 0.006576177486133318 0.002564417426285155
-0.3022139615400397 -0.03914616510478096 59 nil_vol 0.6 nil_bias 0.87 Left 0.04 0.01 0.001 -0.30395493278241803 -0.03982506664021401 0.001740971242378294 0.0006789015354330574
-0.180238330318348 -0.33553910438365314 59 nil_vol 0.6 nil_bias 0.87 Left 0.04 0.01 0.001 -0.18753066719895323 -0.33838279219688483 0.007292336880605236 0.0028436878132317
-0.08351280572375401 -0.6002568201759386 59 nil_vol 0.6 nil_bias 0.87 Left 0.04 0.01 0.001 -0.08516081134698605 -0.6008994692449067 0.0016480056232320384 0.0006426490689680405
-0.035549984986551236 -0.7542654608963917 59 nil_vol 0.6 nil_bias 0.87 Left 0.04 0.01 0.001 -0.026700569486217296 -0.7508145815110122 -0.008849415500333942 -0.003450879385379511
0.0011091402744629038 -0.822129643306163 59 nil_vol 0.6 nil_bias 0.87 Home 0.04 0.01 0.001 0.0 -0.75 0.0011091402744629038 -0.07212964330616296
-0.025333216527654384 -0.44003599900787144 60 nil_vol 0.6 nil_bias 0.87 Home 0.04 0.01 0.001 -0.018796683733013967 -0.4396957700675651 -0.006536532794640416 -0.0003402289403063289
-0.0047309427034391525 -0.34706086971827543 60 nil_vol 0.6 nil_bias 0.87 Home 0.04 0.01 0.001 -0.023567332111206776 -0.34804131072710154 0.018836389407767624 0.0009804410088261
-0.03130920249496652 -0.3141629451685449 60 nil_vol 0.6 nil_bias 0.87 Home 0.04 0.01 0.001 -0.025346866923926136 -0.3138526034052864 -0.005962335571040388 -0.0003103417632585128
-0.05845595196690409 0.09455247131338061 60 nil_vol 0.6 nil_bias 0.87 Home 0.04 0.01 0.001 -0.046636523216624697 0.09516767693462846 -0.011819428750279398 -0.0006152056212478522
-0.04454196800955762 0.24286522067401445 60 nil_vol 0.6 nil_bias 0.87 Home 0.04 0.01 0.001 -0.05429780387740187 0.24235742582261544 0.009755835867844249 0.0005077948513990005
-0.06228175912910253 0.29595253349502904 60 nil_vol 0.6 nil_bias 0.87 Home 0.04 0.01 0.001 -0.057101483592662906 0.29622216874534135 -0.005180275536439625 -0.00026963525031233466
-0.05952250123754711 0.4589371116369372 60 nil_vol 0.6 nil_bias 0.87 Home 0.04 0.01 0.001 -0.06555451414568071 0.45862314314261077 0.006032012908133599 0.00031396849432640075
-0.08070327970467572 0.749663648943017 60 nil_vol 0.6 nil_bias 0.87 Left 0.04 0.01 0.001 -0.4 0.35 0.3192967202953243 0.399663648943017
-0.049534920121721386 0.17997496958391793 61 nil_vol 0.6 nil_bias 0.87 Left 0.04 0.01 0.001 -0.04344637889950409 0.1803734309823536 -0.0060885412222172934 -0.00039846139843566095
-0.03518833662175304 -0.0672118786736047 61 nil_vol 0.6 nil_bias 0.87 Left 0.04 0.01 0.001 -0.027277171057271676 -0.06669413657758727 -0.007911165564481366 -0.0005177420960174274
0.001408220067725268 -0.399928116847931 61 nil_vol 0.6 nil_bias 0.87 Left 0.04 0.01 0.001 -0.005439518640154642 -0.40037626352906164 0.00684773870787991 0.0004481466811306506
-0.003939940473769584 -0.4570299437401703 61 nil_vol 0.6 nil_bias 0.87 Left 0.04 0.01 0.001 -0.001741265027903685 -0.45688605257463644 -0.002198675445865899 -0.00014389116553387276
0.006667118004328398 -0.48596505328449485 61 nil_vol 0.6 nil_bias 0.87 Left 0.04 0.01 0.001 0.00018953831875627436 -0.4863889751018545 0.006477579685572124 0.0004239218173596497
0.02294350982075994 -0.5766539929412181 61 nil_vol 0.6 nil_bias 0.87 Left 0.04 0.01 0.001 0.006168731273731243 -0.5777518095567823 0.016774778547028697 0.001097816615564179
0.013851654715394499 -0.6650442009417176 61 nil_vol 0.6 nil_bias 0.87 Left 0.04 0.01 0.001 0.011889938201047417 -0.6651725844538122 0.0019617165143470806 0.00012838351209461043
0.017870162474065924 -0.7565511775805861 61 nil_vol 0.6 nil_bias 0.87 Home 0.04 0.01 0.001 0.0 -0.75 0.017870162474065924 -0.006551177580586077
-0.0048820473293726225 -0.6378437411228232 62 nil_vol 0.6 nil_bias 0.87 Home 0.04 0.01 0.001 -0.004714582446688053 -0.6378118885516183 -0.00016746488268456984 -3.1852571204905064e-05
-0.03243921770112054 -0.556818780152519 62 nil_vol 0.6 nil_bias 0.87 Home 0.04 0.01 0.001 -0.02054996113692169 -0.5545573902705707 -0.01188925656419885 -0.002261389881948202
-0.024766513507428443 -0.5523068464907985 62 nil_vol 0.6 nil_bias 0.87 Home 0.04 0.01 0.001 -0.021110298271841136 -0.5516114179671279 -0.003656215235587306 -0.0006954285236706167
-0.029855479095435115 -0.44792750844307666 62 nil_vol 0.6 nil_bias 0.87 Home 0.04 0.01 0.001 -0.040448221023278455 -0.4499422954306706 0.010592741927843338 0.002014786987593918
-0.08889520776258718 -0.21491648007432965 62 nil_vol 0.6 nil_bias 0.87 Home 0.04 0.01 0.001 -0.08528190553262795 -0.2142292137966504 -0.003613302229959234 -0.000687266277679263
-0.15385155584958554 0.11153855760822814 62 nil_vol 0.6 nil_bias 0.87 Home 0.04 0.01 0.001 -0.14747508207095386 0.11275139149802127 -0.006376473778631694 -0.0012128338897931246
-0.17397525050580945 0.15822066239017538 62 nil_vol 0.6 nil_bias 0.87 Home 0.04 0.01 0.001 -0.15674682669249373 0.16149758581116247 -0.01722842381331572 -0.003276923420987083
-0.1796182956710155 0.2817443264800006 62 nil_vol 0.6 nil_bias 0.87 Left 0.04 0.01 0.001 -0.4 0.35 0.22038170432898452 -0.06825567351999941
-0.1606182574623907 0.22167498407941894 63 nil_vol 0.6 nil_bias 0.87 Left 0.04 0.01 0.001 -0.16505116863963487 0.22061855921753593 0.004432911177244185 0.0010564248618830235
-0.12022431247662566 0.07795131066066198 63 nil_vol 0.6 nil_bias 0.87 Left 0.04 0.01 0.001 -0.13046969210791837 0.07550969310299727 0.010245379631292717 0.002441617557664712
-0.04106172350210626 -0.2544998606510342 63 nil_vol 0.6 nil_bias 0.87 Left 0.04 0.01 0.001 -0.051245421707387995 -0.25692677866040003 0.010183698205281732 0.0024269180093658646
-0.018577999386794643 -0.38312660873621585 63 nil_vol 0.6 nil_bias 0.87 Left 0.04 0.01 0.001 -0.021030923179710448 -0.38371117485440087 0.0024529237929158056 0.0005845661181850294
-0.004480570601530049 -0.5027779538302121 63 nil_vol 0.6 nil_bias 0.87 Left 0.04 0.01 0.001 0.006708870685116303 -0.5001113531488192 -0.011189441286646352 -0.002666600681392906
0.03731429433356687 -0.6645942080196412 63 nil_vol 0.6 nil_bias 0.87 Left 0.04 0.01 0.001 0.04544563254396228 -0.6626563961613893 -0.008131338210395403 -0.0019378118582518873
0.051146577970806094 -0.676859340392238 63 nil_vol 0.6 nil_bias 0.87 Left 0.04 0.01 0.001 0.04895486823211159 -0.6773816555403226 0.0021917097386944997 0.0005223151480845638
0.06897868220915167 -0.7614044687025027 63 nil_vol 0.6 nil_bias 0.87 Home 0.04 0.01 0.001 0.0 -0.75 0.06897868220915167 -0.011404468702502715
