x y trial vol omega bias theta state target_sigma moving_sigma staying_sigma x_mean y_mean x_noise y_noise
-0.014650105525666502 -0.7204932493524028 0 nil_vol 0.6 nil_bias 0.54 Home 0.04 0.01 0.001 -0.015115040151518395 -0.7207333694277298 0.00046493462585189273 0.00024012007532705235
-0.18348597880721945 -0.3851114616400464 0 nil_vol 0.6 nil_bias 0.54 Home 0.04 0.01 0.001 -0.18740497046375326 -0.38713546355224804 0.00391899165653381 0.0020240019122016468
-0.2547624781871353 -0.2690615821592457 0 nil_vol 0.6 nil_bias 0.54 Home 0.04 0.01 0.001 -0.2497281910334517 -0.26646157488221056 -0.005034287153683615 -0.002600007277035119
-0.2827631354477357 -0.22073589979011507 0 nil_vol 0.6 nil_bias 0.54 Home 0.04 0.01 0.001 -0.2753270895674944 -0.21689548051906737 -0.007436045880241293 -0.0038404192710476902
-0.379111164094296 -0.025882075141130393 0 nil_vol 0.6 nil_bias 0.54 Home 0.04 0.01 0.001 -0.37505875099335567 -0.02378916640741069 -0.004052413100940345 -0.0020929087337197044
-0.39112866383958667 0.012872371518993335 0 nil_vol 0.6 nil_bias 0.54 Home 0.04 0.01 0.001 -0.3933898389765347 0.011704565307062431 0.0022611751369479953 0.001167806211930903
-0.45018607044121745 0.1428125715815631 0 nil_vol 0.6 nil_bias 0.54 Home 0.04 0.01 0.001 -0.4588033647756163 0.1383620848902355 0.008617294334398826 0.004450486691327604
-0.5505413155127529 0.315990505772147 0 nil_vol 0.6 nil_bias 0.54 Left 0.04 0.01 0.001 -0.4 0.35 -0.15054131551275282 -0.03400949422785297
-0.49959585734996076 0.24882527883872638 1 nil_vol 0.6 nil_bias 0.54 Left 0.04 0.01 0.001 -0.5129587424728351 0.2420345900698141 0.013362885122874379 0.006790688768912288
-0.4465706637029946 0.13087165007956966 1 nil_vol 0.6 nil_bias 0.54 Left 0.04 0.01 0.001 -0.45443704541773666 0.1268741488310679 0.007866381714742077 0.0039975012485017666
-0.4291219064913911 0.08513232788249099 1 nil_vol 0.6 nil_bias 0.54 Left 0.04 0.01 0.001 -0.43238278479250475 0.08347522992403761 0.0032608783011136375 0.0016570979584533787
-0.37106397317853923 0.006647072786057176 1 nil_vol 0.6 nil_bias 0.54 Left 0.04 0.01 0.001 -0.38876854278003764 -0.0023499529943650233 0.017704569601498396 0.0089970257804222
-0.3128076422525581 -0.16342266355420954 1 nil_vol 0.6 nil_bias 0.54 Left 0.04 0.01 0.001 -0.3081246965109191 -0.16104290598234072 -0.004682945741638966 -0.002379757571868808
-0.1797592613680502 -0.45539697257714445 1 nil_vol 0.6 nil_bias 0.54 Left 0.04 0.01 0.001 -0.16289601774649926 -0.4468274879175573 -0.016863243621550963 -0.008569484659587191
-0.08988932220791285 -0.585548789847744 1 nil_vol 0.6 nil_bias 0.54 Left 0.04 0.01 0.001 -0.09188571844123539 -0.5865633091940725 0.001996396233322541 0.0010145193463285615
-0.007270097774314676 -0.7530720179644042 1 nil_vol 0.6 nil_bias 0.54 Home 0.04 0.01 0.001 0.0 -0.75 -0.007270097774314676 -0.003072017964404183
-0.017712278121282628 -0.6716283418436336 2 nil_vol 0.6 nil_bias 0.54 Home 0.04 0.01 0.001 -0.0023573017733713435 -0.6725653558046258 -0.015354976347911282 0.0009370139609922403
-0.006089429554207408 -0.4872778697818861 2 nil_vol 0.6 nil_bias 0.54 Home 0.04 0.01 0.001 0.00889378837562021 -0.488192197753661 -0.014983217929827618 0.0009143279717749291
0.007610823030862428 -0.4874296019634041 2 nil_vol 0.6 nil_bias 0.54 Home 0.04 0.01 0.001 0.008935392102890403 -0.4875104317663727 -0.001324569072027975 8.08298029685718e-05
0.025233741384977464 -0.04528279590120875 2 nil_vol 0.6 nil_bias 0.54 Home 0.04 0.01 0.001 0.035882004934524266 -0.04593258990806226 -0.010648263549546804 0.0006497940068535097
0.05524390183204368 0.16991685514005694 2 nil_vol 0.6 nil_bias 0.54 Home 0.04 0.01 0.001 0.04907685263777849 0.1702931898905783 0.0061670491942651985 -0.000376334750521351
0.047677810148433364 0.32721849916223933 2 nil_vol 0.6 nil_bias 0.54 Home 0.04 0.01 0.001 0.05861226136006036 0.3265512409907556 -0.010934451211626997 0.0006672581714837175
0.0777142867285627 0.3832071961293388 2 nil_vol 0.6 nil_bias 0.54 Home 0.04 0.01 0.001 0.062127646949544195 0.3841583469971084 0.01558663977901851 -0.0009511508677695905
0.07109166653524956 0.5310529659150214 2 nil_vol 0.6 nil_bias 0.54 Left 0.04 0.01 0.001 -0.4 0.35 0.4710916665352496 0.18105296591502143
0.06936961505173449 0.44864343779549715 3 nil_vol 0.6 nil_bias 0.54 Left 0.04 0.01 0.001 0.06683756231259126 0.44877435415418454 0.0025320527391432244 -0.0001309163586873961
0.046769640074697916 -0.014692944072039025 3 nil_vol 0.6 nil_bias 0.54 Left 0.04 0.01 0.001 0.04288499784016001 -0.014492093904786563 0.0038846422345379036 -0.00020085016725246237
0.05412192680409206 -0.1279838248632575 3 nil_vol 0.6 nil_bias 0.54 Left 0.04 0.01 0.001 0.03706266550994333 -0.1271017988548725 0.017059261294148722 -0.0008820260083849933
0.04223891995381701 -0.3853205284466691 3 nil_vol 0.6 nil_bias 0.54 Left 0.04 0.01 0.001 0.023761211551648558 -0.384365163551024 0.018477708402168454 -0.000955364895645077
0.013234606083685636 -0.41006443238303897 3 nil_vol 0.6 nil_bias 0.54 Left 0.04 0.01 0.001 0.02240794287268856 -0.410538727341775 -0.009173336789002924 0.0004742949587360323
0.01903102658289495 -0.5177156016472293 3 nil_vol 0.6 nil_bias 0.54 Left 0.04 0.01 0.001 0.016872278605118855 -0.5176039865058046 0.0021587479777760953 -0.00011161514142468272
0.02899173348905848 -0.6534069238574207 3 nil_vol 0.6 nil_bias 0.54 Left 0.04 0.01 0.001 0.009901804073985575 -0.6524199049032 0.019089929415072905 -0.0009870189542206817
0.0035046902836475234 -0.7761464556401765 3 nil_vol 0.6 nil_bias 0.54 Home 0.04 0.01 0.001 0.0 -0.75 0.0035046902836475234 -0.026146455640176456
0.010393517409207556 -0.7365049635405067 4 nil_vol 0.6 nil_bias 0.54 Home 0.04 0.01 0.001 0.011359971029902336 -0.7366974083532692 -0.0009664536206947791 0.00019244481276260342
0.06255500841341786 -0.5366162141964508 4 nil_vol 0.6 nil_bias 0.54 Home 0.04 0.01 0.001 0.051634105055923585 -0.5344415923037618 0.010920903357494282 -0.0021746218926890584
0.06141166302716684 -0.43889649414374377 4 nil_vol 0.6 nil_bias 0.54 Home 0.04 0.01 0.001 0.07030679861523915 -0.44066773558367334 -0.008895135588072308 0.0017712414399295479
0.09550639084063213 -0.38788161413159417 4 nil_vol 0.6 nil_bias 0.54 Home 0.04 0.01 0.001 0.08137801979446488 -0.3850683061130825 0.014128371046167248 -0.002813308018511655
0.09733443107971415 -0.27640974237645505 4 nil_vol 0.6 nil_bias 0.54 Home 0.04 0.01 0.001 0.1027979927572737 -0.2774976726004621 -0.00546356167755955 0.001087930224007037
0.11543513727246381 -0.18780018750010097 4 nil_vol 0.6 nil_bias 0.54 Home 0.04 0.01 0.001 0.1204597507110154 -0.18880071227612838 -0.005024613438551592 0.0010005247760274088
0.21385966489829075 0.2135364455559997 4 nil_vol 0.6 nil_bias 0.54 Home 0.04 0.01 0.001 0.20108168256004103 0.2160808577925647 0.01277798233824973 -0.002544412236564977
0.20737924481251258 0.24770707703475264 4 nil_vol 0.6 nil_bias 0.54 Right 0.04 0.01 0.001 0.4 0.35 -0.19262075518748745 -0.10229292296524735
0.161251307060592 0.022636747255997562 5 nil_vol 0.6 nil_bias 0.54 Right 0.04 0.01 0.001 0.16181958897760385 0.022521772042330163 -0.0005682819170118568 0.00011497521366739973
0.11813266124178742 -0.22510620130945821 5 nil_vol 0.6 nil_bias 0.54 Right 0.04 0.01 0.001 0.11197151444663994 -0.2238596735773546 0.006161146795147487 -0.0012465277321036378
0.09549875088718855 -0.2367649730371754 5 nil_vol 0.6 nil_bias 0.54 Right 0.04 0.01 0.001 0.1088154051596999 -0.23945920828289224 -0.013316654272511346 0.0026942352457168524
0.07954936214018599 -0.43232464043341906 5 nil_vol 0.6 nil_bias 0.54 Right 0.04 0.01 0.001 0.07017832086301526 -0.4304286844987412 0.009371041277170722 -0.0018959559346778342
0.032867522911188746 -0.5312388658494779 5 nil_vol 0.6 nil_bias 0.54 Right 0.04 0.01 0.001 0.04911717317348652 -0.5345265069920153 -0.016249650262297768 0.003287641142537399
0.04173492042963126 -0.5367835769297429 5 nil_vol 0.6 nil_bias 0.54 Right 0.04 0.01 0.001 0.04838817879011112 -0.5381296690341739 -0.006653258360479857 0.0013460921044310215
0.03508769365198903 -0.612605957249119 5 nil_vol 0.6 nil_bias 0.54 Right 0.04 0.01 0.001 0.03338959119161858 -0.612262395915623 0.0016981024603704526 -0.000343561333495953
0.005466218744588676 -0.7502777743391689 5 nil_vol 0.6 nil_bias 0.54 Home 0.04 0.01 0.001 0.0 -0.75 0.005466218744588676 -0.00027777433916890845
-0.07344207392897144 -0.4588569965555193 6 nil_vol 0.6 nil_bias 0.54 Home 0.04 0.01 0.001 -0.07589961756241682 -0.4595447756997238 0.002457543633445391 0.000687779144204485
-0.09929068778465484 -0.40399213247619425 6 nil_vol 0.6 nil_bias 0.54 Home 0.04 0.01 0.001 -0.09201656763134722 -0.4019563647014962 -0.007274120153307622 -0.002035767774698062
-0.20038353953787713 -0.03699072361626377 6 nil_vol 0.6 nil_bias 0.54 Home 0.04 0.01 0.001 -0.19460971290096407 -0.03537483468998914 -0.005773826636913059 -0.001615888926274629
-0.2022645816886918 -0.03388219004399315 6 nil_vol 0.6 nil_bias 0.54 Home 0.04 0.01 0.001 -0.1955531204081043 -0.032003890495979626 -0.006711461280587487 -0.0018782995480135269
-0.2742145141774641 0.2547238005122012 6 nil_vol 0.6 nil_bias 0.54 Home 0.04 0.01 0.001 -0.2756829958825694 0.2543128246594546 0.0014684817051052543 0.0004109758527466152
-0.3003220791944281 0.35962530250164937 6 nil_vol 0.6 nil_bias 0.54 Home 0.04 0.01 0.001 -0.3048050887943419 0.35837066740010837 0.0044830095999138205 0.0012546351015410087
-0.31268850204896986 0.41167657626278437 6 nil_vol 0.6 nil_bias 0.54 Home 0.04 0.01 0.001 -0.31921252992749316 0.4098507326643266 0.006524027878523286 0.001825843598457783
-0.34238349401424406 0.49264425112445676 6 nil_vol 0.6 nil_bias 0.54 Left 0.04 0.01 0.001 -0.4 0.35 0.05761650598575599 0.14264425112445675
-0.32747538812002397 0.42125369404565494 7 nil_vol 0.6 nil_bias 0.54 Left 0.04 0.01 0.001 -0.32277859950098037 0.4225676860387678 -0.004696788619043617 -0.0013139919931128635
-0.32172396410185955 0.37747346615447214 7 nil_vol 0.6 nil_bias 0.54 Left 0.04 0.01 0.001 -0.3110020453361486 0.3804730721728966 -0.010721918765710913 -0.00299960601842445
-0.23877970093305273 0.1340512246610859 7 nil_vol 0.6 nil_bias 0.54 Left 0.04 0.01 0.001 -0.24182384482688857 0.13319958303383334 0.003044143893835826 0.0008516416272525769
-0.2442257341717205 0.11232895258051392 7 nil_vol 0.6 nil_bias 0.54 Left 0.04 0.01 0.001 -0.23658316306302826 0.11446706822891672 -0.007642571108692248 -0.0021381156484027953
-0.13665560660442724 -0.30467015629560706 7 nil_vol 0.6 nil_bias 0.54 Left 0.04 0.01 0.001 -0.12058175605698082 -0.30017327286504336 -0.016073850547446422 -0.004496883430563702
-0.09343486536463706 -0.3840784999638834 7 nil_vol 0.6 nil_bias 0.54 Left 0.04 0.01 0.001 -0.09684147299989052 -0.3850315458681105 0.0034066076352534565 0.000953045904227145
-0.0966442997135572 -0.41649855851607415 7 nil_vol 0.6 nil_bias 0.54 Left 0.04 0.01 0.001 -0.08866283063635344 -0.414265631443691 -0.007981469077203764 -0.002232927072383171
0.008824061347854214 -0.76272690607646 7 nil_vol 0.6 nil_bias 0.54 Home 0.04 0.01 0.001 0.0 -0.75 0.008824061347854214 -0.01272690607646001
0.10055316433185121 -0.5620165936233031 8 nil_vol 0.6 nil_bias 0.54 Home 0.04 0.01 0.001 0.08952759565806316 -0.5576771475963959 0.011025568673788058 -0.004339446026907319
0.17785206892943686 -0.3862067727943148 8 nil_vol 0.6 nil_bias 0.54 Home 0.04 0.01 0.001 0.1598097938985534 -0.3791056897558254 0.018042275030883466 -0.007101083038489394
0.17380309676807287 -0.3216571793906824 8 nil_vol 0.6 nil_bias 0.54 Home 0.04 0.01 0.001 0.18126457013085712 -0.3245938679096143 -0.007461473362784231 0.0029366885189319202
0.2837116979089139 -0.07031203526639114 8 nil_vol 0.6 nil_bias 0.54 Home 0.04 0.01 0.001 0.2816623338609625 -0.06950544606100062 0.00204936404795137 -0.0008065892053905158
0.2897726210860483 -0.05039271910637544 8 nil_vol 0.6 nil_bias 0.54 Home 0.04 0.01 0.001 0.2892635790029974 -0.05019237019828915 0.0005090420830508893 -0.00020034890808628687
0.3105917808616198 0.0007303503388760659 8 nil_vol 0.6 nil_bias 0.54 Home 0.04 0.01 0.001 0.3094782481079558 0.0011686148335869895 0.0011135327536639767 -0.0004382644947109235
0.3639612304739874 0.13191691323749302 8 nil_vol 0.6 nil_bias 0.54 Home 0.04 0.01 0.001 0.36134366981647864 0.13294713340404274 0.0026175606575087225 -0.0010302201665497045
0.4082162650469201 0.2520399886734557 8 nil_vol 0.6 nil_bias 0.54 Right 0.04 0.01 0.001 0.4 0.35 0.008216265046920055 -0.09796001132654429
0.24237720961327014 -0.09399274606991193 9 nil_vol 0.6 nil_bias 0.54 Right 0.04 0.01 0.001 0.2658698077920888 -0.1034010247879481 -0.023492598178818644 0.009408278718036176
0.24970981624671204 -0.12925054876601963 9 nil_vol 0.6 nil_bias 0.54 Right 0.04 0.01 0.001 0.2547149008188393 -0.1312549771525049 -0.0050050845721272596 0.0020044283864852634
0.24193874294761586 -0.1834455319015671 9 nil_vol 0.6 nil_bias 0.54 Right 0.04 0.01 0.001 0.23493671558868942 -0.18064137101299027 0.007002027358926428 -0.0028041608885768323
0.2030931905029392 -0.25625163470572104 9 nil_vol 0.6 nil_bias 0.54 Right 0.04 0.01 0.001 0.20444037139875232 -0.2567911515890793 -0.0013471808958131265 0.0005395168833582335
0.18937173056811196 -0.26602970366071355 9 nil_vol 0.6 nil_bias 0.54 Right 0.04 0.01 0.001 0.19916918567762518 -0.26995337305207345 -0.009797455109513204 0.003923669391359893
0.14843949984745913 -0.38653599641617975 9 nil_vol 0.6 nil_bias 0.54 Right 0.04 0.01 0.001 0.15192185054557467 -0.3879306027390921 -0.0034823506981155206 0.0013946063229123087
0.027279253185838452 -0.7083446173485228 9 nil_vol 0.6 nil_bias 0.54 Right 0.04 0.01 0.001 0.024111072800068523 -0.7070758294574835 0.0031681803857699304 -0.0012687878910393796
0.0075664089625977655 -0.7483880770200709 9 nil_vol 0.6 nil_bias 0.54 Home 0.04 0.01 0.001 0.0 -0.75 0.0075664089625977655 0.0016119229799290268
0.008230293122183176 -0.5943979710541958 10 nil_vol 0.6 nil_bias 0.54 Home 0.04 0.01 0.001 0.025687046807405776 -0.5964803370450795 -0.0174567536852226 0.0020823659908837653
0.02787209172228687 -0.5574279607911832 10 nil_vol 0.6 nil_bias 0.54 Home 0.04 0.01 0.001 0.030310791289556157 -0.5577188662557635 -0.002438699567269288 0.0002909054645803559
0.07339365044350668 -0.17468080979854575 10 nil_vol 0.6 nil_bias 0.54 Home 0.04 0.01 0.001 0.07596570171647149 -0.17498762240495636 -0.0025720512729648123 0.00030681260641061313
0.08708588854654595 -0.09589434597587042 10 nil_vol 0.6 nil_bias 0.54 Home 0.04 0.01 0.001 0.08542415688864982 -0.09569612278083806 0.0016617316578961274 -0.00019822319503236247
0.09852513866849762 -0.023115979375260286 10 nil_vol 0.6 nil_bias 0.54 Home 0.04 0.01 0.001 0.09414436945937403 -0.02259341000299997 0.00438076920912359 -0.0005225693722603161
0.10846868886296879 0.11038926418054157 10 nil_vol 0.6 nil_bias 0.54 Home 0.04 0.01 0.001 0.10998590152671807 0.1102082802410933 -0.0015172126637492869 0.0001809839394482694
0.11036723013549553 0.1548130083565634 10 nil_vol 0.6 nil_bias 0.54 Home 0.04 0.01 0.001 0.1152373720978749 0.15423206311461846 -0.004870141962379365 0.0005809452419449312
0.14178139600062173 0.37675417935810124 10 nil_vol 0.6 nil_bias 0.54 Right 0.04 0.01 0.001 0.4 0.35 -0.2582186039993783 0.02675417935810124
0.13608488988833098 0.3456981185699112 11 nil_vol 0.6 nil_bias 0.54 Right 0.04 0.01 0.001 0.13907289090734146 0.34543967551682186 -0.0029880010190104648 0.00025844305308928776
0.1316573642113156 0.3256137663577629 11 nil_vol 0.6 nil_bias 0.54 Right 0.04 0.01 0.001 0.1373157448830704 0.32512435247636 -0.005658380671754806 0.0004894138814028983
0.11456519404717716 0.09263992616928757 11 nil_vol 0.6 nil_bias 0.54 Right 0.04 0.01 0.001 0.11718770366667919 0.09241309579389345 -0.002622509619502033 0.0002268303753941116
0.09434267952412055 -0.07771980156671295 11 nil_vol 0.6 nil_bias 0.54 Right 0.04 0.01 0.001 0.10241192465964494 -0.07841773986582418 -0.00806924513552439 0.000697938299111237
0.08295089379363413 -0.13776543223978246 11 nil_vol 0.6 nil_bias 0.54 Right 0.04 0.01 0.001 0.09717233464070568 -0.13899549627539082 -0.014221440847071552 0.0012300640356083515
0.07362910843494766 -0.4825711495811316 11 nil_vol 0.6 nil_bias 0.54 Right 0.04 0.01 0.001 0.06750107410923947 -0.4820411136505895 0.006128034325708189 -0.0005300359305421082
0.0597160314074488 -0.6190165499871347 11 nil_vol 0.6 nil_bias 0.54 Right 0.04 0.01 0.001 0.05568373765402378 -0.6186677822651836 0.004032293753425022 -0.0003487677219511607
0.05002147544922609 -0.6841322822221422 11 nil_vol 0.6 nil_bias 0.54 Home 0.04 0.01 0.001 0.0 -0.75 0.05002147544922609 0.06586771777785785
0.09032413478544385 -0.6192629795632298 12 nil_vol 0.6 nil_bias 0.54 Home 0.04 0.01 0.001 0.09805307687474443 -0.625606001181432 -0.007728942089300589 0.006343021618202137
0.1368004203466122 -0.6122257241818113 12 nil_vol 0.6 nil_bias 0.54 Home 0.04 0.01 0.001 0.12020885641115434 -0.5986092877398719 0.01659156393545785 -0.013616436441939436
0.1806703871643408 -0.5417202902783359 12 nil_vol 0.6 nil_bias 0.54 Home 0.04 0.01 0.001 0.17244007048130391 -0.5349657983903164 0.008230316683036894 -0.006754491888019422
0.18272321164651337 -0.5329739388428821 12 nil_vol 0.6 nil_bias 0.54 Home 0.04 0.01 0.001 0.17755539830000983 -0.5287327954371005 0.005167813346503531 -0.004241143405781648
0.2994815712986293 -0.39197484322461695 12 nil_vol 0.6 nil_bias 0.54 Home 0.04 0.01 0.001 0.2936907535185213 -0.38722240984603823 0.005790817780107966 -0.004752433378578729
0.2963022654395203 -0.36016602842712453 12 nil_vol 0.6 nil_bias 0.54 Home 0.04 0.01 0.001 0.3080100453696416 -0.3697744198912961 -0.011707779930121296 0.00960839146417161
0.4727809643427092 -0.1591340822033755 12 nil_vol 0.6 nil_bias 0.54 Home 0.04 0.01 0.001 0.4776200406196055 -0.16310543624922524 -0.004839076276896295 0.003971354045849749
0.5410809174093955 -0.08577865554946962 12 nil_vol 0.6 nil_bias 0.54 Right 0.04 0.01 0.001 0.4 0.35 0.1410809174093954 -0.4357786555494696
0.4207743868391617 -0.21381357542546023 13 nil_vol 0.6 nil_bias 0.54 Right 0.04 0.01 0.001 0.4314226455869679 -0.2223626699675786 -0.010648258747806201 0.008549094542118385
0.4103167506155786 -0.2627294963914501 13 nil_vol 0.6 nil_bias 0.54 Right 0.04 0.01 0.001 0.4034438232376374 -0.2572114762787966 0.006872927377941215 -0.0055180201126535065
0.31883609354228826 -0.38672844376019566 13 nil_vol 0.6 nil_bias 0.54 Right 0.04 0.01 0.001 0.3070540204487419 -0.3772690514628748 0.011782073093546367 -0.00945939229732083
0.2659209684423403 -0.4476683286869514 13 nil_vol 0.6 nil_bias 0.54 Right 0.04 0.01 0.001 0.25656426525048565 -0.44015617650468153 0.009356703191854658 -0.007512152182269846
0.10291029610561105 -0.6341054117279187 13 nil_vol 0.6 nil_bias 0.54 Right 0.04 0.01 0.001 0.10165726318282942 -0.6330993977706175 0.001253032922781632 -0.0010060139573011494
0.1049335728587844 -0.6420816222244901 13 nil_vol 0.6 nil_bias 0.54 Right 0.04 0.01 0.001 0.09855641407823063 -0.6369616364487606 0.006377158780553774 -0.005119985775729466
0.07832815138398107 -0.6908296510409603 13 nil_vol 0.6 nil_bias 0.54 Right 0.04 0.01 0.001 0.06433050345752644 -0.6795914553580086 0.013997647926454623 -0.011238195682951663
0.0007423629451391813 -0.7587931731693989 13 nil_vol 0.6 nil_bias 0.54 Home 0.04 0.01 0.001 0.0 -0.75 0.0007423629451391813 -0.008793173169398892
0.06727706711329724 -0.59242734365113 14 nil_vol 0.6 nil_bias 0.54 Home 0.04 0.01 0.001 0.05618937578121368 -0.5888106232068957 0.011087691332083566 -0.0036167204442343354
0.06506415688850528 -0.5426521408120093 14 nil_vol 0.6 nil_bias 0.54 Home 0.04 0.01 0.001 0.07065142730809595 -0.5444746658579155 -0.00558727041959068 0.0018225250459061987
0.14131635733654846 -0.27305752586620335 14 nil_vol 0.6 nil_bias 0.54 Home 0.04 0.01 0.001 0.15746716137219113 -0.27832579510251465 -0.01615080403564268 0.0052682692363112986
0.18919636751480218 -0.18057143521828053 14 nil_vol 0.6 nil_bias 0.54 Home 0.04 0.01 0.001 0.18933874019169902 -0.18061787610086022 -0.000142372676896837 4.6440882579691834e-05
0.2594742357698241 -0.01655726257657298 14 nil_vol 0.6 nil_bias 0.54 Home 0.04 0.01 0.001 0.24445240712515437 -0.011657256512032532 0.01502182864466974 -0.004900006064540446
0.25544386610508346 0.0025995434700917947 14 nil_vol 0.6 nil_bias 0.54 Home 0.04 0.01 0.001 0.24971267393909732 0.004469014693247009 0.005731192165986139 -0.0018694712231552143
0.34682416373576963 0.29493502632051005 14 nil_vol 0.6 nil_bias 0.54 Home 0.04 0.01 0.001 0.34468778765771474 0.2956318959218234 0.0021363760780548895 -0.0006968696013133252
0.36361279469095764 0.3536498267178348 14 nil_vol 0.6 nil_bias 0.54 Right 0.04 0.01 0.001 0.4 0.35 -0.03638720530904239 0.003649826717834814
0.3695510307824056 0.3324158183183942 15 nil_vol 0.6 nil_bias 0.54 Right 0.04 0.01 0.001 0.35718862805624785 0.3372619782940299 0.012362402726157712 -0.00484615997563571
0.28388295112698414 0.19599414589051134 15 nil_vol 0.6 nil_bias 0.54 Right 0.04 0.01 0.001 0.2994225439832764 0.1899025021699509 -0.015539592856292236 0.006091643720560452
0.2807520909909495 0.12759456522098203 15 nil_vol 0.6 nil_bias 0.54 Right 0.04 0.01 0.001 0.275763878022167 0.12954998429078077 0.0049882129687824975 -0.0019554190697987405
0.021844415965408287 -0.5185402528897965 15 nil_vol 0.6 nil_bias 0.54 Right 0.04 0.01 0.001 0.021725617625367954 -0.5184936829977271 0.00011879834004033364 -4.656989206938424e-05
0.006434390328380671 -0.5625376919949212 15 nil_vol 0.6 nil_bias 0.54 Right 0.04 0.01 0.001 0.004723005461113039 -0.5618668155455468 0.0017113848672676317 -0.0006708764493743952
-0.016746114171792694 -0.6038985641931226 15 nil_vol 0.6 nil_bias 0.54 Right 0.04 0.01 0.001 -0.012418759171871518 -0.6055949216946148 -0.004327354999921176 0.0016963575014921851
-0.05871017870591399 -0.720991341534024 15 nil_vol 0.6 nil_bias 0.54 Right 0.04 0.01 0.001 -0.057795613034706594 -0.7213498585350531 -0.0009145656712073962 0.0003585170010290725
-0.07617644590672432 -0.7682387890591169 15 nil_vol 0.6 nil_bias 0.54 Home 0.04 0.01 0.001 0.0 -0.75 -0.07617644590672432 -0.018238789059116908
-0.08563733342038367 -0.6514680313915474 16 nil_vol 0.6 nil_bias 0.54 Home 0.04 0.01 0.001 -0.09618786417727435 -0.6533050116837986 0.010550530756890676 0.0018369802922511601
-0.12976622583450478 -0.4495725017100113 16 nil_vol 0.6 nil_bias 0.54 Home 0.04 0.01 0.001 -0.13160453164245442 -0.44989257390525406 0.0018383058079496333 0.00032007219524276626
-0.17131115882628514 -0.3190163457032892 16 nil_vol 0.6 nil_bias 0.54 Home 0.04 0.01 0.001 -0.15488955552283284 -0.3161571377325521 -0.01642160330345231 -0.0028592079707370705
-0.16763219169004764 -0.24491739485776554 16 nil_vol 0.6 nil_bias 0.54 Home 0.04 0.01 0.001 -0.16730326356630193 -0.24486012432846127 -0.00032892812374570664 -5.7270529304260956e-05
-0.19318020416471143 -0.022213673321138792 16 nil_vol 0.6 nil_bias 0.54 Home 0.04 0.01 0.001 -0.20568959049678848 -0.024391715041473416 0.012509386332077037 0.002178041720334625
-0.2031595070547516 0.024794552612042546 16 nil_vol 0.6 nil_bias 0.54 Home 0.04 0.01 0.001 -0.21392711700819383 0.02291977609748641 0.010767609953442222 0.0018747765145561341
-0.24022115317688666 0.18079100444255253 16 nil_vol 0.6 nil_bias 0.54 Home 0.04 0.01 0.001 -0.24137937459505063 0.18058934350546263 0.0011582214181639734 0.0002016609370899022
-0.270263621339529 0.34648341158704477 16 nil_vol 0.6 nil_bias 0.54 Left 0.04 0.01 0.001 -0.4 0.35 0.129736378660471 -0.0035165884129552253
-0.24291683294752392 0.2862784014265466 17 nil_vol 0.6 nil_bias 0.54 Left 0.04 0.01 0.001 -0.2544241456367352 0.28338953472792544 0.01150731268921128 0.002888866698621143
-0.18127555374047766 0.06701476565051742 17 nil_vol 0.6 nil_bias 0.54 Left 0.04 0.01 0.001 -0.19898779090761637 0.06256817646917018 0.017712237167138725 0.004446589181347245
-0.17606267020148192 0.019153379465148772 17 nil_vol 0.6 nil_bias 0.54 Left 0.04 0.01 0.001 -0.18737567960072402 0.0163132918619589 0.011313009399242086 0.00284008760318987
-0.14539999332135575 -0.1809618248551403 17 nil_vol 0.6 nil_bias 0.54 Left 0.04 0.01 0.001 -0.13829810888190738 -0.17917892401558866 -0.007101884439448366 -0.0017829008395516429
-0.07259355797059476 -0.4347252919779522 17 nil_vol 0.6 nil_bias 0.54 Left 0.04 0.01 0.001 -0.07405224138179994 -0.4350914888515639 0.0014586834112051774 0.00036619687361172723
-0.06623444530495369 -0.49581018005414285 17 nil_vol 0.6 nil_bias 0.54 Left 0.04 0.01 0.001 -0.05924928114066608 -0.4940565813918304 -0.006985164164287616 -0.0017535986623124756
-0.057546969853493425 -0.5078089073596699 17 nil_vol 0.6 nil_bias 0.54 Left 0.04 0.01 0.001 -0.05590057514234023 -0.5073955862844292 -0.0016463947111531917 -0.0004133210752407585
0.012418185034379574 -0.7795318313621223 17 nil_vol 0.6 nil_bias 0.54 Home 0.04 0.01 0.001 0.0 -0.75 0.012418185034379574 -0.029531831362122344
-0.029456599640171936 -0.6744686241626305 18 nil_vol 0.6 nil_bias 0.54 Home 0.04 0.01 0.001 -0.03705958972416076 -0.6781802487999289 0.007602990083988827 0.0037116246372983497
-0.13570416569140845 -0.45340669529626904 18 nil_vol 0.6 nil_bias 0.54 Home 0.04 0.01 0.001 -0.1446560464290436 -0.4577768208296344 0.008951880737635141 0.0043701255333653466
-0.2619874909214568 -0.21741642350639392 18 nil_vol 0.6 nil_bias 0.54 Home 0.04 0.01 0.001 -0.2619936262323827 -0.2174194186400109 6.135310925926709e-06 2.995133616984576e-06
-0.38403936898245145 0.04758024467555225 18 nil_vol 0.6 nil_bias 0.54 Home 0.04 0.01 0.001 -0.3899519684648371 0.0446938342413844 0.005912599482385642 0.002886410434167846
-0.42007344606761815 0.09126401121021792 18 nil_vol 0.6 nil_bias 0.54 Home 0.04 0.01 0.001 -0.41410820975859075 0.09417611786921765 -0.0059652363090274 -0.0029121066589997283
-0.44457846769102327 0.15758281519428458 18 nil_vol 0.6 nil_bias 0.54 Home 0.04 0.01 0.001 -0.44496899542070506 0.15739216752448326 0.00039052772968176347 0.00019064766980132148
-0.5133381705683692 0.23655123787915938 18 nil_vol 0.6 nil_bias 0.54 Home 0.04 0.01 0.001 -0.4893335930734319 0.2482697828534287 -0.024004577494937278 -0.011718544974269315
-0.561753918391414 0.3966174928397073 18 nil_vol 0.6 nil_bias 0.54 Left 0.04 0.01 0.001 -0.4 0.35 -0.16175391839141398 0.04661749283970735
-0.5288415721212771 0.33115226505048884 19 nil_vol 0.6 nil_bias 0.54 Left 0.04 0.01 0.001 -0.5292931413465517 0.33092911616655624 0.0004515692252745593 0.00022314888393261168
-0.38357409300345635 0.039126458610084645 19 nil_vol 0.6 nil_bias 0.54 Left 0.04 0.01 0.001 -0.3847965032172864 0.038522388492688686 0.0012224102138300686 0.0006040701173959584
-0.20400308628259192 -0.34014435711347235 19 nil_vol 0.6 nil_bias 0.54 Left 0.04 0.01 0.001 -0.19891567277542016 -0.33763034468151615 -0.005087413507171752 -0.002514012431956196
-0.04373956956208825 -0.632814220849986 19 nil_vol 0.6 nil_bias 0.54 Left 0.04 0.01 0.001 -0.051219975561655584 -0.636510762059479 0.007480405999567337 0.00369654120949306
-0.04277286301588733 -0.6770843767583955 19 nil_vol 0.6 nil_bias 0.54 Left 0.04 0.01 0.001 -0.03344727263773517 -0.6724760133704075 -0.00932559037815216 -0.0046083633879879385
-0.021869092807744434 -0.6899479617288046 19 nil_vol 0.6 nil_bias 0.54 Left 0.04 0.01 0.001 -0.024235426835910845 -0.6911173168749087 0.002366334028166413 0.0011693551461042081
0.015985758603487714 -0.7898811349323536 19 nil_vol 0.6 nil_bias 0.54 Left 0.04 0.01 0.001 0.022885192665110465 -0.7864716886626666 -0.0068994340616227515 -0.0034094462696869295
0.025171286120192923 -0.791097880074534 19 nil_vol 0.6 nil_bias 0.54 Home 0.04 0.01 0.001 0.0 -0.75 0.025171286120192923 -0.04109788007453398
-0.04001421854798515 -0.720643748040829 20 nil_vol 0.6 nil_bias 0.54 Home 0.04 0.01 0.001 -0.03442940990497363 -0.716199607087808 -0.005584808643011519 -0.004444140953020968
-0.07925762678157473 -0.6696343774090603 20 nil_vol 0.6 nil_bias 0.54 Home 0.04 0.01 0.001 -0.07449791355167282 -0.6658468104856864 -0.004759713229901919 -0.003787566923373849
-0.18425993947173233 -0.5223109360706164 20 nil_vol 0.6 nil_bias 0.54 Home 0.04 0.01 0.001 -0.18698914071768907 -0.5244827123661874 0.0027292012459567373 0.002171776295570951
-0.2717091846873308 -0.42164207685408284 20 nil_vol 0.6 nil_bias 0.54 Home 0.04 0.01 0.001 -0.2699433147614992 -0.42023687654074415 -0.0017658699258315896 -0.001405200313338664
-0.2856232847337363 -0.43161668472952364 20 nil_vol 0.6 nil_bias 0.54 Home 0.04 0.01 0.001 -0.27047810249938703 -0.41956482603372725 -0.015145182234349295 -0.012051858695796407
-0.4816252414595701 -0.1881038134820434 20 nil_vol 0.6 nil_bias 0.54 Home 0.04 0.01 0.001 -0.46511753891528923 -0.17496772205854794 -0.016507702544280852 -0.013136091423495463
-0.6305102630128478 0.049456069886174826 20 nil_vol 0.6 nil_bias 0.54 Home 0.04 0.01 0.001 -0.6385885626890597 0.04302772028340851 0.008078299676211825 0.006428349602766318
-0.6605725899026871 0.07065433845072994 20 nil_vol 0.6 nil_bias 0.54 Left 0.04 0.01 0.001 -0.4 0.35 -0.2605725899026871 -0.27934566154927004
-0.4055732956636966 -0.22517039572889347 21 nil_vol 0.6 nil_bias 0.54 Left 0.04 0.01 0.001 -0.4075805698074254 -0.22687718743439833 0.002007274143728825 0.0017067917055048623
-0.35606833715389813 -0.26405351405447275 21 nil_vol 0.6 nil_bias 0.54 Left 0.04 0.01 0.001 -0.36761848315825896 -0.2738746406102066 0.011550146004360811 0.009821126555733884
-0.14540512666737423 -0.5374511403193948 21 nil_vol 0.6 nil_bias 0.54 Left 0.04 0.01 0.001 -0.14429858133084594 -0.5365102412359029 -0.0011065453365282907 -0.0009408990834919661
-0.1422902896825456 -0.5459638941291883 21 nil_vol 0.6 nil_bias 0.54 Left 0.04 0.01 0.001 -0.13879050707318596 -0.5429880176414712 -0.0034997826093596156 -0.002975876487717134
-0.08665197349525047 -0.6054519678511552 21 nil_vol 0.6 nil_bias 0.54 Left 0.04 0.01 0.001 -0.08608624118689512 -0.6049709238370857 -0.0005657323083553562 -0.0004810440140694045
-0.03669754017708395 -0.6637332983579964 21 nil_vol 0.6 nil_bias 0.54 Left 0.04 0.01 0.001 -0.03636258304515383 -0.6634484832238683 -0.00033495713193012284 -0.0002848151341281194
-0.03517870204723174 -0.6688670051156507 21 nil_vol 0.6 nil_bias 0.54 Left 0.04 0.01 0.001 -0.03319177533557227 -0.667177514897535 -0.0019869267116594653 -0.0016894902181157044
0.02468982569935413 -0.7352492314287966 21 nil_vol 0.6 nil_bias 0.54 Home 0.04 0.01 0.001 0.0 -0.75 0.02468982569935413 0.01475076857120336
0.008857330350673402 -0.7384142790779705 22 nil_vol 0.6 nil_bias 0.54 Home 0.04 0.01 0.001 0.02301166454659006 -0.73170753478133 -0.014154334195916657 -0.006706744296640499
-0.006935270739872407 -0.6835302855121883 22 nil_vol 0.6 nil_bias 0.54 Home 0.04 0.01 0.001 -0.0011214385477593264 -0.6807755189964078 -0.00581383219211308 -0.0027547665157805863
-0.12884395897008796 -0.4200751549988791 22 nil_vol 0.6 nil_bias 0.54 Home 0.04 0.01 0.001 -0.1254181620902685 -0.4184519106012863 -0.00342579687981948 -0.001623244397592815
-0.22725822375264518 -0.19220815321369814 22 nil_vol 0.6 nil_bias 0.54 Home 0.04 0.01 0.001 -0.23163624906526886 -0.1942825917488895 0.0043780253126236915 0.002074438535191385
-0.2646363751200825 -0.10376766922292113 22 nil_vol 0.6 nil_bias 0.54 Home 0.04 0.01 0.001 -0.27271184831312706 -0.10759406847494313 0.008075473193044557 0.0038263992520219943
-0.3533048277422371 0.039496615817264324 22 nil_vol 0.6 nil_bias 0.54 Home 0.04 0.01 0.001 -0.34440575811911284 0.04371325954025296 -0.008899069623124256 -0.0042166437229886325
-0.4366569542385458 0.23078846632607164 22 nil_vol 0.6 nil_bias 0.54 Home 0.04 0.01 0.001 -0.43370933558141866 0.2321851356673298 -0.00294761865712712 -0.001396669341258137
-0.4579026489925116 0.28324422308455766 22 nil_vol 0.6 nil_bias 0.54 Left 0.04 0.01 0.001 -0.4 0.35 -0.057902648992511574 -0.06675577691544232
-0.4625871332630618 0.2763286007624444 23 nil_vol 0.6 nil_bias 0.54 Left 0.04 0.01 0.001 -0.45608529831379474 0.27941178695426916 -0.006501834949267047 -0.00308318619182472
-0.4270514643947655 0.2305145681755009 23 nil_vol 0.6 nil_bias 0.54 Left 0.04 0.01 0.001 -0.43182475595485403 0.228251061528154 0.004773291560088516 0.0022635066473469054
-0.275523605040102 -0.08738100397284575 23 nil_vol 0.6 nil_bias 0.54 Left 0.04 0.01 0.001 -0.2809345113332238 -0.08994686910144167 0.005410906293121801 0.0025658651285959326
-0.2189478911669034 -0.2335437320083202 23 nil_vol 0.6 nil_bias 0.54 Left 0.04 0.01 0.001 -0.21396174818539287 -0.23117929069121324 -0.004986142981510549 -0.002364441317106964
-0.09864115437882336 -0.4882414337694197 23 nil_vol 0.6 nil_bias 0.54 Left 0.04 0.01 0.001 -0.09327003728447347 -0.48569443677715674 -0.005371117094349882 -0.002546996992262945
-0.0945019282468791 -0.5206414441368529 23 nil_vol 0.6 nil_bias 0.54 Left 0.04 0.01 0.001 -0.07996660817733053 -0.5137487594590856 -0.01453532006954857 -0.006892684677767296
0.02578500200873557 -0.7290292380458004 23 nil_vol 0.6 nil_bias 0.54 Left 0.04 0.01 0.001 0.022792781155980213 -0.7304481565646633 0.002992220852755355 0.0014189185188629406
0.03214037718822513 -0.750160403179945 23 nil_vol 0.6 nil_bias 0.54 Home 0.04 0.01 0.001 0.0 -0.75 0.03214037718822513 -0.00016040317994500935
-0.01822961943489708 -0.5412228517925824 24 nil_vol 0.6 nil_bias 0.54 Home 0.04 0.01 0.001 -0.01654812050954311 -0.5408317459705354 -0.0016814989253539695 -0.00039110582204707504
-0.10720086589478313 -0.06308390072631612 24 nil_vol 0.6 nil_bias 0.54 Home 0.04 0.01 0.001 -0.1266186929914333 -0.06760036226815425 0.019417827096650176 0.004516461541838122
-0.1759327900290489 0.14278064269291776 24 nil_vol 0.6 nil_bias 0.54 Home 0.04 0.01 0.001 -0.17557150541230315 0.14286467516828527 -0.00036128461674575193 -8.403247536751462e-05
-0.19200754950820084 0.25419107311031935 24 nil_vol 0.6 nil_bias 0.54 Home 0.04 0.01 0.001 -0.20097990630024967 0.25210416069786257 0.008972356792048835 0.002086912412456769
-0.21809767152373008 0.3118942895097657 24 nil_vol 0.6 nil_bias 0.54 Home 0.04 0.01 0.001 -0.21505150228240316 0.3126028088595315 -0.0030461692413269303 -0.0007085193497657988
-0.23860000312820462 0.3510156709197696 24 nil_vol 0.6 nil_bias 0.54 Home 0.04 0.01 0.001 -0.2247361194775542 0.3542403209806141 -0.01386388365065041 -0.003224650060844496
-0.21018903702795266 0.4027280930736982 24 nil_vol 0.6 nil_bias 0.54 Home 0.04 0.01 0.001 -0.23468864026709432 0.3970296431251473 0.024499603239141656 0.0056984499485508745
-0.23667851050526587 0.4055847821142994 24 nil_vol 0.6 nil_bias 0.54 Left 0.04 0.01 0.001 -0.4 0.35 0.16332148949473416 0.055584782114299396
-0.21188482801084713 0.31528859818406463 25 nil_vol 0.6 nil_bias 0.54 Left 0.04 0.01 0.001 -0.2177540923700548 0.3140748241279525 0.005869264359207678 0.0012137740561121184
-0.1527144226337371 0.009759451659305923 25 nil_vol 0.6 nil_bias 0.54 Left 0.04 0.01 0.001 -0.1547347422532684 0.009341646055543273 0.002020319619531276 0.0004178056037626503
-0.13601998930434522 -0.009932558185892594 25 nil_vol 0.6 nil_bias 0.54 Left 0.04 0.01 0.001 -0.15014473112602827 -0.01285357930935671 0.014124741821683056 0.0029210211234641176
-0.160068048725128 -0.033463035276892435 25 nil_vol 0.6 nil_bias 0.54 Left 0.04 0.01 0.001 -0.1464644446254426 -0.030649786338818097 -0.013603604099685383 -0.00281324893807434
-0.08448581205968389 -0.36298227207622796 25 nil_vol 0.6 nil_bias 0.54 Left 0.04 0.01 0.001 -0.0780142776229247 -0.36164394752278517 -0.006471534436759182 -0.0013383245534428151
-0.06991464400496082 -0.4469604363232216 25 nil_vol 0.6 nil_bias 0.54 Left 0.04 0.01 0.001 -0.06076210587694611 -0.44506767555330784 -0.009152538128014712 -0.0018927607699137459
-0.06577393636797121 -0.4970732935112652 25 nil_vol 0.6 nil_bias 0.54 Left 0.04 0.01 0.001 -0.05065389211790422 -0.49394644211817584 -0.015120044250066998 -0.003126851393089407
-0.00340553378642847 -0.7224182109696827 25 nil_vol 0.6 nil_bias 0.54 Home 0.04 0.01 0.001 0.0 -0.75 -0.00340553378642847 0.02758178903031725
-0.05823397279768899 -0.6360799411897484 26 nil_vol 0.6 nil_bias 0.54 Home 0.04 0.01 0.001 -0.040835854649394376 -0.6291013807004597 -0.017398118148294617 -0.006978560489288682
-0.06816781921398105 -0.5592937600838211 26 nil_vol 0.6 nil_bias 0.54 Home 0.04 0.01 0.001 -0.06874373582950147 -0.5595247660411287 0.0005759166155204156 0.00023100595730749115
-0.315156412790499 0.026826131770514645 26 nil_vol 0.6 nil_bias 0.54 Home 0.04 0.01 0.001 -0.3054901819438089 0.030703354358157964 -0.009666230846690107 -0.0038772225876433203
-0.32877254567385406 0.10005970061926832 26 nil_vol 0.6 nil_bias 0.54 Home 0.04 0.01 0.001 -0.3326808990404178 0.09849202070414176 0.003908353366563776 0.0015676799151265602
-0.4321913760794465 0.3186655173551926 26 nil_vol 0.6 nil_bias 0.54 Home 0.04 0.01 0.001 -0.4225464692171528 0.3225341866778383 -0.009644906862293735 -0.003868669322645674
-0.42542234854565003 0.36484243660566507 26 nil_vol 0.6 nil_bias 0.54 Home 0.04 0.01 0.001 -0.43756337361428566 0.3599725491200608 0.012141025068635602 0.004869887485604232
-0.49283726578068215 0.4652430915791955 26 nil_vol 0.6 nil_bias 0.54 Home 0.04 0.01 0.001 -0.4815969029136127 0.46975171438085683 -0.011240362867069467 -0.004508622801661314
-0.5165490698836177 0.5568903057015794 26 nil_vol 0.6 nil_bias 0.54 Left 0.04 0.01 0.001 -0.4 0.35 -0.11654906988361768 0.20689030570157937
-0.40769601134416533 0.2933217440723449 27 nil_vol 0.6 nil_bias 0.54 Left 0.04 0.01 0.001 -0.4154394040703374 0.2903839831839426 0.007743392726172075 0.002937760888402306
-0.30639539402891464 -0.020200329381925355 27 nil_vol 0.6 nil_bias 0.54 Left 0.04 0.01 0.001 -0.29871281878897116 -0.017285642001311108 -0.007682575239943473 -0.002914687380614247
-0.2351846997391468 -0.18346067218208456 27 nil_vol 0.6 nil_bias 0.54 Left 0.04 0.01 0.001 -0.23560699513674183 -0.18362088656695152 0.0004222953975950403 0.00016021438486696766
-0.2204725531487088 -0.22950266363260138 27 nil_vol 0.6 nil_bias 0.54 Left 0.04 0.01 0.001 -0.21848588962451188 -0.22874894460966266 -0.001986663524196934 -0.0007537190229387245
-0.21136023947806504 -0.2843064998289639 27 nil_vol 0.6 nil_bias 0.54 Left 0.04 0.01 0.001 -0.19916349757782154 -0.27967918560281513 -0.01219674190024349 -0.00462731422614877
-0.1977264405717004 -0.28213115077938844 27 nil_vol 0.6 nil_bias 0.54 Left 0.04 0.01 0.001 -0.19816947877672808 -0.28229923476490026 0.00044303820502765537 0.00016808398551181595
-0.15663337141906042 -0.4222592019887372 27 nil_vol 0.6 nil_bias 0.54 Left 0.04 0.01 0.001 -0.14652510184263312 -0.41842423196187983 -0.01010826957642731 -0.003834970026857346
-0.019638320610548574 -0.7528742488842098 27 nil_vol 0.6 nil_bias 0.54 Home 0.04 0.01 0.001 0.0 -0.75 -0.019638320610548574 -0.002874248884209874
-0.03751029029969765 -0.6876734834667799 28 nil_vol 0.6 nil_bias 0.54 Home 0.04 0.01 0.001 -0.05534327742954741 -0.6996326715073166 0.017832987129849757 0.01195918804053663
-0.3566804565364248 -0.2561274986327366 28 nil_vol 0.6 nil_bias 0.54 Home 0.04 0.01 0.001 -0.353981347470944 -0.25431741753858433 -0.0026991090654807518 -0.0018100810941522483
-0.383393029806415 -0.24078451592976016 28 nil_vol 0.6 nil_bias 0.54 Home 0.04 0.01 0.001 -0.36936546850627383 -0.231377329006054 -0.014027561300141178 -0.00940718692370616
-0.6516493418951625 0.17161483069312364 28 nil_vol 0.6 nil_bias 0.54 Home 0.04 0.01 0.001 -0.6433522384017604 0.17717904829429598 -0.008297103493402154 -0.005564217601172335
-0.6480800279280822 0.22199297324094086 28 nil_vol 0.6 nil_bias 0.54 Home 0.04 0.01 0.001 -0.6655490327483807 0.21027787963347122 0.01746900482029855 0.011715093607469636
-0.7097898886207075 0.2521687508765236 28 nil_vol 0.6 nil_bias 0.54 Home 0.04 0.01 0.001 -0.6986513384572847 0.259638504257344 -0.011138550163422752 -0.0074697533808204455
-0.8673476438235816 0.5236329665616154 28 nil_vol 0.6 nil_bias 0.54 Home 0.04 0.01 0.001 -0.8731032592083461 0.5197731260214858 0.005755615384764389 0.003859840540129568
-0.8837715573920132 0.5356811980044565 28 nil_vol 0.6 nil_bias 0.54 Left 0.04 0.01 0.001 -0.4 0.35 -0.48377155739201316 0.1856811980044565
-0.6823189542583447 0.26134374912445946 29 nil_vol 0.6 nil_bias 0.54 Left 0.04 0.01 0.001 -0.6863455444808568 0.2584760046795498 0.004026590222512132 0.0028677444449096835
-0.671481134571167 0.2396710367298126 29 nil_vol 0.6 nil_bias 0.54 Left 0.04 0.01 0.001 -0.6724574144481883 0.23897572853124 0.0009762798770213112 0.0006953081985726048
-0.4676042050776194 -0.04983697548219801 29 nil_vol 0.6 nil_bias 0.54 Left 0.04 0.01 0.001 -0.46704709581158005 -0.04944020130985738 -0.0005571092660393733 -0.0003967741723406299
-0.3913786692786054 -0.11854123497862458 29 nil_vol 0.6 nil_bias 0.54 Left 0.04 0.01 0.001 -0.40893042297958077 -0.13104162399089225 0.017551753700975375 0.012500389012267679
-0.3671151450131225 -0.17745390970454442 29 nil_vol 0.6 nil_bias 0.54 Left 0.04 0.01 0.001 -0.3729273709249413 -0.18159338694213123 0.005812225911818853 0.004139477237586824
-0.34470028464926195 -0.21672890389036706 29 nil_vol 0.6 nil_bias 0.54 Left 0.04 0.01 0.001 -0.3468257122773105 -0.21824263708311076 0.0021254276280485676 0.0015137331927436977
-0.11074442282327175 -0.5561701434165688 29 nil_vol 0.6 nil_bias 0.54 Left 0.04 0.01 0.001 -0.10769826877083633 -0.5540006672892561 -0.003046154052435432 -0.0021694761273127073
0.039197708438520586 -0.760256809327111 29 nil_vol 0.6 nil_bias 0.54 Home 0.04 0.01 0.001 0.0 -0.75 0.039197708438520586 -0.010256809327111071
0.030817511538986753 -0.4992235925781768 30 nil_vol 0.6 nil_bias 0.54 Home 0.04 0.01 0.001 0.04987355952290994 -0.5000052961234474 -0.01905604798392319 0.0007817035452705989
0.06103834740256002 -0.414079921451302 30 nil_vol 0.6 nil_bias 0.54 Home 0.04 0.01 0.001 0.053411163281796604 -0.4137670445697649 0.007627184120763417 -0.0003128768815371603
0.07786416615960362 0.014503317506933242 30 nil_vol 0.6 nil_bias 0.54 Home 0.04 0.01 0.001 0.07099092909628099 0.014785266512541195 0.006873237063322622 -0.0002819490056079526
0.0913003910385667 0.22673781320772723 30 nil_vol 0.6 nil_bias 0.54 Home 0.04 0.01 0.001 0.07970500666960192 0.22721347075632503 0.011595384368964774 -0.00047565754859780503
0.09534597734979497 0.468210220243123 30 nil_vol 0.6 nil_bias 0.54 Home 0.04 0.01 0.001 0.08960067052463788 0.4684459001027498 0.005745306825157084 -0.0002356798596268041
0.08852553057377274 0.4785337708719915 30 nil_vol 0.6 nil_bias 0.54 Home 0.04 0.01 0.001 0.09001198660311524 0.478472794537916 -0.0014864560293424982 6.0976334075470053e-05
0.09491152514437001 0.5570526218589201 30 nil_vol 0.6 nil_bias 0.54 Home 0.04 0.01 0.001 0.0932382476714416 0.5571212618483824 0.0016732774729284138 -6.863998946229993e-05
0.09600659835399644 0.6246069778365708 30 nil_vol 0.6 nil_bias 0.54 Right 0.04 0.01 0.001 0.4 0.35 -0.3039934016460036 0.2746069778365709
0.09869594279514413 0.6159530092915776 31 nil_vol 0.6 nil_bias 0.54 Right 0.04 0.01 0.001 0.09540912407472207 0.6161862174040548 0.00328681872042205 -0.0002332081124771922
0.09841443633679034 0.5715644053197547 31 nil_vol 0.6 nil_bias 0.54 Right 0.04 0.01 0.001 0.09227400603148633 0.5720000844012935 0.006140430305304006 -0.00043567908153870375
0.04295169167918213 -0.18530618783712308 31 nil_vol 0.6 nil_bias 0.54 Right 0.04 0.01 0.001 0.03856330035822718 -0.18499482035877313 0.004388391320954948 -0.00031136747834994164
0.02408077872576696 -0.28671372065344686 31 nil_vol 0.6 nil_bias 0.54 Right 0.04 0.01 0.001 0.03130969451177293 -0.2872266305365616 -0.007228915786005968 0.0005129098831147452
0.020480274811782277 -0.41569473508161064 31 nil_vol 0.6 nil_bias 0.54 Right 0.04 0.01 0.001 0.022185970216032955 -0.41581575849042074 -0.0017056954042506797 0.00012102340881009841
0.010097734779751445 -0.4661986101723963 31 nil_vol 0.6 nil_bias 0.54 Right 0.04 0.01 0.001 0.01856853506157649 -0.4667996349057111 -0.008470800281825046 0.0006010247333147793
0.007705988982124357 -0.6858130137252421 31 nil_vol 0.6 nil_bias 0.54 Right 0.04 0.01 0.001 0.003052408499492801 -0.6854828304042477 0.004653580482631556 -0.0003301833209943055
0.0009200386777059584 -0.7155363005629991 31 nil_vol 0.6 nil_bias 0.54 Home 0.04 0.01 0.001 0.0 -0.75 0.0009200386777059584 0.03446369943700088
-0.05188161354020958 -0.6679387981219145 32 nil_vol 0.6 nil_bias 0.54 Home 0.04 0.01 0.001 -0.04772023656618971 -0.6640104672553132 -0.004161376974019867 -0.003928330866601305
-0.03372092587215094 -0.6476646191115282 32 nil_vol 0.6 nil_bias 0.54 Home 0.04 0.01 0.001 -0.049282905298094225 -0.6623550940447073 0.015561979425943286 0.014690474933179083
-0.06938446529628751 -0.6603726631761813 32 nil_vol 0.6 nil_bias 0.54 Home 0.04 0.01 0.001 -0.05974465679363568 -0.6512727047908893 -0.009639808502651835 -0.009099958385291948
-0.13112397195297082 -0.5400289010477166 32 nil_vol 0.6 nil_bias 0.54 Home 0.04 0.01 0.001 -0.14890940233081698 -0.5568183088724037 0.017785430377846165 0.016789407824687037
-0.16638296865563293 -0.5304626002002001 32 nil_vol 0.6 nil_bias 0.54 Home 0.04 0.01 0.001 -0.17029922939330783 -0.5341595418696317 0.003916260737674906 0.003696941669431577
-0.3606087219451795 -0.3364880063567065 32 nil_vol 0.6 nil_bias 0.54 Home 0.04 0.01 0.001 -0.3586479965421524 -0.33463708581532614 -0.0019607254030271195 -0.0018509205413803846
-0.408554455178176 -0.2684716759290406 32 nil_vol 0.6 nil_bias 0.54 Home 0.04 0.01 0.001 -0.41519256705543034 -0.27473803918960843 0.006638111877254345 0.00626636326056782
-0.5244067714567812 -0.15904476108625798 32 nil_vol 0.6 nil_bias 0.54 Left 0.04 0.01 0.001 -0.4 0.35 -0.1244067714567811 -0.509044761086258
-0.4261820240833817 -0.25921110932496094 33 nil_vol 0.6 nil_bias 0.54 Left 0.04 0.01 0.001 -0.4309386929837919 -0.2634687212868105 0.00475666890041023 0.004257611961849526
-0.4061903854184394 -0.2999447793061881 33 nil_vol 0.6 nil_bias 0.54 Left 0.04 0.01 0.001 -0.4018039215570522 -0.29601853146395296 -0.004386463861387203 -0.003926247842235172
-0.3475099439638664 -0.3545529259519287 33 nil_vol 0.6 nil_bias 0.54 Left 0.04 0.01 0.001 -0.34856528662835146 -0.355497544895613 0.0010553426644850131 0.0009446189436843147
-0.33260569022652087 -0.38230031674737097 33 nil_vol 0.6 nil_bias 0.54 Left 0.04 0.01 0.001 -0.328146873389697 -0.37830930700975396 -0.004458816836823856 -0.0039910097376170284
-0.29579882002074687 -0.42507538514732107 33 nil_vol 0.6 nil_bias 0.54 Left 0.04 0.01 0.001 -0.2905181205672748 -0.4203487225120269 -0.005280699453472073 -0.004726662635294193
-0.27282272304806365 -0.4514829759033264 33 nil_vol 0.6 nil_bias 0.54 Left 0.04 0.01 0.001 -0.26717510702905867 -0.4464278926040926 -0.0056476160190050105 -0.005055083299233836
0.031770607006225415 -0.7769209051503757 33 nil_vol 0.6 nil_bias 0.54 Left 0.04 0.01 0.001 0.03003443751373802 -0.7784749203979737 0.0017361694924873904 0.0015540152475979627
0.031114072018574475 -0.7796811045028151 33 nil_vol 0.6 nil_bias 0.54 Home 0.04 0.01 0.001 0.0 -0.75 0.031114072018574475 -0.029681104502815144
0.023221346328118737 -0.6893820777482368 34 nil_vol 0.6 nil_bias 0.54 Home 0.04 0.01 0.001 0.03132714357756275 -0.6894012084177621 -0.008105797249444012 1.913066952530379e-05
0.048053920174864075 -0.6454878857322301 34 nil_vol 0.6 nil_bias 0.54 Home 0.04 0.01 0.001 0.031430876964966166 -0.64544865332407 0.01662304320989791 -3.923240816012451e-05
0.03917252581081251 -0.5079899106058288 34 nil_vol 0.6 nil_bias 0.54 Home 0.04 0.01 0.001 0.0317553376676826 -0.507972405137729 0.007417188143129907 -1.75054680997545e-05
0.03479504857299294 -0.48560442946553195 34 nil_vol 0.6 nil_bias 0.54 Home 0.04 0.01 0.001 0.031808145454278354 -0.4855973800100978 0.0029869031187145837 -7.0494554341520635e-06
0.03897193525603103 -0.280898601663018 34 nil_vol 0.6 nil_bias 0.54 Home 0.04 0.01 0.001 0.03229129673426446 -0.2808828345418028 0.006680638521766567 -1.5767121215213783e-05
0.0431514126207553 -0.14485588170466432 34 nil_vol 0.6 nil_bias 0.54 Home 0.04 0.01 0.001 0.03261239562747451 -0.1448310083399581 0.010539016993280787 -2.4873364706210094e-05
0.05410282083290988 -0.04431663013579254 34 nil_vol 0.6 nil_bias 0.54 Home 0.04 0.01 0.001 0.03284974019513175 -0.04426647027494679 0.02125308063777813 -5.015986084574894e-05
0.033069007138777584 0.04863845322224186 34 nil_vol 0.6 nil_bias 0.54 Right 0.04 0.01 0.001 0.4 0.35 -0.36693099286122244 -0.3013615467777581
0.03778744198557868 -0.02072489325770388 35 nil_vol 0.6 nil_bias 0.54 Right 0.04 0.01 0.001 0.02920679405842158 -0.02024377802578191 0.008580647927157094 -0.0004811152319219707
0.027988800820549612 -0.1183396056620663 35 nil_vol 0.6 nil_bias 0.54 Right 0.04 0.01 0.001 0.023720000757983778 -0.11810025488697742 0.004268800062565835 -0.00023935077508888494
0.027789788894712182 -0.22669168932661524 35 nil_vol 0.6 nil_bias 0.54 Right 0.04 0.01 0.001 0.01766313690819103 -0.2261238899529026 0.010126651986521153 -0.0005677993737126107
0.01020693964805559 -0.2907702429376388 35 nil_vol 0.6 nil_bias 0.54 Right 0.04 0.01 0.001 0.014026420912183774 -0.29098440049657986 -0.003819481264128185 0.00021415755894106276
-0.0008249825667639788 -0.45604610606160956 35 nil_vol 0.6 nil_bias 0.54 Right 0.04 0.01 0.001 0.004753904699785223 -0.45635891316707505 -0.005578887266549201 0.00031280710546547605
0.004001727656368703 -0.5261510844095699 35 nil_vol 0.6 nil_bias 0.54 Right 0.04 0.01 0.001 0.0008505781194363196 -0.5259744000783688 0.0031511495369323838 -0.00017668433120112073
-0.014497969755763212 -0.6410769543022895 35 nil_vol 0.6 nil_bias 0.54 Right 0.04 0.01 0.001 -0.005631075271563625 -0.6415741193220419 -0.008866894484199587 0.000497165019752386
-0.01197173582448864 -0.7546592436755496 35 nil_vol 0.6 nil_bias 0.54 Home 0.04 0.01 0.001 0.0 -0.75 -0.01197173582448864 -0.004659243675549595
0.009256175519610712 -0.7115385123078796 36 nil_vol 0.6 nil_bias 0.54 Home 0.04 0.01 0.001 -0.0034797206413034465 -0.7091614012660727 0.012735896160914159 -0.002377111041806795
0.013342452048348524 -0.615182405245055 36 nil_vol 0.6 nil_bias 0.54 Home 0.04 0.01 0.001 0.014036940607879014 -0.6153120291366453 -0.0006944885595304893 0.0001296238915903602
0.033302054395919364 -0.5270364115523515 36 nil_vol 0.6 nil_bias 0.54 Home 0.04 0.01 0.001 0.03060716161775693 -0.526533419120683 0.002694892778162434 -0.0005029924316684675
0.09677796796842043 -0.19191761184809075 36 nil_vol 0.6 nil_bias 0.54 Home 0.04 0.01 0.001 0.09318714006097224 -0.19124739621817544 0.0035908279074481843 -0.0006702156299153105
0.17650415807188097 0.2508489690479842 36 nil_vol 0.6 nil_bias 0.54 Home 0.04 0.01 0.001 0.17572987378404728 0.25099348653673037 0.0007742842878336736 -0.0001445174887461413
0.18198850848673195 0.2998713275580157 36 nil_vol 0.6 nil_bias 0.54 Home 0.04 0.01 0.001 0.18475633156841326 0.29935472293702137 -0.0027678230816813023 0.0005166046209943405
0.2537717440225522 0.7118247976357645 36 nil_vol 0.6 nil_bias 0.54 Home 0.04 0.01 0.001 0.2614741196188313 0.7103871758267669 -0.007702375596279129 0.0014376218089975463
0.261523779944838 0.7106532419651235 36 nil_vol 0.6 nil_bias 0.54 Right 0.04 0.01 0.001 0.4 0.35 -0.138476220055162 0.36065324196512344
0.2554326175019793 0.6142542575611769 37 nil_vol 0.6 nil_bias 0.54 Right 0.04 0.01 0.001 0.24744142982596828 0.615436132364893 0.007991187676011036 -0.0011818748037160738
0.1639643706139148 0.12182480794915426 37 nil_vol 0.6 nil_bias 0.54 Right 0.04 0.01 0.001 0.1742134798998319 0.12030899271408968 -0.010249109285917107 0.0015158152350645835
0.1482787947427713 -0.04454449743655763 37 nil_vol 0.6 nil_bias 0.54 Right 0.04 0.01 0.001 0.14979885044077332 -0.04476930951738345 -0.0015200556980020212 0.00022481208082581356
0.05588335397149894 -0.6721702013094856 37 nil_vol 0.6 nil_bias 0.54 Right 0.04 0.01 0.001 0.056983901368316575 -0.672332969259799 -0.0011005473968176344 0.00016276795031340736
0.05953078230739608 -0.7201971397216373 37 nil_vol 0.6 nil_bias 0.54 Right 0.04 0.01 0.001 0.05011096673953336 -0.7188039747595967 0.009419815567862722 -0.0013931649620406183
0.07227750254604227 -0.7221927805753996 37 nil_vol 0.6 nil_bias 0.54 Right 0.04 0.01 0.001 0.050094983205787064 -0.7189120466276919 0.02218251934025521 -0.003280733947707616
0.05987751114094704 -0.746794431175462 37 nil_vol 0.6 nil_bias 0.54 Right 0.04 0.01 0.001 0.046268923596574696 -0.7447817582931644 0.013608587544372346 -0.002012672882297585
0.03655188759084612 -0.8104830137325585 37 nil_vol 0.6 nil_bias 0.54 Home 0.04 0.01 0.001 0.0 -0.75 0.03655188759084612 -0.06048301373255847
0.0778924238382865 -0.6652088307998166 38 nil_vol 0.6 nil_bias 0.54 Home 0.04 0.01 0.001 0.07748307447650654 -0.6650935875138068 0.0004093493617799633 -0.00011524328600989061
0.1165950302488928 -0.47851528286822703 38 nil_vol 0.6 nil_bias 0.54 Home 0.04 0.01 0.001 0.12902491423567727 -0.4820146426061537 -0.012429883986784475 0.003499359737926623
0.19010451748928314 -0.23022932867023418 38 nil_vol 0.6 nil_bias 0.54 Home 0.04 0.01 0.001 0.19918946265639179 -0.23278699464465935 -0.009084945167108645 0.0025576659744251796
0.21656914402993896 -0.15673644328831407 38 nil_vol 0.6 nil_bias 0.54 Home 0.04 0.01 0.001 0.2203038157946469 -0.15778785776826298 -0.003734671764707927 0.0010514144799489106
0.28782776524232917 0.040734479938343164 38 nil_vol 0.6 nil_bias 0.54 Home 0.04 0.01 0.001 0.2770478005343224 0.04376934128665311 0.010779964708006792 -0.0030348613483099423
0.33399158381229727 0.21658034138198848 38 nil_vol 0.6 nil_bias 0.54 Home 0.04 0.01 0.001 0.32630791867766185 0.21874350786370633 0.007683665134635429 -0.002163166481717862
0.3471246731149979 0.27133326179361633 38 nil_vol 0.6 nil_bias 0.54 Home 0.04 0.01 0.001 0.34155485664402935 0.27290132079777685 0.005569816470968546 -0.0015680590041605056
0.35981043940298196 0.3377459760487319 38 nil_vol 0.6 nil_bias 0.54 Right 0.04 0.01 0.001 0.4 0.35 -0.04018956059701806 -0.012254023951268086
0.37793900161954097 0.3251571949575188 39 nil_vol 0.6 nil_bias 0.54 Right 0.04 0.01 0.001 0.35784163304824534 0.33167857753816166 0.020097368571295644 -0.006521382580642828
0.2988338929592235 0.1609038496751684 39 nil_vol 0.6 nil_bias 0.54 Right 0.04 0.01 0.001 0.3020847541407148 0.15984897975994256 -0.00325086118149127 0.0010548699152258417
0.2466951336150986 0.048318920049929145 39 nil_vol 0.6 nil_bias 0.54 Right 0.04 0.01 0.001 0.2640654552535405 0.04268243522599602 -0.017370321638441932 0.005636484823933124
0.2202125754490935 -0.1085230381810686 39 nil_vol 0.6 nil_bias 0.54 Right 0.04 0.01 0.001 0.21549736582755466 -0.1069930027547441 0.004715209621538847 -0.0015300354263244982
0.17559349106389985 -0.1786653322066556 39 nil_vol 0.6 nil_bias 0.54 Right 0.04 0.01 0.001 0.19065461963352123 -0.18355250841334736 -0.015061128569621385 0.004887176206691765
0.14275214106804124 -0.2873857837987406 39 nil_vol 0.6 nil_bias 0.54 Right 0.04 0.01 0.001 0.1556081704621891 -0.29155742875065593 -0.01285602939414788 0.004171644951915374
0.10517969405929099 -0.4463682380216673 39 nil_vol 0.6 nil_bias 0.54 Right 0.04 0.01 0.001 0.10535522533535213 -0.44642519605584985 -0.00017553127606113655 5.6958034182547024e-05
0.022337574469459068 -0.702266086655851 39 nil_vol 0.6 nil_bias 0.54 Home 0.04 0.01 0.001 0.0 -0.75 0.022337574469459068 0.047733913344148976
-0.18410628448496855 -0.49065832370869383 40 nil_vol 0.6 nil_bias 0.54 Home 0.04 0.01 0.001 -0.1923959595993553 -0.4994344251330489 0.008289675114386745 0.00877610142435507
-0.21979445380666784 -0.47586724848057066 40 nil_vol 0.6 nil_bias 0.54 Home 0.04 0.01 0.001 -0.21863997017909642 -0.474645021400677 -0.001154483627571422 -0.0012222270798936735
-0.269191540097218 -0.41809906102275046 40 nil_vol 0.6 nil_bias 0.54 Home 0.04 0.01 0.001 -0.2735825365773877 -0.4227477149123433 0.004390996480169666 0.004648653889592863
-0.5595208702515067 -0.15755087711962631 40 nil_vol 0.6 nil_bias 0.54 Home 0.04 0.01 0.001 -0.5570783377290697 -0.15496502027319925 -0.0024425325224370015 -0.0025858568464270557
-0.6292515480432056 -0.07369201038636584 40 nil_vol 0.6 nil_bias 0.54 Home 0.04 0.01 0.001 -0.6357909585237073 -0.08061514414498228 0.006539410480501699 0.006923133758616435
-0.89760776184226 0.15434643950905455 40 nil_vol 0.6 nil_bias 0.54 Home 0.04 0.01 0.001 -0.8914459327494704 0.1608698359427716 -0.00616182909278962 -0.0065233964337170535
-0.9255593801918238 0.17749574906860763 40 nil_vol 0.6 nil_bias 0.54 Home 0.04 0.01 0.001 -0.9177736639779717 0.1857383200030739 -0.007785716213852185 -0.008242570934466268
-0.9472153376893241 0.21354815242064168 40 nil_vol 0.6 nil_bias 0.54 Left 0.04 0.01 0.001 -0.4 0.35 -0.5472153376893241 -0.1364518475793583
-0.7389003522856451 0.009051186277158256 41 nil_vol 0.6 nil_bias 0.54 Left 0.04 0.01 0.001 -0.7346071266689929 0.01361662438914682 -0.004293225616652267 -0.004565438111988564
-0.7194182849298588 -0.015617857575130198 41 nil_vol 0.6 nil_bias 0.54 Left 0.04 0.01 0.001 -0.7119567545679388 -0.007683227967978906 -0.0074615303619200105 -0.007934629607151291
-0.5465453034791603 -0.16100269441104395 41 nil_vol 0.6 nil_bias 0.54 Left 0.04 0.01 0.001 -0.5476578955760456 -0.1621858305459155 0.0011125920968853246 0.0011831361348715603
-0.3687219296743705 -0.33072095159698883 41 nil_vol 0.6 nil_bias 0.54 Left 0.04 0.01 0.001 -0.36858811090294696 -0.33057864802999554 -0.0001338187714235443 -0.00014230356699327854
-0.3611640256567209 -0.36074959011075997 41 nil_vol 0.6 nil_bias 0.54 Left 0.04 0.01 0.001 -0.3495911437977721 -0.34844292826204365 -0.011572881858948801 -0.01230666184871629
-0.274899290302228 -0.4120367865211309 41 nil_vol 0.6 nil_bias 0.54 Left 0.04 0.01 0.001 -0.27821528330461076 -0.41556303046541504 0.0033159930023827647 0.003526243944284154
-0.12414012625824959 -0.5385710488678527 41 nil_vol 0.6 nil_bias 0.54 Left 0.04 0.01 0.001 -0.13505971873279865 -0.5501829994388463 0.010919592474549059 0.011611950570993634
0.03718424884244185 -0.712156986549965 41 nil_vol 0.6 nil_bias 0.54 Home 0.04 0.01 0.001 0.0 -0.75 0.03718424884244185 0.037843013450035046
0.030496674220432136 -0.7099154544920698 42 nil_vol 0.6 nil_bias 0.54 Home 0.04 0.01 0.001 0.03730157650592201 -0.711712765572197 -0.006804902285489873 0.0017973110801271102
0.07372684927304973 -0.6076425937666842 42 nil_vol 0.6 nil_bias 0.54 Home 0.04 0.01 0.001 0.06537146150571974 -0.605435768395363 0.00835538776732999 -0.0022068253713212055
0.10111832576980934 -0.4611756338389597 42 nil_vol 0.6 nil_bias 0.54 Home 0.04 0.01 0.001 0.10331987557408853 -0.4617571072665973 -0.0022015498042791985 0.0005814734276375912
0.12262225008730182 -0.41031195810569243 42 nil_vol 0.6 nil_bias 0.54 Home 0.04 0.01 0.001 0.11728022686878858 -0.4089010227067517 0.005342023218513231 -0.0014109353989406974
0.18939672734169988 -0.12672124824337835 42 nil_vol 0.6 nil_bias 0.54 Home 0.04 0.01 0.001 0.19165221911692543 -0.1273169688266691 -0.002255491775225561 0.0005957205832907325
0.20997126839317626 -0.08741195556517842 42 nil_vol 0.6 nil_bias 0.54 Home 0.04 0.01 0.001 0.20269922618889374 -0.0854912634698961 0.007272042204282518 -0.001920692095282313
0.2950256494899296 0.21945161955293171 42 nil_vol 0.6 nil_bias 0.54 Home 0.04 0.01 0.001 0.28400925071392985 0.2223612712646723 0.011016398775999739 -0.0029096517117405906
0.29480168741981333 0.2632231331971525 42 nil_vol 0.6 nil_bias 0.54 Right 0.04 0.01 0.001 0.4 0.35 -0.10519831258018669 -0.08677686680284745
0.21066836004040934 -0.04262375580653082 43 nil_vol 0.6 nil_bias 0.54 Right 0.04 0.01 0.001 0.20799506423330943 -0.0418631191669091 0.0026732958070999134 -0.0007606366396217173
0.16447826995301115 -0.17874952537813096 43 nil_vol 0.6 nil_bias 0.54 Right 0.04 0.01 0.001 0.1687044386349745 -0.17995200313468362 -0.0042261686819633415 0.0012024777565526608
0.1594548757588707 -0.20452812023990533 43 nil_vol 0.6 nil_bias 0.54 Right 0.04 0.01 0.001 0.1615427322979925 -0.20512218101601248 -0.002087856539121766 0.0005940607761071665
0.13656785389490686 -0.32268681898333723 43 nil_vol 0.6 nil_bias 0.54 Right 0.04 0.01 0.001 0.12872670424667856 -0.3204557655760192 0.007841149648228305 -0.002231053407318076
0.1145597650783674 -0.3379395741795802 43 nil_vol 0.6 nil_bias 0.54 Right 0.04 0.01 0.001 0.12306356012554187 -0.34035917102013025 -0.008503795047174469 0.0024195968405500293
0.13175136117674316 -0.3913890981105005 43 nil_vol 0.6 nil_bias 0.54 Right 0.04 0.01 0.001 0.11028205735634322 -0.38528040670807673 0.021469303820399945 -0.0061086914024237535
0.10008081333551087 -0.4105035842545506 43 nil_vol 0.6 nil_bias 0.54 Right 0.04 0.01 0.001 0.10287875484728828 -0.41129968651294047 -0.002797941511777417 0.0007961022583898964
-0.003277261789104866 -0.7843903573931025 43 nil_vol 0.6 nil_bias 0.54 Home 0.04 0.01 0.001 0.0 -0.75 -0.003277261789104866 -0.03439035739310246
-0.0020449072075536703 -0.777475692239819 44 nil_vol 0.6 nil_bias 0.54 Home 0.04 0.01 0.001 -0.005883529503674937 -0.7795370766846528 0.0038386222961212667 0.002061384444833688
-0.015711519418008864 -0.7693308024425872 44 nil_vol 0.6 nil_bias 0.54 Home 0.04 0.01 0.001 -0.012337438591376461 -0.7675188821245451 -0.0033740808266324034 -0.0018119203180421227
-0.1526023736072157 -0.5474604234196987 44 nil_vol 0.6 nil_bias 0.54 Home 0.04 0.01 0.001 -0.13545604960246854 -0.5382526496761921 -0.017146324004747176 -0.00920777374350657
-0.22709636514623954 -0.35342115537607793 44 nil_vol 0.6 nil_bias 0.54 Home 0.04 0.01 0.001 -0.23300791329665893 -0.35659572491225583 0.005911548150419402 0.0031745695361779206
-0.34456257454899164 -0.13780988266651187 44 nil_vol 0.6 nil_bias 0.54 Home 0.04 0.01 0.001 -0.3491697967640194 -0.14028401413225855 0.004607222215027758 0.0024741314657466887
-0.37737818511961274 -0.08639651400689718 44 nil_vol 0.6 nil_bias 0.54 Home 0.04 0.01 0.001 -0.3779446483715268 -0.08670071130634116 0.0005664632519140507 0.00030419729944397794
-0.4772327312387925 0.08845808607828835 44 nil_vol 0.6 nil_bias 0.54 Home 0.04 0.01 0.001 -0.47317664305429297 0.0906362522132711 -0.004056088184499529 -0.002178166134982743
-0.49080254921994027 0.12345846379363154 44 nil_vol 0.6 nil_bias 0.54 Left 0.04 0.01 0.001 -0.4 0.35 -0.09080254921994023 -0.22654153620636844
-0.3257889419692927 -0.17861853123662472 45 nil_vol 0.6 nil_bias 0.54 Left 0.04 0.01 0.001 -0.32264171947638315 -0.1768562481222916 -0.0031472224929095303 -0.0017622831143331405
-0.3059964670029494 -0.19639720641853767 45 nil_vol 0.6 nil_bias 0.54 Left 0.04 0.01 0.001 -0.3103384036380439 -0.198828468152581 0.004341936635094467 0.002431261734043342
-0.2986784647473476 -0.19974017286321508 45 nil_vol 0.6 nil_bias 0.54 Left 0.04 0.01 0.001 -0.30716652716175374 -0.20449305229897594 0.00848806241440614 0.004752879435760858
-0.26008518571004935 -0.31423774602518795 45 nil_vol 0.6 nil_bias 0.54 Left 0.04 0.01 0.001 -0.2491452612553447 -0.30811194965011723 -0.010939924454704672 -0.0061257963750707195
-0.22357386419272338 -0.3730560934140649 45 nil_vol 0.6 nil_bias 0.54 Left 0.04 0.01 0.001 -0.21535639813390678 -0.36845473405333207 -0.008217466058816604 -0.004601359360732837
-0.1084654789152941 -0.5668602293453223 45 nil_vol 0.6 nil_bias 0.54 Left 0.04 0.01 0.001 -0.10526346757022309 -0.5650672672849549 -0.0032020113450710068 -0.0017929620603674271
-0.012226367008421097 -0.7273933659855504 45 nil_vol 0.6 nil_bias 0.54 Left 0.04 0.01 0.001 -0.013857691510181125 -0.7283068240044628 0.0016313245017600272 0.0009134580189123794
0.02497463851860612 -0.7976566245698118 45 nil_vol 0.6 nil_bias 0.54 Home 0.04 0.01 0.001 0.0 -0.75 0.02497463851860612 -0.04765662456981182
0.03586283704787805 -0.7931740778007347 46 nil_vol 0.6 nil_bias 0.54 Home 0.04 0.01 0.001 0.026830054752869748 -0.7907481381737461 0.009032782295008304 -0.0024259396269886136
0.019711768975605653 -0.7541656630010477 46 nil_vol 0.6 nil_bias 0.54 Home 0.04 0.01 0.001 0.03551513239806624 -0.7584099815636057 -0.015803363422460585 0.0042443185625580596
0.08832827225327193 -0.5542566083306945 46 nil_vol 0.6 nil_bias 0.54 Home 0.04 0.01 0.001 0.09020906167786581 -0.5547617330471027 -0.001880789424593884 0.0005051247164082373
0.10976928196348025 -0.4844942488030171 46 nil_vol 0.6 nil_bias 0.54 Home 0.04 0.01 0.001 0.10912715757638722 -0.4843217930806019 0.0006421243870930279 -0.0001724557224151853
0.10054799148496413 -0.4802082212699354 46 nil_vol 0.6 nil_bias 0.54 Home 0.04 0.01 0.001 0.10958043068692262 -0.48263406875222287 -0.009032439201958502 0.0024258474822874488
0.14263702584592874 -0.3553936129769276 46 nil_vol 0.6 nil_bias 0.54 Home 0.04 0.01 0.001 0.14367836257220265 -0.3556732853908972 -0.0010413367262739172 0.00027967241396956177
0.2293256224290587 -0.06585389279221876 46 nil_vol 0.6 nil_bias 0.54 Home 0.04 0.01 0.001 0.22204078306889277 -0.06389739922214355 0.007284839360165938 -0.001956493570075208
0.36891065509539384 0.4829602245011284 46 nil_vol 0.6 nil_bias 0.54 Right 0.04 0.01 0.001 0.4 0.35 -0.03108934490460621 0.1329602245011284
0.33133399292475757 0.3586474933990057 47 nil_vol 0.6 nil_bias 0.54 Right 0.04 0.01 0.001 0.33136674185281534 0.35863760362267133 -3.274892805777474e-05 9.889776334353272e-06
0.17089230189056429 -0.15354915693968327 47 nil_vol 0.6 nil_bias 0.54 Right 0.04 0.01 0.001 0.17620783633558146 -0.15515438342728094 -0.005315534445017178 0.0016052264875976703
0.1535699766296168 -0.2738199034145494 47 nil_vol 0.6 nil_bias 0.54 Right 0.04 0.01 0.001 0.14147529280808466 -0.2701674566041178 0.012094683821532129 -0.003652446810431617
0.10751400866494719 -0.3911371104049941 47 nil_vol 0.6 nil_bias 0.54 Right 0.04 0.01 0.001 0.10515872829382061 -0.3904258444962584 0.0023552803711265726 -0.0007112659087357353
0.055686550265052565 -0.5524039656115174 47 nil_vol 0.6 nil_bias 0.54 Right 0.04 0.01 0.001 0.056196782391870925 -0.5525580494827187 -0.0005102321268183628 0.00015408387120130547
0.05216289227003237 -0.5544933949740775 47 nil_vol 0.6 nil_bias 0.54 Right 0.04 0.01 0.001 0.05532404521238787 -0.5554480245577824 -0.0031611529423555074 0.0009546295837050067
0.03228560019021441 -0.5820631097021407 47 nil_vol 0.6 nil_bias 0.54 Right 0.04 0.01 0.001 0.046032906597203826 -0.5862146283510898 -0.013747306406989413 0.004151518648949184
0.006552907069281253 -0.7169483902229113 47 nil_vol 0.6 nil_bias 0.54 Home 0.04 0.01 0.001 0.0 -0.75 0.006552907069281253 0.033051609777088604
0.07892685230363773 -0.5459846276545887 48 nil_vol 0.6 nil_bias 0.54 Home 0.04 0.01 0.001 0.09480203773825226 -0.5546148289696953 -0.01587518543461453 0.008630201315106596
0.12744921666862896 -0.5367442328431878 48 nil_vol 0.6 nil_bias 0.54 Home 0.04 0.01 0.001 0.10974821118838089 -0.5271214639373671 0.017701005480248055 -0.009622768905820669
0.12952246692216723 -0.479684854716967 48 nil_vol 0.6 nil_bias 0.54 Home 0.04 0.01 0.001 0.13416429134572147 -0.4822082822013039 -0.004641824423554242 0.002523427484336938
0.2881478859114104 -0.19405403728950824 48 nil_vol 0.6 nil_bias 0.54 Home 0.04 0.01 0.001 0.29020513398913317 -0.1951724157260304 -0.0020572480777227595 0.0011183784365221545
0.4635533039900652 0.12070830751752279 48 nil_vol 0.6 nil_bias 0.54 Home 0.04 0.01 0.001 0.4622978777402852 0.12139079285393006 0.0012554262497800068 -0.0006824853364072744
0.45890758072798793 0.16073991052222603 48 nil_vol 0.6 nil_bias 0.54 Home 0.04 0.01 0.001 0.47803609133525027 0.15034110931900502 -0.019128510607262356 0.010398801203221002
0.4839634135830717 0.17373880499531452 48 nil_vol 0.6 nil_bias 0.54 Home 0.04 0.01 0.001 0.48920630228651363 0.1708886219111696 -0.005242888703441928 0.002850183084144914
0.6380838352824668 0.44474763829606223 48 nil_vol 0.6 nil_bias 0.54 Right 0.04 0.01 0.001 0.4 0.35 0.23808383528246677 0.09474763829606227
0.5260854581269412 0.27060098103656355 49 nil_vol 0.6 nil_bias 0.54 Right 0.04 0.01 0.001 0.5379188547507521 0.26404174855046814 -0.011833396623810893 0.00655923248609542
0.51970309869983 0.23470345720373312 49 nil_vol 0.6 nil_bias 0.54 Right 0.04 0.01 0.001 0.5211975288913847 0.2338750969811979 -0.0014944301915546998 0.0008283602225352094
0.5016155068567248 0.21704852940747227 49 nil_vol 0.6 nil_bias 0.54 Right 0.04 0.01 0.001 0.5094603024361299 0.21270017198761926 -0.007844795579405116 0.00434835741985302
0.26145842617311066 -0.2312601673662842 49 nil_vol 0.6 nil_bias 0.54 Right 0.04 0.01 0.001 0.2629236299958921 -0.23207232746018325 -0.0014652038227814302 0.0008121600938990667
0.18796671335295426 -0.35079110753883014 49 nil_vol 0.6 nil_bias 0.54 Right 0.04 0.01 0.001 0.1949671442575951 -0.35467143499392384 -0.007000430904640823 0.0038803274550936943
0.18171313101512826 -0.4018749993647837 49 nil_vol 0.6 nil_bias 0.54 Right 0.04 0.01 0.001 0.17183676583168128 -0.396400546220413 0.009876365183446981 -0.005474453144370703
0.04132507727376536 -0.6537659767389332 49 nil_vol 0.6 nil_bias 0.54 Right 0.04 0.01 0.001 0.03203413718356518 -0.6486160237707903 0.009290940090200178 -0.00514995296814292
-0.01772952528468977 -0.7383937769894229 49 nil_vol 0.6 nil_bias 0.54 Home 0.04 0.01 0.001 0.0 -0.75 -0.01772952528468977 0.011606223010577114
-0.06653680280952802 -0.5581838272849492 50 nil_vol 0.6 nil_bias 0.54 Home 0.04 0.01 0.001 -0.04745137713099399 -0.5550892276340625 -0.01908542567853403 -0.0030945996508866818
-0.06374852000748503 -0.4849959892846915 50 nil_vol 0.6 nil_bias 0.54 Home 0.04 0.01 0.001 -0.058942963028985995 -0.4842167939343512 -0.00480555697849903 -0.0007791953503403039
-0.08987049338787657 -0.29954499211300467 50 nil_vol 0.6 nil_bias 0.54 Home 0.04 0.01 0.001 -0.0889117146893769 -0.2993895312773057 -0.0009587786984996668 -0.00015546083569892673
-0.12630232141212988 -0.02987100238680509 50 nil_vol 0.6 nil_bias 0.54 Home 0.04 0.01 0.001 -0.1324510465612174 -0.030867985268940412 0.0061487251490875165 0.0009969828821353244
-0.14044687049155744 0.062023916689738924 50 nil_vol 0.6 nil_bias 0.54 Home 0.04 0.01 0.001 -0.14733195639765517 0.06090753685099637 0.006885085906097749 0.0011163798387425585
-0.18319940242012692 0.3037524998353808 50 nil_vol 0.6 nil_bias 0.54 Home 0.04 0.01 0.001 -0.18661808746026617 0.30319817834892815 0.003418685040139264 0.0005543214864526463
-0.20667838366098 0.3671423082235174 50 nil_vol 0.6 nil_bias 0.54 Home 0.04 0.01 0.001 -0.19723457214891074 0.3686735717279599 -0.009443811512069238 -0.0015312635044425098
-0.22561011956639176 0.5436750137299591 50 nil_vol 0.6 nil_bias 0.54 Left 0.04 0.01 0.001 -0.4 0.35 0.17438988043360826 0.1936750137299591
-0.20346055656501078 0.3447837272059728 51 nil_vol 0.6 nil_bias 0.54 Left 0.04 0.01 0.001 -0.19428672110838682 0.34623916554729234 -0.009173835456623964 -0.0014554383413195868
-0.17563114313851091 0.3434010516282379 51 nil_vol 0.6 nil_bias 0.54 Left 0.04 0.01 0.001 -0.1933894717247413 0.34058367470619066 0.017758328586230374 0.00281737692204727
-0.1602133165894085 0.18627557156998756 51 nil_vol 0.6 nil_bias 0.54 Left 0.04 0.01 0.001 -0.16869485246189037 0.18492996726299354 0.00848153587248187 0.0013456043069940123
-0.13086212328469818 -0.040455748293142565 51 nil_vol 0.6 nil_bias 0.54 Left 0.04 0.01 0.001 -0.13288623195991056 -0.04077687519658779 0.0020241086752123836 0.00032112690344522854
-0.10629982399387167 -0.16386595714359473 51 nil_vol 0.6 nil_bias 0.54 Left 0.04 0.01 0.001 -0.11318472962983891 -0.16495825443694967 0.006884905635967255 0.001092297293354953
-0.030396514062267635 -0.5354583921995991 51 nil_vol 0.6 nil_bias 0.54 Left 0.04 0.01 0.001 -0.053815057171858915 -0.5391737679222948 0.02341854310959128 0.003715375722695599
-0.026386195617869805 -0.6574389959198165 51 nil_vol 0.6 nil_bias 0.54 Left 0.04 0.01 0.001 -0.03483939012582041 -0.6587801038404539 0.008453194507950604 0.0013411079206374927
-0.020697577800610403 -0.7479179639935044 51 nil_vol 0.6 nil_bias 0.54 Home 0.04 0.01 0.001 0.0 -0.75 -0.020697577800610403 0.0020820360064955456
0.06400128867504777 -0.4395553353373496 52 nil_vol 0.6 nil_bias 0.54 Home 0.04 0.01 0.001 0.05718117963419253 -0.43784239285779125 0.006820109040855243 -0.001712942479558324
0.0525675935804403 -0.40583202054457806 52 nil_vol 0.6 nil_bias 0.54 Home 0.04 0.01 0.001 0.06447009386873682 -0.40882145931082714 -0.01190250028829652 0.002989438766249053
0.13163595025191016 -0.1877090101143738 52 nil_vol 0.6 nil_bias 0.54 Home 0.04 0.01 0.001 0.12069499606704315 -0.184961073816304 0.010940954184867006 -0.0027479362980697974
0.14835115444669952 -0.09905537306339572 52 nil_vol 0.6 nil_bias 0.54 Home 0.04 0.01 0.001 0.1426319007605243 -0.0976189220430772 0.0057192536861752335 -0.0014364510203185219
0.14391390883224087 -0.09234977417860095 52 nil_vol 0.6 nil_bias 0.54 Home 0.04 0.01 0.001 0.1439528466825895 -0.09235955383131988 -3.8937850348646895e-05 9.779652718942186e-06
0.22911461217109513 0.24301700759963948 52 nil_vol 0.6 nil_bias 0.54 Home 0.04 0.01 0.001 0.22824130492794018 0.24323634794530624 0.0008733072431549461 -0.0002193403456667444
0.2510787904770569 0.3034861243715784 52 nil_vol 0.6 nil_bias 0.54 Home 0.04 0.01 0.001 0.2438308829997675 0.30530651295061506 0.007247907477289412 -0.0018203885790366438
0.2459070968210646 0.3135729928951303 52 nil_vol 0.6 nil_bias 0.54 Right 0.04 0.01 0.001 0.4 0.35 -0.15409290317893543 -0.03642700710486967
0.18628978588977077 -0.12963237427707394 53 nil_vol 0.6 nil_bias 0.54 Right 0.04 0.01 0.001 0.16687936545247545 -0.12614385318504773 0.01941042043729533 -0.00348852109202622
0.1423629227328749 -0.2548123985113019 53 nil_vol 0.6 nil_bias 0.54 Right 0.04 0.01 0.001 0.14371097874325084 -0.25505467671648663 -0.0013480560103759454 0.0002422782051847448
0.13351648252326553 -0.28633762040862704 53 nil_vol 0.6 nil_bias 0.54 Right 0.04 0.01 0.001 0.13794561428818275 -0.28713364229961036 -0.00442913176491721 0.0007960218909833145
0.11992785424366685 -0.4094590961168475 53 nil_vol 0.6 nil_bias 0.54 Right 0.04 0.01 0.001 0.11608490759815362 -0.4087684258414811 0.0038429466455132295 -0.0006906702753663972
0.1019815314843946 -0.43842778755142564 53 nil_vol 0.6 nil_bias 0.54 Right 0.04 0.01 0.001 0.1104799005349314 -0.43995514960813087 -0.008498369050536808 0.0015273620567052232
0.06323344718077602 -0.6578848390748349 53 nil_vol 0.6 nil_bias 0.54 Right 0.04 0.01 0.001 0.07105987521037982 -0.6592914371103951 -0.007826428029603805 0.0014065980355602475
0.05605526472008807 -0.7220459099919152 53 nil_vol 0.6 nil_bias 0.54 Right 0.04 0.01 0.001 0.05966479116254958 -0.7226946290223675 -0.0036095264424615085 0.0006487190304522796
0.05121208572747762 -0.7697261825085647 53 nil_vol 0.6 nil_bias 0.54 Home 0.04 0.01 0.001 0.0 -0.75 0.05121208572747762 -0.019726182508564775
0.03266063308739415 -0.7498548655766833 54 nil_vol 0.6 nil_bias 0.54 Home 0.04 0.01 0.001 0.041125506909123984 -0.7462222181003881 -0.008464873821729835 -0.0036326474762952694
0.013033857625799826 -0.7140875966217861 54 nil_vol 0.6 nil_bias 0.54 Home 0.04 0.01 0.001 0.025110963575922855 -0.7089047823974272 -0.012077105950123028 -0.0051828142243589385
-0.022612007328424104 -0.6164289261174177 54 nil_vol 0.6 nil_bias 0.54 Home 0.04 0.01 0.001 -0.0158244886518022 -0.6135161050748119 -0.006787518676621903 -0.0029128210426057908
-0.045160712489206306 -0.5710703706669386 54 nil_vol 0.6 nil_bias 0.54 Home 0.04 0.01 0.001 -0.03576936116947701 -0.567040131186813 -0.0093913513197293 -0.004030239480125557
-0.055892344186755503 -0.5292076440729997 54 nil_vol 0.6 nil_bias 0.54 Home 0.04 0.01 0.001 -0.05260951554093613 -0.5277988387621949 -0.0032828286458193717 -0.001408805310804805
-0.2227170768244414 -0.16116519789946157 54 nil_vol 0.6 nil_bias 0.54 Home 0.04 0.01 0.001 -0.21193391535097592 -0.15653767182665546 -0.010783161473465471 -0.004627526072806112
-0.21371518003915935 -0.136712723663789 54 nil_vol 0.6 nil_bias 0.54 Home 0.04 0.01 0.001 -0.2193955465162665 -0.13915041728829702 0.00568036647710715 0.002437693624508006
-0.42559477440084637 0.3413394891975286 54 nil_vol 0.6 nil_bias 0.54 Left 0.04 0.01 0.001 -0.4 0.35 -0.025594774400846367 -0.008660510802471382
-0.4041071970468729 0.2792741728429631 55 nil_vol 0.6 nil_bias 0.54 Left 0.04 0.01 0.001 -0.4030254040689443 0.27967008042220176 -0.0010817929779286027 -0.00039590757923870456
-0.3323796518817338 0.15942762205788955 55 nil_vol 0.6 nil_bias 0.54 Left 0.04 0.01 0.001 -0.35587320227003416 0.15082960482933955 0.023493550388300387 0.008598017228549998
-0.27015963691509615 -0.09541767296755421 55 nil_vol 0.6 nil_bias 0.54 Left 0.04 0.01 0.001 -0.26627369078523777 -0.09399551960114017 -0.003885946129858355 -0.0014221533664140421
-0.2473754745251578 -0.168782213921124 55 nil_vol 0.6 nil_bias 0.54 Left 0.04 0.01 0.001 -0.23990439274517722 -0.1660479958570817 -0.007471081779980569 -0.0027342180640423
-0.08833025289409062 -0.5875225387253877 55 nil_vol 0.6 nil_bias 0.54 Left 0.04 0.01 0.001 -0.08597176099297266 -0.58665939315292 -0.002358491901117966 -0.0008631455724676837
-0.05243763178394636 -0.6906112201328802 55 nil_vol 0.6 nil_bias 0.54 Left 0.04 0.01 0.001 -0.048460790130282816 -0.6891558014120707 -0.003976841653663544 -0.0014554187208095314
-0.026813577335525886 -0.7461235566407678 55 nil_vol 0.6 nil_bias 0.54 Left 0.04 0.01 0.001 -0.027517781724315682 -0.7463812767966047 0.0007042043887897938 0.00025772015583691403
-0.027488356658852697 -0.7464616789683794 55 nil_vol 0.6 nil_bias 0.54 Home 0.04 0.01 0.001 0.0 -0.75 -0.027488356658852697 0.0035383210316205943
0.09484543590345126 -0.549312372271871 56 nil_vol 0.6 nil_bias 0.54 Home 0.04 0.01 0.001 0.0852396161618564 -0.5439649063697961 0.009605819741594867 -0.00534746590207489
0.1135375916985161 -0.5008363555253338 56 nil_vol 0.6 nil_bias 0.54 Home 0.04 0.01 0.001 0.1102635097118093 -0.49901370610493095 0.0032740819867067977 -0.0018226494204028577
0.18689727248682725 -0.3577153922927593 56 nil_vol 0.6 nil_bias 0.54 Home 0.04 0.01 0.001 0.18844366564179704 -0.3585762542378982 -0.0015463931549697897 0.0008608619451388955
0.4234995098687817 0.0962081505187062 56 nil_vol 0.6 nil_bias 0.54 Home 0.04 0.01 0.001 0.4373311997871566 0.08850818401961569 -0.013831689918374884 0.007699966499090506
0.49247958314834295 0.20338550058749688 56 nil_vol 0.6 nil_bias 0.54 Home 0.04 0.01 0.001 0.49919969029338745 0.19964448266470491 -0.0067201071450445175 0.0037410179227919766
0.5176280582982195 0.22352450907379506 56 nil_vol 0.6 nil_bias 0.54 Home 0.04 0.01 0.001 0.5137082360404567 0.2257066357875429 0.003919822257762757 -0.0021821267137478416
0.542630371675781 0.2934925799395541 56 nil_vol 0.6 nil_bias 0.54 Home 0.04 0.01 0.001 0.5493588315482203 0.28974691213511383 -0.006728459872439309 0.0037456678044402404
0.590303499932868 0.3632970966682581 56 nil_vol 0.6 nil_bias 0.54 Right 0.04 0.01 0.001 0.4 0.35 0.19030349993286805 0.013297096668258146
0.4761190408010398 0.061442118671637944 57 nil_vol 0.6 nil_bias 0.54 Right 0.04 0.01 0.001 0.45505432846934557 0.07119552348536434 0.02106471233169423 -0.009753404813726397
0.4585750975268177 0.06633764537731669 57 nil_vol 0.6 nil_bias 0.54 Right 0.04 0.01 0.001 0.4538236782689412 0.06853765241904958 0.0047514192578764864 -0.0022000070417328844
0.4242391553979945 -0.01733099171392764 57 nil_vol 0.6 nil_bias 0.54 Right 0.04 0.01 0.001 0.4158608930500566 -0.013451680046704495 0.008378262347937954 -0.0038793116672231442
0.24223732584448804 -0.41088926057089875 57 nil_vol 0.6 nil_bias 0.54 Right 0.04 0.01 0.001 0.23367466969679385 -0.40692457069647087 0.008562656147694196 -0.003964689874427893
0.21195666654354717 -0.4486687831538869 57 nil_vol 0.6 nil_bias 0.54 Right 0.04 0.01 0.001 0.2139243687475706 -0.449579870656365 -0.001967702204023434 0.0009110875024780654
0.09841071693174795 -0.6768157768026225 57 nil_vol 0.6 nil_bias 0.54 Right 0.04 0.01 0.001 0.10689123907907988 -0.680742436907553 -0.008480522147331925 0.003926660104930465
0.08199110290507168 -0.7239389095427609 57 nil_vol 0.6 nil_bias 0.54 Right 0.04 0.01 0.001 0.0860254469362931 -0.7258068956740094 -0.004034344031221423 0.001867986131248467
0.06751487893195296 -0.7657847082999075 57 nil_vol 0.6 nil_bias 0.54 Home 0.04 0.01 0.001 0.0 -0.75 0.06751487893195296 -0.015784708299907507
0.020432153127265536 -0.5763342661500593 58 nil_vol 0.6 nil_bias 0.54 Home 0.04 0.01 0.001 0.03740630144850372 -0.5736739905243001 -0.016974148321238187 -0.0026602756257592345
-0.04621272457244844 -0.0879635334667317 58 nil_vol 0.6 nil_bias 0.54 Home 0.04 0.01 0.001 -0.038896441893245357 -0.08681688810259902 -0.00731628267920308 -0.0011466453641326886
-0.06078103976353662 0.11968001173985425 58 nil_vol 0.6 nil_bias 0.54 Home 0.04 0.01 0.001 -0.0710084813875762 0.1180771146076155 0.010227441624039584 0.0016028971322387538
-0.0692317868484771 0.12890503847760443 58 nil_vol 0.6 nil_bias 0.54 Home 0.04 0.01 0.001 -0.07262221098135188 0.1283736738099358 0.0033904241328747893 0.0005313646676686257
-0.06503207318402691 0.13780671581067314 58 nil_vol 0.6 nil_bias 0.54 Home 0.04 0.01 0.001 -0.07388319762269147 0.13641952217013686 0.008851124438664553 0.0013871936405362806
-0.0879058145818816 0.25749937727064204 58 nil_vol 0.6 nil_bias 0.54 Home 0.04 0.01 0.001 -0.09274069576217212 0.2567416298824402 0.004834881180290513 0.0007577473882018404
-0.1007822587003754 0.2834064453281288 58 nil_vol 0.6 nil_bias 0.54 Home 0.04 0.01 0.001 -0.0970123420497696 0.2839972860104977 -0.0037699166506057883 -0.0005908406823688519
-0.10983261176999415 0.3657982684509032 58 nil_vol 0.6 nil_bias 0.54 Left 0.04 0.01 0.001 -0.4 0.35 0.2901673882300059 0.015798268450903204
-0.12009598381329148 0.35769744401811837 59 nil_vol 0.6 nil_bias 0.54 Left 0.04 0.01 0.001 -0.10923177796354981 0.3586048867838152 -0.010864205849741668 -0.0009074427656968144
-0.10344061088957886 0.12528315770076 59 nil_vol 0.6 nil_bias 0.54 Left 0.04 0.01 0.001 -0.08983826422478246 0.12641930619133404 -0.013602346664796395 -0.0011361484905740423
-0.08072004278251269 0.07466933624965226 59 nil_vol 0.6 nil_bias 0.54 Left 0.04 0.01 0.001 -0.085482574307628 0.07427154143255832 0.004762531525115313 0.0003977948170939406
-0.08274208720138057 0.0008034459876884272 59 nil_vol 0.6 nil_bias 0.54 Left 0.04 0.01 0.001 -0.07936961253608327 0.0010851350296530171 -0.003372474665297304 -0.0002816890419645899
-0.06733211774874477 -0.25089961007859596 59 nil_vol 0.6 nil_bias 0.54 Left 0.04 0.01 0.001 -0.05838477723533163 -0.2501522752495789 -0.008947340513413138 -0.0007473348290170544
-0.05468593398718059 -0.40461374100711467 59 nil_vol 0.6 nil_bias 0.54 Left 0.04 0.01 0.001 -0.04554700002438104 -0.40385040315937676 -0.00913893396279955 -0.0007633378477379058
-0.03538530838660756 -0.4894710672052515 59 nil_vol 0.6 nil_bias 0.54 Left 0.04 0.01 0.001 -0.03837460043795575 -0.48972075056766823 0.0029892920513481845 0.00024968336241672017
-0.020940129881523918 -0.6984520162369567 59 nil_vol 0.6 nil_bias 0.54 Home 0.04 0.01 0.001 0.0 -0.75 -0.020940129881523918 0.05154798376304324
-0.013623050488814922 -0.5360455976636033 60 nil_vol 0.6 nil_bias 0.54 Home 0.04 0.01 0.001 -0.015762630175332734 -0.5359774167095923 0.0021395796865178117 -6.818095401092445e-05
-0.00976577894220454 -0.49301094410918106 60 nil_vol 0.6 nil_bias 0.54 Home 0.04 0.01 0.001 -0.014388743809474181 -0.4928636263172822 0.004622964867269641 -0.0001473177918988468
-0.005041352398540959 -0.39395504820783517 60 nil_vol 0.6 nil_bias 0.54 Home 0.04 0.01 0.001 -0.011230586839149381 -0.39375781885881067 0.006189234440608422 -0.00019722934902450037
-0.02051799375219513 -0.2699155742933674 60 nil_vol 0.6 nil_bias 0.54 Home 0.04 0.01 0.001 -0.007297590745337555 -0.2703368625001569 -0.013220403006857574 0.00042128820678955333
-0.0068666212400257795 -0.1276563004946182 60 nil_vol 0.6 nil_bias 0.54 Home 0.04 0.01 0.001 -0.0027550333013098213 -0.1277873224845576 -0.004111587938715958 0.00013102198993939206
0.018903769196139536 0.25610312343190406 60 nil_vol 0.6 nil_bias 0.54 Home 0.04 0.01 0.001 0.009487780100179664 0.2564031782153573 0.009415989095959872 -0.000300054783453218
0.005272418856499936 0.45543628374155204 60 nil_vol 0.6 nil_bias 0.54 Home 0.04 0.01 0.001 0.015819561726491585 0.4551001830263055 -0.010547142869991649 0.0003361007152465147
0.023750884506335723 0.7039922285123734 60 nil_vol 0.6 nil_bias 0.54 Left 0.04 0.01 0.001 -0.4 0.35 0.42375088450633575 0.3539922285123735
0.015916294468632304 0.6547123431183705 61 nil_vol 0.6 nil_bias 0.54 Left 0.04 0.01 0.001 0.02416365590134291 0.6547815206415356 -0.008247361432710603 -6.917752316515191e-05
0.007219242170693866 0.5884119784209391 61 nil_vol 0.6 nil_bias 0.54 Left 0.04 0.01 0.001 0.024719121583368392 0.5885587645565213 -0.017499879412674526 -0.00014678613558224743
0.00923621376237226 0.5119620094881394 61 nil_vol 0.6 nil_bias 0.54 Left 0.04 0.01 0.001 0.025360468242667026 0.5120972571060511 -0.016124254480294767 -0.00013524761791175593
0.034484687535215705 0.33134893005372773 61 nil_vol 0.6 nil_bias 0.54 Left 0.04 0.01 0.001 0.026877090981958094 0.3312851187740733 0.00760759655325761 6.381127965446048e-05
0.019223003376900367 0.3026665160958942 61 nil_vol 0.6 nil_bias 0.54 Left 0.04 0.01 0.001 0.027116583796415843 0.3027327261615961 -0.007893580419515473 -6.621006570189224e-05
0.033250595977767146 -0.02207818456113316 61 nil_vol 0.6 nil_bias 0.54 Left 0.04 0.01 0.001 0.02984128462786871 -0.022106781308930512 0.003409311349898436 2.859674779734977e-05
0.016849713289692432 -0.308929051992115 61 nil_vol 0.6 nil_bias 0.54 Left 0.04 0.01 0.001 0.03224601985533287 -0.3087999102826371 -0.015396306565640437 -0.00012914170947790266
0.03569026389043215 -0.7194235365738834 61 nil_vol 0.6 nil_bias 0.54 Home 0.04 0.01 0.001 0.0 -0.75 0.03569026389043215 0.03057646342611668
0.1808278534036903 -0.3129327492787145 62 nil_vol 0.6 nil_bias 0.54 Home 0.04 0.01 0.001 0.1860432695928587 -0.3148710726606697 -0.005215416189168397 0.0019383233819551863
0.19433938063726863 -0.3011058536652225 62 nil_vol 0.6 nil_bias 0.54 Home 0.04 0.01 0.001 0.19154511060160553 -0.3000673557296462 0.0027942700356631115 -0.001038497935576294
0.24311993059677695 -0.1869191361597269 62 nil_vol 0.6 nil_bias 0.54 Home 0.04 0.01 0.001 0.2347526814097736 -0.18380942561054825 0.008367249187003342 -0.0031097105491786547
0.2319000012195488 -0.17807793109686218 62 nil_vol 0.6 nil_bias 0.54 Home 0.04 0.01 0.001 0.23627808126154673 -0.17970505625920308 -0.004378080041997936 0.001627125162340892
0.2877057909067063 -0.06762021585481878 62 nil_vol 0.6 nil_bias 0.54 Home 0.04 0.01 0.001 0.27912055405829606 -0.06442948960799355 0.008585236848410241 -0.0031907262468252305
0.29550314491906604 -0.009397848847809625 62 nil_vol 0.6 nil_bias 0.54 Home 0.04 0.01 0.001 0.29907925750394015 -0.010726920658830519 -0.0035761125848741302 0.0013290718110208935
0.4328566773040774 0.33200881245784547 62 nil_vol 0.6 nil_bias 0.54 Home 0.04 0.01 0.001 0.42723447982498747 0.3340983171946529 0.005622197479089917 -0.0020895047368074244
0.4426490990250921 0.37557419024788846 62 nil_vol 0.6 nil_bias 0.54 Right 0.04 0.01 0.001 0.4 0.35 0.04264909902509206 0.025574190247888463
0.4062579543780672 0.26177113088072795 63 nil_vol 0.6 nil_bias 0.54 Right 0.04 0.01 0.001 0.3976301305288206 0.2652931855737207 0.008627823849246617 -0.003522054692992795
0.3070841495883602 -0.002396879375675367 63 nil_vol 0.6 nil_bias 0.54 Right 0.04 0.01 0.001 0.2910290416453595 0.004157145053333977 0.01605510794300077 -0.006554024429009344
0.2688960333967392 -0.035671286229084276 63 nil_vol 0.6 nil_bias 0.54 Right 0.04 0.01 0.001 0.27393118172433406 -0.03772673707126495 -0.00503514832759491 0.0020554508421806754
0.2687467113073921 -0.06786459733715566 63 nil_vol 0.6 nil_bias 0.54 Right 0.04 0.01 0.001 0.26264508777555606 -0.06537378943812155 0.006101623531836008 -0.0024908078990341018
0.23978560436220092 -0.06306102159503599 63 nil_vol 0.6 nil_bias 0.54 Right 0.04 0.01 0.001 0.26018908899328064 -0.07139014259402066 -0.020403484631079716 0.008329120998984661
0.17134475554869916 -0.31942371417173904 63 nil_vol 0.6 nil_bias 0.54 Right 0.04 0.01 0.001 0.16070906981853428 -0.31508200906815204 0.010635685730164874 -0.004341705103587002
0.07673348284632786 -0.47484411246873004 63 nil_vol 0.6 nil_bias 0.54 Right 0.04 0.01 0.001 0.09281158299096298 -0.48140752278612603 -0.016078100144635125 0.006563410317395971
-0.005002057605302348 -0.7210173342967451 63 nil_vol 0.6 nil_bias 0.54 Home 0.04 0.01 0.001 0.0 -0.75 -0.005002057605302348 0.028982665703254945
