x y trial vol omega bias theta state target_sigma moving_sigma staying_sigma x_mean y_mean x_noise y_noise
-0.06461050305848291 -0.617904124606735 0 nil_vol 0.6 nil_bias 0.76 Home 0.04 0.01 0.001 -0.07539908620183479 -0.6243795790283101 0.01078858314335188 0.006475454421575061
-0.09004620403552739 -0.5898618626773631 0 nil_vol 0.6 nil_bias 0.76 Home 0.04 0.01 0.001 -0.09450924892112998 -0.5925406429540829 0.004463044885602591 0.00267878027671985
-0.1654517540432369 -0.47283369710262957 0 nil_vol 0.6 nil_bias 0.76 Home 0.04 0.01 0.001 -0.16611871128276923 -0.47323401391423914 0.0006669572395323387 0.0004003168116095517
-0.3976501616403414 -0.08610460641414795 0 nil_vol 0.6 nil_bias 0.76 Home 0.04 0.01 0.001 -0.3982595235068601 -0.08647035369907474 0.0006093618665187218 0.00036574728492679053
-0.3959117822979855 -0.08295100069221241 0 nil_vol 0.6 nil_bias 0.76 Home 0.04 0.01 0.001 -0.3991906529990291 -0.08491902350825098 0.003278870701043595 0.0019680228160385746
-0.45816634633547426 0.028373538831798228 0 nil_vol 0.6 nil_bias 0.76 Home 0.04 0.01 0.001 -0.46480042246014064 0.02439167606041026 0.006634076124666404 0.003981862771387966
-0.5486085197159108 0.17352736932126542 0 nil_vol 0.6 nil_bias 0.76 Home 0.04 0.01 0.001 -0.5528027109634353 0.17100995865687718 0.00419419124752436 0.002517410664388223
-0.5763696838722011 0.21027426817254782 0 nil_vol 0.6 nil_bias 0.76 Left 0.04 0.01 0.001 -0.4 0.35 -0.17636968387220112 -0.13972573182745215
-0.5732294216696616 0.1955616609268942 1 nil_vol 0.6 nil_bias 0.76 Left 0.04 0.01 0.001 -0.568994933219624 0.1981339383655358 -0.004234488450037647 -0.002572277438641617
-0.44981935020549096 0.006780920609162671 1 nil_vol 0.6 nil_bias 0.76 Left 0.04 0.01 0.001 -0.4519643374770863 0.005477929130971476 0.0021449872715953253 0.0013029914781911946
-0.44004842493444063 -0.037020777634488015 1 nil_vol 0.6 nil_bias 0.76 Left 0.04 0.01 0.001 -0.4298948535932102 -0.030852900973387942 -0.010153571341230384 -0.006167876661100072
-0.4306484491261118 -0.038672332122122406 1 nil_vol 0.6 nil_bias 0.76 Left 0.04 0.01 0.001 -0.42662832274851203 -0.03623027081918134 -0.004020126377599724 -0.0024420613029410634
-0.3358276932569146 -0.19276965336503127 1 nil_vol 0.6 nil_bias 0.76 Left 0.04 0.01 0.001 -0.3326935935021967 -0.19086581676596312 -0.0031340997547178963 -0.0019038365990681583
-0.07396368846402106 -0.6226166648273479 1 nil_vol 0.6 nil_bias 0.76 Left 0.04 0.01 0.001 -0.07137716704451513 -0.6210454595281815 -0.0025865214195059205 -0.0015712052991664713
-0.05474792579580397 -0.641562529677897 1 nil_vol 0.6 nil_bias 0.76 Left 0.04 0.01 0.001 -0.05779098396824178 -0.6434110622630705 0.003043058172437813 0.0018485325851735849
0.00504327568287822 -0.7468489507125537 1 nil_vol 0.6 nil_bias 0.76 Home 0.04 0.01 0.001 0.0 -0.75 0.00504327568287822 0.0031510492874462217
-0.07508096553325569 -0.6047319963621487 2 nil_vol 0.6 nil_bias 0.76 Home 0.04 0.01 0.001 -0.07658551146479094 -0.6056014934987469 0.001504545931535248 0.0008694971365982041
-0.0945356753376375 -0.5948752987686277 2 nil_vol 0.6 nil_bias 0.76 Home 0.04 0.01 0.001 -0.08572645817413761 -0.589784334818116 -0.008809217163499894 -0.005090963950511647
-0.13558725262947582 -0.5026576249270964 2 nil_vol 0.6 nil_bias 0.76 Home 0.04 0.01 0.001 -0.13595524198882017 -0.5028702908800209 0.0003679893593443421 0.00021266595292442688
-0.23681753535596453 -0.3416693668519426 2 nil_vol 0.6 nil_bias 0.76 Home 0.04 0.01 0.001 -0.23104375317299652 -0.33833262121313734 -0.005773782182968017 -0.003336745638805249
-0.2477048512497746 -0.3170283612716587 2 nil_vol 0.6 nil_bias 0.76 Home 0.04 0.01 0.001 -0.24444462992678992 -0.3151442359381642 -0.003260221322984681 -0.0018841253334944644
-0.34856520797150575 -0.1597805119772235 2 nil_vol 0.6 nil_bias 0.76 Home 0.04 0.01 0.001 -0.33782009081355685 -0.15357076563088545 -0.010745117157948908 -0.006209746346338066
-0.3938090029435209 -0.06477591734771566 2 nil_vol 0.6 nil_bias 0.76 Home 0.04 0.01 0.001 -0.3903058221671158 -0.0627513825095124 -0.0035031807764050885 -0.002024534838203268
-0.517235786880002 0.15688356964897177 2 nil_vol 0.6 nil_bias 0.76 Left 0.04 0.01 0.001 -0.4 0.35 -0.11723578688000202 -0.1931164303510282
-0.32834002924988404 -0.1623467256917429 3 nil_vol 0.6 nil_bias 0.76 Left 0.04 0.01 0.001 -0.31727196826460513 -0.15525627643625056 -0.011068060985278901 -0.007090449255492351
-0.2988625177496241 -0.1802648044954259 3 nil_vol 0.6 nil_bias 0.76 Left 0.04 0.01 0.001 -0.30055595835843807 -0.18134966070646014 0.0016934406088139663 0.0010848562110342343
-0.27784079018714863 -0.2023935140867808 3 nil_vol 0.6 nil_bias 0.76 Left 0.04 0.01 0.001 -0.28438788297898543 -0.20658772924996627 0.006547092791836769 0.004194215163185477
-0.20002399427797107 -0.3339526803559373 3 nil_vol 0.6 nil_bias 0.76 Left 0.04 0.01 0.001 -0.20198871113001027 -0.3352113222408459 0.001964716852039194 0.0012586418849085824
-0.1635049702307052 -0.4154229724148123 3 nil_vol 0.6 nil_bias 0.76 Left 0.04 0.01 0.001 -0.1543574412314726 -0.409562859223489 -0.009147528999232591 -0.0058601131913232785
-0.15196778889141918 -0.41803782000413736 3 nil_vol 0.6 nil_bias 0.76 Left 0.04 0.01 0.001 -0.14981265242784492 -0.41665719102549703 -0.002155136463574262 -0.0013806289786403346
0.016763439434069608 -0.6687910329411453 3 nil_vol 0.6 nil_bias 0.76 Left 0.04 0.01 0.001 0.013180426446964488 -0.671086391794031 0.0035830129871051186 0.002295358852885715
0.032578115769806404 -0.7013658283519334 3 nil_vol 0.6 nil_bias 0.76 Home 0.04 0.01 0.001 0.0 -0.75 0.032578115769806404 0.04863417164806665
0.13683156504762978 -0.4173237238703532 4 nil_vol 0.6 nil_bias 0.76 Home 0.04 0.01 0.001 0.15383512042364894 -0.4247781417390992 -0.017003555376019167 0.0074544178687459845
0.2626247024402563 -0.17948690636677708 4 nil_vol 0.6 nil_bias 0.76 Home 0.04 0.01 0.001 0.2615736597932272 -0.17902612561148412 0.0010510426470291155 -0.00046078075529296797
0.2608749190663222 -0.15394148446876352 4 nil_vol 0.6 nil_bias 0.76 Home 0.04 0.01 0.001 0.2706853184554253 -0.15824239771240223 -0.009810399389103126 0.004300913243638711
0.2874679281633478 -0.14900567653791863 4 nil_vol 0.6 nil_bias 0.76 Home 0.04 0.01 0.001 0.2767874848715278 -0.14432333301857692 0.010680443291820016 -0.004682343519341714
0.3975103309757104 0.12642074412738985 4 nil_vol 0.6 nil_bias 0.76 Home 0.04 0.01 0.001 0.39580952218176946 0.12716638462342134 0.0017008087939409855 -0.0007456404960314989
0.47346787742659735 0.32062328733597034 4 nil_vol 0.6 nil_bias 0.76 Home 0.04 0.01 0.001 0.47946841314553496 0.3179926315880329 -0.006000535718937611 0.002630655747937421
0.5690188052758581 0.5056871286708652 4 nil_vol 0.6 nil_bias 0.76 Home 0.04 0.01 0.001 0.5629254603958053 0.5083584722781179 0.006093344880052834 -0.0026713436072527954
0.583498268962758 0.5552851264941459 4 nil_vol 0.6 nil_bias 0.76 Right 0.04 0.01 0.001 0.4 0.35 0.183498268962758 0.20528512649414582
0.5052661054679336 0.405608543632537 5 nil_vol 0.6 nil_bias 0.76 Right 0.04 0.01 0.001 0.5180149367695037 0.40022460734883275 -0.01274883130157012 0.005383936283704287
0.49881432997196945 0.3671108375280579 5 nil_vol 0.6 nil_bias 0.76 Right 0.04 0.01 0.001 0.5032412108244683 0.3652413293447887 -0.004426880852498789 0.0018695081832692103
0.4603541635468368 0.2922835171533252 5 nil_vol 0.6 nil_bias 0.76 Right 0.04 0.01 0.001 0.4706027504632745 0.2879554546312875 -0.01024858691643772 0.004328062522037647
0.4589031604078998 0.2852508550346981 5 nil_vol 0.6 nil_bias 0.76 Right 0.04 0.01 0.001 0.4678626945552539 0.281467170096057 -0.008959534147354146 0.003783684938641137
0.2479186134286081 -0.20781609961374584 5 nil_vol 0.6 nil_bias 0.76 Right 0.04 0.01 0.001 0.2592189897447915 -0.21258834144745176 -0.011300376316183422 0.004772241833705928
0.13360008506050924 -0.5108701636252474 5 nil_vol 0.6 nil_bias 0.76 Right 0.04 0.01 0.001 0.1333047881670809 -0.5107454573191252 0.0002952968934283236 -0.0001247063061222016
0.10224046165228337 -0.6270739419504405 5 nil_vol 0.6 nil_bias 0.76 Right 0.04 0.01 0.001 0.08691204699659583 -0.6206006264061164 0.01532841465568754 -0.0064733155443241945
0.012652598869013609 -0.796442450461819 5 nil_vol 0.6 nil_bias 0.76 Home 0.04 0.01 0.001 0.0 -0.75 0.012652598869013609 -0.04644245046181907
-0.00866163598544721 -0.7674036499203196 6 nil_vol 0.6 nil_bias 0.76 Home 0.04 0.01 0.001 -0.006498264036265168 -0.7660408770452383 -0.002163371949182042 -0.0013627728750813658
-0.09998951300351108 -0.6026707871693902 6 nil_vol 0.6 nil_bias 0.76 Home 0.04 0.01 0.001 -0.10673377912992857 -0.6069192026778222 0.006744266126417486 0.004248415508432034
-0.25151791424703823 -0.3721967475727075 6 nil_vol 0.6 nil_bias 0.76 Home 0.04 0.01 0.001 -0.25371905487891205 -0.3735833120737824 0.0022011406318738313 0.0013865645010749388
-0.324272791677588 -0.21456660276095654 6 nil_vol 0.6 nil_bias 0.76 Home 0.04 0.01 0.001 -0.34547511668897324 -0.22792258319007308 0.021202325011385272 0.013355980429116544
-0.5481550602969537 0.11193376180769962 6 nil_vol 0.6 nil_bias 0.76 Home 0.04 0.01 0.001 -0.5563206279038059 0.10679002586877862 0.008165567606852208 0.005143735938921004
-0.5977163304933577 0.17027851213814593 6 nil_vol 0.6 nil_bias 0.76 Home 0.04 0.01 0.001 -0.5967123291426933 0.17091096270114214 -0.0010040013506643322 -0.0006324505629962175
-0.6133005685646228 0.21523108726731005 6 nil_vol 0.6 nil_bias 0.76 Home 0.04 0.01 0.001 -0.6214121383125457 0.21012136619924338 0.008111569747922927 0.00510972106806668
-0.6232879380317053 0.21309915697341855 6 nil_vol 0.6 nil_bias 0.76 Left 0.04 0.01 0.001 -0.4 0.35 -0.22328793803170527 -0.13690084302658143
-0.5227993257201448 0.03525381760566791 7 nil_vol 0.6 nil_bias 0.76 Left 0.04 0.01 0.001 -0.513980731224556 0.04084998939463655 -0.008818594495588776 -0.0055961717889686366
-0.4526897019684509 -0.0659323645993083 7 nil_vol 0.6 nil_bias 0.76 Left 0.04 0.01 0.001 -0.44807593266479095 -0.06300452324875447 -0.004613769303659941 -0.0029278413505538325
-0.3954119127974543 -0.1552071479787154 7 nil_vol 0.6 nil_bias 0.76 Left 0.04 0.01 0.001 -0.3912437890946815 -0.1525621078546847 -0.004168123702772825 -0.0026450401240307223
-0.3040544777634433 -0.30315122898429897 7 nil_vol 0.6 nil_bias 0.76 Left 0.04 0.01 0.001 -0.29808549898005227 -0.29936338833766596 -0.005968978783391007 -0.003787840646632987
-0.18285821677292294 -0.4732946752705491 7 nil_vol 0.6 nil_bias 0.76 Left 0.04 0.01 0.001 -0.18631770038156847 -0.4754900210917892 0.0034594836086455417 0.0021953458212400807
-0.0889470745332323 -0.61409931299658 7 nil_vol 0.6 nil_bias 0.76 Left 0.04 0.01 0.001 -0.09565617877835553 -0.6183568281736969 0.006709104245123218 0.004257515177116844
-0.052158282016967074 -0.7184536291774288 7 nil_vol 0.6 nil_bias 0.76 Left 0.04 0.01 0.001 -0.03788418090623524 -0.709395459875198 -0.014274101110731829 -0.009058169302230752
-0.017707810948771413 -0.7411899136120524 7 nil_vol 0.6 nil_bias 0.76 Home 0.04 0.01 0.001 0.0 -0.75 -0.017707810948771413 0.008810086387947563
0.00895128183603321 -0.6853203311941365 8 nil_vol 0.6 nil_bias 0.76 Home 0.04 0.01 0.001 0.010641297527351806 -0.6861914544748824 -0.0016900156913185948 0.0008711232807459067
0.046534969252864086 -0.6364432889352286 8 nil_vol 0.6 nil_bias 0.76 Home 0.04 0.01 0.001 0.03843596476698354 -0.6322686345845276 0.00809900448588054 -0.0041746543507009655
0.05359133853365131 -0.6137188071388393 8 nil_vol 0.6 nil_bias 0.76 Home 0.04 0.01 0.001 0.04917176755974208 -0.6114407270085433 0.004419570973909238 -0.002278080130295911
0.16753222870841197 -0.36733403089939415 8 nil_vol 0.6 nil_bias 0.76 Home 0.04 0.01 0.001 0.17343020051822075 -0.3703741568456206 -0.00589797180980878 0.0030401259462264534
0.21729755695488542 -0.3208053584642561 8 nil_vol 0.6 nil_bias 0.76 Home 0.04 0.01 0.001 0.20282564122112667 -0.3133457693152145 0.014471915733758741 -0.007459589149041596
0.4494472634844895 0.13679624410217361 8 nil_vol 0.6 nil_bias 0.76 Home 0.04 0.01 0.001 0.43791627762308505 0.14273992278244907 0.011530985861404443 -0.005943678680275447
0.5329996303592544 0.3464083364032926 8 nil_vol 0.6 nil_bias 0.76 Home 0.04 0.01 0.001 0.5408199373464975 0.34237733745212184 -0.00782030698724315 0.004030998951170764
0.5639216580052047 0.3871956441976879 8 nil_vol 0.6 nil_bias 0.76 Right 0.04 0.01 0.001 0.4 0.35 0.16392165800520464 0.037195644197687956
0.45075429706104636 0.1705631304924229 9 nil_vol 0.6 nil_bias 0.76 Right 0.04 0.01 0.001 0.4589699778065376 0.16665345007215665 -0.00821568074549123 0.003909680420266224
0.31321075686504973 -0.13848235091786099 9 nil_vol 0.6 nil_bias 0.76 Right 0.04 0.01 0.001 0.3136601077198318 -0.1386961881266322 -0.0004493508547820798 0.00021383720877123075
0.3209965358495426 -0.15403406922841023 9 nil_vol 0.6 nil_bias 0.76 Right 0.04 0.01 0.001 0.3090634936689232 -0.14835536982259623 0.01193304218061936 -0.005678699405813989
0.2623380023714411 -0.2182144000551538 9 nil_vol 0.6 nil_bias 0.76 Right 0.04 0.01 0.001 0.27332974635196994 -0.2234451542137592 -0.010991743980528813 0.005230754158605407
0.26864845442208457 -0.25070910155850695 9 nil_vol 0.6 nil_bias 0.76 Right 0.04 0.01 0.001 0.26188666106400593 -0.24749129746936016 0.006761793358078653 -0.0032178040891468
0.23937480491999544 -0.31302887796773354 9 nil_vol 0.6 nil_bias 0.76 Right 0.04 0.01 0.001 0.23230064731337802 -0.3096624258937958 0.0070741576066174145 -0.0033664520739377607
0.029360977496267385 -0.7586891310715386 9 nil_vol 0.6 nil_bias 0.76 Right 0.04 0.01 0.001 0.02060140546995426 -0.754520623518469 0.008759572026313127 -0.004168507553069538
0.009789833055565227 -0.7772397252775154 9 nil_vol 0.6 nil_bias 0.76 Home 0.04 0.01 0.001 0.0 -0.75 0.009789833055565227 -0.02723972527751539
0.0367948900153871 -0.7389961859758488 10 nil_vol 0.6 nil_bias 0.76 Home 0.04 0.01 0.001 0.030944281288549973 -0.7359953772502167 0.005850608726837123 -0.003000808725632095
0.1392392901877703 -0.5528029549295713 10 nil_vol 0.6 nil_bias 0.76 Home 0.04 0.01 0.001 0.12789027001125916 -0.5469819813585938 0.01134902017651112 -0.005820973570977509
0.1272620703257711 -0.5268248353413114 10 nil_vol 0.6 nil_bias 0.76 Home 0.04 0.01 0.001 0.1359447970470311 -0.5312782526392277 -0.008682726721260008 0.004453417297916211
0.23325575715670593 -0.33980129885529187 10 nil_vol 0.6 nil_bias 0.76 Home 0.04 0.01 0.001 0.23396719781128525 -0.34016620059863323 -0.0007114406545793121 0.00036490174334135456
0.3989082278438751 -0.05965693869629521 10 nil_vol 0.6 nil_bias 0.76 Home 0.04 0.01 0.001 0.3822295904004922 -0.05110237572540677 0.016678637443382903 -0.008554562970888437
0.4244213248171805 0.03561470177968142 10 nil_vol 0.6 nil_bias 0.76 Home 0.04 0.01 0.001 0.42623113596512324 0.03468643989479736 -0.0018098111479427858 0.0009282618848840586
0.42617118887278277 0.03973664546126296 10 nil_vol 0.6 nil_bias 0.76 Home 0.04 0.01 0.001 0.42826942623639813 0.03866044821698267 -0.0020982373636153845 0.0010761972442802903
0.4385918582446583 0.058785859834808496 10 nil_vol 0.6 nil_bias 0.76 Right 0.04 0.01 0.001 0.4 0.35 0.0385918582446583 -0.2912141401651915
0.3315510450854179 -0.14108774137334149 11 nil_vol 0.6 nil_bias 0.76 Right 0.04 0.01 0.001 0.33207252860012393 -0.14136527202675583 -0.0005214835147060237 0.0002775306534143482
0.328652490130068 -0.17626245746328512 11 nil_vol 0.6 nil_bias 0.76 Right 0.04 0.01 0.001 0.316844755092508 -0.1699784459309841 0.011807735037559988 -0.0062840115323010105
0.3085462628183616 -0.1927350934170252 11 nil_vol 0.6 nil_bias 0.76 Right 0.04 0.01 0.001 0.3055752699009824 -0.19115394735507446 0.0029709929173792125 -0.0015811460619507274
0.28649150140437457 -0.21575168320343427 11 nil_vol 0.6 nil_bias 0.76 Right 0.04 0.01 0.001 0.2911617354562848 -0.21823715603521737 -0.004670234051910244 0.002485472831783109
0.18374159672262194 -0.4136803551503597 11 nil_vol 0.6 nil_bias 0.76 Right 0.04 0.01 0.001 0.18639610321668149 -0.41509306888150094 -0.00265450649405955 0.0014127137311412074
0.15989787056951246 -0.46627240740451503 11 nil_vol 0.6 nil_bias 0.76 Right 0.04 0.01 0.001 0.15932187968687456 -0.46596586823019553 0.0005759908826379167 -0.00030653917431948624
0.05310780963135401 -0.6597702377006941 11 nil_vol 0.6 nil_bias 0.76 Right 0.04 0.01 0.001 0.05550211934345595 -0.661044476138031 -0.002394309712101935 0.001274238437336923
0.02885035160172693 -0.7111234758596773 11 nil_vol 0.6 nil_bias 0.76 Home 0.04 0.01 0.001 0.0 -0.75 0.02885035160172693 0.03887652414032271
-0.06913260210074834 -0.4955339142512483 12 nil_vol 0.6 nil_bias 0.76 Home 0.04 0.01 0.001 -0.08036107430735731 -0.5013804861052102 0.011228472206608968 0.005846571853961906
-0.15671331078507333 -0.3550682247038937 12 nil_vol 0.6 nil_bias 0.76 Home 0.04 0.01 0.001 -0.1565806231107465 -0.3549991353382336 -0.00013268767432683231 -6.908936566012179e-05
-0.15429477194263305 -0.34718038859911293 12 nil_vol 0.6 nil_bias 0.76 Home 0.04 0.01 0.001 -0.15929587991674948 -0.3497844238215436 0.005001107974116426 0.0026040352224306665
-0.1919340351820483 -0.318194734875214 12 nil_vol 0.6 nil_bias 0.76 Home 0.04 0.01 0.001 -0.179197495681792 -0.31156292495585175 -0.012736539500256303 -0.006631809919362236
-0.19609087652262747 -0.29067696714888863 12 nil_vol 0.6 nil_bias 0.76 Home 0.04 0.01 0.001 -0.19135628209049743 -0.2882117033055562 -0.004734594432130048 -0.0024652638433324383
-0.3949820439118227 0.12889460090111102 12 nil_vol 0.6 nil_bias 0.76 Home 0.04 0.01 0.001 -0.40564823984124204 0.12334080161637118 0.01066619592941935 0.005553799284739854
-0.45304307514730774 0.23050230219421708 12 nil_vol 0.6 nil_bias 0.76 Home 0.04 0.01 0.001 -0.4596539897736676 0.2270600540706771 0.006610914626359871 0.003442248123539995
-0.5624224538172463 0.42442919124244716 12 nil_vol 0.6 nil_bias 0.76 Left 0.04 0.01 0.001 -0.4 0.35 -0.1624224538172463 0.07442919124244717
-0.5572069294764936 0.40443964102981905 13 nil_vol 0.6 nil_bias 0.76 Left 0.04 0.01 0.001 -0.5540510141679194 0.40586260332426666 -0.003155915308574291 -0.0014229622944475844
-0.5440546685191929 0.3782002187179588 13 nil_vol 0.6 nil_bias 0.76 Left 0.04 0.01 0.001 -0.5419967653323148 0.3791281012351465 -0.002057903186878145 -0.0009278825171877036
-0.41441659409155285 0.10984311059129066 13 nil_vol 0.6 nil_bias 0.76 Left 0.04 0.01 0.001 -0.4195383244298354 0.1075337871649289 0.005121730338282547 0.002309323426361767
-0.3600391328847299 -0.030434765752642437 13 nil_vol 0.6 nil_bias 0.76 Left 0.04 0.01 0.001 -0.35778775318971556 -0.029419647125160153 -0.0022513796950143087 -0.001015118627482284
-0.3535635807528363 -0.03822541280684624 13 nil_vol 0.6 nil_bias 0.76 Left 0.04 0.01 0.001 -0.35377447096988246 -0.038320500538227775 0.00021089021704617645 9.508773138153181e-05
-0.20714803440176882 -0.390287178487119 13 nil_vol 0.6 nil_bias 0.76 Left 0.04 0.01 0.001 -0.19711654384634225 -0.3857641062808729 -0.010031490555426584 -0.004523072206246139
-0.06693256002648104 -0.6967760130730332 13 nil_vol 0.6 nil_bias 0.76 Left 0.04 0.01 0.001 -0.058582725371639444 -0.6930111782416197 -0.008349834654841605 -0.003764834831413433
-0.025559597662106755 -0.7662514845253341 13 nil_vol 0.6 nil_bias 0.76 Home 0.04 0.01 0.001 0.0 -0.75 -0.025559597662106755 -0.01625148452533413
-0.012694004578910942 -0.6242457242876972 14 nil_vol 0.6 nil_bias 0.76 Home 0.04 0.01 0.001 0.0025127828815478537 -0.6273183588546937 -0.015206787460458795 0.0030726345669964696
0.06364746455435595 -0.37475813399845526 14 nil_vol 0.6 nil_bias 0.76 Home 0.04 0.01 0.001 0.05394059160264434 -0.37279679446856273 0.009706872951711605 -0.0019613395298925473
0.055161171864979645 -0.36538933513002037 14 nil_vol 0.6 nil_bias 0.76 Home 0.04 0.01 0.001 0.05542648700670479 -0.36544294385426485 -0.00026531514172514607 5.360872424448653e-05
0.11078936849861437 -0.12003704693974997 14 nil_vol 0.6 nil_bias 0.76 Home 0.04 0.01 0.001 0.1052390171586027 -0.118915560798733 0.005550351340011671 -0.0011214861410169604
0.14441479569810017 0.09672313938640148 14 nil_vol 0.6 nil_bias 0.76 Home 0.04 0.01 0.001 0.14863786440314192 0.09586983970587049 -0.004223068705041752 0.000853299680531
0.1901062322230208 0.2568335987639059 14 nil_vol 0.6 nil_bias 0.76 Home 0.04 0.01 0.001 0.18151253814146823 0.258570012951441 0.008593694081552576 -0.0017364141875350948
0.19533645913487674 0.3641030513092421 14 nil_vol 0.6 nil_bias 0.76 Home 0.04 0.01 0.001 0.20254202329840162 0.3626471181885138 -0.007205564163524895 0.0014559331207282895
0.24843728605788173 0.5897875382442404 14 nil_vol 0.6 nil_bias 0.76 Right 0.04 0.01 0.001 0.4 0.35 -0.1515627139421183 0.23978753824424032
0.2254100792842444 0.5160622847200123 15 nil_vol 0.6 nil_bias 0.76 Right 0.04 0.01 0.001 0.23396554994614102 0.5144195123083268 -0.008555470661896637 0.001642772411685391
0.22950253000595794 0.4474970068015474 15 nil_vol 0.6 nil_bias 0.76 Right 0.04 0.01 0.001 0.22141370498895463 0.4490501765926689 0.008088825017003322 -0.0015531697911214473
0.18572744272466243 0.2331749268112685 15 nil_vol 0.6 nil_bias 0.76 Right 0.04 0.01 0.001 0.18016756725625754 0.23424250221335363 0.005559875468404895 -0.0010675754020851437
0.1154527602318096 -0.0849240314100637 15 nil_vol 0.6 nil_bias 0.76 Right 0.04 0.01 0.001 0.11876106441148823 -0.08555927300583521 -0.003308304179678635 0.0006352415957715069
0.0896123057813105 -0.2712800838395074 15 nil_vol 0.6 nil_bias 0.76 Right 0.04 0.01 0.001 0.08333158625675885 -0.2700740960957332 0.006280719524551652 -0.0012059877437742177
0.06029811085864671 -0.2963448909858535 15 nil_vol 0.6 nil_bias 0.76 Right 0.04 0.01 0.001 0.0776475539713185 -0.2996762315549396 -0.01734944311267179 0.003331340569086119
0.048457884248330974 -0.45789632826181426 15 nil_vol 0.6 nil_bias 0.76 Right 0.04 0.01 0.001 0.04730938301968052 -0.4576757996424343 0.0011485012286504585 -0.00022052861937995187
-0.008189186257119558 -0.7467093735248725 15 nil_vol 0.6 nil_bias 0.76 Home 0.04 0.01 0.001 0.0 -0.75 -0.008189186257119558 0.003290626475127478
0.0022474228742267073 -0.7370027274868628 16 nil_vol 0.6 nil_bias 0.76 Home 0.04 0.01 0.001 0.0004763187433613463 -0.7356188831977711 0.0017711041308653608 -0.0013838442890917121
0.14000936975225284 -0.567135232975637 16 nil_vol 0.6 nil_bias 0.76 Home 0.04 0.01 0.001 0.1351108285556106 -0.5633077797267183 0.00489854119664223 -0.00382745324891863
0.17431148217540254 -0.5031082904898938 16 nil_vol 0.6 nil_bias 0.76 Home 0.04 0.01 0.001 0.17917701705917444 -0.5069099544039147 -0.0048655348837719 0.0038016639140209334
0.35976074363985705 -0.24656906447738072 16 nil_vol 0.6 nil_bias 0.76 Home 0.04 0.01 0.001 0.3739379875177753 -0.2576463905552843 -0.014177243877918268 0.011077326077903588
0.39762745030350166 -0.24945766153839577 16 nil_vol 0.6 nil_bias 0.76 Home 0.04 0.01 0.001 0.3868908920435837 -0.24106869977518852 0.010736558259917964 -0.008388961763207251
0.448474220895807 -0.16070695028501236 16 nil_vol 0.6 nil_bias 0.76 Home 0.04 0.01 0.001 0.44922365521233765 -0.16129251743541673 -0.0007494343165306026 0.0005855671504043627
0.47056445783453293 -0.15093758538133958 16 nil_vol 0.6 nil_bias 0.76 Home 0.04 0.01 0.001 0.4623371893166013 -0.144509245931981 0.008227268517931666 -0.006428339449358596
0.5543041366461599 -0.026805945349394067 16 nil_vol 0.6 nil_bias 0.76 Right 0.04 0.01 0.001 0.4 0.35 0.15430413664615983 -0.37680594534939404
0.5315573487706569 -0.07649533563424067 17 nil_vol 0.6 nil_bias 0.76 Right 0.04 0.01 0.001 0.5229346668044207 -0.07027239966825387 0.008622681966236213 -0.006222935965986799
0.4825751766741428 -0.1360567555095633 17 nil_vol 0.6 nil_bias 0.76 Right 0.04 0.01 0.001 0.4778957485168358 -0.13267964130143395 0.00467942815730701 -0.00337711420812936
0.4123271742108229 -0.23382332908742662 17 nil_vol 0.6 nil_bias 0.76 Right 0.04 0.01 0.001 0.407444223354027 -0.23029933381242004 0.004882950856795832 -0.003523995275006577
0.3303550807319492 -0.31843088682670073 17 nil_vol 0.6 nil_bias 0.76 Right 0.04 0.01 0.001 0.33922197781137575 -0.32483007132153974 -0.008866897079426565 0.006399184494839028
0.2689345748535034 -0.4236960494181341 17 nil_vol 0.6 nil_bias 0.76 Right 0.04 0.01 0.001 0.2682352524897662 -0.4231913528160607 0.0006993223637371922 -0.0005046966020734087
0.22747342231036807 -0.4803664025054492 17 nil_vol 0.6 nil_bias 0.76 Right 0.04 0.01 0.001 0.2271439681398244 -0.4801286374788544 0.00032945417054366157 -0.00023776502659478196
0.10919131869047888 -0.6399325243126341 17 nil_vol 0.6 nil_bias 0.76 Right 0.04 0.01 0.001 0.11091613823176794 -0.6411773158520129 -0.0017248195412890607 0.0012447915393787483
0.03448789966039752 -0.7470785171567657 17 nil_vol 0.6 nil_bias 0.76 Home 0.04 0.01 0.001 0.0 -0.75 0.03448789966039752 0.002921482843234342
0.07289376492795498 -0.45486873655167687 18 nil_vol 0.6 nil_bias 0.76 Home 0.04 0.01 0.001 0.05893184019144233 -0.45370542448766565 0.013961924736512643 -0.001163312064011196
0.07024271780140622 -0.37800127952014523 18 nil_vol 0.6 nil_bias 0.76 Home 0.04 0.01 0.001 0.06527402793929402 -0.3775872866811916 0.0049686898621122 -0.00041399283895359184
0.09252220184684962 -0.017573014128761735 18 nil_vol 0.6 nil_bias 0.76 Home 0.04 0.01 0.001 0.09525158490236496 -0.017800427203657154 -0.0027293830555153486 0.0002274130748954184
0.1152208775897673 0.12520616424537803 18 nil_vol 0.6 nil_bias 0.76 Home 0.04 0.01 0.001 0.10722246731417084 0.12587259436458498 0.007998410275596463 -0.0006664301192069426
0.10361925788053687 0.18989881801115396 18 nil_vol 0.6 nil_bias 0.76 Home 0.04 0.01 0.001 0.11249553134064798 0.18915924404879003 -0.008876273460111111 0.0007395739623639323
0.11790826246269283 0.3481696232127572 18 nil_vol 0.6 nil_bias 0.76 Home 0.04 0.01 0.001 0.12569030225663436 0.347521221151741 -0.007782039793941524 0.0006484020610161652
0.12300562621223021 0.3492219865535959 18 nil_vol 0.6 nil_bias 0.76 Home 0.04 0.01 0.001 0.12581252431599144 0.3489881148999251 -0.0028068981037612196 0.00023387165367080832
0.14878974535915435 0.6247578251810071 18 nil_vol 0.6 nil_bias 0.76 Left 0.04 0.01 0.001 -0.4 0.35 0.5487897453591544 0.2747578251810071
0.1402893895260755 0.6240327130563317 19 nil_vol 0.6 nil_bias 0.76 Left 0.04 0.01 0.001 0.14862914632618177 0.6231825021271737 -0.00833975680010626 0.000850210929157932
0.15739382526629161 0.6118902834462906 19 nil_vol 0.6 nil_bias 0.76 Left 0.04 0.01 0.001 0.14757993861969748 0.6128907770919021 0.009813886646594126 -0.0010004936456114767
0.14141281307178033 0.48109851109004775 19 nil_vol 0.6 nil_bias 0.76 Left 0.04 0.01 0.001 0.1342189153052714 0.48183190543846 0.0071938977665089235 -0.0007333943484122695
0.0625050113668658 -0.2927593265446308 19 nil_vol 0.6 nil_bias 0.76 Left 0.04 0.01 0.001 0.055326480087945024 -0.2920274987593694 0.007178531278920772 -0.0007318277852614053
0.034755985772837165 -0.4435513772755737 19 nil_vol 0.6 nil_bias 0.76 Left 0.04 0.01 0.001 0.0398264185625561 -0.44406829131476067 -0.005070432789718935 0.0005169140391869526
0.031313694076672914 -0.58969956154286 19 nil_vol 0.6 nil_bias 0.76 Left 0.04 0.01 0.001 0.02504493889773339 -0.589060482455412 0.006268755178939522 -0.000639079087447953
0.030621771947082245 -0.6517642451545247 19 nil_vol 0.6 nil_bias 0.76 Left 0.04 0.01 0.001 0.01877561409912537 -0.6505565681068277 0.011846157847956873 -0.001207677047696956
0.0022229397515302605 -0.8129224866289809 19 nil_vol 0.6 nil_bias 0.76 Home 0.04 0.01 0.001 0.0 -0.75 0.0022229397515302605 -0.06292248662898091
-0.0033345815692564177 -0.5989573712835958 20 nil_vol 0.6 nil_bias 0.76 Home 0.04 0.01 0.001 -0.0010519088468510123 -0.5989224394802382 -0.0022826727224054054 -3.493180335767241e-05
0.008770315080981389 -0.3472321722922008 20 nil_vol 0.6 nil_bias 0.76 Home 0.04 0.01 0.001 -0.0049003304895414036 -0.3474413745567895 0.013670645570522793 0.00020920226458864472
-0.010268851356255345 -0.26062308086103614 20 nil_vol 0.6 nil_bias 0.76 Home 0.04 0.01 0.001 -0.006229859084080993 -0.26056127205137636 -0.004038992272174352 -6.180880965979115e-05
-0.0037704783018507526 -0.20473383190641758 20 nil_vol 0.6 nil_bias 0.76 Home 0.04 0.01 0.001 -0.007083412102136118 -0.20478452982334305 0.0033129338002853654 5.069791692547398e-05
-0.017255628016078217 0.059393930056432474 20 nil_vol 0.6 nil_bias 0.76 Home 0.04 0.01 0.001 -0.011127577411665552 0.05948770778312018 -0.006128050604412665 -9.37777266877029e-05
-0.025095925325960756 0.061444930385310265 20 nil_vol 0.6 nil_bias 0.76 Home 0.04 0.01 0.001 -0.011160792209290492 0.06165818011008095 -0.013935133116670263 -0.00021324972477069
-0.01569788239178462 0.12150556053026665 20 nil_vol 0.6 nil_bias 0.76 Home 0.04 0.01 0.001 -0.012077486149372187 0.12156096355338752 -0.003620396242412433 -5.540302312087056e-05
-0.014686423819274874 0.29204603105949317 20 nil_vol 0.6 nil_bias 0.76 Right 0.04 0.01 0.001 0.4 0.35 -0.4146864238192749 -0.057953968940506785
-0.016396474678910013 0.16516158648111562 21 nil_vol 0.6 nil_bias 0.76 Right 0.04 0.01 0.001 -0.012510992505529166 0.16522823800836278 -0.003885482173380847 -6.665152724717032e-05
-0.0010206546631042809 0.16506982756490468 21 nil_vol 0.6 nil_bias 0.76 Right 0.04 0.01 0.001 -0.012504895788077671 0.164872826993007 0.01148424112497339 0.00019700057189767233
0.0009394215042996291 -0.1063537893511569 21 nil_vol 0.6 nil_bias 0.76 Right 0.04 0.01 0.001 -0.007849690502575725 -0.1065045577017153 0.008789112006875354 0.00015076835055839665
0.00501169970679885 -0.27607381433911327 21 nil_vol 0.6 nil_bias 0.76 Right 0.04 0.01 0.001 -0.004937973171141471 -0.27624449094071185 0.00994967287794032 0.00017067660159857052
-0.015447369092275282 -0.47655335922240993 21 nil_vol 0.6 nil_bias 0.76 Right 0.04 0.01 0.001 -0.0015059789804399842 -0.4763142087382645 -0.013941390111835298 -0.00023915048414541816
-0.014721153205123131 -0.6307160076075262 21 nil_vol 0.6 nil_bias 0.76 Right 0.04 0.01 0.001 0.001137961434239932 -0.6304439604935945 -0.015859114639363063 -0.0002720471139317453
-0.020609224865940568 -0.6667255717189304 21 nil_vol 0.6 nil_bias 0.76 Right 0.04 0.01 0.001 0.0017537553586314085 -0.666341957351587 -0.022362980224571977 -0.0003836143673435126
0.002164092466967239 -0.6902627523485718 21 nil_vol 0.6 nil_bias 0.76 Home 0.04 0.01 0.001 0.0 -0.75 0.002164092466967239 0.0597372476514282
-0.01404840981348581 -0.6266053269304339 22 nil_vol 0.6 nil_bias 0.76 Home 0.04 0.01 0.001 -0.024501189826081654 -0.6313353196894123 0.010452780012595845 0.0047299927589783235
-0.17242012805496648 -0.282684417782284 22 nil_vol 0.6 nil_bias 0.76 Home 0.04 0.01 0.001 -0.18059537481959015 -0.28638380282176 0.00817524676462367 0.00369938503947601
-0.19738350113331304 -0.23177937949837193 22 nil_vol 0.6 nil_bias 0.76 Home 0.04 0.01 0.001 -0.20395818073213504 -0.2347544910818508 0.006574679598821991 0.002975111583478891
-0.23074324561216875 -0.17318802059949756 22 nil_vol 0.6 nil_bias 0.76 Home 0.04 0.01 0.001 -0.23163504532027207 -0.17359156933549935 0.0008917997081033348 0.0004035487360017831
-0.29228977468451356 -0.04260370776683242 22 nil_vol 0.6 nil_bias 0.76 Home 0.04 0.01 0.001 -0.2911432065580049 -0.042084873645237386 -0.0011465681265086557 -0.000518834121595033
-0.31417536522006634 0.03730524587983346 22 nil_vol 0.6 nil_bias 0.76 Home 0.04 0.01 0.001 -0.32487678524192987 0.032462740904773746 0.010701420021863526 0.0048425049750597145
-0.33975345121466255 0.06662884076258015 22 nil_vol 0.6 nil_bias 0.76 Home 0.04 0.01 0.001 -0.34023807082980356 0.066409545295947 0.00048461961514098886 0.00021929546663313753
-0.4297865714037779 0.2643021900956292 22 nil_vol 0.6 nil_bias 0.76 Left 0.04 0.01 0.001 -0.4 0.35 -0.029786571403777908 -0.08569780990437074
-0.22040721124603482 -0.1990076138285918 23 nil_vol 0.6 nil_bias 0.76 Left 0.04 0.01 0.001 -0.23355893578748999 -0.20451241631502687 0.013151724541455157 0.00550480248643506
-0.16514054588890623 -0.416691447040607 23 nil_vol 0.6 nil_bias 0.76 Left 0.04 0.01 0.001 -0.14778890683911705 -0.40942872301655026 -0.01735163904978918 -0.007262724024056754
-0.1177309866765832 -0.49312766095796934 23 nil_vol 0.6 nil_bias 0.76 Left 0.04 0.01 0.001 -0.11349745985862075 -0.491355670609445 -0.004233526817962443 -0.0017719903485243344
-0.09620657415115519 -0.5069933610397972 23 nil_vol 0.6 nil_bias 0.76 Left 0.04 0.01 0.001 -0.10535022060300808 -0.510820537283079 0.00914364645185289 0.0038271762432817626
-0.06877364340263425 -0.5510899256244441 23 nil_vol 0.6 nil_bias 0.76 Left 0.04 0.01 0.001 -0.08555502487217514 -0.5581139619132336 0.016781381469540897 0.007024036288789462
-0.05879003217477314 -0.5815061478437197 23 nil_vol 0.6 nil_bias 0.76 Left 0.04 0.01 0.001 -0.07323355081604321 -0.5875516453051908 0.014443518641270072 0.006045497461471125
-0.06329626174409081 -0.6198390898721282 23 nil_vol 0.6 nil_bias 0.76 Left 0.04 0.01 0.001 -0.06025252083843452 -0.6185650978224386 -0.003043740905656293 -0.001273992049689554
-0.022557555466608252 -0.708623515429898 23 nil_vol 0.6 nil_bias 0.76 Home 0.04 0.01 0.001 0.0 -0.75 -0.022557555466608252 0.04137648457010204
-0.04396906519317063 -0.6629065929010355 24 nil_vol 0.6 nil_bias 0.76 Home 0.04 0.01 0.001 -0.042042597467475844 -0.6620997513800388 -0.0019264677256947864 -0.000806841520996676
-0.05228904545395923 -0.6543979224831578 24 nil_vol 0.6 nil_bias 0.76 Home 0.04 0.01 0.001 -0.04631599943882764 -0.6518962965967995 -0.005973046015131591 -0.0025016258863583152
-0.10208348119517367 -0.49501069948511944 24 nil_vol 0.6 nil_bias 0.76 Home 0.04 0.01 0.001 -0.11053943344857292 -0.4985522139816301 0.008455952253399244 0.003541514496510612
-0.24470687020491588 -0.15583940560352486 24 nil_vol 0.6 nil_bias 0.76 Home 0.04 0.01 0.001 -0.2526762128153086 -0.15917711867670592 0.007969342610392739 0.003337713073181073
-0.26074855855153894 -0.1367818269587021 24 nil_vol 0.6 nil_bias 0.76 Home 0.04 0.01 0.001 -0.26186070773955283 -0.137247616304905 0.0011121491880139102 0.00046578934620289966
-0.3371983961459137 0.1022702036533683 24 nil_vol 0.6 nil_bias 0.76 Home 0.04 0.01 0.001 -0.358447973859888 0.0933704741771858 0.02124957771397436 0.008899729476182495
-0.3842539937671765 0.14781221556919788 24 nil_vol 0.6 nil_bias 0.76 Home 0.04 0.01 0.001 -0.38169762707088295 0.14888287082386553 -0.0025563666962935523 -0.0010706552546676385
-0.43821021682717487 0.2838160360462522 24 nil_vol 0.6 nil_bias 0.76 Left 0.04 0.01 0.001 -0.4 0.35 -0.038210216827174875 -0.06618396395374775
-0.41385735011043406 0.218095060605942 25 nil_vol 0.6 nil_bias 0.76 Left 0.04 0.01 0.001 -0.41117931168165883 0.21921563889865553 -0.002678038428775208 -0.0011205782927135235
-0.29694798955283835 -0.019746672110159375 25 nil_vol 0.6 nil_bias 0.76 Left 0.04 0.01 0.001 -0.30906772370930047 -0.02481796267240921 0.01211973415646212 0.005071290562249838
-0.31486833481265114 -0.02746628187989608 25 nil_vol 0.6 nil_bias 0.76 Left 0.04 0.01 0.001 -0.3089889733214329 -0.025006166001316943 -0.005879361491218278 -0.0024601158785791375
-0.28956106962953754 -0.05241630861362213 25 nil_vol 0.6 nil_bias 0.76 Left 0.04 0.01 0.001 -0.29633385997176026 -0.05525026415251466 0.006772790342222708 0.002833955538892535
-0.2526103436033691 -0.11846263646340971 25 nil_vol 0.6 nil_bias 0.76 Left 0.04 0.01 0.001 -0.2673100418269572 -0.12461346781885291 0.014699698223588109 0.0061508313554431955
-0.10755867163737007 -0.45335475190735397 25 nil_vol 0.6 nil_bias 0.76 Left 0.04 0.01 0.001 -0.12644694047201555 -0.46125821730038835 0.01888826883464548 0.007903465393034404
-0.06315284514443617 -0.6183617216433958 25 nil_vol 0.6 nil_bias 0.76 Left 0.04 0.01 0.001 -0.06107374967874862 -0.617491760547134 -0.002079095465687549 -0.0008699610962618274
-0.037743944939627246 -0.6732470023124333 25 nil_vol 0.6 nil_bias 0.76 Home 0.04 0.01 0.001 0.0 -0.75 -0.037743944939627246 0.07675299768756672
-0.05652196524929359 -0.6529178792846746 26 nil_vol 0.6 nil_bias 0.76 Home 0.04 0.01 0.001 -0.04481245545709206 -0.6494410660918035 -0.011709509792201532 -0.0034768131928711123
-0.0918372008082362 -0.5328846289338557 26 nil_vol 0.6 nil_bias 0.76 Home 0.04 0.01 0.001 -0.08042663433975672 -0.5294965786448365 -0.011410566468479474 -0.003388050289019253
-0.06753678898011134 -0.5095266830799035 26 nil_vol 0.6 nil_bias 0.76 Home 0.04 0.01 0.001 -0.08483139841687112 -0.5146618362436445 0.017294609436759777 0.005135153163740976
-0.09385615669783502 -0.461571103571975 26 nil_vol 0.6 nil_bias 0.76 Home 0.04 0.01 0.001 -0.10004921714630699 -0.46340996059106526 0.006193060448471963 0.0018388570190902337
-0.11858668772144279 -0.3957121551893777 26 nil_vol 0.6 nil_bias 0.76 Home 0.04 0.01 0.001 -0.12002352191545043 -0.39613878313284817 0.0014368341940076406 0.00042662794347045514
-0.136464498400833 -0.3755506528751842 26 nil_vol 0.6 nil_bias 0.76 Home 0.04 0.01 0.001 -0.12697335966132756 -0.3727325232548597 -0.009491138739505436 -0.002818129620324473
-0.19839400598304266 -0.08496875706546005 26 nil_vol 0.6 nil_bias 0.76 Home 0.04 0.01 0.001 -0.21128067988081917 -0.08879509639265004 0.012886673897776497 0.0038263393271899997
-0.3022578292570004 0.21760555339528542 26 nil_vol 0.6 nil_bias 0.76 Left 0.04 0.01 0.001 -0.4 0.35 0.09774217074299965 -0.13239444660471456
-0.2199775686464494 -0.05483072788888241 27 nil_vol 0.6 nil_bias 0.76 Left 0.04 0.01 0.001 -0.2091451839068825 -0.05107673274072161 -0.010832384739566898 -0.0037539951481607983
-0.19103564190308422 -0.06059826771626056 27 nil_vol 0.6 nil_bias 0.76 Left 0.04 0.01 0.001 -0.2042575323054339 -0.06518035315850262 0.013221890402349678 0.004582085442242059
-0.19278746476778158 -0.1187030147701562 27 nil_vol 0.6 nil_bias 0.76 Left 0.04 0.01 0.001 -0.18646804991755522 -0.11651300275919863 -0.006319414850226356 -0.002190012010957574
-0.12107043085323041 -0.3250493511577194 27 nil_vol 0.6 nil_bias 0.76 Left 0.04 0.01 0.001 -0.11493590800824655 -0.32292341402106706 -0.006134522844983864 -0.0021259371366523076
-0.07515887669179779 -0.4378893870393989 27 nil_vol 0.6 nil_bias 0.76 Left 0.04 0.01 0.001 -0.07510105273501319 -0.4378693479752006 -5.78239567845957e-05 -2.003906419829683e-05
-0.018368207213485047 -0.5901109796859121 27 nil_vol 0.6 nil_bias 0.76 Left 0.04 0.01 0.001 -0.021915264569634996 -0.5913402229620115 0.0035470573561499504 0.0012292432760994576
-0.017482741686639176 -0.6108974807223104 27 nil_vol 0.6 nil_bias 0.76 Left 0.04 0.01 0.001 -0.015389084755546178 -0.6101719176860818 -0.002093656931092996 -0.0007255630362285836
0.021666280228311068 -0.7170974608282658 27 nil_vol 0.6 nil_bias 0.76 Home 0.04 0.01 0.001 0.0 -0.75 0.021666280228311068 0.03290253917173428
0.08823079439397484 -0.5680107664582298 28 nil_vol 0.6 nil_bias 0.76 Home 0.04 0.01 0.001 0.08264272422079502 -0.565759248857332 0.005588070173179823 -0.002251517600897867
0.09570316730524346 -0.5277811381784449 28 nil_vol 0.6 nil_bias 0.76 Home 0.04 0.01 0.001 0.0976316120136875 -0.528558137584118 -0.0019284447084440405 0.0007769994056730665
0.13917890633996327 -0.4788990403382969 28 nil_vol 0.6 nil_bias 0.76 Home 0.04 0.01 0.001 0.12064828156907118 -0.47143277264045297 0.018530624770892085 -0.007466267697843909
0.17588419386034534 -0.3461354636530209 28 nil_vol 0.6 nil_bias 0.76 Home 0.04 0.01 0.001 0.171796114691044 -0.34448831500987703 0.004088079169301344 -0.0016471486431438758
0.255233956926487 -0.04034954926656063 28 nil_vol 0.6 nil_bias 0.76 Home 0.04 0.01 0.001 0.2888766320982025 -0.0539046895820775 -0.03364267517171552 0.013555140315516872
0.2706876631789146 -0.04476866679992432 28 nil_vol 0.6 nil_bias 0.76 Home 0.04 0.01 0.001 0.2895031559365296 -0.05234971209829253 -0.018815492757615005 0.00758104529836821
0.31848145419874074 -0.04108629961682024 28 nil_vol 0.6 nil_bias 0.76 Home 0.04 0.01 0.001 0.2974548282396841 -0.03261435546308877 0.021026625959056633 -0.008471944153731469
0.48729752563814105 0.4385586500267503 28 nil_vol 0.6 nil_bias 0.76 Right 0.04 0.01 0.001 0.4 0.35 0.08729752563814103 0.08855865002675037
0.38099661586071953 0.1981088875570224 29 nil_vol 0.6 nil_bias 0.76 Right 0.04 0.01 0.001 0.3907344686191187 0.19425984365413115 -0.00973785275839915 0.0038490439028912565
0.20894279046884512 -0.2417143112033416 29 nil_vol 0.6 nil_bias 0.76 Right 0.04 0.01 0.001 0.21712956443528136 -0.24495026611061632 -0.008186773966436241 0.0032359549072747077
0.21005864441183195 -0.2669923933635195 29 nil_vol 0.6 nil_bias 0.76 Right 0.04 0.01 0.001 0.20863887507155043 -0.2664312065538289 0.0014197693402815095 -0.0005611868096905648
0.2114113539527338 -0.2907006635087721 29 nil_vol 0.6 nil_bias 0.76 Right 0.04 0.01 0.001 0.20071684054118077 -0.28647348399985806 0.01069451341155304 -0.004227179508914044
0.1595170475019343 -0.38685597292678053 29 nil_vol 0.6 nil_bias 0.76 Right 0.04 0.01 0.001 0.16083337956540106 -0.3873762744787522 -0.0013163320634667704 0.0005203015519717062
0.1149739695158316 -0.49721711279619213 29 nil_vol 0.6 nil_bias 0.76 Right 0.04 0.01 0.001 0.117086896608175 -0.49805228142564417 -0.0021129270923434117 0.0008351686294520577
0.08076746664770806 -0.5765372089649092 29 nil_vol 0.6 nil_bias 0.76 Right 0.04 0.01 0.001 0.08534870704920738 -0.5783480183776785 -0.004581240401499315 0.0018108094127692338
0.009862554026631266 -0.7693235078699325 29 nil_vol 0.6 nil_bias 0.76 Home 0.04 0.01 0.001 0.0 -0.75 0.009862554026631266 -0.019323507869932484
0.004576203860369215 -0.6901136902652864 30 nil_vol 0.6 nil_bias 0.76 Home 0.04 0.01 0.001 0.00400635557413906 -0.6901558431399905 0.0005698482862301551 4.215287470408644e-05
-0.011566417669582496 -0.6130507513381381 30 nil_vol 0.6 nil_bias 0.76 Home 0.04 0.01 0.001 -0.0017509788478664596 -0.612324682711075 -0.009815438821716036 -0.0007260686270631574
-0.008106519698710488 -0.5162251276537485 30 nil_vol 0.6 nil_bias 0.76 Home 0.04 0.01 0.001 -0.008855566107656428 -0.5162805361899973 0.0007490464089459389 5.540853624870163e-05
-0.031189184425804446 -0.30781715065577925 30 nil_vol 0.6 nil_bias 0.76 Home 0.04 0.01 0.001 -0.02431366258795813 -0.307308553863336 -0.006875521837846315 -0.0005085967924432603
-0.06424938492349112 0.1238663483555535 30 nil_vol 0.6 nil_bias 0.76 Home 0.04 0.01 0.001 -0.05625233462483724 0.1244579069640237 -0.007997050298653881 -0.0005915586084701917
-0.08873043995246431 0.5380415217885965 30 nil_vol 0.6 nil_bias 0.76 Home 0.04 0.01 0.001 -0.08685623873815057 0.5381801603891965 -0.0018742012143137341 -0.0001386386005999237
-0.09064768485501591 0.5438061526632672 30 nil_vol 0.6 nil_bias 0.76 Home 0.04 0.01 0.001 -0.08729077379061037 0.5440544704259243 -0.003356911064405545 -0.0002483177626570886
-0.09054562352552925 0.5880555155835963 30 nil_vol 0.6 nil_bias 0.76 Left 0.04 0.01 0.001 -0.4 0.35 0.30945437647447077 0.23805551558359622
-0.09082688996502127 0.5613928577364484 31 nil_vol 0.6 nil_bias 0.76 Left 0.04 0.01 0.001 -0.08846264019661662 0.5615788590484507 -0.002364249768404645 -0.00018600131200234064
-0.07318305617480829 0.43178760696348817 31 nil_vol 0.6 nil_bias 0.76 Left 0.04 0.01 0.001 -0.07822046662326058 0.4313913015624989 0.005037410448452295 0.00039630540098928454
-0.06554600986890566 0.36130246060133975 31 nil_vol 0.6 nil_bias 0.76 Left 0.04 0.01 0.001 -0.07266236046325258 0.3607425998941902 0.007116350594346919 0.0005598607071495412
-0.021018319131064847 -0.10413586394334713 31 nil_vol 0.6 nil_bias 0.76 Left 0.04 0.01 0.001 -0.035996529225514426 -0.10531423636670334 0.014978210094449579 0.0011783724233562032
-0.03048327285906002 -0.3929137728661101 31 nil_vol 0.6 nil_bias 0.76 Left 0.04 0.01 0.001 -0.013475636526594406 -0.39157574051683264 -0.017007636332465614 -0.001338032349277512
-0.0031772658762135916 -0.4247773944820068 31 nil_vol 0.6 nil_bias 0.76 Left 0.04 0.01 0.001 -0.0108163005135464 -0.4253783760212517 0.007639034637332809 0.000600981539244902
0.009782619535560389 -0.7483734841071576 31 nil_vol 0.6 nil_bias 0.76 Left 0.04 0.01 0.001 0.014564915333374784 -0.7479972491997193 -0.004782295797814395 -0.0003762349074383059
0.016741067176151002 -0.7756581642487074 31 nil_vol 0.6 nil_bias 0.76 Home 0.04 0.01 0.001 0.0 -0.75 0.016741067176151002 -0.025658164248707382
-0.045451950349966526 -0.6189926741801135 32 nil_vol 0.6 nil_bias 0.76 Home 0.04 0.01 0.001 -0.04352093495095926 -0.6182533900341078 -0.0019310153990072655 -0.0007392841460056889
-0.09231779424311881 -0.490219082346949 32 nil_vol 0.6 nil_bias 0.76 Home 0.04 0.01 0.001 -0.09251031356882566 -0.49029278786238295 0.0001925193257068505 7.370551543397844e-05
-0.14648041304231146 -0.39253056061144515 32 nil_vol 0.6 nil_bias 0.76 Home 0.04 0.01 0.001 -0.13205298284498473 -0.38700705706094485 -0.014427430197326743 -0.005523503550500302
-0.2147727066394936 -0.15891305935580674 32 nil_vol 0.6 nil_bias 0.76 Home 0.04 0.01 0.001 -0.2187894281917634 -0.1604508505945711 0.004016721552269777 0.001537791238764344
-0.29698908087084475 0.053910879377989475 32 nil_vol 0.6 nil_bias 0.76 Home 0.04 0.01 0.001 -0.30036276277389407 0.05261927417076384 0.003373681903049324 0.0012916052072256326
-0.30243566494830365 0.074829708918644 32 nil_vol 0.6 nil_bias 0.76 Home 0.04 0.01 0.001 -0.30804395082257685 0.07268259148226863 0.005608285874273223 0.002147117436375373
-0.40088439928100106 0.3663740275222993 32 nil_vol 0.6 nil_bias 0.76 Home 0.04 0.01 0.001 -0.41797756091477817 0.3598299557311263 0.017093161633777103 0.006544071791172995
-0.43968913860627734 0.41654074966002114 32 nil_vol 0.6 nil_bias 0.76 Left 0.04 0.01 0.001 -0.4 0.35 -0.0396891386062773 0.06654074966002115
-0.358173150880454 0.16971422398945413 33 nil_vol 0.6 nil_bias 0.76 Left 0.04 0.01 0.001 -0.3500296273882525 0.1727086797066322 -0.008143523492201475 -0.002994455717178064
-0.3511007243198332 0.1706229036502513 33 nil_vol 0.6 nil_bias 0.76 Left 0.04 0.01 0.001 -0.3494815906981694 0.17121827541222992 -0.001619133621663786 -0.0005953717619786287
-0.31080313499045487 0.06717068149045353 33 nil_vol 0.6 nil_bias 0.76 Left 0.04 0.01 0.001 -0.31117232291210895 0.06703492736832584 0.0003691879216540601 0.00013575412212769685
-0.2874210244987062 -0.00019507588999115603 33 nil_vol 0.6 nil_bias 0.76 Left 0.04 0.01 0.001 -0.2865666881123409 0.00011907221543211444 -0.0008543363863653564 -0.00031414810542327047
-0.26045061351090903 -0.09413119311707864 33 nil_vol 0.6 nil_bias 0.76 Left 0.04 0.01 0.001 -0.25292716571076057 -0.09136474548545831 -0.0075234478001484735 -0.002766447631620334
-0.22246805468229927 -0.20542227057759987 33 nil_vol 0.6 nil_bias 0.76 Left 0.04 0.01 0.001 -0.21235452142107203 -0.20170342240040068 -0.010113533261227233 -0.0037188481771992096
-0.08295542578500989 -0.5880263697227341 33 nil_vol 0.6 nil_bias 0.76 Left 0.04 0.01 0.001 -0.07180705644289836 -0.5839270018820608 -0.011148369342111528 -0.004099367840673333
-0.014031945854042478 -0.7410483670923877 33 nil_vol 0.6 nil_bias 0.76 Home 0.04 0.01 0.001 0.0 -0.75 -0.014031945854042478 0.00895163290761221
-0.007574500750670938 -0.6033312234099648 34 nil_vol 0.6 nil_bias 0.76 Home 0.04 0.01 0.001 -0.0037219953201255464 -0.6036202409607282 -0.0038525054305453914 0.0002890175507633526
0.010769026733026757 -0.5735577267528786 34 nil_vol 0.6 nil_bias 0.76 Home 0.04 0.01 0.001 -0.0013982068429374307 -0.5726449326994792 0.012167233575964187 -0.000912794053399418
-0.005154433794269497 -0.5417654442584661 34 nil_vol 0.6 nil_bias 0.76 Home 0.04 0.01 0.001 0.0008844059643235494 -0.5422184820822787 -0.006038839758593047 0.0004530378238127064
-0.002087271194634115 -0.5404204502705229 34 nil_vol 0.6 nil_bias 0.76 Home 0.04 0.01 0.001 0.0010019093001367406 -0.5406522026707624 -0.0030891804947708558 0.00023175240023949785
0.014861484845751519 -0.33493649837685857 34 nil_vol 0.6 nil_bias 0.76 Home 0.04 0.01 0.001 0.016426034472503785 -0.33505387194305436 -0.0015645496267522672 0.00011737356619576347
0.024384410063909418 -0.2071856551130927 34 nil_vol 0.6 nil_bias 0.76 Home 0.04 0.01 0.001 0.026009647175962172 -0.20730758149528827 -0.0016252371120527554 0.00012192638219557141
0.03225199684416292 -0.18365213152519183 34 nil_vol 0.6 nil_bias 0.76 Home 0.04 0.01 0.001 0.027809298911155397 -0.18331883733559806 0.004442697933007519 -0.00033329418959377475
0.04170680541682337 0.0019301869631528357 34 nil_vol 0.6 nil_bias 0.76 Left 0.04 0.01 0.001 -0.4 0.35 0.4417068054168234 -0.34806981303684714
0.02321679932216357 -0.11132979939354887 35 nil_vol 0.6 nil_bias 0.76 Left 0.04 0.01 0.001 0.03000918837517625 -0.11202703267279042 -0.006792389053012682 0.0006972332792415519
0.0391861757653216 -0.17203358602411992 35 nil_vol 0.6 nil_bias 0.76 Left 0.04 0.01 0.001 0.024009478579817514 -0.17047571025108663 0.015176697185504084 -0.001557875773033298
0.01871649790520658 -0.19511243824083488 35 nil_vol 0.6 nil_bias 0.76 Left 0.04 0.01 0.001 0.021451717624399826 -0.1953932063475165 -0.0027352197191932485 0.0002807681066816101
0.011782598959461649 -0.29466518364325023 35 nil_vol 0.6 nil_bias 0.76 Left 0.04 0.01 0.001 0.011266962102865877 -0.2946122539341867 0.0005156368565957713 -5.2929709063501756e-05
-0.019661923108044432 -0.47749244868149754 35 nil_vol 0.6 nil_bias 0.76 Left 0.04 0.01 0.001 -0.0076322974132514085 -0.47872728009438736 -0.012029625694793026 0.0012348314128898166
-0.013084255675634555 -0.5243477193855012 35 nil_vol 0.6 nil_bias 0.76 Left 0.04 0.01 0.001 -0.012323217802391283 -0.5244258393117668 -0.0007610378732432714 7.811992626557104e-05
-0.04011643553080434 -0.6083990145956026 35 nil_vol 0.6 nil_bias 0.76 Left 0.04 0.01 0.001 -0.02114291803199496 -0.6103466309234062 -0.01897351749880938 0.0019476163278035854
-0.03427427896947247 -0.738271265243651 35 nil_vol 0.6 nil_bias 0.76 Home 0.04 0.01 0.001 0.0 -0.75 -0.03427427896947247 0.011728734756348934
-0.06662684274322295 -0.6559538352816451 36 nil_vol 0.6 nil_bias 0.76 Home 0.04 0.01 0.001 -0.05554796566962742 -0.6531838764977751 -0.011078877073595525 -0.002769958783870004
-0.07576451200472827 -0.5964178058734882 36 nil_vol 0.6 nil_bias 0.76 Home 0.04 0.01 0.001 -0.07009510950055164 -0.5950003326800031 -0.005669402504176626 -0.00141747319348513
-0.1341748558585239 -0.29635875862364774 36 nil_vol 0.6 nil_bias 0.76 Home 0.04 0.01 0.001 -0.1441390872070708 -0.29885003187860615 0.009964231348546902 0.0024912732549584025
-0.14677482213647158 -0.22318194657306775 36 nil_vol 0.6 nil_bias 0.76 Home 0.04 0.01 0.001 -0.16209976953475325 -0.22701351473437414 0.015324947398281651 0.003831568161306399
-0.21441671532218862 -0.01582685624455022 36 nil_vol 0.6 nil_bias 0.76 Home 0.04 0.01 0.001 -0.21487250786399067 -0.015940814233830203 0.0004557925418020495 0.00011395798927998072
-0.32599490869616754 0.4024133684192098 36 nil_vol 0.6 nil_bias 0.76 Home 0.04 0.01 0.001 -0.3198539728469185 0.4039487351430947 -0.00614093584924902 -0.0015353667238848672
-0.36037760127397006 0.5934623221601885 36 nil_vol 0.6 nil_bias 0.76 Home 0.04 0.01 0.001 -0.3668329383658467 0.5918483483285714 0.006455337091876599 0.0016139738316170652
-0.3958895419002418 0.7080647124883322 36 nil_vol 0.6 nil_bias 0.76 Left 0.04 0.01 0.001 -0.4 0.35 0.004110458099758219 0.35806471248833227
-0.3742002735665951 0.6186948969777132 37 nil_vol 0.6 nil_bias 0.76 Left 0.04 0.01 0.001 -0.3715575282102938 0.6194203044525151 -0.002642745356301249 -0.0007254074748018675
-0.28482141324760246 0.32148233587226754 37 nil_vol 0.6 nil_bias 0.76 Left 0.04 0.01 0.001 -0.28942931930767485 0.3202175112113552 0.004607906060072395 0.001264824660912321
-0.2942261846784869 0.29281623399438333 37 nil_vol 0.6 nil_bias 0.76 Left 0.04 0.01 0.001 -0.28277102646001306 0.2959605616825981 -0.01145515821847383 -0.003144327688214745
-0.25467590679463664 0.1484929410054071 37 nil_vol 0.6 nil_bias 0.76 Left 0.04 0.01 0.001 -0.2431602663037025 0.15165387047949996 -0.01151564049093415 -0.003160929474092869
-0.21798976933287373 0.08371954854731549 37 nil_vol 0.6 nil_bias 0.76 Left 0.04 0.01 0.001 -0.2240559139250745 0.08205445182510607 0.006066144592200794 0.0016650967222094225
-0.17697621373897565 -0.07224233189200856 37 nil_vol 0.6 nil_bias 0.76 Left 0.04 0.01 0.001 -0.18137178834337822 -0.07344887366739383 0.004395574604402573 0.0012065417753852705
-0.04992391377942723 -0.5251959780127614 37 nil_vol 0.6 nil_bias 0.76 Left 0.04 0.01 0.001 -0.05684984127643433 -0.5270970766427469 0.006925927497007102 0.0019010986299854598
0.006780741536575061 -0.7589108269680416 37 nil_vol 0.6 nil_bias 0.76 Home 0.04 0.01 0.001 0.0 -0.75 0.006780741536575061 -0.0089108269680416
0.005267579418064971 -0.7478574531730472 38 nil_vol 0.6 nil_bias 0.76 Home 0.04 0.01 0.001 0.0025708651083245996 -0.7490033371696294 0.002696714309740372 0.0011458839965821843
-0.07644070953591471 -0.5635589557686344 38 nil_vol 0.6 nil_bias 0.76 Home 0.04 0.01 0.001 -0.07626044469028227 -0.5634823578876462 -0.00018026484563244321 -7.6597880988165e-05
-0.26762974188986066 -0.09435646252577076 38 nil_vol 0.6 nil_bias 0.76 Home 0.04 0.01 0.001 -0.2743816539205506 -0.09722547535162074 0.006751912030689916 0.002869012825849976
-0.29086219718850814 -0.08904845072196174 38 nil_vol 0.6 nil_bias 0.76 Home 0.04 0.01 0.001 -0.2798453746896334 -0.08436719822552563 -0.011016822498874748 -0.004681252496436118
-0.29203764910583996 -0.062460191419229504 38 nil_vol 0.6 nil_bias 0.76 Home 0.04 0.01 0.001 -0.2895950874258632 -0.06142230159543882 -0.0024425616799767383 -0.0010378898237906795
-0.34791142479349657 0.056774230858201394 38 nil_vol 0.6 nil_bias 0.76 Home 0.04 0.01 0.001 -0.34105665732425006 0.05968694887023951 -0.006854767469246487 -0.002912718012038113
-0.46067985428756675 0.3274146582496268 38 nil_vol 0.6 nil_bias 0.76 Home 0.04 0.01 0.001 -0.4557154800982846 0.3295241130465243 -0.004964374189282121 -0.0021094547968975295
-0.4636217527515359 0.3481306724053473 38 nil_vol 0.6 nil_bias 0.76 Left 0.04 0.01 0.001 -0.4 0.35 -0.06362175275153585 -0.0018693275946526978
-0.43102115990099843 0.2508664693963773 39 nil_vol 0.6 nil_bias 0.76 Left 0.04 0.01 0.001 -0.4263478423519124 0.25269164323893484 -0.00467331754908601 -0.0018251738425575166
-0.28363100170606126 -0.10440895270288238 39 nil_vol 0.6 nil_bias 0.76 Left 0.04 0.01 0.001 -0.28645128500457545 -0.1055104201831003 0.0028202832985142153 0.0011014674802179254
-0.22519358020064634 -0.26238137334066836 39 nil_vol 0.6 nil_bias 0.76 Left 0.04 0.01 0.001 -0.22518614380626562 -0.2623784690414496 -7.436394380732827e-06 -2.9042992187230585e-06
-0.15525423939251098 -0.4253521855678435 39 nil_vol 0.6 nil_bias 0.76 Left 0.04 0.01 0.001 -0.16070501035520435 -0.427480995450413 0.005450770962693358 0.0021288098825695424
-0.11962195043213181 -0.5404336784891733 39 nil_vol 0.6 nil_bias 0.76 Left 0.04 0.01 0.001 -0.11699222119999175 -0.5394066322940245 -0.0026297292321400606 -0.0010270461951487999
-0.04408618734056758 -0.7367064996111297 39 nil_vol 0.6 nil_bias 0.76 Left 0.04 0.01 0.001 -0.04048555705639123 -0.735300266000344 -0.003600630284176352 -0.0014062336107856395
-0.021815951296612027 -0.7302152464740305 39 nil_vol 0.6 nil_bias 0.76 Left 0.04 0.01 0.001 -0.0397378745304548 -0.7372146906913684 0.01792192323384277 0.006999444217337867
-0.030890508647704377 -0.7598681767752504 39 nil_vol 0.6 nil_bias 0.76 Home 0.04 0.01 0.001 0.0 -0.75 -0.030890508647704377 -0.009868176775250433
-0.0222018127714251 -0.6552028594961024 40 nil_vol 0.6 nil_bias 0.76 Home 0.04 0.01 0.001 -0.022265293380159798 -0.6551976284743437 6.348060873469794e-05 -5.2310217586468595e-06
0.0060013690529148785 -0.47602244552124984 40 nil_vol 0.6 nil_bias 0.76 Home 0.04 0.01 0.001 -0.007409573754188863 -0.47491733744137754 0.013410942807103742 -0.0011051080798723232
-0.010382128025167175 -0.40072663984626 40 nil_vol 0.6 nil_bias 0.76 Home 0.04 0.01 0.001 -0.0013572852853151636 -0.40147031810772454 -0.009024842739852011 0.0007436782614645582
-0.009462645286818899 -0.33071517067224077 40 nil_vol 0.6 nil_bias 0.76 Home 0.04 0.01 0.001 0.004379192976063085 -0.3318557860282688 -0.013841838262881984 0.0011406153560280733
0.027470756404558906 -0.20555164303827664 40 nil_vol 0.6 nil_bias 0.76 Home 0.04 0.01 0.001 0.014872636674907676 -0.20451351439179088 0.012598119729651228 -0.0010381286464857566
0.030501700828115885 -0.09534225864964985 40 nil_vol 0.6 nil_bias 0.76 Home 0.04 0.01 0.001 0.023913462120577874 -0.09479936498940911 0.006588238707538011 -0.0005428936602407456
0.05615049895673124 0.25225544022979407 40 nil_vol 0.6 nil_bias 0.76 Home 0.04 0.01 0.001 0.052536518758265455 0.2525532447000143 0.0036139801984657913 -0.00029780447022021464
0.0657327425603581 0.41269486876636974 40 nil_vol 0.6 nil_bias 0.76 Left 0.04 0.01 0.001 -0.4 0.35 0.4657327425603581 0.06269486876636976
0.06497058309862655 0.3583980404314653 41 nil_vol 0.6 nil_bias 0.76 Left 0.04 0.01 0.001 0.062270611530492063 0.35857074818626306 0.0026999715681344924 -0.0001727077547977793
0.016459729525072766 -0.07549998776232233 41 nil_vol 0.6 nil_bias 0.76 Left 0.04 0.01 0.001 0.03443108835906923 -0.0766495528434944 -0.017971358833996465 0.001149565081172054
0.02300044480019601 -0.26974653759517586 41 nil_vol 0.6 nil_bias 0.76 Left 0.04 0.01 0.001 0.02208310190933302 -0.26968785837316833 0.0009173428908629884 -5.867922200755526e-05
0.014740187881758175 -0.5225620701484353 41 nil_vol 0.6 nil_bias 0.76 Left 0.04 0.01 0.001 0.005943614506775476 -0.5219993840611307 0.0087965733749827 -0.0005626860873045715
-0.0013755680391431225 -0.5223455205281106 41 nil_vol 0.6 nil_bias 0.76 Left 0.04 0.01 0.001 0.005891737627403561 -0.5228103846992417 -0.007267305666546683 0.0004648641711311294
0.003424390398268043 -0.5384552819513553 41 nil_vol 0.6 nil_bias 0.76 Left 0.04 0.01 0.001 0.004885011726165539 -0.5385487127982309 -0.0014606213278974963 9.34308468756297e-05
-0.01460402733553646 -0.60754336072674 41 nil_vol 0.6 nil_bias 0.76 Left 0.04 0.01 0.001 0.00041023092506882464 -0.608503770408363 -0.015014258260605285 0.0009604096816229814
-0.010878533358544176 -0.7849830642351805 41 nil_vol 0.6 nil_bias 0.76 Home 0.04 0.01 0.001 0.0 -0.75 -0.010878533358544176 -0.03498306423518048
0.08060853761836678 -0.5702019611995819 42 nil_vol 0.6 nil_bias 0.76 Home 0.04 0.01 0.001 0.09734762039636954 -0.5789967521145604 -0.016739082778002762 0.0087947909149785
0.15396692815417506 -0.4613852859494796 42 nil_vol 0.6 nil_bias 0.76 Home 0.04 0.01 0.001 0.158021860491732 -0.4635157660095975 -0.00405493233755694 0.002130480060117928
0.1640094526378749 -0.41844632247971425 42 nil_vol 0.6 nil_bias 0.76 Home 0.04 0.01 0.001 0.17787419192699017 -0.42573092013393565 -0.013864739289115269 0.00728459765422138
0.21191823708601043 -0.3431589818477208 42 nil_vol 0.6 nil_bias 0.76 Home 0.04 0.01 0.001 0.21923740977095357 -0.34700450876746863 -0.007319172684943135 0.003845526919747816
0.21239768182170768 -0.32865345747377267 42 nil_vol 0.6 nil_bias 0.76 Home 0.04 0.01 0.001 0.22531367629276716 -0.33543958024635745 -0.01291599447105949 0.006786122772584798
0.34087486855523313 -0.12080957498106479 42 nil_vol 0.6 nil_bias 0.76 Home 0.04 0.01 0.001 0.338685610691159 -0.11965932885176034 0.002189257864074124 -0.001150246129304443
0.34518731561111177 -0.10769807483317047 42 nil_vol 0.6 nil_bias 0.76 Home 0.04 0.01 0.001 0.3450170972295444 -0.10760864131428383 0.00017021838156741626 -8.943351888663496e-05
0.4249629177237809 0.04455185004307627 42 nil_vol 0.6 nil_bias 0.76 Right 0.04 0.01 0.001 0.4 0.35 0.024962917723780884 -0.3054481499569237
0.35734150057278685 -0.06003590468492276 43 nil_vol 0.6 nil_bias 0.76 Right 0.04 0.01 0.001 0.3648299429495387 -0.06417740564250984 -0.007488442376751852 0.004141500957587082
0.36386598235440576 -0.08430524191128123 43 nil_vol 0.6 nil_bias 0.76 Right 0.04 0.01 0.001 0.3560797470146666 -0.07999904584363982 0.007786235339739174 -0.004306196067641417
0.3542974911867933 -0.13005440560100473 43 nil_vol 0.6 nil_bias 0.76 Right 0.04 0.01 0.001 0.334463172989236 -0.11908498850790014 0.019834318197557304 -0.010969417093104582
0.32012711252038367 -0.15646785225562101 43 nil_vol 0.6 nil_bias 0.76 Right 0.04 0.01 0.001 0.3152731557624664 -0.1537833598672693 0.004853956757917285 -0.002684492388351709
0.28385826957298915 -0.22522423074053946 43 nil_vol 0.6 nil_bias 0.76 Right 0.04 0.01 0.001 0.2776588185130965 -0.2217956095120756 0.006199451059892674 -0.00342862122846386
0.22965294081974702 -0.2660268860142568 43 nil_vol 0.6 nil_bias 0.76 Right 0.04 0.01 0.001 0.24768208578703832 -0.2759979477370954 -0.018029144967291296 0.009971061722838643
0.007183166266087828 -0.7090818700995982 43 nil_vol 0.6 nil_bias 0.76 Right 0.04 0.01 0.001 0.007934254249136352 -0.7094972611040993 -0.0007510879830485239 0.00041539100450110737
-0.0151985060717304 -0.7513246914130731 43 nil_vol 0.6 nil_bias 0.76 Home 0.04 0.01 0.001 0.0 -0.75 -0.0151985060717304 -0.001324691413073113
-0.10119594920910348 -0.4925738230875091 44 nil_vol 0.6 nil_bias 0.76 Home 0.04 0.01 0.001 -0.10241701377319071 -0.49298607050414434 0.0012210645640872225 0.0004122474166352601
-0.13780222929825858 -0.4176601566905421 44 nil_vol 0.6 nil_bias 0.76 Home 0.04 0.01 0.001 -0.12886654339483977 -0.414643351897503 -0.008935685903418816 -0.003016804793039088
-0.15941730443268895 -0.3371303687517879 44 nil_vol 0.6 nil_bias 0.76 Home 0.04 0.01 0.001 -0.15548424396939214 -0.3358025159394541 -0.003933060463296793 -0.001327852812333815
-0.15033743509103367 -0.3286794591242419 44 nil_vol 0.6 nil_bias 0.76 Home 0.04 0.01 0.001 -0.15711639751385584 -0.33096812577502216 0.006778962422822164 0.002288666650780243
-0.1545642184459904 -0.32974706283827054 44 nil_vol 0.6 nil_bias 0.76 Home 0.04 0.01 0.001 -0.15722532454038335 -0.3306454871682124 0.0026611060943929612 0.0008984243299418867
-0.19100113411707828 -0.21739090133416414 44 nil_vol 0.6 nil_bias 0.76 Home 0.04 0.01 0.001 -0.19500516826841147 -0.21874271579472082 0.004004034151333177 0.0013518144605566898
-0.2206869324704602 -0.1542046738755495 44 nil_vol 0.6 nil_bias 0.76 Home 0.04 0.01 0.001 -0.21719237656227744 -0.1530248659539981 -0.003494555908182748 -0.001179807921551409
-0.2601425526357895 -0.025807724236713292 44 nil_vol 0.6 nil_bias 0.76 Left 0.04 0.01 0.001 -0.4 0.35 0.13985744736421052 -0.37580772423671327
-0.14307104757526576 -0.3741961294385464 45 nil_vol 0.6 nil_bias 0.76 Left 0.04 0.01 0.001 -0.15205407215600586 -0.3769611924803588 0.008983024580740101 0.0027650630418123846
-0.1374539218217527 -0.4350337116027838 45 nil_vol 0.6 nil_bias 0.76 Left 0.04 0.01 0.001 -0.13446223442127203 -0.4341128408883186 -0.0029916874004806567 -0.0009208707144652266
-0.10462786012335466 -0.5308219435514366 45 nil_vol 0.6 nil_bias 0.76 Left 0.04 0.01 0.001 -0.10468848079826976 -0.5308406031895431 6.062067491509614e-05 1.8659638106394386e-05
-0.10107600604963807 -0.5612265170812865 45 nil_vol 0.6 nil_bias 0.76 Left 0.04 0.01 0.001 -0.09583222997815483 -0.559612431392833 -0.005243776071483236 -0.0016140856884534814
-0.08330834244940262 -0.5878099700485345 45 nil_vol 0.6 nil_bias 0.76 Left 0.04 0.01 0.001 -0.08682002971415828 -0.5888909018196662 0.00351168726475566 0.0010809317711317115
-0.0684124849329698 -0.665585093205159 45 nil_vol 0.6 nil_bias 0.76 Left 0.04 0.01 0.001 -0.06366282142132876 -0.6641231002072504 -0.004749663511641033 -0.0014619929979086646
-0.012139693063256504 -0.7616126040644212 45 nil_vol 0.6 nil_bias 0.76 Left 0.04 0.01 0.001 -0.03179254952691693 -0.7676619459742965 0.019652856463660426 0.006049341909875298
-0.023256001760049546 -0.7953951358744328 45 nil_vol 0.6 nil_bias 0.76 Home 0.04 0.01 0.001 0.0 -0.75 -0.023256001760049546 -0.045395135874432814
-0.04565279748447651 -0.7211875400084168 46 nil_vol 0.6 nil_bias 0.76 Home 0.04 0.01 0.001 -0.05235648584007489 -0.7239167652926783 0.006703688355598385 0.002729225284261562
-0.07268080226609777 -0.6484368641369942 46 nil_vol 0.6 nil_bias 0.76 Home 0.04 0.01 0.001 -0.08160663601885229 -0.6520707757792007 0.008925833752754514 0.0036339116422064647
-0.22525556014329595 -0.3002743340977375 46 nil_vol 0.6 nil_bias 0.76 Home 0.04 0.01 0.001 -0.22489139603980737 -0.30012607453879914 -0.00036416410348859003 -0.0001482595589383999
-0.26998101972521965 -0.19076783552113333 46 nil_vol 0.6 nil_bias 0.76 Home 0.04 0.01 0.001 -0.26949431433893173 -0.19056968659538054 -0.00048670538628793776 -0.00019814892575279342
-0.2649633335721549 -0.10292835965472916 46 nil_vol 0.6 nil_bias 0.76 Home 0.04 0.01 0.001 -0.29945769913748155 -0.11697180703348897 0.034494365565326625 0.014043447378759809
-0.39014756100818515 0.10957227223467456 46 nil_vol 0.6 nil_bias 0.76 Home 0.04 0.01 0.001 -0.3914698256337613 0.10903394797835775 0.001322264625576184 0.0005383242563168113
-0.4118130447011036 0.13588117909678618 46 nil_vol 0.6 nil_bias 0.76 Home 0.04 0.01 0.001 -0.4037383263612858 0.1391685821333425 -0.008074718339817781 -0.0032874030365562983
-0.4279817286223602 0.19871669433017958 46 nil_vol 0.6 nil_bias 0.76 Left 0.04 0.01 0.001 -0.4 0.35 -0.02798172862236022 -0.1512833056698204
-0.3962542678234415 0.15290676715656346 47 nil_vol 0.6 nil_bias 0.76 Left 0.04 0.01 0.001 -0.4072532295226523 0.14837764018813682 0.010998961699210835 0.0045291269684266285
-0.32552784212916847 -0.006191361211857249 47 nil_vol 0.6 nil_bias 0.76 Left 0.04 0.01 0.001 -0.34098434608679085 -0.012556004605158932 0.015456503957622396 0.0063646433933016834
-0.2564003859176576 -0.2833890461303828 47 nil_vol 0.6 nil_bias 0.76 Left 0.04 0.01 0.001 -0.23336691825487105 -0.27390437817527985 -0.023033467662786602 -0.009484667955102928
-0.2312932142791042 -0.27569844391096504 47 nil_vol 0.6 nil_bias 0.76 Left 0.04 0.01 0.001 -0.23243462366467962 -0.27616845082358077 0.0011414093855754233 0.0004700069126157453
-0.21273316607143816 -0.31876885798814675 47 nil_vol 0.6 nil_bias 0.76 Left 0.04 0.01 0.001 -0.2145796374193496 -0.3195291936822744 0.0018464713479114316 0.0007603356941276341
-0.11504202092945301 -0.5365137092615057 47 nil_vol 0.6 nil_bias 0.76 Left 0.04 0.01 0.001 -0.12375318395845514 -0.5401007717934031 0.008711163029002133 0.0035870625318974734
-0.12698764793674733 -0.5776073620251139 47 nil_vol 0.6 nil_bias 0.76 Left 0.04 0.01 0.001 -0.11101683235415244 -0.5710309365823297 -0.015970815582594902 -0.006576425442784175
-0.02391996000847677 -0.7825452460131234 47 nil_vol 0.6 nil_bias 0.76 Home 0.04 0.01 0.001 0.0 -0.75 -0.02391996000847677 -0.032545246013123405
-0.059457820877381745 -0.6056844643391448 48 nil_vol 0.6 nil_bias 0.76 Home 0.04 0.01 0.001 -0.05932934289638628 -0.6056587454402633 -0.0001284779809954685 -2.571889888149053e-05
-0.061773337682661335 -0.5751311567647993 48 nil_vol 0.6 nil_bias 0.76 Home 0.04 0.01 0.001 -0.06529911073728323 -0.5758369508624984 0.0035257730546218924 0.0007057940976991437
-0.08243350012943758 -0.48645941241381346 48 nil_vol 0.6 nil_bias 0.76 Home 0.04 0.01 0.001 -0.08316165040775794 -0.4866051745376696 0.0007281502783203622 0.00014576212385615788
-0.08704027540341835 -0.4734460523462324 48 nil_vol 0.6 nil_bias 0.76 Home 0.04 0.01 0.001 -0.08584380715374076 -0.4732065416869743 -0.0011964682496775926 -0.00023951065925808182
-0.10236233926696392 -0.3632982987324241 48 nil_vol 0.6 nil_bias 0.76 Home 0.04 0.01 0.001 -0.10763413583755588 -0.3643536142181774 0.0052717965705919535 0.0010553154857533538
-0.12603479536429876 -0.21970686543812754 48 nil_vol 0.6 nil_bias 0.76 Home 0.04 0.01 0.001 -0.13618305395164437 -0.22173835779509699 0.010148258587345598 0.0020314923569694407
-0.22395228009499563 0.19472512454502652 48 nil_vol 0.6 nil_bias 0.76 Home 0.04 0.01 0.001 -0.21972085074985992 0.19557217788917547 -0.004231429345135702 -0.0008470533441489497
-0.2570931170069671 0.38226420292737684 48 nil_vol 0.6 nil_bias 0.76 Left 0.04 0.01 0.001 -0.4 0.35 0.14290688299303295 0.03226420292737688
-0.10191408643706734 -0.23486164832978082 49 nil_vol 0.6 nil_bias 0.76 Left 0.04 0.01 0.001 -0.11429024274056254 -0.23771232189843883 0.012376156303495204 0.002850673568658004
-0.09812294249102554 -0.32252878167429777 49 nil_vol 0.6 nil_bias 0.76 Left 0.04 0.01 0.001 -0.09492369867862885 -0.32179188085048416 -0.0031992438123966903 -0.0007369008238136337
-0.0685772723827759 -0.4371865405428769 49 nil_vol 0.6 nil_bias 0.76 Left 0.04 0.01 0.001 -0.06835590603296654 -0.43713555191709386 -0.00022136634980936747 -5.098862578308339e-05
-0.06429245591947616 -0.48251415494456845 49 nil_vol 0.6 nil_bias 0.76 Left 0.04 0.01 0.001 -0.05822546499332887 -0.481116708899905 -0.006066990926147299 -0.0013974460446634545
-0.06082806425835848 -0.4857436947270808 49 nil_vol 0.6 nil_bias 0.76 Left 0.04 0.01 0.001 -0.05734452197039702 -0.4849413097472798 -0.0034835422879614616 -0.0008023849798010121
-0.045162012168706384 -0.6074272267058659 49 nil_vol 0.6 nil_bias 0.76 Left 0.04 0.01 0.001 -0.029939251567298653 -0.6039208778666721 -0.015222760601407728 -0.0035063488391937994
-0.014745948545673473 -0.6213480870325033 49 nil_vol 0.6 nil_bias 0.76 Left 0.04 0.01 0.001 -0.025361912794120894 -0.6237933251134349 0.010615964248447421 0.0024452380809315403
0.012392586975787045 -0.7877039164382149 49 nil_vol 0.6 nil_bias 0.76 Home 0.04 0.01 0.001 0.0 -0.75 0.012392586975787045 -0.0377039164382149
0.05560647246086875 -0.6384142688475911 50 nil_vol 0.6 nil_bias 0.76 Home 0.04 0.01 0.001 0.0655405985771837 -0.6420388795387908 -0.009934126116314949 0.0036246106911996525
0.09193272403173011 -0.6038169361703977 50 nil_vol 0.6 nil_bias 0.76 Home 0.04 0.01 0.001 0.08094869343654162 -0.5998092525290154 0.010984030595188484 -0.004007683641382316
0.19690546236233955 -0.27901047076399565 50 nil_vol 0.6 nil_bias 0.76 Home 0.04 0.01 0.001 0.1978685871138755 -0.2793618808659515 -0.0009631247515359485 0.0003514101019558197
0.21915664632658394 -0.2361835189041978 50 nil_vol 0.6 nil_bias 0.76 Home 0.04 0.01 0.001 0.21427298483456528 -0.2344016438354789 0.004883661492018663 -0.0017818750687188971
0.32827208403343544 0.05381035463875149 50 nil_vol 0.6 nil_bias 0.76 Home 0.04 0.01 0.001 0.3204699949507127 0.05665706054642916 0.007802089082722719 -0.0028467059076776762
0.39893143666935804 0.25327361988151753 50 nil_vol 0.6 nil_bias 0.76 Home 0.04 0.01 0.001 0.392998271541898 0.25543842164685104 0.00593316512746004 -0.002164801765333538
0.39937460817957177 0.2915329473312417 50 nil_vol 0.6 nil_bias 0.76 Home 0.04 0.01 0.001 0.4053697721323672 0.289345524390928 -0.005995163952795427 0.002187422940313731
0.41710154209707384 0.32149928994703453 50 nil_vol 0.6 nil_bias 0.76 Right 0.04 0.01 0.001 0.4 0.35 0.017101542097073825 -0.02850071005296543
0.3617663491635748 0.21757093850845724 51 nil_vol 0.6 nil_bias 0.76 Right 0.04 0.01 0.001 0.3713231393156955 0.2135193115729057 -0.009556790152120685 0.004051626935551519
0.3605320800232209 0.16884505652193163 51 nil_vol 0.6 nil_bias 0.76 Right 0.04 0.01 0.001 0.35362484629497537 0.17177339687241003 0.006907233728245553 -0.0029283403504784017
0.2592863651163156 -0.023206474516718624 51 nil_vol 0.6 nil_bias 0.76 Right 0.04 0.01 0.001 0.2691836984613573 -0.027402475656495118 -0.009897333345041701 0.004196001139776495
0.1697292040655284 -0.23505696468664428 51 nil_vol 0.6 nil_bias 0.76 Right 0.04 0.01 0.001 0.1794083317206173 -0.23916045693621485 -0.009679127655088878 0.004103492249570584
0.15008428392966483 -0.3245919387853251 51 nil_vol 0.6 nil_bias 0.76 Right 0.04 0.01 0.001 0.14423987484853962 -0.3221141858077509 0.005844409081125214 -0.0024777529775742
0.10047103053128914 -0.4232831386789029 51 nil_vol 0.6 nil_bias 0.76 Right 0.04 0.01 0.001 0.1012152599470223 -0.4235986567450127 -0.0007442294157331503 0.00031551806610978966
-0.017171678294478476 -0.7156610756853866 51 nil_vol 0.6 nil_bias 0.76 Right 0.04 0.01 0.001 -0.02177754922132652 -0.713708404295532 0.004605870926848045 -0.001952671389854697
-0.042805619119673795 -0.7633084426305706 51 nil_vol 0.6 nil_bias 0.76 Home 0.04 0.01 0.001 0.0 -0.75 -0.042805619119673795 -0.013308442630570613
-0.13752809640978875 -0.6085791125515869 52 nil_vol 0.6 nil_bias 0.76 Home 0.04 0.01 0.001 -0.14118721179465002 -0.6109417656358744 0.0036591153848612597 0.00236265308428752
-0.18657220735293725 -0.542560033508464 52 nil_vol 0.6 nil_bias 0.76 Home 0.04 0.01 0.001 -0.18570298380950745 -0.5419987848267973 -0.0008692235434298128 -0.0005612486816667143
-0.2978083221508373 -0.3952817662086405 52 nil_vol 0.6 nil_bias 0.76 Home 0.04 0.01 0.001 -0.2855481162379441 -0.38736547763410145 -0.012260205912893202 -0.007916288574539038
-0.3970035273205664 -0.23884611591182484 52 nil_vol 0.6 nil_bias 0.76 Home 0.04 0.01 0.001 -0.38602334271743644 -0.23175632390199596 -0.010980184603129915 -0.0070897920098288636
-0.446142721414963 -0.10552674120435246 52 nil_vol 0.6 nil_bias 0.76 Home 0.04 0.01 0.001 -0.4612359055074936 -0.1152722545859396 0.015093184092530616 0.009745513381587141
-0.48502560156255786 -0.07547686355554555 52 nil_vol 0.6 nil_bias 0.76 Home 0.04 0.01 0.001 -0.48637062047074603 -0.07634532839953578 0.0013450189081881721 0.0008684648439902389
-0.6176983339028775 0.1460508892638985 52 nil_vol 0.6 nil_bias 0.76 Home 0.04 0.01 0.001 -0.6263588606235851 0.14045887643672983 0.008660526720707652 0.005592012827168676
-0.7261996187497444 0.29508540900945807 52 nil_vol 0.6 nil_bias 0.76 Left 0.04 0.01 0.001 -0.4 0.35 -0.3261996187497444 -0.054914590990541905
-0.6468763260992646 0.20090030425635372 53 nil_vol 0.6 nil_bias 0.76 Left 0.04 0.01 0.001 -0.6601164684272538 0.19238117795755938 0.013240142327989207 0.008519126298794344
-0.6245276125384028 0.14194078457695353 53 nil_vol 0.6 nil_bias 0.76 Left 0.04 0.01 0.001 -0.6267439506964547 0.1405147225134539 0.0022163381580518862 0.0014260620634996416
-0.6214542277175059 0.11430029268630842 53 nil_vol 0.6 nil_bias 0.76 Left 0.04 0.01 0.001 -0.6132665082250686 0.11956853034775108 -0.008187719492437321 -0.005268237661442662
-0.4769415966826464 -0.1110835114483597 53 nil_vol 0.6 nil_bias 0.76 Left 0.04 0.01 0.001 -0.46839571956878506 -0.10558482384641021 -0.008545877113861343 -0.005498687601949486
-0.3595379171924175 -0.29181181585565785 53 nil_vol 0.6 nil_bias 0.76 Left 0.04 0.01 0.001 -0.3517822589355001 -0.2868215800572636 -0.007755658256917456 -0.004990235798394271
-0.34109966228688676 -0.2998377260198428 53 nil_vol 0.6 nil_bias 0.76 Left 0.04 0.01 0.001 -0.34273162109080185 -0.3008877799256526 0.0016319588039150695 0.0010500539058097324
-0.0859099785358396 -0.7203653078016806 53 nil_vol 0.6 nil_bias 0.76 Left 0.04 0.01 0.001 -0.07665720226622064 -0.7144117789269391 -0.009252776269618974 -0.005953528874741525
-0.02607927686650648 -0.7930183058710705 53 nil_vol 0.6 nil_bias 0.76 Home 0.04 0.01 0.001 0.0 -0.75 -0.02607927686650648 -0.04301830587107048
-0.07228928216851337 -0.6566974808151957 54 nil_vol 0.6 nil_bias 0.76 Home 0.04 0.01 0.001 -0.07387749001505774 -0.6572566482450931 0.0015882078465443638 0.0005591674298974042
-0.09162549975263545 -0.6067655710821656 54 nil_vol 0.6 nil_bias 0.76 Home 0.04 0.01 0.001 -0.09165095385849052 -0.6067745328228988 2.5454105855063654e-05 8.961740733293143e-06
-0.1455332642041108 -0.4685437915413892 54 nil_vol 0.6 nil_bias 0.76 Home 0.04 0.01 0.001 -0.14089358623384945 -0.4669102793963463 -0.004639677970261356 -0.0016335121450428986
-0.2114567333684997 -0.2870157773987965 54 nil_vol 0.6 nil_bias 0.76 Home 0.04 0.01 0.001 -0.20502686992592184 -0.2847519866590641 -0.006429863442577861 -0.0022637907397324445
-0.2568744821066849 -0.1346233157130177 54 nil_vol 0.6 nil_bias 0.76 Home 0.04 0.01 0.001 -0.25777207874619257 -0.13493933657079782 0.0008975966395076805 0.00031602085778011335
-0.2795831874371851 -0.0356070719812321 54 nil_vol 0.6 nil_bias 0.76 Home 0.04 0.01 0.001 -0.29129293436224074 -0.03972977488002394 0.011709746925055643 0.00412270289879184
-0.35201397286938857 0.14583227020681824 54 nil_vol 0.6 nil_bias 0.76 Home 0.04 0.01 0.001 -0.35611610650595155 0.1443880136961585 0.00410213363656295 0.0014442565106597487
-0.4017344597365832 0.27395819728252213 54 nil_vol 0.6 nil_bias 0.76 Left 0.04 0.01 0.001 -0.4 0.35 -0.001734459736583214 -0.07604180271747783
-0.3757485296510132 0.2231400454852274 55 nil_vol 0.6 nil_bias 0.76 Left 0.04 0.01 0.001 -0.38132277615985 0.22099189195237512 0.0055742465088368335 0.002148153532852272
-0.3428758251228191 0.11887938429184058 55 nil_vol 0.6 nil_bias 0.76 Left 0.04 0.01 0.001 -0.3420884936188492 0.11918279910298998 -0.0007873315039699469 -0.0003034148111494007
-0.31514342364075926 0.012559680780165023 55 nil_vol 0.6 nil_bias 0.76 Left 0.04 0.01 0.001 -0.30282799936130606 0.017305689434884974 -0.012315424279453223 -0.004746008654719952
-0.1954527112110754 -0.24496681619591126 55 nil_vol 0.6 nil_bias 0.76 Left 0.04 0.01 0.001 -0.2009407245060381 -0.24708173793990396 0.005488013294962673 0.00211492174399268
-0.1166057355310243 -0.4926966063545793 55 nil_vol 0.6 nil_bias 0.76 Left 0.04 0.01 0.001 -0.10762202957722689 -0.48923454567029445 -0.008983705953797418 -0.0034620606842848197
-0.05759153819000876 -0.5909914012559863 55 nil_vol 0.6 nil_bias 0.76 Left 0.04 0.01 0.001 -0.06700924566741884 -0.5946207135867014 0.009417707477410072 0.0036293123307152056
-0.06674522771678969 -0.6263219823628371 55 nil_vol 0.6 nil_bias 0.76 Left 0.04 0.01 0.001 -0.05633806908176753 -0.622311364146844 -0.010407158635022154 -0.004010618215993087
-0.009385195609099627 -0.744149439048018 55 nil_vol 0.6 nil_bias 0.76 Home 0.04 0.01 0.001 0.0 -0.75 -0.009385195609099627 0.005850560951982012
-0.038711445208899145 -0.6939320179964159 56 nil_vol 0.6 nil_bias 0.76 Home 0.04 0.01 0.001 -0.04110368748138721 -0.6954914392082692 0.002392242272488066 0.0015594212118532316
-0.04994935927404927 -0.687007216100658 56 nil_vol 0.6 nil_bias 0.76 Home 0.04 0.01 0.001 -0.04762286057269849 -0.6854906508823442 -0.002326498701350778 -0.0015165652183138144
-0.05267620089748058 -0.6794562142686089 56 nil_vol 0.6 nil_bias 0.76 Home 0.04 0.01 0.001 -0.051890409742776256 -0.6789439837939513 -0.0007857911547043297 -0.000512230474657616
-0.07082845252614196 -0.6448245396518244 56 nil_vol 0.6 nil_bias 0.76 Home 0.04 0.01 0.001 -0.07314664499526731 -0.6463356903204198 0.0023181924691253416 0.0015111506685953813
-0.09311387317569382 -0.6056845418682308 56 nil_vol 0.6 nil_bias 0.76 Home 0.04 0.01 0.001 -0.0976978695148311 -0.6086726928630185 0.004583996339137277 0.0029881509947876275
-0.23229013774102833 -0.3989974092033051 56 nil_vol 0.6 nil_bias 0.76 Home 0.04 0.01 0.001 -0.23375540609777987 -0.39995256770997223 0.001465268356751542 0.00095515850666713
-0.4036245197382512 -0.13601837034460929 56 nil_vol 0.6 nil_bias 0.76 Home 0.04 0.01 0.001 -0.4051548378772622 -0.13701593258749012 0.001530318139011002 0.000997562242880826
-0.49429569780885774 -0.00026870117021549067 56 nil_vol 0.6 nil_bias 0.76 Left 0.04 0.01 0.001 -0.4 0.35 -0.09429569780885769 -0.35026870117021547
-0.48019025651647435 -0.007384004401718509 57 nil_vol 0.6 nil_bias 0.76 Left 0.04 0.01 0.001 -0.48706687402486715 -0.01172361441371717 0.006876617508392792 0.0043396100119986614
-0.452131592857669 -0.08236718918280782 57 nil_vol 0.6 nil_bias 0.76 Left 0.04 0.01 0.001 -0.4452332478026602 -0.07801386762167675 -0.006898345055008815 -0.004353321561131064
-0.43815279718775857 -0.09756364938081119 57 nil_vol 0.6 nil_bias 0.76 Left 0.04 0.01 0.001 -0.43439324344169833 -0.09519111709191509 -0.003759553746060249 -0.0023725322888960977
-0.37038354608395435 -0.1927459273885105 57 nil_vol 0.6 nil_bias 0.76 Left 0.04 0.01 0.001 -0.37213289776190855 -0.19384988642751355 0.0017493516779542148 0.0011039590390030374
-0.3117034064996251 -0.2667197701853844 57 nil_vol 0.6 nil_bias 0.76 Left 0.04 0.01 0.001 -0.32203325656228776 -0.2732386031290031 0.010329850062662706 0.006518832943618701
-0.2826621437876211 -0.3441566283238483 57 nil_vol 0.6 nil_bias 0.76 Left 0.04 0.01 0.001 -0.2788123568333578 -0.3417271527873083 -0.0038497869542632886 -0.0024294755365399804
-0.24946517379250654 -0.3852042005755247 57 nil_vol 0.6 nil_bias 0.76 Left 0.04 0.01 0.001 -0.25083133515561373 -0.386066340649785 0.0013661613631071822 0.0008621400742603329
-0.04595030935870702 -0.7107241889903096 57 nil_vol 0.6 nil_bias 0.76 Home 0.04 0.01 0.001 0.0 -0.75 -0.04595030935870702 0.03927581100969038
-0.10435640662743165 -0.4741816138309395 58 nil_vol 0.6 nil_bias 0.76 Home 0.04 0.01 0.001 -0.09696829980989635 -0.472598724058202 -0.0073881068175352975 -0.0015828897727374464
-0.10662262883678601 -0.37375535378994096 58 nil_vol 0.6 nil_bias 0.76 Home 0.04 0.01 0.001 -0.11763962376748477 -0.37611572689130346 0.011016994930698751 0.002360373101362517
-0.12441275082640332 -0.3058647379440994 58 nil_vol 0.6 nil_bias 0.76 Home 0.04 0.01 0.001 -0.13232747830214486 -0.30756045532945453 0.007914727475741543 0.0016957173853551285
-0.16933403714224116 -0.0534934159057542 58 nil_vol 0.6 nil_bias 0.76 Home 0.04 0.01 0.001 -0.18599609707864728 -0.05706323492941501 0.016662059936406123 0.0035698190236608056
-0.21762051667964932 0.10634795240418857 58 nil_vol 0.6 nil_bias 0.76 Home 0.04 0.01 0.001 -0.22085806494377197 0.10565431299661254 0.0032375482641226537 0.0006936394075760312
-0.2566956615502014 0.31195203953904865 58 nil_vol 0.6 nil_bias 0.76 Home 0.04 0.01 0.001 -0.26469005318452093 0.3102392542383289 0.007994391634319514 0.0017127853007197944
-0.3214214708636548 0.5375167628015635 58 nil_vol 0.6 nil_bias 0.76 Home 0.04 0.01 0.001 -0.3137366387013033 0.5391632254929418 -0.007684832162351502 -0.0016464626913783617
-0.3152253625436008 0.5461118146860374 58 nil_vol 0.6 nil_bias 0.76 Left 0.04 0.01 0.001 -0.4 0.35 0.08477463745639927 0.19611181468603744
-0.313997509476715 0.49272630678468526 59 nil_vol 0.6 nil_bias 0.76 Left 0.04 0.01 0.001 -0.3042109466408047 0.4948282120282148 -0.009786562835910275 -0.002101905243529546
-0.27022138141111063 0.2829386351880328 59 nil_vol 0.6 nil_bias 0.76 Left 0.04 0.01 0.001 -0.25921036257828445 0.2853035224941661 -0.011011018832826205 -0.002364887306133286
-0.23262970029710459 0.179387201125372 59 nil_vol 0.6 nil_bias 0.76 Left 0.04 0.01 0.001 -0.23629323370804858 0.17860036715563 0.0036635334109440016 0.0007868339697420074
-0.2291817498351928 0.15474030095661756 59 nil_vol 0.6 nil_bias 0.76 Left 0.04 0.01 0.001 -0.23108108446631587 0.1543323720966785 0.0018993346311230743 0.00040792885993905936
-0.12267888039870248 -0.409834124594975 59 nil_vol 0.6 nil_bias 0.76 Left 0.04 0.01 0.001 -0.1104753688170367 -0.40721312012046673 -0.012203511581665777 -0.002621004474508236
-0.11156366297164562 -0.4299467827531459 59 nil_vol 0.6 nil_bias 0.76 Left 0.04 0.01 0.001 -0.10585603734924681 -0.42872092967020214 -0.005707625622398801 -0.0012258530829437795
-0.0538130652485007 -0.6724971387252228 59 nil_vol 0.6 nil_bias 0.76 Left 0.04 0.01 0.001 -0.05351294063305062 -0.6724326795771537 -0.00030012461545008106 -6.445914806903076e-05
-0.0493341457640741 -0.6918893314359906 59 nil_vol 0.6 nil_bias 0.76 Home 0.04 0.01 0.001 0.0 -0.75 -0.0493341457640741 0.058110668564009406
-0.18464892452114473 -0.5160282759504302 60 nil_vol 0.6 nil_bias 0.76 Home 0.04 0.01 0.001 -0.17811729013905397 -0.5113686199653593 -0.006531634382090744 -0.004659655985070847
-0.30403914958546774 -0.3325988056064075 60 nil_vol 0.6 nil_bias 0.76 Home 0.04 0.01 0.001 -0.30510758266314036 -0.33336102380384297 0.001068433077672641 0.0007622181974355068
-0.3334392737319606 -0.3081208533748936 60 nil_vol 0.6 nil_bias 0.76 Home 0.04 0.01 0.001 -0.3265964431926188 -0.30323919062216875 -0.006842830539341747 -0.004881662752724845
-0.3255579964893076 -0.2867500610908248 60 nil_vol 0.6 nil_bias 0.76 Home 0.04 0.01 0.001 -0.33404195701821365 -0.29280250296724347 0.008483960528906067 0.006052441876418667
-0.6040421696005952 0.08375379188319523 60 nil_vol 0.6 nil_bias 0.76 Home 0.04 0.01 0.001 -0.6031371333210245 0.08439944310463698 -0.0009050362795706848 -0.0006456512214417461
-0.7203154437604589 0.2509908626250512 60 nil_vol 0.6 nil_bias 0.76 Home 0.04 0.01 0.001 -0.7214206606628364 0.25020240291455587 0.0011052169023774777 0.0007884597104953398
-0.7445246752128822 0.2632584110304503 60 nil_vol 0.6 nil_bias 0.76 Home 0.04 0.01 0.001 -0.7353858689937661 0.26977801862086725 -0.009138806219116157 -0.006519607590416972
-0.8335713652800096 0.40740872900390424 60 nil_vol 0.6 nil_bias 0.76 Left 0.04 0.01 0.001 -0.4 0.35 -0.4335713652800096 0.05740872900390424
-0.5655049322832859 0.012821324779600768 61 nil_vol 0.6 nil_bias 0.76 Left 0.04 0.01 0.001 -0.5561957093243579 0.019477535646068078 -0.00930922295892798 -0.006656210866467311
-0.5546848398883454 0.005778005835693164 61 nil_vol 0.6 nil_bias 0.76 Left 0.04 0.01 0.001 -0.5492029508997707 0.009697625036512114 -0.005481888988574744 -0.00391961920081895
-0.5231884354021924 -0.042561183517183424 61 nil_vol 0.6 nil_bias 0.76 Left 0.04 0.01 0.001 -0.5156772759310368 -0.037190610536790236 -0.007511159471155561 -0.005370572980393186
-0.32166791428921665 -0.3091839226975713 61 nil_vol 0.6 nil_bias 0.76 Left 0.04 0.01 0.001 -0.3213574023439507 -0.3089619027724534 -0.0003105119452659362 -0.00022201992511790023
-0.10246409636783683 -0.6338369306119304 61 nil_vol 0.6 nil_bias 0.76 Left 0.04 0.01 0.001 -0.09359960280685686 -0.6274987068282002 -0.008864493560979968 -0.006338223783730182
-0.07018944474528692 -0.6576568473982463 61 nil_vol 0.6 nil_bias 0.76 Left 0.04 0.01 0.001 -0.07141142588041272 -0.6585305791958548 0.0012219811351257969 0.000873731797608492
-0.05730385235482779 -0.6898269392866317 61 nil_vol 0.6 nil_bias 0.76 Left 0.04 0.01 0.001 -0.05183172375428535 -0.6859142988853505 -0.005472128600542436 -0.003912640401281307
0.003788472179002621 -0.7637034217586529 61 nil_vol 0.6 nil_bias 0.76 Home 0.04 0.01 0.001 0.0 -0.75 0.003788472179002621 -0.01370342175865287
-0.07247622177096262 -0.6624556296750157 62 nil_vol 0.6 nil_bias 0.76 Home 0.04 0.01 0.001 -0.06085882072573871 -0.6555138034629158 -0.011617401045223907 -0.006941826212099966
-0.1333159319022119 -0.5589021324796523 62 nil_vol 0.6 nil_bias 0.76 Home 0.04 0.01 0.001 -0.12246293075699995 -0.5524170634408455 -0.010853001145211951 -0.006485069038806796
-0.25240564848919894 -0.339229475639995 62 nil_vol 0.6 nil_bias 0.76 Home 0.04 0.01 0.001 -0.2505226970675949 -0.3381043426189588 -0.001882951421604074 -0.0011251330210362148
-0.2555486921690321 -0.3107800666456954 62 nil_vol 0.6 nil_bias 0.76 Home 0.04 0.01 0.001 -0.2638765104337236 -0.31575624564600696 0.008327818264691561 0.004976179000311555
-0.31712433322598194 -0.24937311508040763 62 nil_vol 0.6 nil_bias 0.76 Home 0.04 0.01 0.001 -0.30711626680545867 -0.2433929257471843 -0.010008066420523239 -0.005980189333223341
-0.4141238620855053 -0.09189064738673454 62 nil_vol 0.6 nil_bias 0.76 Home 0.04 0.01 0.001 -0.4019803275664393 -0.08463443699132522 -0.012143534519065946 -0.007256210395409312
-0.5141464522801584 0.13163557671636822 62 nil_vol 0.6 nil_bias 0.76 Home 0.04 0.01 0.001 -0.5267201905379617 0.12412230369753008 0.012573738257803242 0.0075132730188381324
-0.5724364904449696 0.20063021013253987 62 nil_vol 0.6 nil_bias 0.76 Left 0.04 0.01 0.001 -0.4 0.35 -0.1724364904449696 -0.1493697898674601
-0.3528520169972329 -0.16177224197037698 63 nil_vol 0.6 nil_bias 0.76 Left 0.04 0.01 0.001 -0.35067334729796645 -0.16043411853355508 -0.002178669699266472 -0.001338123436821905
-0.2820835181129975 -0.2991063912309524 63 nil_vol 0.6 nil_bias 0.76 Left 0.04 0.01 0.001 -0.27004365575474065 -0.2917115933856812 -0.012039862358256817 -0.0073947978452711715
-0.24004733416849441 -0.3258847299392308 63 nil_vol 0.6 nil_bias 0.76 Left 0.04 0.01 0.001 -0.24658756718730668 -0.3299016945519464 0.006540233018812251 0.0040169646127155975
-0.21020023907576424 -0.3685857067643107 63 nil_vol 0.6 nil_bias 0.76 Left 0.04 0.01 0.001 -0.21936926404358215 -0.37421725669882955 0.009169024967817902 0.005631549934518871
-0.19727141326423128 -0.3981739746959755 63 nil_vol 0.6 nil_bias 0.76 Left 0.04 0.01 0.001 -0.20263274678648918 -0.40146686762103323 0.005361333522257894 0.003292892925057732
-0.028678708166463507 -0.6742235256234126 63 nil_vol 0.6 nil_bias 0.76 Left 0.04 0.01 0.001 -0.03334664691376066 -0.6770905404084029 0.0046679387472971495 0.002867014784990325
-0.03016439928360141 -0.6849569556739329 63 nil_vol 0.6 nil_bias 0.76 Left 0.04 0.01 0.001 -0.02896689036398492 -0.6842214542109614 -0.0011975089196164912 -0.0007355014629714713
0.005701618020963265 -0.7406670904345087 63 nil_vol 0.6 nil_bias 0.76 Home 0.04 0.01 0.001 0.0 -0.75 0.005701618020963265 0.009332909565491244
