x y trial vol omega bias theta state target_sigma moving_sigma staying_sigma x_mean y_mean x_noise y_noise
-0.0065553716507699995 -0.7473460403093751 0 nil_vol 0.6 nil_bias 0.43 Home 0.04 0.01 0.001 -0.0008123172370673953 -0.7461380531719574 -0.005743054413702604 -0.0012079871374177144
-0.009621089810939636 -0.6300624289760772 0 nil_vol 0.6 nil_bias 0.43 Home 0.04 0.01 0.001 -0.024566311412459914 -0.6332059888590237 0.014945221601520278 0.003143559882946418
-0.08723058366179683 -0.3808677119010259 0 nil_vol 0.6 nil_bias 0.43 Home 0.04 0.01 0.001 -0.07804905320484039 -0.37893647986057205 -0.009181530456956443 -0.0019312320404538503
-0.15839946743196176 -0.06316940997327165 0 nil_vol 0.6 nil_bias 0.43 Home 0.04 0.01 0.001 -0.14505740283596397 -0.06036305620094673 -0.013342064595997795 -0.002806353772324924
-0.15568495251988837 -0.005713533099008952 0 nil_vol 0.6 nil_bias 0.43 Home 0.04 0.01 0.001 -0.1565155691217261 -0.005888243993050213 0.0008306166018377323 0.00017471089404126093
-0.15137166782704325 0.0012457954620011514 0 nil_vol 0.6 nil_bias 0.43 Home 0.04 0.01 0.001 -0.157734621961078 -9.258063479389289e-05 0.006362954134034745 0.0013383760967950443
-0.17096626964250053 0.008379221887311486 0 nil_vol 0.6 nil_bias 0.43 Home 0.04 0.01 0.001 -0.16000167093484513 0.010685502352666743 -0.010964598707655392 -0.0023062804653552573
-0.2326184360893411 0.35592264992762734 0 nil_vol 0.6 nil_bias 0.43 Left 0.04 0.01 0.001 -0.4 0.35 0.16738156391065892 0.005922649927627352
-0.23555955780160975 0.34096624253161517 1 nil_vol 0.6 nil_bias 0.43 Left 0.04 0.01 0.001 -0.23002892156794225 0.341994495244597 -0.005530636233667508 -0.001028252712981844
-0.21806264760303667 0.28827297033391575 1 nil_vol 0.6 nil_bias 0.43 Left 0.04 0.01 0.001 -0.21997494593531947 0.2879174369259815 0.0019122983322827942 0.0003555334079342472
-0.1790390816826751 0.07471626676914553 1 nil_vol 0.6 nil_bias 0.43 Left 0.04 0.01 0.001 -0.1802933516584005 0.0744830736154356 0.001254269975725386 0.00023319315370992353
-0.14191814337596914 -0.1864867187046119 1 nil_vol 0.6 nil_bias 0.43 Left 0.04 0.01 0.001 -0.13211292520770362 -0.18466373817272974 -0.009805218168265514 -0.001822980531882149
-0.09835740929774225 -0.3182380693128682 1 nil_vol 0.6 nil_bias 0.43 Left 0.04 0.01 0.001 -0.10698078632388985 -0.31984132261819753 0.008623377026147598 0.001603253305329327
-0.09225853129445982 -0.36148599513745805 1 nil_vol 0.6 nil_bias 0.43 Left 0.04 0.01 0.001 -0.09900503292340682 -0.36274030084660447 0.006746501628946993 0.0012543057091464137
-0.06067442569129303 -0.5290629773128178 1 nil_vol 0.6 nil_bias 0.43 Left 0.04 0.01 0.001 -0.06783490698213132 -0.5303942498830041 0.007160481290838292 0.0013312725701863338
-0.024744954974540174 -0.7621610586367441 1 nil_vol 0.6 nil_bias 0.43 Home 0.04 0.01 0.001 0.0 -0.75 -0.024744954974540174 -0.012161058636744056
0.044619239487749575 -0.6129523733762616 2 nil_vol 0.6 nil_bias 0.43 Home 0.04 0.01 0.001 0.05584106907080488 -0.619281645075177 -0.01122182958305531 0.00632927169891543
0.07497049925246882 -0.5591168809553835 2 nil_vol 0.6 nil_bias 0.43 Home 0.04 0.01 0.001 0.0862019825299425 -0.5654515974754326 -0.011231483277473685 0.006334716520049094
0.19518063917594008 -0.35213397472827745 2 nil_vol 0.6 nil_bias 0.43 Home 0.04 0.01 0.001 0.20378045464030528 -0.35698439312321467 -0.008599815464365187 0.004850418394937192
0.3609328781468375 -0.07110589394851878 2 nil_vol 0.6 nil_bias 0.43 Home 0.04 0.01 0.001 0.36403361702614395 -0.07285475483517445 -0.003100738879306433 0.0017488608866556713
0.4055265875559957 -0.0009291221995831885 2 nil_vol 0.6 nil_bias 0.43 Home 0.04 0.01 0.001 0.4048241515266214 -0.0005329382753743728 0.0007024360293743233 -0.00039618392420881574
0.562064885169612 0.2509774744251027 2 nil_vol 0.6 nil_bias 0.43 Home 0.04 0.01 0.001 0.5503926765270659 0.2575607663275795 0.011672208642546061 -0.006583291902476821
0.5587710039617357 0.2820931461336558 2 nil_vol 0.6 nil_bias 0.43 Home 0.04 0.01 0.001 0.562911990375196 0.27975757082320174 -0.004140986413460241 0.0023355753104540825
0.5739804357579823 0.299381978455484 2 nil_vol 0.6 nil_bias 0.43 Right 0.04 0.01 0.001 0.4 0.35 0.17398043575798228 -0.050618021544515994
0.3521079622580092 -0.1140176258813714 3 nil_vol 0.6 nil_bias 0.43 Right 0.04 0.01 0.001 0.36211550068513954 -0.11908433356653242 -0.010007538427130291 0.005066707685161016
0.2629523176496966 -0.29012142340690705 3 nil_vol 0.6 nil_bias 0.43 Right 0.04 0.01 0.001 0.2729568396426106 -0.29518660390428486 -0.010004521992913944 0.005065180497377823
0.23904760491410937 -0.3514591463527088 3 nil_vol 0.6 nil_bias 0.43 Right 0.04 0.01 0.001 0.24336101404625105 -0.353642978406735 -0.004313409132141674 0.0021838320540261856
0.16587769989214224 -0.5360369193466862 3 nil_vol 0.6 nil_bias 0.43 Right 0.04 0.01 0.001 0.15404898686614077 -0.5300481708016964 0.011828713026001483 -0.005988748544989788
0.10834271556835856 -0.6361663178535524 3 nil_vol 0.6 nil_bias 0.43 Right 0.04 0.01 0.001 0.10195888402621278 -0.6329342534881859 0.006383831542145772 -0.0032320643653664556
0.07964782479875868 -0.6525155142654102 3 nil_vol 0.6 nil_bias 0.43 Right 0.04 0.01 0.001 0.08951568869091375 -0.6575115062551049 -0.009867863892155082 0.004995991989694721
0.07927426317541518 -0.6969602095733592 3 nil_vol 0.6 nil_bias 0.43 Right 0.04 0.01 0.001 0.07152866001901081 -0.693038695074612 0.007745603156404369 -0.003921514498747225
0.04829274759796354 -0.7389332484793986 3 nil_vol 0.6 nil_bias 0.43 Home 0.04 0.01 0.001 0.0 -0.75 0.04829274759796354 0.011066751520601478
0.10819778190320553 -0.48558640508590994 4 nil_vol 0.6 nil_bias 0.43 Home 0.04 0.01 0.001 0.10373317277067456 -0.4846131441273706 0.004464609132530966 -0.0009732609585393622
0.11859783925862873 -0.3481157000184199 4 nil_vol 0.6 nil_bias 0.43 Home 0.04 0.01 0.001 0.13281334246513912 -0.35121460383422703 -0.014215503206510396 0.0030989038158071554
0.1917030639512485 -0.11786728367692481 4 nil_vol 0.6 nil_bias 0.43 Home 0.04 0.01 0.001 0.18404570322696648 -0.11619801991448397 0.007657360724282025 -0.001669263762440843
0.20561596171553667 0.04323430566937504 4 nil_vol 0.6 nil_bias 0.43 Home 0.04 0.01 0.001 0.21820294466186527 0.040490410577148306 -0.012586982946328604 0.002743895092226736
0.24065693783084774 0.16513487641882238 4 nil_vol 0.6 nil_bias 0.43 Home 0.04 0.01 0.001 0.24516074443274283 0.1641530706212001 -0.004503806601895079 0.000981805797622287
0.2545499405061574 0.19877895836871973 4 nil_vol 0.6 nil_bias 0.43 Home 0.04 0.01 0.001 0.2527925187480952 0.1991620669307541 0.0017574217580621839 -0.0003831085620343874
0.3224481881692831 0.5138948537895863 4 nil_vol 0.6 nil_bias 0.43 Home 0.04 0.01 0.001 0.3214500208035415 0.5141124489470404 0.0009981673657415906 -0.0002175951574541632
0.3426413497362154 0.6113227601725855 4 nil_vol 0.6 nil_bias 0.43 Right 0.04 0.01 0.001 0.4 0.35 -0.057358650263784595 0.26132276017258554
0.3129955697870125 0.5080588485963119 5 nil_vol 0.6 nil_bias 0.43 Right 0.04 0.01 0.001 0.315124631698647 0.5074946009323289 -0.0021290619116345593 0.0005642476639830462
0.2285216929924416 0.14851138075826248 5 nil_vol 0.6 nil_bias 0.43 Right 0.04 0.01 0.001 0.22054643329878215 0.15062499785282157 0.00797525969365944 -0.0021136170945591022
0.19902975524866584 0.10480853688361919 5 nil_vol 0.6 nil_bias 0.43 Right 0.04 0.01 0.001 0.20778886626576662 0.10248718215787855 -0.008759111017100783 0.002321354725740638
0.18733311943556274 0.03447248305214949 5 nil_vol 0.6 nil_bias 0.43 Right 0.04 0.01 0.001 0.1896039948912736 0.03387065171785186 -0.0022708754557108513 0.0006018313342976272
0.16950161545301057 -0.024183492766268248 5 nil_vol 0.6 nil_bias 0.43 Right 0.04 0.01 0.001 0.17390883736954585 -0.025351502328353148 -0.004407221916535292 0.0011680095620849006
0.06490032108774696 -0.4303823397246879 5 nil_vol 0.6 nil_bias 0.43 Right 0.04 0.01 0.001 0.06645749502174908 -0.4307950246493839 -0.0015571739340021148 0.00041268492469597823
0.036142954606721206 -0.5474933156607427 5 nil_vol 0.6 nil_bias 0.43 Right 0.04 0.01 0.001 0.03557014461762348 -0.547341508568385 0.0005728099890977291 -0.0001518070923575962
-0.02107421859873005 -0.7610762990350686 5 nil_vol 0.6 nil_bias 0.43 Home 0.04 0.01 0.001 0.0 -0.75 -0.02107421859873005 -0.011076299035068618
-0.10704228126126238 -0.5109013097708732 6 nil_vol 0.6 nil_bias 0.43 Home 0.04 0.01 0.001 -0.11539313104222532 -0.5140903292524768 0.008350849780962946 0.0031890194816035296
-0.1216117616010532 -0.5103291056307306 6 nil_vol 0.6 nil_bias 0.43 Home 0.04 0.01 0.001 -0.117438116939277 -0.5087352757230204 -0.004173644661776206 -0.001593829907710317
-0.21925051246707133 -0.20466336862374745 6 nil_vol 0.6 nil_bias 0.43 Home 0.04 0.01 0.001 -0.23173617634663815 -0.20943138941169903 0.01248566387956682 0.004768020787951565
-0.26879451638059015 -0.17118899912848776 6 nil_vol 0.6 nil_bias 0.43 Home 0.04 0.01 0.001 -0.2491979709852689 -0.1637054774897353 -0.019596545395321237 -0.00748352163875245
-0.3298740287765763 0.056575185171398444 6 nil_vol 0.6 nil_bias 0.43 Home 0.04 0.01 0.001 -0.3328802648527938 0.05542716483037735 0.003006236076217516 0.0011480203410210942
-0.40981808621398064 0.2683184627791109 6 nil_vol 0.6 nil_bias 0.43 Home 0.04 0.01 0.001 -0.4136240804325016 0.2668650310891525 0.0038059942185209666 0.0014534316899584064
-0.4636262252994788 0.42482298866989304 6 nil_vol 0.6 nil_bias 0.43 Home 0.04 0.01 0.001 -0.47263171833451395 0.42138397426016905 0.009005493035035152 0.0034390144097239893
-0.4918227795892031 0.4716381889489371 6 nil_vol 0.6 nil_bias 0.43 Left 0.04 0.01 0.001 -0.4 0.35 -0.0918227795892031 0.12163818894893713
-0.3181887131877734 0.04544559682891712 7 nil_vol 0.6 nil_bias 0.43 Left 0.04 0.01 0.001 -0.32089251127589147 0.04436394741563038 0.0027037980881180522 0.001081649413286739
-0.2688515256711417 -0.03526927221889514 7 nil_vol 0.6 nil_bias 0.43 Left 0.04 0.01 0.001 -0.2862508304041391 -0.04222983182530543 0.017399304732997452 0.006960559606410287
-0.23148605036189068 -0.12492383843141242 7 nil_vol 0.6 nil_bias 0.43 Left 0.04 0.01 0.001 -0.250177840006404 -0.13240145423087452 0.018691789644513304 0.007477615799462099
-0.19619113437550284 -0.22949053015534848 7 nil_vol 0.6 nil_bias 0.43 Left 0.04 0.01 0.001 -0.20924794285383647 -0.2347138821844998 0.013056808478333626 0.00522335202915132
-0.21321134518919246 -0.2503511137615543 7 nil_vol 0.6 nil_bias 0.43 Left 0.04 0.01 0.001 -0.20440211371022265 -0.24682699703752514 -0.008809231478969807 -0.0035241167240291117
-0.10003479750027541 -0.516190986597592 7 nil_vol 0.6 nil_bias 0.43 Left 0.04 0.01 0.001 -0.09711140448073674 -0.5150214886390401 -0.0029233930195386683 -0.0011694979585518842
-0.04351930436606997 -0.6814823937943804 7 nil_vol 0.6 nil_bias 0.43 Left 0.04 0.01 0.001 -0.032312541644958837 -0.6769991491410894 -0.011206762721111133 -0.0044832446532909525
-0.01113293908309815 -0.7299417830577949 7 nil_vol 0.6 nil_bias 0.43 Home 0.04 0.01 0.001 0.0 -0.75 -0.01113293908309815 0.02005821694220508
0.01814845210296172 -0.6849184893200592 8 nil_vol 0.6 nil_bias 0.43 Home 0.04 0.01 0.001 0.019008789513187505 -0.6855020220878842 -0.0008603374102257826 0.000583532767825077
0.0944010209689426 -0.6102519051687046 8 nil_vol 0.6 nil_bias 0.43 Home 0.04 0.01 0.001 0.07772126736009462 -0.5989386893602033 0.016679753608847978 -0.011313215808501281
0.12408331628035407 -0.5481638676384544 8 nil_vol 0.6 nil_bias 0.43 Home 0.04 0.01 0.001 0.11591674333422863 -0.5426248048727804 0.008166572946125432 -0.005539062765673925
0.10871155148083532 -0.5263191836819568 8 nil_vol 0.6 nil_bias 0.43 Home 0.04 0.01 0.001 0.12122126657505372 -0.5348040276360477 -0.012509715094218405 0.008484843954090849
0.1594096280828131 -0.4466656012603786 8 nil_vol 0.6 nil_bias 0.43 Home 0.04 0.01 0.001 0.17419859444117258 -0.45669637101395777 -0.014788966358359483 0.01003076975357922
0.2883178790773192 -0.2708940984041876 8 nil_vol 0.6 nil_bias 0.43 Home 0.04 0.01 0.001 0.29647043411249974 -0.2764236533764359 -0.008152555035180533 0.005529554972248257
0.4583664768102245 -0.044791192690832975 8 nil_vol 0.6 nil_bias 0.43 Home 0.04 0.01 0.001 0.4550864747063338 -0.042566497259242775 0.0032800021038907477 -0.0022246954315902016
0.7295811753372253 0.3621375277463842 8 nil_vol 0.6 nil_bias 0.43 Right 0.04 0.01 0.001 0.4 0.35 0.3295811753372253 0.01213752774638424
0.6415289617534236 0.2148047479514545 9 nil_vol 0.6 nil_bias 0.43 Right 0.04 0.01 0.001 0.6388039929899978 0.2165032838153488 0.0027249687634257253 -0.0016985358638943134
0.6281432097892875 0.1711220162108713 9 nil_vol 0.6 nil_bias 0.43 Right 0.04 0.01 0.001 0.6154489312628926 0.17903465272720284 0.012694278526394912 -0.007912636516331546
0.45141332165638637 -0.07887529634577468 9 nil_vol 0.6 nil_bias 0.43 Right 0.04 0.01 0.001 0.453771489993035 -0.08034519704579673 -0.002358168336648639 0.0014699007000220567
0.44103656463768537 -0.12915195549551098 9 nil_vol 0.6 nil_bias 0.43 Right 0.04 0.01 0.001 0.4282983222041843 -0.12121191526213909 0.012738242433501055 -0.007940040233371894
0.3575442109351373 -0.2530037267428969 9 nil_vol 0.6 nil_bias 0.43 Right 0.04 0.01 0.001 0.3493378701811925 -0.2478885253251788 0.008206340753944793 -0.005115201417718072
0.3080702999175405 -0.35163094240256376 9 nil_vol 0.6 nil_bias 0.43 Right 0.04 0.01 0.001 0.2912197868648709 -0.3411276290695342 0.016850513052669578 -0.010503313333029573
0.08798380431050466 -0.6771274585516618 9 nil_vol 0.6 nil_bias 0.43 Right 0.04 0.01 0.001 0.08351832534590897 -0.67434402254585 0.004465478964595685 -0.0027834360058117246
0.04560219017325656 -0.735173049575293 9 nil_vol 0.6 nil_bias 0.43 Home 0.04 0.01 0.001 0.0 -0.75 0.04560219017325656 0.01482695042470703
0.019952527228023584 -0.7143363445624269 10 nil_vol 0.6 nil_bias 0.43 Home 0.04 0.01 0.001 0.029464363705134024 -0.7085669722315313 -0.009511836477110442 -0.005769372330895593
0.0033296608311880046 -0.6750592976615873 10 nil_vol 0.6 nil_bias 0.43 Home 0.04 0.01 0.001 0.007577588998765074 -0.6724827311601943 -0.004247928167577069 -0.0025765665013930406
0.013279209236795734 -0.6676494638662753 10 nil_vol 0.6 nil_bias 0.43 Home 0.04 0.01 0.001 0.006967907446695468 -0.6714775626784616 0.0063113017901002665 0.003828098812186247
0.0026397763959272215 -0.6379597983914812 10 nil_vol 0.6 nil_bias 0.43 Home 0.04 0.01 0.001 -0.009058425031580573 -0.6450553030082311 0.011698201427507795 0.0070955046167498525
-0.0927035919587555 -0.5027652025831199 10 nil_vol 0.6 nil_bias 0.43 Home 0.04 0.01 0.001 -0.09464848255116665 -0.5039448694116527 0.00194489059241115 0.0011796668285328578
-0.1785700230179143 -0.3634405421206516 10 nil_vol 0.6 nil_bias 0.43 Home 0.04 0.01 0.001 -0.179521032922703 -0.3640173739705576 0.0009510099047886937 0.0005768318499060583
-0.2061800570973707 -0.30218838780055485 10 nil_vol 0.6 nil_bias 0.43 Home 0.04 0.01 0.001 -0.21410691451385366 -0.3069963964285064 0.007926857416482977 0.004808008627951564
-0.6459773129701829 0.4050187715687128 10 nil_vol 0.6 nil_bias 0.43 Left 0.04 0.01 0.001 -0.4 0.35 -0.24597731297018283 0.05501877156871279
-0.6302430089749496 0.3980938919364905 11 nil_vol 0.6 nil_bias 0.43 Left 0.04 0.01 0.001 -0.6390451325494177 0.39301195359007424 0.008802123574468157 0.005081938346416251
-0.5182656586133298 0.1419345717364827 11 nil_vol 0.6 nil_bias 0.43 Left 0.04 0.01 0.001 -0.5001299816388816 0.15240527138923504 -0.01813567697444831 -0.01047069965275236
-0.4364988529704897 0.036405300016838164 11 nil_vol 0.6 nil_bias 0.43 Left 0.04 0.01 0.001 -0.43399244998966424 0.037852380975434974 -0.0025064029808254656 -0.0014470809585968062
-0.1472033530788482 -0.44894984728223997 11 nil_vol 0.6 nil_bias 0.43 Left 0.04 0.01 0.001 -0.1515023734436864 -0.4514319024657717 0.0042990203648381915 0.002482055183531736
-0.1423295108734616 -0.45609105564920516 11 nil_vol 0.6 nil_bias 0.43 Left 0.04 0.01 0.001 -0.14719165909169651 -0.4588982347653766 0.004862148218234902 0.0028071791161714487
-0.10777877963625697 -0.47744665065261743 11 nil_vol 0.6 nil_bias 0.43 Left 0.04 0.01 0.001 -0.1293066288466468 -0.4898758333938694 0.02152784921038982 0.01242918274125198
-0.017069840207915795 -0.6582683359503454 11 nil_vol 0.6 nil_bias 0.43 Left 0.04 0.01 0.001 -0.028330876555255124 -0.6647699366095237 0.01126103634733933 0.006501600659178289
0.0049060856981345095 -0.7223377048608993 11 nil_vol 0.6 nil_bias 0.43 Home 0.04 0.01 0.001 0.0 -0.75 0.0049060856981345095 0.027662295139100686
-6.756039292464544e-05 -0.7083081480583305 12 nil_vol 0.6 nil_bias 0.43 Home 0.04 0.01 0.001 0.008994506235153497 -0.7118361547852639 -0.009062066628078142 0.0035280067269333167
0.04020584348696125 -0.6211650052032607 12 nil_vol 0.6 nil_bias 0.43 Home 0.04 0.01 0.001 0.04375612271557901 -0.6225471853962694 -0.0035502792286177627 0.0013821801930087383
0.1835797735239191 -0.25683576974769906 12 nil_vol 0.6 nil_bias 0.43 Home 0.04 0.01 0.001 0.18579729320869923 -0.25769908544444875 -0.0022175196847801356 0.0008633156967496867
0.23280656517822948 -0.15811472997629644 12 nil_vol 0.6 nil_bias 0.43 Home 0.04 0.01 0.001 0.22565153317064215 -0.15532916217038584 0.007155032007587328 -0.0027855678059105983
0.23542106387432069 -0.13311938926801292 12 nil_vol 0.6 nil_bias 0.43 Home 0.04 0.01 0.001 0.23444594662431653 -0.13273976060727188 0.0009751172500041609 -0.0003796286607410421
0.2402099199742056 -0.11343416162122057 12 nil_vol 0.6 nil_bias 0.43 Home 0.04 0.01 0.001 0.24173132836441605 -0.11402647011500766 -0.0015214083902104559 0.0005923084937870964
0.31306052529451095 0.03414264322994867 12 nil_vol 0.6 nil_bias 0.43 Home 0.04 0.01 0.001 0.30121179657187125 0.03875554184951513 0.011848728722639718 -0.004612898619566458
0.4174979069459659 0.3374489859649384 12 nil_vol 0.6 nil_bias 0.43 Right 0.04 0.01 0.001 0.4 0.35 0.01749790694596584 -0.012551014035061604
0.43096909216956575 0.32876981997715227 13 nil_vol 0.6 nil_bias 0.43 Right 0.04 0.01 0.001 0.41630565372363143 0.33427106076197083 0.014663438445934322 -0.005501240784818535
0.30722826244794793 0.06517450316341157 13 nil_vol 0.6 nil_bias 0.43 Right 0.04 0.01 0.001 0.31434743221343453 0.06250362435061846 -0.007119169765486607 0.0026708788127931113
0.2625568131035202 -0.09812588231579658 13 nil_vol 0.6 nil_bias 0.43 Right 0.04 0.01 0.001 0.25512986051481634 -0.09533953349055091 0.007426952588703861 -0.0027863488252456692
0.22258838954802562 -0.16234555360159422 13 nil_vol 0.6 nil_bias 0.43 Right 0.04 0.01 0.001 0.22907798762172304 -0.16478023778100664 -0.00648959807369741 0.00243468417941241
0.2240312493446149 -0.16625513587708676 13 nil_vol 0.6 nil_bias 0.43 Right 0.04 0.01 0.001 0.22797023975528075 -0.16773291578376154 -0.003938990410665835 0.0014777799066747663
0.159666695172993 -0.35875015650991193 13 nil_vol 0.6 nil_bias 0.43 Right 0.04 0.01 0.001 0.1567213934980875 -0.3576451759995544 0.0029453016749054995 -0.0011049805103575123
0.029859631770132164 -0.6800260211416226 13 nil_vol 0.6 nil_bias 0.43 Right 0.04 0.01 0.001 0.03504485946973962 -0.6819713483719871 -0.005185227699607455 0.0019453272303646075
0.02609677048416667 -0.705822286220551 13 nil_vol 0.6 nil_bias 0.43 Home 0.04 0.01 0.001 0.0 -0.75 0.02609677048416667 0.044177713779449006
-0.015251957508317524 -0.6403398316078592 14 nil_vol 0.6 nil_bias 0.43 Home 0.04 0.01 0.001 0.005021908471248504 -0.6343608201040744 -0.020273865979566028 -0.005979011503784918
-0.01356781239428509 -0.5851680581281425 14 nil_vol 0.6 nil_bias 0.43 Home 0.04 0.01 0.001 -0.009812271380148056 -0.5840605030644417 -0.0037555410141370325 -0.001107555063700882
-0.028276519474004953 -0.54378769986045 14 nil_vol 0.6 nil_bias 0.43 Home 0.04 0.01 0.001 -0.022216292120570892 -0.5420004645547488 -0.006060227353434061 -0.001787235305701172
-0.1396262800853604 -0.1277340619131721 14 nil_vol 0.6 nil_bias 0.43 Home 0.04 0.01 0.001 -0.14400748307764877 -0.12902613236079719 0.004381202992288368 0.0012920704476250947
-0.15201684774073843 -0.11642755231660797 14 nil_vol 0.6 nil_bias 0.43 Home 0.04 0.01 0.001 -0.14806653058138822 -0.11526255538098851 -0.003950317159350212 -0.0011649969356194519
-0.16867238484511796 -0.05236682047133208 14 nil_vol 0.6 nil_bias 0.43 Home 0.04 0.01 0.001 -0.16677985311242724 -0.05180868967316854 -0.001892531732690709 -0.0005581307981635363
-0.24843317955158722 0.23727292775085237 14 nil_vol 0.6 nil_bias 0.43 Home 0.04 0.01 0.001 -0.25174548263851326 0.23629608898311494 0.0033123030869260384 0.0009768387677374297
-0.25301192546864976 0.2405903928480121 14 nil_vol 0.6 nil_bias 0.43 Left 0.04 0.01 0.001 -0.4 0.35 0.14698807453135027 -0.10940960715198787
-0.2163123999592562 0.1643980384210052 15 nil_vol 0.6 nil_bias 0.43 Left 0.04 0.01 0.001 -0.233973385098509 0.16021469225932405 0.01766098513925282 0.0041833461616811365
-0.22350305520990077 0.14423678099694368 15 nil_vol 0.6 nil_bias 0.43 Left 0.04 0.01 0.001 -0.22983352340310145 0.1427372870780676 0.006330468193200675 0.0014994939188760878
-0.1869424826684603 -0.06849812868995099 15 nil_vol 0.6 nil_bias 0.43 Left 0.04 0.01 0.001 -0.1801778694522622 -0.06689579911942528 -0.006764613216198125 -0.0016023295705257098
-0.16182013725769182 -0.18905523938601057 15 nil_vol 0.6 nil_bias 0.43 Left 0.04 0.01 0.001 -0.15180401698373164 -0.18668272743536746 -0.010016120273960183 -0.0023725119506431244
-0.058373038209287166 -0.5357992570512169 15 nil_vol 0.6 nil_bias 0.43 Left 0.04 0.01 0.001 -0.06853864699157267 -0.538207178248433 0.010165608782285498 0.0024079211972161388
-0.04609851926813729 -0.6158786290624463 15 nil_vol 0.6 nil_bias 0.43 Left 0.04 0.01 0.001 -0.049925916400955284 -0.6167852221532936 0.0038273971328179955 0.0009065930908473057
-0.005320665237520835 -0.743947527092756 15 nil_vol 0.6 nil_bias 0.43 Left 0.04 0.01 0.001 -0.01903556035335205 -0.7471961654551288 0.013714895115831214 0.0032486383623727567
-0.0070542061754197225 -0.7977782855825133 15 nil_vol 0.6 nil_bias 0.43 Home 0.04 0.01 0.001 0.0 -0.75 -0.0070542061754197225 -0.047778285582513264
-0.045916364718090824 -0.7055540963091267 16 nil_vol 0.6 nil_bias 0.43 Home 0.04 0.01 0.001 -0.05343148656748788 -0.7095022921864155 0.007515121849397062 0.003948195877288783
-0.17132566192414572 -0.5046220389768109 16 nil_vol 0.6 nil_bias 0.43 Home 0.04 0.01 0.001 -0.1632874177658194 -0.5003990119810356 -0.008038244158326312 -0.004223026995775299
-0.26471401347066004 -0.2996459684353257 16 nil_vol 0.6 nil_bias 0.43 Home 0.04 0.01 0.001 -0.26788201133248957 -0.30131032948601694 0.0031679978618295193 0.0016643610506912132
-0.32342296717893143 -0.1643024541207741 16 nil_vol 0.6 nil_bias 0.43 Home 0.04 0.01 0.001 -0.33630565272316265 -0.17107059001709657 0.012882685544231227 0.006768135896322466
-0.3495184351642218 -0.1751584342383002 16 nil_vol 0.6 nil_bias 0.43 Home 0.04 0.01 0.001 -0.3374806013197721 -0.16883415541639968 -0.01203783384444971 -0.006324278821900522
-0.5416132987515241 0.22846363830293706 16 nil_vol 0.6 nil_bias 0.43 Home 0.04 0.01 0.001 -0.5452138903974034 0.2265720068195165 0.003600591645879309 0.001891631483420546
-0.5847452716530613 0.30462654295360725 16 nil_vol 0.6 nil_bias 0.43 Home 0.04 0.01 0.001 -0.585901911474412 0.30401888273655686 0.0011566398213506124 0.00060766021705036
-0.6159311730695936 0.36117753619479875 16 nil_vol 0.6 nil_bias 0.43 Left 0.04 0.01 0.001 -0.4 0.35 -0.21593117306959356 0.011177536194798757
-0.5848872064922095 0.2907582166119376 17 nil_vol 0.6 nil_bias 0.43 Left 0.04 0.01 0.001 -0.5779393684903773 0.29473073122307647 -0.006947838001832147 -0.003972514611138836
-0.3299728781054184 -0.12800020598073658 17 nil_vol 0.6 nil_bias 0.43 Left 0.04 0.01 0.001 -0.33469414510488193 -0.13069965034508568 0.0047212669994635085 0.002699444364349114
-0.31562414805363026 -0.16149887536145166 17 nil_vol 0.6 nil_bias 0.43 Left 0.04 0.01 0.001 -0.3167245589115888 -0.16212804924408153 0.0011004108579585289 0.0006291738826298683
-0.22703222285431104 -0.34531344539801 17 nil_vol 0.6 nil_bias 0.43 Left 0.04 0.01 0.001 -0.21569293741811574 -0.3388300649473891 -0.011339285436195294 -0.006483380450620913
-0.12819069121613966 -0.5390021969081379 17 nil_vol 0.6 nil_bias 0.43 Left 0.04 0.01 0.001 -0.10788135612172167 -0.5273900766508989 -0.020309335094417992 -0.011612120257239027
-0.10537416192276512 -0.5321128798099908 17 nil_vol 0.6 nil_bias 0.43 Left 0.04 0.01 0.001 -0.10522861466785915 -0.5320296613186309 -0.0001455472549059653 -8.321849135984854e-05
-0.054629190174045945 -0.6345269212399309 17 nil_vol 0.6 nil_bias 0.43 Left 0.04 0.01 0.001 -0.04859662584626734 -0.6310777259753874 -0.006032564327778607 -0.0034491952645435905
0.019171037557804863 -0.7496018330419698 17 nil_vol 0.6 nil_bias 0.43 Home 0.04 0.01 0.001 0.0 -0.75 0.019171037557804863 0.000398166958030242
0.16505056770683504 -0.6073289606718006 18 nil_vol 0.6 nil_bias 0.43 Home 0.04 0.01 0.001 0.17080631548034114 -0.6137535885076589 -0.005755747773506098 0.0064246278358582815
0.20043539825610085 -0.5770115205440999 18 nil_vol 0.6 nil_bias 0.43 Home 0.04 0.01 0.001 0.20550360065971482 -0.5826687028115201 -0.005068202403613956 0.005657182267420213
0.27626506682330715 -0.5382129261398311 18 nil_vol 0.6 nil_bias 0.43 Home 0.04 0.01 0.001 0.26685271626464374 -0.5277067587781558 0.00941235055866339 -0.010506167361675303
0.34870989977212585 -0.4656939158957217 18 nil_vol 0.6 nil_bias 0.43 Home 0.04 0.01 0.001 0.3430829221549557 -0.4594130226992846 0.0056269776171701084 -0.006280893196437125
0.6746756162624741 -0.16437180107646765 18 nil_vol 0.6 nil_bias 0.43 Home 0.04 0.01 0.001 0.673667348373079 -0.16324636156745598 0.0010082678893950775 -0.0011254395090116661
0.8120027137030656 -0.04993173285921708 18 nil_vol 0.6 nil_bias 0.43 Home 0.04 0.01 0.001 0.8067254472794717 -0.044041191074477015 0.005277266423593994 -0.005890541784740063
0.864437627064527 -0.0010406134789468831 18 nil_vol 0.6 nil_bias 0.43 Home 0.04 0.01 0.001 0.8601122538308215 0.0037874148453056478 0.0043253732337055276 -0.004828028324252531
0.9954150254066241 0.12500356092306397 18 nil_vol 0.6 nil_bias 0.43 Right 0.04 0.01 0.001 0.4 0.35 0.595415025406624 -0.224996439076936
0.9330882138909337 0.06548467570191471 19 nil_vol 0.6 nil_bias 0.43 Right 0.04 0.01 0.001 0.9311034905384918 0.06771261237096977 0.0019847233524418113 -0.0022279366690550664
0.6464948908478708 -0.1916732660994217 19 nil_vol 0.6 nil_bias 0.43 Right 0.04 0.01 0.001 0.6435909869438162 -0.18841351003150636 0.002903903904054633 -0.0032597560679153456
0.48204324242110985 -0.3373454372188752 19 nil_vol 0.6 nil_bias 0.43 Right 0.04 0.01 0.001 0.47955012492425386 -0.3345468064249792 0.0024931174968559674 -0.0027986307938960156
0.3714135942242899 -0.4274916065422054 19 nil_vol 0.6 nil_bias 0.43 Right 0.04 0.01 0.001 0.37309583054339535 -0.42937998860650683 -0.0016822363191054792 0.0018883820643014271
0.21275759202130243 -0.5884318312351602 19 nil_vol 0.6 nil_bias 0.43 Right 0.04 0.01 0.001 0.2047029810062918 -0.5793901866083465 0.00805461101501063 -0.009041644626813625
0.15366913415781372 -0.623643613874937 19 nil_vol 0.6 nil_bias 0.43 Right 0.04 0.01 0.001 0.15426976457694597 -0.6243178471546978 -0.0006006304191322435 0.0006742332797607729
0.09352023603693525 -0.6503782987590462 19 nil_vol 0.6 nil_bias 0.43 Right 0.04 0.01 0.001 0.1074556949055635 -0.6660214460900472 -0.013935458868628254 0.015643147331001018
-0.01308629985619543 -0.77340444098238 19 nil_vol 0.6 nil_bias 0.43 Home 0.04 0.01 0.001 0.0 -0.75 -0.01308629985619543 -0.023404440982379992
-0.024367807000161182 -0.602699948334986 20 nil_vol 0.6 nil_bias 0.43 Home 0.04 0.01 0.001 -0.032198864374024264 -0.6035812862747887 0.007831057373863083 0.0008813379398026629
-0.03874470957971694 -0.563906715896904 20 nil_vol 0.6 nil_bias 0.43 Home 0.04 0.01 0.001 -0.036690021238068 -0.5636754732046962 -0.0020546883416489464 -0.00023124269220774747
-0.04798921040788269 -0.4632902178288031 20 nil_vol 0.6 nil_bias 0.43 Home 0.04 0.01 0.001 -0.0479877899593194 -0.4632900579659454 -1.4204485632904364e-06 -1.5986285767032786e-07
-0.08329630694715433 -0.2703294352999634 20 nil_vol 0.6 nil_bias 0.43 Home 0.04 0.01 0.001 -0.06987434039696988 -0.26881887449282116 -0.013421966550184442 -0.0015105608071422402
-0.07120720514604109 -0.2215372687625927 20 nil_vol 0.6 nil_bias 0.43 Home 0.04 0.01 0.001 -0.07514571225897798 -0.22198052381476474 0.003938507112936891 0.00044325505217204174
-0.10352882361104014 -0.03964778031120815 20 nil_vol 0.6 nil_bias 0.43 Home 0.04 0.01 0.001 -0.09576449899524157 -0.03877395273797568 -0.007764324615798565 -0.000873827573232469
-0.10421411784742873 -0.0021035606147340575 20 nil_vol 0.6 nil_bias 0.43 Home 0.04 0.01 0.001 -0.09994559457736431 -0.0016231642486705944 -0.004268523270064432 -0.00048039636606346314
-0.13119677848146633 0.27605671664805553 20 nil_vol 0.6 nil_bias 0.43 Left 0.04 0.01 0.001 -0.4 0.35 0.2688032215185337 -0.07394328335194443
-0.11733541476366595 0.16472518261917263 21 nil_vol 0.6 nil_bias 0.43 Left 0.04 0.01 0.001 -0.10735915497389113 0.16690387369536835 -0.00997625978977482 -0.002178691076195729
-0.05577591233760574 -0.10685821929348509 21 nil_vol 0.6 nil_bias 0.43 Left 0.04 0.01 0.001 -0.04794633531268344 -0.10514833703760507 -0.007829577024922298 -0.001709882255880021
-0.058682019341530584 -0.13763764276757187 21 nil_vol 0.6 nil_bias 0.43 Left 0.04 0.01 0.001 -0.04166277592751966 -0.13392085165235718 -0.01701924341401093 -0.0037167911152146825
0.012035638472999238 -0.4305162143319019 21 nil_vol 0.6 nil_bias 0.43 Left 0.04 0.01 0.001 0.022605837070087842 -0.42820781440624067 -0.010570198597088604 -0.0023083999256612543
0.028950220583683482 -0.5226030788895736 21 nil_vol 0.6 nil_bias 0.43 Left 0.04 0.01 0.001 0.042570972684343816 -0.5196284760145363 -0.013620752100660334 -0.0029746028750372707
0.0607997971638755 -0.5750991279005802 21 nil_vol 0.6 nil_bias 0.43 Left 0.04 0.01 0.001 0.05496342794481421 -0.5763737183586178 0.005836369219061292 0.0012745904580377097
0.06698564533164267 -0.6310561466291036 21 nil_vol 0.6 nil_bias 0.43 Left 0.04 0.01 0.001 0.06690904363854455 -0.6310728754862797 7.660169309810939e-05 1.6728857176052136e-05
0.07991505237595269 -0.6906275885936686 21 nil_vol 0.6 nil_bias 0.43 Home 0.04 0.01 0.001 0.0 -0.75 0.07991505237595269 0.05937241140633139
0.10775314697327279 -0.5188293105105598 22 nil_vol 0.6 nil_bias 0.43 Home 0.04 0.01 0.001 0.10510532349596993 -0.5184419414564014 0.0026478234773028553 -0.00038736905415834544
0.1423467354825825 -0.18339454048823287 22 nil_vol 0.6 nil_bias 0.43 Home 0.04 0.01 0.001 0.1538750673666507 -0.1850811026991337 -0.011528331884068186 0.0016865622109008159
0.1692479992998769 -0.13483548211166715 22 nil_vol 0.6 nil_bias 0.43 Home 0.04 0.01 0.001 0.16139395788722824 -0.133686458160706 0.007854041412648671 -0.00114902395096114
0.1771463736295552 -0.07383840141528082 22 nil_vol 0.6 nil_bias 0.43 Home 0.04 0.01 0.001 0.17029617249225537 -0.0728362364454116 0.006850201137299838 -0.0010021649698692319
0.19061952485267308 0.17884855059054583 22 nil_vol 0.6 nil_bias 0.43 Home 0.04 0.01 0.001 0.20677124890770132 0.1764855992367811 -0.016151724055028224 0.002362951353764754
0.21578265049498427 0.22830478009722144 22 nil_vol 0.6 nil_bias 0.43 Home 0.04 0.01 0.001 0.2143822210796193 0.22850965894307185 0.0014004294153649821 -0.00020487884585042117
0.21354463210760957 0.23631884715464793 22 nil_vol 0.6 nil_bias 0.43 Home 0.04 0.01 0.001 0.21548319240212732 0.23603524128962206 -0.0019385602945177602 0.0002836058650258644
0.2501117287339564 0.4727352319052161 22 nil_vol 0.6 nil_bias 0.43 Right 0.04 0.01 0.001 0.4 0.35 -0.14988827126604362 0.12273523190521612
0.23629987234343627 0.41687559838931915 23 nil_vol 0.6 nil_bias 0.43 Right 0.04 0.01 0.001 0.2396430856622345 0.4162559217878452 -0.0033432133187982107 0.000619676601473941
0.1489842495989639 0.03007793060486732 23 nil_vol 0.6 nil_bias 0.43 Right 0.04 0.01 0.001 0.1674298898057498 0.026658964913661876 -0.018445640206785893 0.0034189656912054418
0.1373011170496477 -0.0906442466861716 23 nil_vol 0.6 nil_bias 0.43 Right 0.04 0.01 0.001 0.14540877182319895 -0.0921470296308759 -0.008107654773551244 0.0015027829447042996
0.12932750316527303 -0.24070426479312365 23 nil_vol 0.6 nil_bias 0.43 Right 0.04 0.01 0.001 0.11825360870436455 -0.23865167866407472 0.011073894460908482 -0.0020525861290489364
0.08784129439764686 -0.3877236814189334 23 nil_vol 0.6 nil_bias 0.43 Right 0.04 0.01 0.001 0.09053019751501654 -0.388222079273505 -0.0026889031173696763 0.0004983978545716297
0.07933763300361821 -0.447070635527868 23 nil_vol 0.6 nil_bias 0.43 Right 0.04 0.01 0.001 0.0796129474674322 -0.4471216660529959 -0.00027531446381398025 5.103052512790165e-05
0.03600032542263857 -0.6166134838886128 23 nil_vol 0.6 nil_bias 0.43 Right 0.04 0.01 0.001 0.047791918575581516 -0.6187990980490654 -0.011791593152942948 0.0021856141604525924
0.014771528777743249 -0.7969471944939878 23 nil_vol 0.6 nil_bias 0.43 Home 0.04 0.01 0.001 0.0 -0.75 0.014771528777743249 -0.04694719449398773
0.028365386878073134 -0.6596527017720801 24 nil_vol 0.6 nil_bias 0.43 Home 0.04 0.01 0.001 0.03448353529979996 -0.6605368058553215 -0.006118148421726823 0.0008841040832413923
0.045706443439256825 -0.516080321753479 24 nil_vol 0.6 nil_bias 0.43 Home 0.04 0.01 0.001 0.05516082033975634 -0.5174465281031895 -0.009454376900499517 0.0013662063497105429
0.0378530298485468 -0.5137580348435257 24 nil_vol 0.6 nil_bias 0.43 Home 0.04 0.01 0.001 0.05532890003394139 -0.5162833884512015 -0.017475870185394596 0.0025253536076758057
0.09922323794744589 -0.2843956196961834 24 nil_vol 0.6 nil_bias 0.43 Home 0.04 0.01 0.001 0.08905031016422432 -0.28292557902836846 0.010172927783221567 -0.001470040667814903
0.08422762709998406 -0.2221321926548815 24 nil_vol 0.6 nil_bias 0.43 Home 0.04 0.01 0.001 0.09755692976001726 -0.22405834581367812 -0.01332930266003319 0.0019261531587966235
0.13052296266668015 0.034130935278631126 24 nil_vol 0.6 nil_bias 0.43 Home 0.04 0.01 0.001 0.1347777681860743 0.033516093879926934 -0.004254805519394143 0.0006148413987041937
0.14543836711222438 0.08516970825552787 24 nil_vol 0.6 nil_bias 0.43 Home 0.04 0.01 0.001 0.14230736337848604 0.08562215448514399 0.003131003733738334 -0.0004524462296161183
0.1436851729706869 0.0951568277682468 24 nil_vol 0.6 nil_bias 0.43 Right 0.04 0.01 0.001 0.4 0.35 -0.25631482702931313 -0.2548431722317532
0.1248904315238348 0.008192854090403878 25 nil_vol 0.6 nil_bias 0.43 Right 0.04 0.01 0.001 0.13394589646065486 0.007190272184571508 -0.00905546493682005 0.0010025819058323707
0.126846177736711 -0.084022036491882 25 nil_vol 0.6 nil_bias 0.43 Right 0.04 0.01 0.001 0.12388357961936396 -0.08369403044388463 0.002962598117347052 -0.0003280060479973814
0.1162418076668832 -0.13133238876365472 25 nil_vol 0.6 nil_bias 0.43 Right 0.04 0.01 0.001 0.11858059786151455 -0.13159132949690644 -0.002338790194631343 0.00025894073325173427
0.10876227407436764 -0.34940907620719686 25 nil_vol 0.6 nil_bias 0.43 Right 0.04 0.01 0.001 0.0946378952558528 -0.34784528608340254 0.014124378818514841 -0.0015637901237943233
0.09519002641000128 -0.40987472434216515 25 nil_vol 0.6 nil_bias 0.43 Right 0.04 0.01 0.001 0.0878601139551726 -0.40906318814277404 0.007329912454828688 -0.0008115361993911295
0.08236024324830638 -0.41210935095317835 25 nil_vol 0.6 nil_bias 0.43 Right 0.04 0.01 0.001 0.0874603392108981 -0.4126740115162503 -0.005100095962591731 0.0005646605630719597
0.06066888941464037 -0.5833752024551202 25 nil_vol 0.6 nil_bias 0.43 Right 0.04 0.01 0.001 0.06846547157014901 -0.584238406305059 -0.007796582155508642 0.0008632038499387591
0.04796803829444846 -0.7693741914644903 25 nil_vol 0.6 nil_bias 0.43 Home 0.04 0.01 0.001 0.0 -0.75 0.04796803829444846 -0.019374191464490296
0.04957666444178561 -0.7378635853685892 26 nil_vol 0.6 nil_bias 0.43 Home 0.04 0.01 0.001 0.03585881920477329 -0.7445570353654514 0.013717845237012319 0.006693449996862139
-0.006024702342408013 -0.6913331657853052 26 nil_vol 0.6 nil_bias 0.43 Home 0.04 0.01 0.001 0.006828721032285157 -0.6850614995607236 -0.01285342337469317 -0.006271666224581599
-0.09835961942333271 -0.42343699325934797 26 nil_vol 0.6 nil_bias 0.43 Home 0.04 0.01 0.001 -0.11650706771108013 -0.4322918123352289 0.018147448287747416 0.008854819075880909
-0.13582415124297928 -0.351166876074524 26 nil_vol 0.6 nil_bias 0.43 Home 0.04 0.01 0.001 -0.1521936593475532 -0.35915417160659246 0.016369508104573906 0.00798729553206845
-0.22076981525821754 -0.19394303093047047 26 nil_vol 0.6 nil_bias 0.43 Home 0.04 0.01 0.001 -0.23049173403504658 -0.19868671888451483 0.009721918776829042 0.004743687954044372
-0.30623249654337165 -0.0892821650615327 26 nil_vol 0.6 nil_bias 0.43 Home 0.04 0.01 0.001 -0.28817378136226784 -0.08047064218867228 -0.01805871518110379 -0.00881152287286042
-0.49540277005154404 0.3464454373135206 26 nil_vol 0.6 nil_bias 0.43 Home 0.04 0.01 0.001 -0.49627455430659834 0.3460200611543325 0.0008717842550542756 0.0004253761591881314
-0.5225272863199565 0.3998235429128928 26 nil_vol 0.6 nil_bias 0.43 Left 0.04 0.01 0.001 -0.4 0.35 -0.12252728631995649 0.0498235429128928
-0.519534069695519 0.396746397927636 27 nil_vol 0.6 nil_bias 0.43 Left 0.04 0.01 0.001 -0.5210038034261888 0.39613873662308813 0.001469733730669844 0.0006076613045478612
-0.5118237059819302 0.36341248469901893 27 nil_vol 0.6 nil_bias 0.43 Left 0.04 0.01 0.001 -0.5081082586372025 0.36494863613472633 -0.0037154473447276667 -0.0015361514357074184
-0.39503844509831887 0.11365301732344496 27 nil_vol 0.6 nil_bias 0.43 Left 0.04 0.01 0.001 -0.4028711705437733 0.1104145775550518 0.007832725445454448 0.0032384397683931686
-0.3258901559808182 -0.06580974692430955 27 nil_vol 0.6 nil_bias 0.43 Left 0.04 0.01 0.001 -0.32940961675475633 -0.06726486772651197 0.00351946077393811 0.001455120802202419
-0.21830885879939665 -0.337706960469566 27 nil_vol 0.6 nil_bias 0.43 Left 0.04 0.01 0.001 -0.21769951485535094 -0.3374550272600122 -0.0006093439440457163 -0.00025193320955381693
-0.16615206342767222 -0.4563727463883847 27 nil_vol 0.6 nil_bias 0.43 Left 0.04 0.01 0.001 -0.16818541043897767 -0.45721343356301003 0.0020333470113054397 0.0008406871746253174
-0.08320929644094562 -0.6599004854906332 27 nil_vol 0.6 nil_bias 0.43 Left 0.04 0.01 0.001 -0.08421290568299311 -0.660315427659104 0.001003609242047493 0.0004149421684708314
-0.03482453205709884 -0.7797697323476535 27 nil_vol 0.6 nil_bias 0.43 Home 0.04 0.01 0.001 0.0 -0.75 -0.03482453205709884 -0.029769732347653434
-0.02662418731432875 -0.774333463219889 28 nil_vol 0.6 nil_bias 0.43 Home 0.04 0.01 0.001 -0.029853269869589118 -0.7722100204049943 0.0032290825552603675 -0.0021234428148946974
0.10454993203535548 -0.6056550162917211 28 nil_vol 0.6 nil_bias 0.43 Home 0.04 0.01 0.001 0.08718321511539395 -0.5942346733209515 0.017366716919961535 -0.011420342970769605
0.1960830588616586 -0.45486436853161344 28 nil_vol 0.6 nil_bias 0.43 Home 0.04 0.01 0.001 0.1840406359047001 -0.44694527818187335 0.012042422956958515 -0.007919090349740112
0.33251409176263064 -0.22528687566147798 28 nil_vol 0.6 nil_bias 0.43 Home 0.04 0.01 0.001 0.3306214996502038 -0.22404230818638748 0.0018925921124268437 -0.0012445674750904947
0.3532252759698667 -0.17099993749943423 28 nil_vol 0.6 nil_bias 0.43 Home 0.04 0.01 0.001 0.36179588388922046 -0.17663596429471817 -0.008570607919353783 0.005636026795283946
0.41779131345208464 -0.06302436469783526 28 nil_vol 0.6 nil_bias 0.43 Home 0.04 0.01 0.001 0.4308568042603272 -0.07161622387301769 -0.013065490808242543 0.008591859175182438
0.4661169856484883 0.006734517173731955 28 nil_vol 0.6 nil_bias 0.43 Home 0.04 0.01 0.001 0.47747051847498906 -0.0007315594258984204 -0.011353532826500742 0.007466076599630375
0.7373673974908102 0.3944891040692094 28 nil_vol 0.6 nil_bias 0.43 Right 0.04 0.01 0.001 0.4 0.35 0.33736739749081013 0.04448910406920943
0.7433499144419085 0.37182416807658725 29 nil_vol 0.6 nil_bias 0.43 Right 0.04 0.01 0.001 0.728904749473619 0.38067057810685595 0.01444516496828936 -0.0088464100302687
0.544311735418979 0.10679157576492362 29 nil_vol 0.6 nil_bias 0.43 Right 0.04 0.01 0.001 0.5565773927814446 0.09927992501137711 -0.012265657362465553 0.007511650753546507
0.5220224234489413 0.06374119315458657 29 nil_vol 0.6 nil_bias 0.43 Right 0.04 0.01 0.001 0.5313243255195135 0.05804458533056173 -0.009301902070572151 0.005696607824024837
0.2531869610998524 -0.3797182039345208 29 nil_vol 0.6 nil_bias 0.43 Right 0.04 0.01 0.001 0.26049261849862215 -0.38419228512584397 -0.00730565739876974 0.004474081191323141
0.23443583711109992 -0.40778148848891577 29 nil_vol 0.6 nil_bias 0.43 Right 0.04 0.01 0.001 0.24287948767875672 -0.41295249174417653 -0.008443650567656816 0.005171003255260779
0.11691020562609 -0.6052931268743019 29 nil_vol 0.6 nil_bias 0.43 Right 0.04 0.01 0.001 0.1228571414520726 -0.6089351090085195 -0.005946935825982605 0.003641982134217669
0.103979980258397 -0.6269851313354654 29 nil_vol 0.6 nil_bias 0.43 Right 0.04 0.01 0.001 0.10966929272369219 -0.6304693415171287 -0.005689312465295195 0.003484210181663324
-0.017196844121984394 -0.8376270777462858 29 nil_vol 0.6 nil_bias 0.43 Home 0.04 0.01 0.001 0.0 -0.75 -0.017196844121984394 -0.0876270777462858
-0.006008190846968583 -0.7830845155530478 30 nil_vol 0.6 nil_bias 0.43 Home 0.04 0.01 0.001 -0.006225197631638884 -0.7830408978876685 0.0002170067846703007 -4.361766537932959e-05
0.019550238343614093 -0.7027425018685166 30 nil_vol 0.6 nil_bias 0.43 Home 0.04 0.01 0.001 0.010288685575880446 -0.7008809595663726 0.009261552767733645 -0.0018615423021439593
0.037998211394780226 -0.5854528601582943 30 nil_vol 0.6 nil_bias 0.43 Home 0.04 0.01 0.001 0.0336644449931551 -0.584581787057859 0.004333766401625121 -0.0008710731004353531
0.03610845557215691 -0.5067360900946134 30 nil_vol 0.6 nil_bias 0.43 Home 0.04 0.01 0.001 0.04879850528900047 -0.5092867492504425 -0.01269004971684356 0.0025506591558291103
0.14345310394674307 -0.009471735648092434 30 nil_vol 0.6 nil_bias 0.43 Home 0.04 0.01 0.001 0.14903423839873906 -0.010593525712555452 -0.005581134451995984 0.001121790064463018
0.15542602225720475 0.02351323161913942 30 nil_vol 0.6 nil_bias 0.43 Home 0.04 0.01 0.001 0.15587158621210703 0.02342367469805262 -0.00044556395490227363 8.955692108679887e-05
0.19519895726782882 0.1932481025988077 30 nil_vol 0.6 nil_bias 0.43 Home 0.04 0.01 0.001 0.19020740688577784 0.19425138816252474 0.004991550382050986 -0.001003285563717039
0.2779809893737474 0.6309428696771284 30 nil_vol 0.6 nil_bias 0.43 Right 0.04 0.01 0.001 0.4 0.35 -0.12201901062625263 0.28094286967712845
0.2607421401462043 0.5251061764708727 31 nil_vol 0.6 nil_bias 0.43 Right 0.04 0.01 0.001 0.2566192275925733 0.5259449807239232 0.004122912553630994 -0.000838804253050546
0.2438007063291653 0.43764004903849685 31 nil_vol 0.6 nil_bias 0.43 Right 0.04 0.01 0.001 0.23885821656076778 0.438645595817494 0.004942489768397526 -0.0010055467789971723
0.1725814027774682 0.14839993711191443 31 nil_vol 0.6 nil_bias 0.43 Right 0.04 0.01 0.001 0.1795206716721286 0.14698814673649735 -0.006939268894660394 0.0014117903754170815
0.15937970028384332 -0.006667782637112032 31 nil_vol 0.6 nil_bias 0.43 Right 0.04 0.01 0.001 0.1487014494687667 -0.004495298481235754 0.01067825081507663 -0.0021724841558762773
0.13814077896826304 -0.09174325987933096 31 nil_vol 0.6 nil_bias 0.43 Right 0.04 0.01 0.001 0.13123667302957756 -0.09033862338763998 0.00690410593868549 -0.0014046364916909758
0.06693180490363441 -0.36710137982795343 31 nil_vol 0.6 nil_bias 0.43 Right 0.04 0.01 0.001 0.07461156681928333 -0.36866382309432555 -0.007679761915648914 0.0015624432663721415
0.08243159199657872 -0.39465320915126334 31 nil_vol 0.6 nil_bias 0.43 Right 0.04 0.01 0.001 0.06984502005619675 -0.39209247812978654 0.012586571940381968 -0.00256073102147681
-0.009031601553427589 -0.779788906992225 31 nil_vol 0.6 nil_bias 0.43 Home 0.04 0.01 0.001 0.0 -0.75 -0.009031601553427589 -0.029788906992225007
0.22045791844294044 -0.4668442930866629 32 nil_vol 0.6 nil_bias 0.43 Home 0.04 0.01 0.001 0.20852644413470786 -0.4587584915312255 0.011931474308232569 -0.008085801555437432
0.22405321480311025 -0.4330340459534662 32 nil_vol 0.6 nil_bias 0.43 Home 0.04 0.01 0.001 0.22535959278809486 -0.4339193609505986 -0.0013063779849846282 0.0008853149971323753
0.41414197285654974 -0.16552234502406346 32 nil_vol 0.6 nil_bias 0.43 Home 0.04 0.01 0.001 0.40941814495157597 -0.1623210696380618 0.0047238279049738 -0.0032012753860016425
0.45602657070512986 -0.12796898195777417 32 nil_vol 0.6 nil_bias 0.43 Home 0.04 0.01 0.001 0.4400400541850552 -0.11713513219162619 0.015986516520074674 -0.010833849766147978
0.6827583174077969 0.22642119674863717 32 nil_vol 0.6 nil_bias 0.43 Home 0.04 0.01 0.001 0.6759776818259208 0.2310163433598953 0.006780635581876089 -0.00459514661125811
0.7283133675658576 0.27681131202478315 32 nil_vol 0.6 nil_bias 0.43 Home 0.04 0.01 0.001 0.7137162054955973 0.2867036147464379 0.01459716207026029 -0.009892302721654764
0.7344958930949936 0.32346531194348155 32 nil_vol 0.6 nil_bias 0.43 Home 0.04 0.01 0.001 0.7373283068099297 0.32154582281496125 -0.002832413714935978 0.001919489128520297
0.7402586434884884 0.32586985136735425 32 nil_vol 0.6 nil_bias 0.43 Right 0.04 0.01 0.001 0.4 0.35 0.3402586434884883 -0.024130148632645718
0.6888290695002269 0.25563287495645587 33 nil_vol 0.6 nil_bias 0.43 Right 0.04 0.01 0.001 0.6926525480828162 0.25313050325652064 -0.003823478582589213 0.0025023716999352207
0.4370162629644406 -0.13571127060188407 33 nil_vol 0.6 nil_bias 0.43 Right 0.04 0.01 0.001 0.4378207007094365 -0.13623775511172387 -0.0008044377449958897 0.0005264845098397909
0.2803008967031068 -0.3303163982199106 33 nil_vol 0.6 nil_bias 0.43 Right 0.04 0.01 0.001 0.3016544992694238 -0.3442918003568386 -0.02135360256631697 0.013975402136927988
0.1370469607506144 -0.5830446437402406 33 nil_vol 0.6 nil_bias 0.43 Right 0.04 0.01 0.001 0.14289273281407255 -0.586870556259401 -0.005845772063458165 0.0038259125191603734
0.1317781059102833 -0.5802537147868535 33 nil_vol 0.6 nil_bias 0.43 Right 0.04 0.01 0.001 0.14259150460362324 -0.5873308154651594 -0.01081339869333995 0.007077100678305948
0.0744996144804282 -0.7098390594821308 33 nil_vol 0.6 nil_bias 0.43 Right 0.04 0.01 0.001 0.06603753263622703 -0.7043008372397231 0.008462081844201174 -0.005538222242407598
0.05737420505932242 -0.7027683685008581 33 nil_vol 0.6 nil_bias 0.43 Right 0.04 0.01 0.001 0.06414171541226066 -0.707197535820724 -0.006767510352938237 0.004429167319865881
0.03087730271943634 -0.7580236259242505 33 nil_vol 0.6 nil_bias 0.43 Home 0.04 0.01 0.001 0.0 -0.75 0.03087730271943634 -0.008023625924250577
0.07258255049580113 -0.6265472831909917 34 nil_vol 0.6 nil_bias 0.43 Home 0.04 0.01 0.001 0.09363104987119655 -0.6375074026855366 -0.02104849937539542 0.010960119494544847
0.15601372541768743 -0.559603956046723 34 nil_vol 0.6 nil_bias 0.43 Home 0.04 0.01 0.001 0.13884976733865462 -0.5506665478167824 0.017163958079032805 -0.00893740822994057
0.187032705432849 -0.4731268955202314 34 nil_vol 0.6 nil_bias 0.43 Home 0.04 0.01 0.001 0.1808906200667591 -0.46992866326825755 0.006142085366089911 -0.0031982322519738303
0.2141209029847338 -0.39037682342498004 34 nil_vol 0.6 nil_bias 0.43 Home 0.04 0.01 0.001 0.22056630496794213 -0.3937329950297319 -0.006445401983208342 0.0033561716047518786
0.3976900430969057 -0.060309251398781606 34 nil_vol 0.6 nil_bias 0.43 Home 0.04 0.01 0.001 0.39493080616353393 -0.058872494983791435 0.0027592369333717596 -0.0014367564149901702
0.5604023868002335 0.2560704605367773 34 nil_vol 0.6 nil_bias 0.43 Home 0.04 0.01 0.001 0.5592394105154758 0.2566760314529237 0.0011629762847577244 -0.0006055709161464637
0.6772119180085044 0.47365587888374644 34 nil_vol 0.6 nil_bias 0.43 Home 0.04 0.01 0.001 0.6732867767791526 0.47569973085340034 0.003925141229351836 -0.0020438519696538986
0.7473854712497974 0.6180035009043812 34 nil_vol 0.6 nil_bias 0.43 Right 0.04 0.01 0.001 0.4 0.35 0.3473854712497973 0.2680035009043812
0.6975081034308578 0.5306511979296579 35 nil_vol 0.6 nil_bias 0.43 Right 0.04 0.01 0.001 0.700377499104645 0.5291334263669702 -0.002869395673787213 0.0015177715626876068
0.6226403075338875 0.3797826879395707 35 nil_vol 0.6 nil_bias 0.43 Right 0.04 0.01 0.001 0.6216541087020107 0.3803043394342922 0.000986198831876935 -0.000521651494721515
0.5056993304982462 0.11355818719121784 35 nil_vol 0.6 nil_bias 0.43 Right 0.04 0.01 0.001 0.48605466927461477 0.12394926306696363 0.019644661223631406 -0.0103910758757458
0.4240113757765071 0.04034519302511386 35 nil_vol 0.6 nil_bias 0.43 Right 0.04 0.01 0.001 0.437936148809775 0.032979661418635065 -0.013924773033267876 0.007365531606478793
0.21046105128241932 -0.36801455076590844 35 nil_vol 0.6 nil_bias 0.43 Right 0.04 0.01 0.001 0.222469702012683 -0.374366546327603 -0.012008650730263684 0.006351995561694572
0.12257254257078613 -0.5361278326363362 35 nil_vol 0.6 nil_bias 0.43 Right 0.04 0.01 0.001 0.133772241474033 -0.5420519317981558 -0.011199698903246864 0.005924099161819619
0.07488317608627806 -0.6641617222082484 35 nil_vol 0.6 nil_bias 0.43 Right 0.04 0.01 0.001 0.07042845315762036 -0.6618053891857465 0.004454722928657694 -0.0023563330225019703
0.03287522001562919 -0.7328009772988512 35 nil_vol 0.6 nil_bias 0.43 Home 0.04 0.01 0.001 0.0 -0.75 0.03287522001562919 0.017199022701148762
0.02060116227771756 -0.7140302637755478 36 nil_vol 0.6 nil_bias 0.43 Home 0.04 0.01 0.001 0.026395046524964997 -0.712207128370522 -0.005793884247247438 -0.0018231354050258098
-0.061314151810193944 -0.42464696717184675 36 nil_vol 0.6 nil_bias 0.43 Home 0.04 0.01 0.001 -0.0638401057454257 -0.42544179769559654 0.0025259539352317554 0.0007948305237497807
-0.18438565651803066 -0.12478693424930676 36 nil_vol 0.6 nil_bias 0.43 Home 0.04 0.01 0.001 -0.16078283323999137 -0.11735994038121145 -0.023602823278039285 -0.007426993868095316
-0.18157712457720893 -0.11772084591854255 36 nil_vol 0.6 nil_bias 0.43 Home 0.04 0.01 0.001 -0.16255293667239623 -0.111734590577386 -0.019024187904812688 -0.005986255341156554
-0.30324723491011385 0.26430697071734605 36 nil_vol 0.6 nil_bias 0.43 Home 0.04 0.01 0.001 -0.28289536502012885 0.2707110017562019 -0.020351869889984987 -0.006404031038855816
-0.2997455369532753 0.3556199976123011 36 nil_vol 0.6 nil_bias 0.43 Home 0.04 0.01 0.001 -0.3087242717496601 0.35279469965999855 0.008978734796384771 0.0028252979523025663
-0.295742128686811 0.3601535089480669 36 nil_vol 0.6 nil_bias 0.43 Home 0.04 0.01 0.001 -0.3096616067278283 0.3557735296193266 0.013919478041017282 0.004379979328740313
-0.40782329858141736 0.6677292288755844 36 nil_vol 0.6 nil_bias 0.43 Left 0.04 0.01 0.001 -0.4 0.35 -0.007823298581417346 0.3177292288755844
-0.41299212610799585 0.650848723793275 37 nil_vol 0.6 nil_bias 0.43 Left 0.04 0.01 0.001 -0.4039892319393574 0.653229259612957 -0.009002894168638455 -0.002380535819682025
-0.34854612731931184 0.47844090189150706 37 nil_vol 0.6 nil_bias 0.43 Left 0.04 0.01 0.001 -0.357168990008215 0.47616085359652216 0.008622862688903155 0.0022800482949849013
-0.2807891897020087 0.30121708362082694 37 nil_vol 0.6 nil_bias 0.43 Left 0.04 0.01 0.001 -0.3089421601485048 0.29377290474646073 0.028152970446496034 0.007444178874366225
-0.2786701510023665 0.23171511286008079 37 nil_vol 0.6 nil_bias 0.43 Left 0.04 0.01 0.001 -0.29162699537792786 0.2282890776798034 0.012956844375561397 0.0034260351802773872
-0.27685640646360066 0.1516105143618599 37 nil_vol 0.6 nil_bias 0.43 Left 0.04 0.01 0.001 -0.2717114519509163 0.15297093782998694 -0.00514495451268435 -0.0013604234681270336
-0.21045812040818054 -0.014487745684244106 37 nil_vol 0.6 nil_bias 0.43 Left 0.04 0.01 0.001 -0.22632297375527652 -0.018682713542283014 0.01586485334709597 0.004194967858038907
-0.1521080876851749 -0.276320665125444 37 nil_vol 0.6 nil_bias 0.43 Left 0.04 0.01 0.001 -0.15780061089940906 -0.27782587613448395 0.005692523214234158 0.0015052110090399162
-0.034974429451378145 -0.7423394127811664 37 nil_vol 0.6 nil_bias 0.43 Home 0.04 0.01 0.001 0.0 -0.75 -0.034974429451378145 0.007660587218833535
0.12228908886831964 0.12288520265771506 38 nil_vol 0.6 nil_bias 0.43 Home 0.04 0.01 0.001 0.11073568290165635 0.12482652439245667 0.011553405966663294 -0.0019413217347416046
0.13886383125872756 0.22243531030548086 38 nil_vol 0.6 nil_bias 0.43 Home 0.04 0.01 0.001 0.12745892011014504 0.22435168041827924 0.011404911148582532 -0.0019163701127983882
0.13949053922699325 0.2250794284324987 38 nil_vol 0.6 nil_bias 0.43 Home 0.04 0.01 0.001 0.12790822089355647 0.22702560831956198 0.011582318333436788 -0.0019461798870632802
0.14144039993153745 0.3726951660000576 38 nil_vol 0.6 nil_bias 0.43 Home 0.04 0.01 0.001 0.1520845839551228 0.3709066210590073 -0.01064418402358537 0.001788544941050269
0.16898425581399198 0.4522160729452131 38 nil_vol 0.6 nil_bias 0.43 Home 0.04 0.01 0.001 0.16583592234731787 0.4527450882160955 0.0031483334666741088 -0.0005290152708824097
0.15513703854671337 0.4681704961998316 38 nil_vol 0.6 nil_bias 0.43 Home 0.04 0.01 0.001 0.16806290646092098 0.4659985593359617 -0.012925867914207604 0.0021719368638698903
0.18147323300598617 0.48193693230340656 38 nil_vol 0.6 nil_bias 0.43 Home 0.04 0.01 0.001 0.1710357295203246 0.4836907486612514 0.010437503485661574 -0.001753816357844824
0.17539200355757717 0.5096162825661777 38 nil_vol 0.6 nil_bias 0.43 Right 0.04 0.01 0.001 0.4 0.35 -0.22460799644242285 0.15961628256617777
0.16318604303051903 0.43353850266962374 39 nil_vol 0.6 nil_bias 0.43 Right 0.04 0.01 0.001 0.16376911486294835 0.4334495271189454 -0.0005830718324293155 8.897555067833025e-05
0.15066435806749393 0.3956167155058623 39 nil_vol 0.6 nil_bias 0.43 Right 0.04 0.01 0.001 0.15782906804338076 0.394523395643541 -0.007164709975886841 0.0010933198623213182
0.152400276180135 0.32791884053634973 39 nil_vol 0.6 nil_bias 0.43 Right 0.04 0.01 0.001 0.14777310026354132 0.3286249379712903 0.004627175916593663 -0.0007060974349405549
0.09055003526167983 -0.025075534694718297 39 nil_vol 0.6 nil_bias 0.43 Right 0.04 0.01 0.001 0.09372520530590785 -0.025560059049128392 -0.0031751700442280146 0.00048452435441009606
0.046302967776201125 -0.39272014969123653 39 nil_vol 0.6 nil_bias 0.43 Right 0.04 0.01 0.001 0.037893169629425044 -0.39143683195989387 0.00840979814677608 -0.0012833177313426706
0.033503756223929045 -0.4701938067037087 39 nil_vol 0.6 nil_bias 0.43 Right 0.04 0.01 0.001 0.026048620090108665 -0.46905616841285713 0.00745513613382038 -0.0011376382908515816
0.0155268563709106 -0.6930412409398289 39 nil_vol 0.6 nil_bias 0.43 Right 0.04 0.01 0.001 -0.007592672528510952 -0.6895132488454775 0.02311952889942155 -0.003527992094351389
-0.014942432800328535 -0.7376774710046394 39 nil_vol 0.6 nil_bias 0.43 Home 0.04 0.01 0.001 0.0 -0.75 -0.014942432800328535 0.012322528995360557
-0.01233247244287881 -0.6961869786215554 40 nil_vol 0.6 nil_bias 0.43 Home 0.04 0.01 0.001 -0.020114998331082413 -0.6971810320795898 0.007782525888203603 0.0009940534580343324
-0.016058997362180902 -0.6362474076121836 40 nil_vol 0.6 nil_bias 0.43 Home 0.04 0.01 0.001 -0.027707934474428084 -0.6377353135164101 0.011648937112247184 0.0014879059042265073
-0.0323365671670952 -0.5230765610941327 40 nil_vol 0.6 nil_bias 0.43 Home 0.04 0.01 0.001 -0.042192376318432666 -0.5243354327393223 0.009855809151337463 0.0012588716451895875
-0.06111145686521133 -0.41056300696911735 40 nil_vol 0.6 nil_bias 0.43 Home 0.04 0.01 0.001 -0.056794827316938884 -0.4100116486323571 -0.004316629548272445 -0.0005513583367602341
-0.07841140758247019 -0.32703774559303306 40 nil_vol 0.6 nil_bias 0.43 Home 0.04 0.01 0.001 -0.06756986868876194 -0.3256529677737855 -0.01084153889370825 -0.001384777819247577
-0.09172081886528656 -0.13122481515325754 40 nil_vol 0.6 nil_bias 0.43 Home 0.04 0.01 0.001 -0.09239299607962864 -0.13131067160833743 0.0006721772143420854 8.585645507989011e-05
-0.10234079483362676 -0.09337835692762138 40 nil_vol 0.6 nil_bias 0.43 Home 0.04 0.01 0.001 -0.09731996208229134 -0.09273705149152356 -0.005020832751335432 -0.0006413054360978241
-0.12540371977456405 0.1271329861927082 40 nil_vol 0.6 nil_bias 0.43 Left 0.04 0.01 0.001 -0.4 0.35 0.274596280225436 -0.2228670138072918
-0.1270551101628653 0.10923607572046182 41 nil_vol 0.6 nil_bias 0.43 Left 0.04 0.01 0.001 -0.12297894774803979 0.10980651887054323 -0.004076162414825515 -0.0005704431500814158
-0.09561036929052591 -0.10663699668143402 41 nil_vol 0.6 nil_bias 0.43 Left 0.04 0.01 0.001 -0.09274464071692237 -0.1062359490615308 -0.0028657285736035307 -0.0004010476199032167
-0.09783338189315555 -0.12570435046319448 41 nil_vol 0.6 nil_bias 0.43 Left 0.04 0.01 0.001 -0.0901701961790601 -0.12463191728867029 -0.007663185714095458 -0.0010724331745241907
-0.04854092122631206 -0.36291319300721137 41 nil_vol 0.6 nil_bias 0.43 Left 0.04 0.01 0.001 -0.05666455341242782 -0.36405006388298805 0.008123632186115762 0.0011368708757766763
-0.0378071467690816 -0.5016426088876919 41 nil_vol 0.6 nil_bias 0.43 Left 0.04 0.01 0.001 -0.03741665710360986 -0.5015879613706951 -0.00039048966547173473 -5.464751699680982e-05
-0.01657901869357153 -0.5173603759252888 41 nil_vol 0.6 nil_bias 0.43 Left 0.04 0.01 0.001 -0.034851503609670834 -0.5199175394518067 0.018272484916099303 0.0025571635265178782
-0.01370461431172697 -0.6236526183733995 41 nil_vol 0.6 nil_bias 0.43 Left 0.04 0.01 0.001 -0.02020683542624982 -0.6245625790466062 0.00650222111452285 0.0009099606732066599
0.001184319753600572 -0.7774153615567678 41 nil_vol 0.6 nil_bias 0.43 Home 0.04 0.01 0.001 0.0 -0.75 0.001184319753600572 -0.027415361556767878
0.025339377676898794 -0.6970925920953986 42 nil_vol 0.6 nil_bias 0.43 Home 0.04 0.01 0.001 0.01733612001970874 -0.6955142614144612 0.008003257657190052 -0.001578330680937467
0.05364816047333818 -0.48283906307904934 42 nil_vol 0.6 nil_bias 0.43 Home 0.04 0.01 0.001 0.05906725437595291 -0.48390776816587033 -0.005419093902614723 0.0010687050868209806
0.1094010702999999 -0.27649023935552386 42 nil_vol 0.6 nil_bias 0.43 Home 0.04 0.01 0.001 0.10032525699957211 -0.2747003888721202 0.00907581330042779 -0.0017898504834036424
0.12138211064459951 -0.1708374267656797 42 nil_vol 0.6 nil_bias 0.43 Home 0.04 0.01 0.001 0.1208296645107088 -0.1707284782949402 0.0005524461338907214 -0.00010894847073949545
0.1816929702324016 -0.006665711004658105 42 nil_vol 0.6 nil_bias 0.43 Home 0.04 0.01 0.001 0.1542518952358577 -0.001254028357399961 0.027441074996543923 -0.005411682647258144
0.2426619302752983 0.3921853868245991 42 nil_vol 0.6 nil_bias 0.43 Home 0.04 0.01 0.001 0.23224752628107384 0.39423922215663976 0.010414403994224473 -0.002053835332040698
0.23151019765006964 0.4377008658668581 42 nil_vol 0.6 nil_bias 0.43 Home 0.04 0.01 0.001 0.24047016887144737 0.435933860719109 -0.008959971221377747 0.0017670051477491028
0.2541196392503283 0.505146370902009 42 nil_vol 0.6 nil_bias 0.43 Right 0.04 0.01 0.001 0.4 0.35 -0.1458803607496717 0.15514637090200906
0.22359767074051565 0.3300938380528474 43 nil_vol 0.6 nil_bias 0.43 Right 0.04 0.01 0.001 0.22283021461698505 0.3302311231714873 0.0007674561235306031 -0.0001372851186398796
0.1991815547973169 0.27308674747304507 43 nil_vol 0.6 nil_bias 0.43 Right 0.04 0.01 0.001 0.2121917219291441 0.2707594452554267 -0.0130101671318272 0.0023273022176183555
0.19718254313299416 0.17042777919703173 43 nil_vol 0.6 nil_bias 0.43 Right 0.04 0.01 0.001 0.19433517163500064 0.17093712653550308 0.0028473714979935305 -0.0005093473384713516
0.17292150204376766 0.012594254629882043 43 nil_vol 0.6 nil_bias 0.43 Right 0.04 0.01 0.001 0.1662245659661009 0.013792224957770771 0.006696936077666746 -0.0011979703278887283
0.13509168576833605 -0.18948512554074956 43 nil_vol 0.6 nil_bias 0.43 Right 0.04 0.01 0.001 0.13002380199952124 -0.18857856553930719 0.005067883768814815 -0.0009065600014423737
0.11564070065694335 -0.2550973503202372 43 nil_vol 0.6 nil_bias 0.43 Right 0.04 0.01 0.001 0.11804767779595543 -0.2555279184425848 -0.002406977139012083 0.0004305681223476159
0.1116524841450144 -0.3046831157840056 43 nil_vol 0.6 nil_bias 0.43 Right 0.04 0.01 0.001 0.10932898199255622 -0.30426747994648984 0.0023235021524581822 -0.0004156358375157553
0.030113186439054893 -0.74710242069019 43 nil_vol 0.6 nil_bias 0.43 Home 0.04 0.01 0.001 0.0 -0.75 0.030113186439054893 0.0028975793098100673
0.005720637819472516 -0.7102982586520387 44 nil_vol 0.6 nil_bias 0.43 Home 0.04 0.01 0.001 0.006048299615911454 -0.7100852455300632 -0.00032766179643893816 -0.00021301312197545671
-0.031503546683767064 -0.6375145016071702 44 nil_vol 0.6 nil_bias 0.43 Home 0.04 0.01 0.001 -0.0382701907646856 -0.6419135008089029 0.006766644080918537 0.004398999201732734
-0.14461424031093786 -0.4770683088164838 44 nil_vol 0.6 nil_bias 0.43 Home 0.04 0.01 0.001 -0.14519197589120228 -0.47744389504889145 0.0005777355802644177 0.0003755862324076577
-0.4490985087834394 -0.054406229543652325 44 nil_vol 0.6 nil_bias 0.43 Home 0.04 0.01 0.001 -0.4287914097342593 -0.04120457279348311 -0.020307099049180093 -0.013201656750169218
-0.4481895293046378 -0.041805048980940784 44 nil_vol 0.6 nil_bias 0.43 Home 0.04 0.01 0.001 -0.43427974323053903 -0.03276228906856671 -0.013909786074098743 -0.009042759912374077
-0.4873245856413262 0.047376027436735614 44 nil_vol 0.6 nil_bias 0.43 Home 0.04 0.01 0.001 -0.4866590040495983 0.047808722411628035 -0.0006655815917278912 -0.0004326949748924211
-0.5754283069660713 0.20451576169722313 44 nil_vol 0.6 nil_bias 0.43 Home 0.04 0.01 0.001 -0.5846408403161119 0.19852668847745014 0.009212533350040554 0.005989073219772984
-0.6947270078353842 0.3678638216921765 44 nil_vol 0.6 nil_bias 0.43 Left 0.04 0.01 0.001 -0.4 0.35 -0.29472700783538425 0.01786382169217655
-0.6473875164642146 0.29781738917306616 45 nil_vol 0.6 nil_bias 0.43 Left 0.04 0.01 0.001 -0.6482879360465016 0.29722543553571484 0.0009004195822870256 0.0005919536373512958
-0.582959125071524 0.2067153521978387 45 nil_vol 0.6 nil_bias 0.43 Left 0.04 0.01 0.001 -0.5870267758564015 0.20404119814238464 0.004067650784877516 0.002674154055454058
-0.509197594262742 0.06205665080978434 45 nil_vol 0.6 nil_bias 0.43 Left 0.04 0.01 0.001 -0.4983651273815658 0.06917812872734885 -0.010832466881176226 -0.007121477917564511
-0.2692948229115099 -0.2608837050607745 45 nil_vol 0.6 nil_bias 0.43 Left 0.04 0.01 0.001 -0.2777301826706645 -0.26642927735843097 0.008435359759154595 0.005545572297656439
-0.09293136837902356 -0.5318967414619766 45 nil_vol 0.6 nil_bias 0.43 Left 0.04 0.01 0.001 -0.10010581948672825 -0.53661336748028 0.007174451107704697 0.0047166260183033595
-0.08155195775668292 -0.5516026899133435 45 nil_vol 0.6 nil_bias 0.43 Left 0.04 0.01 0.001 -0.08762623521501789 -0.5555960400208673 0.006074277458334969 0.003993350107523733
0.010677678011650564 -0.7040826477036867 45 nil_vol 0.6 nil_bias 0.43 Left 0.04 0.01 0.001 0.010198777750486943 -0.7043974862046489 0.0004789002611636203 0.0003148385009622367
0.022762029255392967 -0.7235074248188129 45 nil_vol 0.6 nil_bias 0.43 Home 0.04 0.01 0.001 0.0 -0.75 0.022762029255392967 0.02649257518118703
0.02559216606813912 -0.7095837089040841 46 nil_vol 0.6 nil_bias 0.43 Home 0.04 0.01 0.001 0.02854807160020681 -0.710945167621867 -0.002955905532067689 0.0013614587177829059
0.0893888854152536 -0.616506087444261 46 nil_vol 0.6 nil_bias 0.43 Home 0.04 0.01 0.001 0.07508101769606013 -0.6099160354186287 0.014307867719193465 -0.006590052025632357
0.21493120849512384 -0.2917772744672982 46 nil_vol 0.6 nil_bias 0.43 Home 0.04 0.01 0.001 0.22044305690141494 -0.29431597334736476 -0.005511848406291103 0.002538698880066576
0.2699093425428442 -0.19128256352571343 46 nil_vol 0.6 nil_bias 0.43 Home 0.04 0.01 0.001 0.26825096458256764 -0.19051873223716131 0.001658377960276585 -0.0007638312885521158
0.2812981931584435 -0.1497769739238254 46 nil_vol 0.6 nil_bias 0.43 Home 0.04 0.01 0.001 0.28601545414595286 -0.15194969427155902 -0.004717260987509333 0.0021727203477336
0.3020355038169915 -0.11206553826992004 46 nil_vol 0.6 nil_bias 0.43 Home 0.04 0.01 0.001 0.3039743593067926 -0.11295855453193315 -0.001938855489801124 0.0008930162620131187
0.31428726790301326 -0.08674600239732749 46 nil_vol 0.6 nil_bias 0.43 Home 0.04 0.01 0.001 0.31573950194994405 -0.08741488598714642 -0.0014522340469307633 0.000668883589818919
0.39206087057205813 0.0782888204700461 46 nil_vol 0.6 nil_bias 0.43 Right 0.04 0.01 0.001 0.4 0.35 -0.007939129427941881 -0.2717111795299539
0.33757327806689336 -0.12831597512691054 47 nil_vol 0.6 nil_bias 0.43 Right 0.04 0.01 0.001 0.31614739366948996 -0.12011810934765663 0.021425884397403408 -0.00819786577925392
0.25099443055209975 -0.2660096419537328 47 nil_vol 0.6 nil_bias 0.43 Right 0.04 0.01 0.001 0.25913531857509436 -0.2691244682124114 -0.008140888022994626 0.00311482625867867
0.23818348276557672 -0.30392471238994867 47 nil_vol 0.6 nil_bias 0.43 Right 0.04 0.01 0.001 0.24484501178282786 -0.3064735136321811 -0.006661529017251135 0.002548801242232422
0.15923253199633985 -0.48262107590728764 47 nil_vol 0.6 nil_bias 0.43 Right 0.04 0.01 0.001 0.17512215414370608 -0.48870068444204456 -0.015889622147366212 0.006079608534756909
0.12596834817998945 -0.6079504649821991 47 nil_vol 0.6 nil_bias 0.43 Right 0.04 0.01 0.001 0.12904499081529403 -0.6091276347506505 -0.003076642635304575 0.0011771697684513599
0.11492401068856672 -0.6694544759520138 47 nil_vol 0.6 nil_bias 0.43 Right 0.04 0.01 0.001 0.10710734822702062 -0.666463703271972 0.007816662461546102 -0.0029907726800417777
0.10563036933103566 -0.705628122590819 47 nil_vol 0.6 nil_bias 0.43 Right 0.04 0.01 0.001 0.09384740986799361 -0.7011197849946302 0.011782959463042045 -0.004508337596188788
0.06139610690596401 -0.785934282393347 47 nil_vol 0.6 nil_bias 0.43 Home 0.04 0.01 0.001 0.0 -0.75 0.06139610690596401 -0.03593428239334697
0.045948958431052886 -0.7839706227592206 48 nil_vol 0.6 nil_bias 0.43 Home 0.04 0.01 0.001 0.05878055135389991 -0.7790765923072803 -0.012831592922847026 -0.0048940304519402966
-0.012236076427579946 -0.5938529440801991 48 nil_vol 0.6 nil_bias 0.43 Home 0.04 0.01 0.001 -0.011911799726548801 -0.5937292634070945 -0.00032427670103114516 -0.00012368067310453937
-0.04190362484246274 -0.4967753719876659 48 nil_vol 0.6 nil_bias 0.43 Home 0.04 0.01 0.001 -0.04800317512677193 -0.499101769420474 0.006099550284309187 0.002326397432808127
-0.1295010231032302 -0.27695811967337713 48 nil_vol 0.6 nil_bias 0.43 Home 0.04 0.01 0.001 -0.1323197749928513 -0.2780332050246048 0.0028187518896210977 0.0010750853512277033
-0.1493454204966692 -0.2164937597099563 48 nil_vol 0.6 nil_bias 0.43 Home 0.04 0.01 0.001 -0.15497262454630364 -0.2186400020466468 0.0056272040496344305 0.0021462423366905136
-0.21605579505987177 -0.11487768084172081 48 nil_vol 0.6 nil_bias 0.43 Home 0.04 0.01 0.001 -0.19727945301979602 -0.10771629485693313 -0.018776342040075764 -0.007161385984787689
-0.2368749929891321 0.03176846141696475 48 nil_vol 0.6 nil_bias 0.43 Home 0.04 0.01 0.001 -0.2487518759974666 0.027238561858397348 0.011876883008334517 0.004529899558567407
-0.3737860917376268 0.3550640982052522 48 nil_vol 0.6 nil_bias 0.43 Left 0.04 0.01 0.001 -0.4 0.35 0.026213908262373214 0.005064098205252211
-0.3525726933586828 0.2535099552944273 49 nil_vol 0.6 nil_bias 0.43 Left 0.04 0.01 0.001 -0.3434125910244969 0.25632780854511583 -0.009160102334185878 -0.002817853250688509
-0.32192328323164954 0.1754790654768848 49 nil_vol 0.6 nil_bias 0.43 Left 0.04 0.01 0.001 -0.31883404131399107 0.17642938568753894 -0.003089241917658445 -0.0009503202106541451
-0.29918075767604635 0.15486769961138377 49 nil_vol 0.6 nil_bias 0.43 Left 0.04 0.01 0.001 -0.31107555851348057 0.1512085916687829 0.011894800837434197 0.003659107942600873
-0.25250317865245736 -0.09284086932185413 49 nil_vol 0.6 nil_bias 0.43 Left 0.04 0.01 0.001 -0.23742713209316726 -0.08820313873165297 -0.015076046559290082 -0.004637730590201157
-0.14931834704228555 -0.3952756412159583 49 nil_vol 0.6 nil_bias 0.43 Left 0.04 0.01 0.001 -0.14351400619454802 -0.3934900955823838 -0.005804340847737535 -0.001785545633574514
-0.14062412448675654 -0.3938360684222023 49 nil_vol 0.6 nil_bias 0.43 Left 0.04 0.01 0.001 -0.14316694596226012 -0.3946182974300516 0.0025428214755035955 0.0007822290078493087
-0.11575784942037777 -0.4881495924425997 49 nil_vol 0.6 nil_bias 0.43 Left 0.04 0.01 0.001 -0.11451247068564036 -0.48776648596758565 -0.0012453787347374112 -0.0003831064750140754
-0.03691448101795654 -0.7400172112704044 49 nil_vol 0.6 nil_bias 0.43 Home 0.04 0.01 0.001 0.0 -0.75 -0.03691448101795654 0.009982788729595612
-0.037132870605784615 -0.6312252376879317 50 nil_vol 0.6 nil_bias 0.43 Home 0.04 0.01 0.001 -0.02274613645155704 -0.6331323001968961 -0.014386734154227575 0.0019070625089644265
0.0026368488272717136 -0.4781215351735589 50 nil_vol 0.6 nil_bias 0.43 Home 0.04 0.01 0.001 -0.002114878115589129 -0.4774916604425447 0.004751726942860843 -0.000629874731014142
0.023212208755675666 -0.3509735567727206 50 nil_vol 0.6 nil_bias 0.43 Home 0.04 0.01 0.001 0.014803732203866042 -0.34985895423558044 0.008408476551809626 -0.00111460253714013
0.09047278311229126 0.2075286102053997 50 nil_vol 0.6 nil_bias 0.43 Home 0.04 0.01 0.001 0.08872015892594833 0.2077609328327763 0.0017526241863429328 -0.00023232262737660504
0.10186912186237737 0.31318472421508164 50 nil_vol 0.6 nil_bias 0.43 Home 0.04 0.01 0.001 0.10268056369224958 0.3130771619097408 -0.0008114418298722064 0.00010756230534085789
0.09943459395937553 0.3317085311519066 50 nil_vol 0.6 nil_bias 0.43 Home 0.04 0.01 0.001 0.10505158418338852 0.3309639597047247 -0.005616990224012989 0.000744571447181926
0.10663338099206612 0.3954534091906509 50 nil_vol 0.6 nil_bias 0.43 Home 0.04 0.01 0.001 0.11347981187544819 0.3945458667617754 -0.006846430883382061 0.0009075424288755226
0.1492010959682037 0.6640245102117881 50 nil_vol 0.6 nil_bias 0.43 Right 0.04 0.01 0.001 0.4 0.35 -0.25079890403179633 0.31402451021178807
0.14057087444061292 0.5367197894089384 51 nil_vol 0.6 nil_bias 0.43 Right 0.04 0.01 0.001 0.13486417041616888 0.5373657501836037 0.005706704024444048 -0.0006459607746652948
0.0711727950810472 -0.1879461971158294 51 nil_vol 0.6 nil_bias 0.43 Right 0.04 0.01 0.001 0.05299658984883138 -0.1858887721009722 0.018176205232215813 -0.0020574250148572126
0.06001264315835685 -0.3576667421878832 51 nil_vol 0.6 nil_bias 0.43 Right 0.04 0.01 0.001 0.03388720918662014 -0.3547095175807258 0.026125433971736715 -0.0029572246071573917
0.019451788128517673 -0.4026581480873145 51 nil_vol 0.6 nil_bias 0.43 Right 0.04 0.01 0.001 0.02834578811128949 -0.40366488947325907 -0.008893999982771815 0.001006741385944595
0.01416367734256891 -0.5413880756225353 51 nil_vol 0.6 nil_bias 0.43 Right 0.04 0.01 0.001 0.01277424584042211 -0.5412308012579237 0.0013894315021468005 -0.00015727436461163732
0.025170175444310217 -0.6036684115065976 51 nil_vol 0.6 nil_bias 0.43 Right 0.04 0.01 0.001 0.005952950514749145 -0.6014931500160341 0.019217224929561072 -0.00217526149056343
-0.012918365092637187 -0.6412518436824555 51 nil_vol 0.6 nil_bias 0.43 Right 0.04 0.01 0.001 0.0012707309567933367 -0.6428579545717938 -0.014189096049430524 0.0016061108893383226
-0.008153196971922991 -0.7261131142442092 51 nil_vol 0.6 nil_bias 0.43 Home 0.04 0.01 0.001 0.0 -0.75 -0.008153196971922991 0.023886885755790763
-0.01066109565779711 -0.7212816695625431 52 nil_vol 0.6 nil_bias 0.43 Home 0.04 0.01 0.001 -0.007369750090300791 -0.7218926426114235 -0.0032913455674963192 0.0006109730488803349
0.018467294416988245 -0.5887597030554366 52 nil_vol 0.6 nil_bias 0.43 Home 0.04 0.01 0.001 0.017381166972753808 -0.5885580850294748 0.0010861274442344351 -0.00020161802596173632
0.04706162692578675 -0.5412825720337873 52 nil_vol 0.6 nil_bias 0.43 Home 0.04 0.01 0.001 0.026853279242428207 -0.5375312929463326 0.020208347683358545 -0.003751279087454626
0.029063449828399663 -0.5175842580451554 52 nil_vol 0.6 nil_bias 0.43 Home 0.04 0.01 0.001 0.03050633117732517 -0.5178521003603567 -0.0014428813489255074 0.00026784231520125037
0.05951386682698995 -0.38152512093123486 52 nil_vol 0.6 nil_bias 0.43 Home 0.04 0.01 0.001 0.055936019498766684 -0.38086096451079077 0.0035778473282232627 -0.0006641564204441049
0.08391048125137109 -0.19065930614895002 52 nil_vol 0.6 nil_bias 0.43 Home 0.04 0.01 0.001 0.09099892864903024 -0.1919751358695193 -0.0070884473976591525 0.0013158297205693003
0.12491559059055188 -0.08582186763163528 52 nil_vol 0.6 nil_bias 0.43 Home 0.04 0.01 0.001 0.1111775706564954 -0.08327167660715584 0.013738019934056482 -0.002550191024479441
0.13535492632315277 0.04697307404602802 52 nil_vol 0.6 nil_bias 0.43 Right 0.04 0.01 0.001 0.4 0.35 -0.26464507367684725 -0.30302692595397196
0.13475838745468666 0.020609618605994647 53 nil_vol 0.6 nil_bias 0.43 Right 0.04 0.01 0.001 0.132743949486223 0.02081065702191173 0.002014437968463654 -0.00020103841591708328
0.13680211885747195 -0.05484523450446502 53 nil_vol 0.6 nil_bias 0.43 Right 0.04 0.01 0.001 0.1253080635645303 -0.05369814201279664 0.011494055292941658 -0.0011470924916683776
0.13542827084363218 -0.08886584571556352 53 nil_vol 0.6 nil_bias 0.43 Right 0.04 0.01 0.001 0.12193278253254722 -0.08751901268592338 0.013495488311084958 -0.001346833029640141
0.07074577651366315 -0.5254335548268098 53 nil_vol 0.6 nil_bias 0.43 Right 0.04 0.01 0.001 0.0781556524182062 -0.5261730512706381 -0.0074098759045430436 0.0007394964438282608
0.07130326969472046 -0.6100430965762809 53 nil_vol 0.6 nil_bias 0.43 Right 0.04 0.01 0.001 0.06980049304962951 -0.6098931213271365 0.0015027766450909446 -0.00014997524914439847
0.06457918967599795 -0.7089480385278961 53 nil_vol 0.6 nil_bias 0.43 Right 0.04 0.01 0.001 0.05996093180864513 -0.7084871421089027 0.004618257867352812 -0.0004608964189933896
0.06050644626717952 -0.712286756812524 53 nil_vol 0.6 nil_bias 0.43 Right 0.04 0.01 0.001 0.05959085407281342 -0.7121953818447846 0.0009155921943660991 -9.137496773940891e-05
0.05426342346686777 -0.7655771120878168 53 nil_vol 0.6 nil_bias 0.43 Home 0.04 0.01 0.001 0.0 -0.75 0.05426342346686777 -0.01557711208781671
-0.026212575667245025 -0.440024205755231 54 nil_vol 0.6 nil_bias 0.43 Home 0.04 0.01 0.001 -0.037261473777920814 -0.443160675079284 0.011048898110675791 0.003136469324053035
-0.04569320650518094 -0.39926916604031576 54 nil_vol 0.6 nil_bias 0.43 Home 0.04 0.01 0.001 -0.04942066048416756 -0.4003272846820846 0.003727453978986621 0.0010581186417688755
-0.13438742711624396 -0.1559106171593322 54 nil_vol 0.6 nil_bias 0.43 Home 0.04 0.01 0.001 -0.11996577375432793 -0.15181671811902242 -0.014421653361916021 -0.004093899040309758
-0.23146589421123273 0.21198769635154513 54 nil_vol 0.6 nil_bias 0.43 Home 0.04 0.01 0.001 -0.2238530155201556 0.2141487770532695 -0.007612878691077136 -0.002161080701724384
-0.30852689076422 0.44278479110184527 54 nil_vol 0.6 nil_bias 0.43 Home 0.04 0.01 0.001 -0.2902306726658108 0.44797856936253866 -0.018296218098409183 -0.005193778260693405
-0.3077630492229104 0.5110499873995362 54 nil_vol 0.6 nil_bias 0.43 Home 0.04 0.01 0.001 -0.308107134878848 0.5109523112246015 0.00034408565593757704 9.767617493477536e-05
-0.330971596270141 0.5755187280711856 54 nil_vol 0.6 nil_bias 0.43 Home 0.04 0.01 0.001 -0.32677397027919186 0.5767103152342294 -0.004197625990949126 -0.0011915871630437537
-0.3738947680115495 0.7427036151035888 54 nil_vol 0.6 nil_bias 0.43 Left 0.04 0.01 0.001 -0.4 0.35 0.026105231988450484 0.39270361510358887
-0.3500381623964358 0.6463537486552207 55 nil_vol 0.6 nil_bias 0.43 Left 0.04 0.01 0.001 -0.35104197274554116 0.6461162448043245 0.0010038103491053232 0.0002375038508961148
-0.3085280411129041 0.450794314598441 55 nil_vol 0.6 nil_bias 0.43 Left 0.04 0.01 0.001 -0.3050244836269407 0.4516232644050393 -0.003503557485963418 -0.0008289498065982928
-0.2321883551405236 0.20560532327234798 55 nil_vol 0.6 nil_bias 0.43 Left 0.04 0.01 0.001 -0.2460406112310666 0.20232784743437182 0.013852256090542985 0.0032774758379761682
-0.1803235143369632 -0.07460817481385405 55 nil_vol 0.6 nil_bias 0.43 Left 0.04 0.01 0.001 -0.18050665532788007 -0.07465150639599849 0.0001831409909168874 4.333158214443486e-05
-0.1866607479877416 -0.15159908217372886 55 nil_vol 0.6 nil_bias 0.43 Left 0.04 0.01 0.001 -0.1635920800189836 -0.14614098196335834 -0.023068667968758016 -0.005458100210370534
-0.11294687779206819 -0.34396670945051755 55 nil_vol 0.6 nil_bias 0.43 Left 0.04 0.01 0.001 -0.11658252908910571 -0.3448269129584127 0.003635651297037519 0.0008602035078951612
-0.04875785572967613 -0.5926050321517997 55 nil_vol 0.6 nil_bias 0.43 Left 0.04 0.01 0.001 -0.05746994442804426 -0.5946663324930994 0.008712088698368136 0.002061300341299679
-0.007892600346499617 -0.804205044738982 55 nil_vol 0.6 nil_bias 0.43 Home 0.04 0.01 0.001 0.0 -0.75 -0.007892600346499617 -0.05420504473898202
0.040529701427297025 -0.6624350884331155 56 nil_vol 0.6 nil_bias 0.43 Home 0.04 0.01 0.001 0.032703964005148675 -0.6602284926489719 0.007825737422148349 -0.0022065957841435986
0.10243662515184501 -0.5232078585004599 56 nil_vol 0.6 nil_bias 0.43 Home 0.04 0.01 0.001 0.07362950563561539 -0.515085215860045 0.028807119516229614 -0.008122642640414936
0.16235571212333996 -0.20148167397403197 56 nil_vol 0.6 nil_bias 0.43 Home 0.04 0.01 0.001 0.1620773311679291 -0.2014031798706064 0.0002783809554108425 -7.849410342556568e-05
0.22474486060038237 0.004027171599549403 56 nil_vol 0.6 nil_bias 0.43 Home 0.04 0.01 0.001 0.22035113204707274 0.005266055857915286 0.004393728553309636 -0.0012388842583658832
0.22790599669209458 0.0768455261473683 56 nil_vol 0.6 nil_bias 0.43 Home 0.04 0.01 0.001 0.23960408679413245 0.07354705663462524 -0.011698090102037872 0.0032984695127430516
0.2471794988282818 0.1335735581092742 56 nil_vol 0.6 nil_bias 0.43 Home 0.04 0.01 0.001 0.25584092190540625 0.13113132696661212 -0.00866142307712446 0.0024422311426620987
0.25805824522093096 0.164135383001513 56 nil_vol 0.6 nil_bias 0.43 Home 0.04 0.01 0.001 0.26462487911510174 0.16228381223121313 -0.006566633894170804 0.0018515707702998726
0.3079838884447945 0.31605743236452105 56 nil_vol 0.6 nil_bias 0.43 Right 0.04 0.01 0.001 0.4 0.35 -0.09201611155520553 -0.03394256763547892
0.31967895281387143 0.2941176389262907 57 nil_vol 0.6 nil_bias 0.43 Right 0.04 0.01 0.001 0.30330907634562615 0.29846843166885373 0.016369876468245285 -0.004350792742562985
0.29950389694754553 0.2592488275170266 57 nil_vol 0.6 nil_bias 0.43 Right 0.04 0.01 0.001 0.29332196050405174 0.2608918652189612 0.006181936443493816 -0.00164303770193457
0.262721129270849 0.1598535935609764 57 nil_vol 0.6 nil_bias 0.43 Right 0.04 0.01 0.001 0.26622075474667906 0.15892346161089932 -0.0034996254758300474 0.0009301319500770809
0.23402679528753606 0.08615769890669397 57 nil_vol 0.6 nil_bias 0.43 Right 0.04 0.01 0.001 0.2460329348207565 0.08296670202601114 -0.01200613953322043 0.0031909968806828315
0.24280393972690148 0.0774473727671603 57 nil_vol 0.6 nil_bias 0.43 Right 0.04 0.01 0.001 0.24444974660036678 0.07700994951508974 -0.0016458068734653073 0.00043742325207055696
0.23229974193552297 0.02392080921416836 57 nil_vol 0.6 nil_bias 0.43 Right 0.04 0.01 0.001 0.2304690135252928 0.024407380991071148 0.001830728410230148 -0.00048657177690278526
0.08512497864663736 -0.5754703758906887 57 nil_vol 0.6 nil_bias 0.43 Right 0.04 0.01 0.001 0.07196299982080451 -0.5719721795503385 0.013161978825832853 -0.0034981963403502452
0.016278762678298843 -0.7814843620852199 57 nil_vol 0.6 nil_bias 0.43 Home 0.04 0.01 0.001 0.0 -0.75 0.016278762678298843 -0.03148436208521989
0.05649588485572024 -0.6251456459007906 58 nil_vol 0.6 nil_bias 0.43 Home 0.04 0.01 0.001 0.057267224840040584 -0.6253481359990443 -0.0007713399843203417 0.0002024900982537075
0.14620129390882397 -0.27687309645602814 58 nil_vol 0.6 nil_bias 0.43 Home 0.04 0.01 0.001 0.14858376615628388 -0.2774985366630466 -0.0023824722474599202 0.0006254402070184086
0.15528334696340215 -0.24681741951637448 58 nil_vol 0.6 nil_bias 0.43 Home 0.04 0.01 0.001 0.15655074720012904 -0.24715013401799302 -0.001267400236726894 0.0003327145016185477
0.2274348254046662 -0.0001479766989799739 58 nil_vol 0.6 nil_bias 0.43 Home 0.04 0.01 0.001 0.2217826133611865 0.0013358268057008793 0.00565221204347972 -0.0014838035046808532
0.2501666913222709 0.13150470815992577 58 nil_vol 0.6 nil_bias 0.43 Home 0.04 0.01 0.001 0.255581064650116 0.13008334143523348 -0.005414373327845111 0.0014213667246922943
0.26702536277541356 0.20121094412263574 58 nil_vol 0.6 nil_bias 0.43 Home 0.04 0.01 0.001 0.27378729104347116 0.1994358208991327 -0.00676192826805758 0.0017751232235030299
0.2899459715293098 0.26677697605386214 58 nil_vol 0.6 nil_bias 0.43 Home 0.04 0.01 0.001 0.2913675419797927 0.2664037892023514 -0.0014215704504829153 0.0003731868515107411
0.33533587477507076 0.43389115486310864 58 nil_vol 0.6 nil_bias 0.43 Right 0.04 0.01 0.001 0.4 0.35 -0.06466412522492923 0.08389115486310865
0.311348374884116 0.3326969366761007 59 nil_vol 0.6 nil_bias 0.43 Right 0.04 0.01 0.001 0.30959888578630806 0.3331438626495631 0.0017494890978079364 -0.0004469259734624347
0.31405702086112414 0.29540887926374554 59 nil_vol 0.6 nil_bias 0.43 Right 0.04 0.01 0.001 0.3008227468085446 0.29878971817347566 0.013234274052579535 -0.00338083890973014
0.2877756420409001 0.2603370640515542 59 nil_vol 0.6 nil_bias 0.43 Right 0.04 0.01 0.001 0.29080209218746156 0.2595639245220869 -0.003026450146561431 0.0007731395294673552
0.23090694964936767 0.0868022020574785 59 nil_vol 0.6 nil_bias 0.43 Right 0.04 0.01 0.001 0.24570266363489773 0.08302247637394028 -0.014795713985530059 0.0037797256835382285
0.16394976571738581 -0.28416769870971037 59 nil_vol 0.6 nil_bias 0.43 Right 0.04 0.01 0.001 0.15263814804330583 -0.2812780232343059 0.011311617674079993 -0.002889675475404468
0.06964576999001833 -0.558934628908838 59 nil_vol 0.6 nil_bias 0.43 Right 0.04 0.01 0.001 0.08096881087876362 -0.5618272225683802 -0.011323040888745287 0.0028925936595421992
0.053827225008106085 -0.6990444672196939 59 nil_vol 0.6 nil_bias 0.43 Right 0.04 0.01 0.001 0.04639988673526119 -0.6971470730650318 0.007427338272844901 -0.0018973941546621893
0.03366661537784794 -0.7469913889964638 59 nil_vol 0.6 nil_bias 0.43 Home 0.04 0.01 0.001 0.0 -0.75 0.03366661537784794 0.0030086110035362585
0.018333176581572103 -0.7321106506328898 60 nil_vol 0.6 nil_bias 0.43 Home 0.04 0.01 0.001 0.027688475324135275 -0.7290017838381404 -0.009355298742563172 -0.0031088667947494365
0.009674871547604814 -0.7344631554635771 60 nil_vol 0.6 nil_bias 0.43 Home 0.04 0.01 0.001 0.02753143900998733 -0.7285292252728246 -0.017856567462382518 -0.00593393019075247
0.013091348536989168 -0.6837908308231925 60 nil_vol 0.6 nil_bias 0.43 Home 0.04 0.01 0.001 0.012706848003105925 -0.6839186045026063 0.0003845005338832434 0.00012777367941384845
-0.03307662117293862 -0.511956367582156 60 nil_vol 0.6 nil_bias 0.43 Home 0.04 0.01 0.001 -0.04330818399111947 -0.5153564263915148 0.010231562818180846 0.003400058809358819
-0.06530776873522973 -0.4687342965137911 60 nil_vol 0.6 nil_bias 0.43 Home 0.04 0.01 0.001 -0.0594482865484224 -0.46678712730987104 -0.005859482186807323 -0.0019471692039200637
-0.2289755956575147 0.026737489977342647 60 nil_vol 0.6 nil_bias 0.43 Home 0.04 0.01 0.001 -0.22400117388517532 0.028390544048266686 -0.0049744217723394 -0.0016530540709240398
-0.3158327373404122 0.2477518036449979 60 nil_vol 0.6 nil_bias 0.43 Home 0.04 0.01 0.001 -0.29878038809427293 0.25341848343819373 -0.01705234924613925 -0.005666679793195811
-0.3242983666902447 0.33020797904309923 60 nil_vol 0.6 nil_bias 0.43 Left 0.04 0.01 0.001 -0.4 0.35 0.07570163330975532 -0.01979202095690075
-0.31554613440034607 0.2889873219406488 61 nil_vol 0.6 nil_bias 0.43 Left 0.04 0.01 0.001 -0.31363022177969097 0.28948928383726125 -0.0019159126206550981 -0.0005019618966124651
-0.30670826253554107 0.2599650193134956 61 nil_vol 0.6 nil_bias 0.43 Left 0.04 0.01 0.001 -0.3059472153996231 0.2601644107991189 -0.0007610471359179532 -0.0001993914856233054
-0.30790140955048545 0.258388768855209 61 nil_vol 0.6 nil_bias 0.43 Left 0.04 0.01 0.001 -0.30563740945087564 0.2589819283613781 -0.0022640000996098234 -0.0005931595061691171
-0.22881095628164858 -0.02419787149197149 61 nil_vol 0.6 nil_bias 0.43 Left 0.04 0.01 0.001 -0.23127615155384476 -0.024843743376216698 0.0024651952721961926 0.0006458718842452083
-0.1927920927787955 -0.13455435879954508 61 nil_vol 0.6 nil_bias 0.43 Left 0.04 0.01 0.001 -0.20190673560887945 -0.13694236092062811 0.009114642830083952 0.002388002121083044
-0.11965694250360176 -0.4456246451941734 61 nil_vol 0.6 nil_bias 0.43 Left 0.04 0.01 0.001 -0.1209447416248591 -0.4459620437176724 0.0012877991212573387 0.0003373985234990365
-0.09956260499310798 -0.5662216188470245 61 nil_vol 0.6 nil_bias 0.43 Left 0.04 0.01 0.001 -0.09008757105015211 -0.5637391956105997 -0.009475033942955877 -0.002482423236424731
-0.04425777065178512 -0.7386646104237586 61 nil_vol 0.6 nil_bias 0.43 Home 0.04 0.01 0.001 0.0 -0.75 -0.04425777065178512 0.01133538957624141
0.0011321162137358253 -0.6392260071769207 62 nil_vol 0.6 nil_bias 0.43 Home 0.04 0.01 0.001 0.0034084225674738816 -0.6403294050708295 -0.0022763063537380563 0.0011033978939087358
0.07259315158848818 -0.5250613358349181 62 nil_vol 0.6 nil_bias 0.43 Home 0.04 0.01 0.001 0.06181499893644036 -0.5198368233623474 0.010778152652047825 -0.005224512472570709
0.14348747261814537 -0.3265725112425889 62 nil_vol 0.6 nil_bias 0.43 Home 0.04 0.01 0.001 0.15321152980514308 -0.3312860702074276 -0.00972405718699771 0.004713558964838732
0.19501382728180708 -0.24643480833695738 62 nil_vol 0.6 nil_bias 0.43 Home 0.04 0.01 0.001 0.1944695207954946 -0.24617096571768438 0.0005443064863124782 -0.00026384261927301397
0.21661504639356582 -0.1922686794160568 62 nil_vol 0.6 nil_bias 0.43 Home 0.04 0.01 0.001 0.21983993362800855 -0.19383188455175127 -0.003224887234442736 0.0015632051356944702
0.33509038019062753 0.07561200501113934 62 nil_vol 0.6 nil_bias 0.43 Home 0.04 0.01 0.001 0.34752600017398455 0.0695840655483545 -0.012435619983356988 0.006027939462784837
0.37839844405513545 0.10787564785079859 62 nil_vol 0.6 nil_bias 0.43 Home 0.04 0.01 0.001 0.3684294968174581 0.11270791279109416 0.009968947237677318 -0.004832264940295573
0.5382807373466759 0.4631104830165261 62 nil_vol 0.6 nil_bias 0.43 Right 0.04 0.01 0.001 0.4 0.35 0.13828073734667587 0.11311048301652611
0.527733085420292 0.4545353799968594 63 nil_vol 0.6 nil_bias 0.43 Right 0.04 0.01 0.001 0.5329484644116175 0.4520263939918259 -0.005215378991325541 0.002508986005033445
0.5346547408844108 0.4448669719831236 63 nil_vol 0.6 nil_bias 0.43 Right 0.04 0.01 0.001 0.5304722207667996 0.44687907588934234 0.004182520117611207 -0.0020121039062187557
0.4285284966774882 0.27768978754766577 63 nil_vol 0.6 nil_bias 0.43 Right 0.04 0.01 0.001 0.4452172417285342 0.2696612573403139 -0.016688745051046013 0.008028530207351904
0.27627740774667087 -0.060481081138556624 63 nil_vol 0.6 nil_bias 0.43 Right 0.04 0.01 0.001 0.28449284909220546 -0.06443332073521929 -0.00821544134553459 0.0039522395966626695
0.20741701533903098 -0.21696796052922476 63 nil_vol 0.6 nil_bias 0.43 Right 0.04 0.01 0.001 0.2104178316699717 -0.21841157683985696 -0.0030008163309406975 0.001443616310632192
0.03828826589984135 -0.6057048059431402 63 nil_vol 0.6 nil_bias 0.43 Right 0.04 0.01 0.001 0.026767260382168034 -0.6001623436109045 0.011521005517673315 -0.005542462332235741
-0.015273270660796312 -0.6766339656964887 63 nil_vol 0.6 nil_bias 0.43 Right 0.04 0.01 0.001 -0.011008334987498314 -0.6786857176275507 -0.004264935673297998 0.002051751931062039
-0.04683661471816198 -0.7531612456009112 63 nil_vol 0.6 nil_bias 0.43 Home 0.04 0.01 0.001 0.0 -0.75 -0.04683661471816198 -0.0031612456009112947
