x y trial vol omega bias theta state target_sigma moving_sigma staying_sigma x_mean y_mean x_noise y_noise
0.030729519653803817 -0.737504926757642 0 nil_vol 0.6 nil_bias 0.1 Home 0.04 0.01 0.001 0.014494342520409532 -0.7271889513090964 0.016235177133394285 -0.010315975448545516
0.1691328968013271 -0.467898339828958 0 nil_vol 0.6 nil_bias 0.1 Home 0.04 0.01 0.001 0.17634004809301398 -0.472477827639169 -0.0072071512916869 0.004579487810210979
0.2392631840729175 -0.3736054870554306 0 nil_vol 0.6 nil_bias 0.1 Home 0.04 0.01 0.001 0.23919281910362292 -0.3735607765302718 7.036496929457377e-05 -4.471052515881739e-05
0.3434488636443963 -0.20242110062616425 0 nil_vol 0.6 nil_bias 0.1 Home 0.04 0.01 0.001 0.34664575783916235 -0.20445243553269687 -0.0031968941947660453 0.002031334906532632
0.3892123567625417 -0.15329416150463712 0 nil_vol 0.6 nil_bias 0.1 Home 0.04 0.01 0.001 0.3820456831122532 -0.148740393546538 0.007166673650288518 -0.00455376795809912
0.4848228127919373 0.009070205378827155 0 nil_vol 0.6 nil_bias 0.1 Home 0.04 0.01 0.001 0.4830398127311651 0.010203139420787655 0.0017830000607721903 -0.0011329340419605003
0.5212773394699161 0.08851413388355735 0 nil_vol 0.6 nil_bias 0.1 Home 0.04 0.01 0.001 0.5294853672607637 0.08329868027466525 -0.008208027790847656 0.005215453608892098
0.5839419634530452 0.1690019169364071 0 nil_vol 0.6 nil_bias 0.1 Right 0.04 0.01 0.001 0.4 0.35 0.1839419634530451 -0.18099808306359289
0.5776696122573616 0.1710117669479289 1 nil_vol 0.6 nil_bias 0.1 Right 0.04 0.01 0.001 0.5831549575740657 0.167698839931839 -0.005485345316704084 0.0033129270160898866
0.5105438382966276 0.06169578939668497 1 nil_vol 0.6 nil_bias 0.1 Right 0.04 0.01 0.001 0.516837628325282 0.05789459442796885 -0.006293790028654346 0.003801194968716125
0.5119413182988977 0.0419331949765613 1 nil_vol 0.6 nil_bias 0.1 Right 0.04 0.01 0.001 0.508465465039603 0.04403246995413017 0.0034758532592946883 -0.002099274977568868
0.49099760683498317 0.026509836738882204 1 nil_vol 0.6 nil_bias 0.1 Right 0.04 0.01 0.001 0.4960423466541909 0.023463017647055218 -0.0050447398192077445 0.0030468190918269858
0.4027522726631405 -0.16560239735651922 1 nil_vol 0.6 nil_bias 0.1 Right 0.04 0.01 0.001 0.38743991749173895 -0.1563543533048859 0.015312355171401573 -0.009248044051633332
0.3900202242246015 -0.19261607701110225 1 nil_vol 0.6 nil_bias 0.1 Right 0.04 0.01 0.001 0.3720824227839943 -0.18178236945564963 0.017937801440607217 -0.010833707555452632
0.21700251440699822 -0.4365834060116651 1 nil_vol 0.6 nil_bias 0.1 Right 0.04 0.01 0.001 0.2178747318810898 -0.4371101901368184 -0.0008722174740915826 0.000526784125153295
0.03207873576449952 -0.7447400268977187 1 nil_vol 0.6 nil_bias 0.1 Home 0.04 0.01 0.001 0.0 -0.75 0.03207873576449952 0.005259973102281331
0.16057830824349562 -0.4244718625894978 2 nil_vol 0.6 nil_bias 0.1 Home 0.04 0.01 0.001 0.16172083721538638 -0.42493501936752437 -0.0011425289718907604 0.000463156778026544
0.20462949210442397 -0.3237978670933637 2 nil_vol 0.6 nil_bias 0.1 Home 0.04 0.01 0.001 0.2029892215160328 -0.3231329365231098 0.001640270588391166 -0.0006649305702539268
0.2320589701359837 -0.24869277957089803 2 nil_vol 0.6 nil_bias 0.1 Home 0.04 0.01 0.001 0.23300946971037842 -0.24907809174347578 -0.0009504995743947115 0.0003853121725777535
0.2391180661015094 -0.2390160854953691 2 nil_vol 0.6 nil_bias 0.1 Home 0.04 0.01 0.001 0.2373748563565458 -0.23830942559547552 0.001743209744963617 -0.0007066598998935648
0.2813521786071328 -0.17718550207668624 2 nil_vol 0.6 nil_bias 0.1 Home 0.04 0.01 0.001 0.2648628989479891 -0.17050110121963924 0.01648927965914368 -0.006684400857046991
0.2940721789533005 -0.07058732012268125 2 nil_vol 0.6 nil_bias 0.1 Home 0.04 0.01 0.001 0.30377184294220944 -0.07451935618615946 -0.009699663988908928 0.003932036063478212
0.3569411104927513 0.025841962662768794 2 nil_vol 0.6 nil_bias 0.1 Home 0.04 0.01 0.001 0.3462182751725515 0.030188770472809878 0.010722835320199806 -0.004346807810041084
0.3639674491743051 0.07397296296706635 2 nil_vol 0.6 nil_bias 0.1 Right 0.04 0.01 0.001 0.4 0.35 -0.03603255082569487 -0.27602703703293363
0.3205680302971105 -0.04032807878767894 3 nil_vol 0.6 nil_bias 0.1 Right 0.04 0.01 0.001 0.3141793938856966 -0.03747400580226984 0.006388636411413931 -0.0028540729854091016
0.24258672985663257 -0.17955489701318633 3 nil_vol 0.6 nil_bias 0.1 Right 0.04 0.01 0.001 0.24935506146146663 -0.18257859583491537 -0.006768331604834055 0.0030236988217290342
0.20959744805561495 -0.26151246138421874 3 nil_vol 0.6 nil_bias 0.1 Right 0.04 0.01 0.001 0.21334420639318147 -0.2631862961535601 -0.0037467583375665283 0.0016738347693413746
0.18987243780014232 -0.28795731720487944 3 nil_vol 0.6 nil_bias 0.1 Right 0.04 0.01 0.001 0.20021399514702842 -0.29257732647604007 -0.01034155734688611 0.00462000927116062
0.15938313864130255 -0.34655666807188523 3 nil_vol 0.6 nil_bias 0.1 Right 0.04 0.01 0.001 0.17331804209814888 -0.35278197640832676 -0.013934903456846342 0.006225308336441531
0.10498439933044908 -0.5285287105905687 3 nil_vol 0.6 nil_bias 0.1 Right 0.04 0.01 0.001 0.09649823027160159 -0.5247375814198431 0.008486169058847486 -0.003791129170725619
0.09038666565685749 -0.5461776774346777 3 nil_vol 0.6 nil_bias 0.1 Right 0.04 0.01 0.001 0.08749679283766265 -0.5448866495198951 0.0028898728191948334 -0.001291027914782615
0.007155696520958855 -0.7247243957463587 3 nil_vol 0.6 nil_bias 0.1 Home 0.04 0.01 0.001 0.0 -0.75 0.007155696520958855 0.025275604253641303
0.06008903712298534 -0.44538179388355087 4 nil_vol 0.6 nil_bias 0.1 Home 0.04 0.01 0.001 0.05484011863356676 -0.44448864714501624 0.005248918489418582 -0.00089314673853466
0.05762838894687257 -0.37824716287370896 4 nil_vol 0.6 nil_bias 0.1 Home 0.04 0.01 0.001 0.06587294173813253 -0.3796500414764221 -0.008244552791259963 0.001402878602713132
0.08646555746838229 -0.25786762366889276 4 nil_vol 0.6 nil_bias 0.1 Home 0.04 0.01 0.001 0.08659157507341726 -0.25788906660292993 -0.00012601760503497847 2.1442934037142436e-05
0.12927504364419373 0.05529499852561959 4 nil_vol 0.6 nil_bias 0.1 Home 0.04 0.01 0.001 0.139583942697518 0.053540854393657744 -0.010308899053324263 0.00175414413196184
0.14071236953760158 0.0959625077754531 4 nil_vol 0.6 nil_bias 0.1 Home 0.04 0.01 0.001 0.14663097047906548 0.09495540904869382 -0.0059186009414639125 0.001007098726759273
0.17407442137823764 0.22021325497634348 4 nil_vol 0.6 nil_bias 0.1 Home 0.04 0.01 0.001 0.1681171121440507 0.22122694023811362 0.005957309234186933 -0.0010136852617701531
0.19051327231022758 0.27769029614313523 4 nil_vol 0.6 nil_bias 0.1 Home 0.04 0.01 0.001 0.17808467299414965 0.2798051247437483 0.012428599316077916 -0.0021148286006130563
0.18813613112726385 0.3388763637285979 4 nil_vol 0.6 nil_bias 0.1 Right 0.04 0.01 0.001 0.4 0.35 -0.21186386887273617 -0.011123636271402074
0.15908102089446438 0.2905703518656386 5 nil_vol 0.6 nil_bias 0.1 Right 0.04 0.01 0.001 0.17906828008617307 0.28707179030816427 -0.019987259191708677 0.003498561557474353
0.13917133450680327 0.11680768951516679 5 nil_vol 0.6 nil_bias 0.1 Right 0.04 0.01 0.001 0.14896524820011942 0.11509336692516048 -0.00979391369331615 0.0017143225900063152
0.14426388501920703 0.00038078678817149653 5 nil_vol 0.6 nil_bias 0.1 Right 0.04 0.01 0.001 0.12934315971935464 0.002992504354997927 0.014920725299852396 -0.0026117175668264304
0.0565776239781155 -0.3533228659668385 5 nil_vol 0.6 nil_bias 0.1 Right 0.04 0.01 0.001 0.06666480540775648 -0.355088522019753 -0.010087181429640974 0.001765656052914485
0.029166461822738073 -0.5341658827968125 5 nil_vol 0.6 nil_bias 0.1 Right 0.04 0.01 0.001 0.035136270358825855 -0.5352108356064755 -0.005969808536087781 0.0010449528096630177
-0.0027758129309166458 -0.7586893640113622 5 nil_vol 0.6 nil_bias 0.1 Right 0.04 0.01 0.001 -0.003945481246610788 -0.7584846257546041 0.001169668315694142 -0.0002047382567581278
-0.008425101937693937 -0.7708627549570379 5 nil_vol 0.6 nil_bias 0.1 Right 0.04 0.01 0.001 -0.006180903520292519 -0.7712555785170447 -0.0022441984174014183 0.00039282356000678735
-0.012904340577262283 -0.8096665302493921 5 nil_vol 0.6 nil_bias 0.1 Home 0.04 0.01 0.001 0.0 -0.75 -0.012904340577262283 -0.05966653024939203
4.183891622242886e-05 -0.7896174290847849 6 nil_vol 0.6 nil_bias 0.1 Home 0.04 0.01 0.001 -0.002767908477109126 -0.7882853768278478 0.002809747393331555 -0.0013320522569371589
0.15757393748057952 -0.49814822613521026 6 nil_vol 0.6 nil_bias 0.1 Home 0.04 0.01 0.001 0.1389637712358485 -0.4893254707490486 0.018610166244731018 -0.008822755386161667
0.13127816917240212 -0.46649122404830257 6 nil_vol 0.6 nil_bias 0.1 Home 0.04 0.01 0.001 0.14639215624094853 -0.473656501835821 -0.015113987068546421 0.007165277787518391
0.203496206584699 -0.37422525009561924 6 nil_vol 0.6 nil_bias 0.1 Home 0.04 0.01 0.001 0.19535953179571203 -0.370367794424566 0.008136674788986966 -0.0038574556710532053
0.28251885969410734 -0.2045379787520296 6 nil_vol 0.6 nil_bias 0.1 Home 0.04 0.01 0.001 0.27554415192522946 -0.20123139138867419 0.006974707768877854 -0.003306587363355395
0.35631594854320076 -0.052715536289823846 6 nil_vol 0.6 nil_bias 0.1 Home 0.04 0.01 0.001 0.34785464413775397 -0.04870417937686533 0.008461304405446778 -0.004011356912958517
0.36558179800360346 0.003785624403204824 6 nil_vol 0.6 nil_bias 0.1 Home 0.04 0.01 0.001 0.3714257025058229 0.0010151311553130427 -0.005843904502219424 0.0027704932478917815
0.399933235161983 0.06114713059738802 6 nil_vol 0.6 nil_bias 0.1 Right 0.04 0.01 0.001 0.4 0.35 -6.676483801703287e-05 -0.28885286940261196
0.38527394958217304 0.018152509714806437 7 nil_vol 0.6 nil_bias 0.1 Right 0.04 0.01 0.001 0.3800642242593285 0.020712495451435352 0.0052097253228445255 -0.002559985736628914
0.3715221352128019 0.0010384686705633905 7 nil_vol 0.6 nil_bias 0.1 Right 0.04 0.01 0.001 0.37061558097020886 0.001483936672559992 0.0009065542425930556 -0.00044546800199660153
0.33795609277375765 -0.057705689923072054 7 nil_vol 0.6 nil_bias 0.1 Right 0.04 0.01 0.001 0.34083539451545924 -0.05912053829480585 -0.0028793017417015937 0.0014148483717337898
0.24757041130344679 -0.23069999455430246 7 nil_vol 0.6 nil_bias 0.1 Right 0.04 0.01 0.001 0.25478228369701617 -0.23424380719658683 -0.00721187239356939 0.0035438126422843727
0.21415376509107115 -0.3176459962390191 7 nil_vol 0.6 nil_bias 0.1 Right 0.04 0.01 0.001 0.2138685011248794 -0.31750582153893986 0.0002852639661917406 -0.00014017470007925833
0.1575736145087 -0.4458408050679664 7 nil_vol 0.6 nil_bias 0.1 Right 0.04 0.01 0.001 0.1521226791403986 -0.44316229210818553 0.005450935368301403 -0.0026785129597808755
0.06853186110151678 -0.6108057044006718 7 nil_vol 0.6 nil_bias 0.1 Right 0.04 0.01 0.001 0.06950910032369306 -0.6112859060072855 -0.000977239222176284 0.0004802016066136239
0.017526913632629475 -0.7170727900771486 7 nil_vol 0.6 nil_bias 0.1 Home 0.04 0.01 0.001 0.0 -0.75 0.017526913632629475 0.03292720992285132
0.022410592363596982 -0.6837041661688957 8 nil_vol 0.6 nil_bias 0.1 Home 0.04 0.01 0.001 0.021804473833919414 -0.6836266472599446 0.0006061185296775697 -7.751890895112461e-05
0.015764339076393262 -0.6561093861275515 8 nil_vol 0.6 nil_bias 0.1 Home 0.04 0.01 0.001 0.025169919924961388 -0.6573123032629515 -0.009405580848568124 0.0012029171353999863
0.038074327650568604 -0.5569968276691066 8 nil_vol 0.6 nil_bias 0.1 Home 0.04 0.01 0.001 0.03800086658954784 -0.5569874324418996 7.346106102075835e-05 -9.395227207045594e-06
0.07681548360853886 -0.43572434538140153 8 nil_vol 0.6 nil_bias 0.1 Home 0.04 0.01 0.001 0.053884759838008306 -0.4327916439358662 0.02293072377053056 -0.0029327014455353137
0.08685451487014656 -0.35290575121322837 8 nil_vol 0.6 nil_bias 0.1 Home 0.04 0.01 0.001 0.06446785990657908 -0.35004263289086957 0.022386654963567475 -0.0028631183223588054
0.0721077948245463 -0.3168036367842896 8 nil_vol 0.6 nil_bias 0.1 Home 0.04 0.01 0.001 0.06877346646422901 -0.31637719627155014 0.0033343283603172913 -0.0004264405127394572
0.11024125843738947 0.06417111420740214 8 nil_vol 0.6 nil_bias 0.1 Home 0.04 0.01 0.001 0.1173273960900541 0.0632648398854403 -0.007086137652664634 0.0009062743219618381
0.15383957097623369 0.3487526783597252 8 nil_vol 0.6 nil_bias 0.1 Right 0.04 0.01 0.001 0.4 0.35 -0.24616042902376634 -0.001247321640274776
0.14297531468664373 0.2189008105706006 9 nil_vol 0.6 nil_bias 0.1 Right 0.04 0.01 0.001 0.13781693146169136 0.21954046305777553 0.0051583832249523735 -0.0006396524871749264
0.11043990702421738 -0.02847825870949976 9 nil_vol 0.6 nil_bias 0.1 Right 0.04 0.01 0.001 0.10711314091619589 -0.028065731349192047 0.0033267661080214833 -0.00041252736030771323
0.06730642278266055 -0.27163843162182005 9 nil_vol 0.6 nil_bias 0.1 Right 0.04 0.01 0.001 0.07676408684401416 -0.27281120574035517 -0.009457664061353606 0.0011727741185350966
0.07968629216931875 -0.3262699179053008 9 nil_vol 0.6 nil_bias 0.1 Right 0.04 0.01 0.001 0.07027971356661801 -0.3251034785120586 0.009406578602700732 -0.0011664393932421567
0.06198892565009515 -0.3773591201737205 9 nil_vol 0.6 nil_bias 0.1 Right 0.04 0.01 0.001 0.06377245793462728 -0.3775802826604933 -0.001783532284532129 0.00022116248677283722
0.018926468058135706 -0.6802251016948125 9 nil_vol 0.6 nil_bias 0.1 Right 0.04 0.01 0.001 0.026132928548520895 -0.6811187209114122 -0.00720646049038519 0.000893619216599652
0.02443661055052464 -0.6853708750687444 9 nil_vol 0.6 nil_bias 0.1 Right 0.04 0.01 0.001 0.025587947075639578 -0.685513643692119 -0.001151336525114936 0.00014276862337460501
0.015257777584880219 -0.7688197733179003 9 nil_vol 0.6 nil_bias 0.1 Home 0.04 0.01 0.001 0.0 -0.75 0.015257777584880219 -0.01881977331790027
0.029759314967383595 -0.7319664361811624 10 nil_vol 0.6 nil_bias 0.1 Home 0.04 0.01 0.001 0.02597633226767994 -0.7308972020656499 0.0037829826997036573 -0.0010692341155124814
0.11569195790045973 -0.46334536769718726 10 nil_vol 0.6 nil_bias 0.1 Home 0.04 0.01 0.001 0.102640654680835 -0.45965650635097655 0.013051303219624734 -0.0036888613462107084
0.12017231115458406 -0.35175227261468633 10 nil_vol 0.6 nil_bias 0.1 Home 0.04 0.01 0.001 0.1321798021344487 -0.3551461075900314 -0.01200749097986463 0.003393834975345088
0.18337489781726277 -0.14669260601446482 10 nil_vol 0.6 nil_bias 0.1 Home 0.04 0.01 0.001 0.19052643855683343 -0.14871393995760585 -0.007151540739570654 0.0020213339431410333
0.21568712550180555 -0.07214444668255905 10 nil_vol 0.6 nil_bias 0.1 Home 0.04 0.01 0.001 0.21242859537094064 -0.07122344548881343 0.0032585301308649156 -0.0009210011937456258
0.2331076034514489 -0.03275913509352868 10 nil_vol 0.6 nil_bias 0.1 Home 0.04 0.01 0.001 0.2240257891300675 -0.030192222560745607 0.009081814321381417 -0.0025669125327830687
0.2504300679991428 0.11496279850235877 10 nil_vol 0.6 nil_bias 0.1 Home 0.04 0.01 0.001 0.2639711054935283 0.11113551712209635 -0.013541037494385531 0.003827281380262418
0.26734821029187306 0.12308381622879022 10 nil_vol 0.6 nil_bias 0.1 Right 0.04 0.01 0.001 0.4 0.35 -0.13265178970812694 -0.22691618377120976
0.2328968500322373 0.03212802461757552 11 nil_vol 0.6 nil_bias 0.1 Right 0.04 0.01 0.001 0.23560538386390656 0.031192393017924924 -0.002708533831669239 0.000935631599650595
0.14648292192978044 -0.2102759097547054 11 nil_vol 0.6 nil_bias 0.1 Right 0.04 0.01 0.001 0.15158423162358975 -0.21203809802546825 -0.005101309693809307 0.0017621882707628488
0.12294991286544661 -0.29796776066849606 11 nil_vol 0.6 nil_bias 0.1 Right 0.04 0.01 0.001 0.12201266577211789 -0.29764399952992515 0.0009372470933287223 -0.00032376113857089553
0.11485468015981808 -0.3003298314982341 11 nil_vol 0.6 nil_bias 0.1 Right 0.04 0.01 0.001 0.1204206964073842 -0.30225254725851025 -0.005566016247566126 0.001922715760276114
0.09823820641337985 -0.37135389118728407 11 nil_vol 0.6 nil_bias 0.1 Right 0.04 0.01 0.001 0.09673036570546709 -0.3708330251020732 0.0015078407079127678 -0.0005208660852108532
0.029639274404648162 -0.6152446746417555 11 nil_vol 0.6 nil_bias 0.1 Right 0.04 0.01 0.001 0.014149549098427971 -0.6098939286784033 0.01548972530622019 -0.005350745963352219
0.011125214178954068 -0.6228478143026583 11 nil_vol 0.6 nil_bias 0.1 Right 0.04 0.01 0.001 0.009829405410390235 -0.6224001921918334 0.0012958087685638327 -0.0004476221108249765
-0.014191334907811515 -0.6919371636214937 11 nil_vol 0.6 nil_bias 0.1 Home 0.04 0.01 0.001 0.0 -0.75 -0.014191334907811515 0.05806283637850624
0.14610894292362844 -0.23006095413427732 12 nil_vol 0.6 nil_bias 0.1 Home 0.04 0.01 0.001 0.1455311241625151 -0.22986122368859474 0.0005778187611133342 -0.00019973044568257216
0.13609306484427144 -0.21456203604251048 12 nil_vol 0.6 nil_bias 0.1 Home 0.04 0.01 0.001 0.1492477284796708 -0.21910911378993464 -0.013154663635399353 0.004547077747424159
0.20112708574324223 -0.06694042435622878 12 nil_vol 0.6 nil_bias 0.1 Home 0.04 0.01 0.001 0.20176996891897223 -0.06716264514906523 -0.000642883175729996 0.00022222079283644835
0.27622105520345813 0.1338052735372446 12 nil_vol 0.6 nil_bias 0.1 Home 0.04 0.01 0.001 0.2717690397219299 0.1353441696343496 0.004452015481528221 -0.0015388960971049763
0.3184657964249063 0.32355322066220915 12 nil_vol 0.6 nil_bias 0.1 Home 0.04 0.01 0.001 0.33486632508581005 0.3178841681507252 -0.016400528660903742 0.005669052511483969
0.3545511534836952 0.38798529166446694 12 nil_vol 0.6 nil_bias 0.1 Home 0.04 0.01 0.001 0.35861242334216414 0.38658146179001585 -0.004061269858468952 0.0014038298744510629
0.3556791825472757 0.4023428808484299 12 nil_vol 0.6 nil_bias 0.1 Home 0.04 0.01 0.001 0.36316601232135126 0.3997549623726704 -0.007486829774075551 0.0025879184757594967
0.3787514235788734 0.44484344647176255 12 nil_vol 0.6 nil_bias 0.1 Right 0.04 0.01 0.001 0.4 0.35 -0.021248576421126604 0.09484344647176254
0.3458355970922626 0.3371786718116286 13 nil_vol 0.6 nil_bias 0.1 Right 0.04 0.01 0.001 0.3468617622380416 0.3368755810830969 -0.0010261651457790346 0.00030309072853165856
0.3167674060627934 0.2518597752294544 13 nil_vol 0.6 nil_bias 0.1 Right 0.04 0.01 0.001 0.32135137793623963 0.2505058417223514 -0.0045839718734462485 0.0013539335071029862
0.30219561307699494 0.1638035075867662 13 nil_vol 0.6 nil_bias 0.1 Right 0.04 0.01 0.001 0.29626052856534546 0.165556509134258 0.005935084511649506 -0.0017530015474918155
0.2014012974328335 -0.18230194475259734 13 nil_vol 0.6 nil_bias 0.1 Right 0.04 0.01 0.001 0.1941488717941215 -0.18015985000352053 0.007252425638712012 -0.0021420947490768043
0.09696734552212154 -0.467773609290951 13 nil_vol 0.6 nil_bias 0.1 Right 0.04 0.01 0.001 0.10821712580391962 -0.4710963728007589 -0.011249780281798087 0.00332276350980789
0.06919528811355152 -0.5708919325819631 13 nil_vol 0.6 nil_bias 0.1 Right 0.04 0.01 0.001 0.07797529782892965 -0.5734852184210848 -0.008780009715378125 0.0025932858391216717
0.0727576712452968 -0.6569399729619214 13 nil_vol 0.6 nil_bias 0.1 Right 0.04 0.01 0.001 0.05488507831689149 -0.6516610787861621 0.017872592928405324 -0.0052788941757593005
0.04028512881597638 -0.701091687833671 13 nil_vol 0.6 nil_bias 0.1 Home 0.04 0.01 0.001 0.0 -0.75 0.04028512881597638 0.04890831216632894
0.04960572701706204 -0.5788418257164997 14 nil_vol 0.6 nil_bias 0.1 Home 0.04 0.01 0.001 0.05916554574788473 -0.5803365309371309 -0.009559818730822692 0.0014947052206312095
0.06242824140740112 -0.5454030940372809 14 nil_vol 0.6 nil_bias 0.1 Home 0.04 0.01 0.001 0.06457500896364787 -0.5457387473340801 -0.0021467675562467504 0.0003356532967992356
0.09075241790120259 -0.4622752957978608 14 nil_vol 0.6 nil_bias 0.1 Home 0.04 0.01 0.001 0.07793802379563605 -0.4602717283340698 0.01281439410556653 -0.002003567463790997
0.10967539118648283 -0.3335266664941351 14 nil_vol 0.6 nil_bias 0.1 Home 0.04 0.01 0.001 0.0980394348312332 -0.33170735117017897 0.01163595635524962 -0.0018193153239561238
0.10114347694366795 -0.3219744855469693 14 nil_vol 0.6 nil_bias 0.1 Home 0.04 0.01 0.001 0.09959895418190132 -0.32173299496012864 0.0015445227617666294 -0.00024149058684061912
0.12151908624066468 -0.20530639687621566 14 nil_vol 0.6 nil_bias 0.1 Home 0.04 0.01 0.001 0.11789127475611205 -0.20473917809120423 0.0036278114845526227 -0.0005672187850114201
0.15723068263341658 -0.04618617882676134 14 nil_vol 0.6 nil_bias 0.1 Home 0.04 0.01 0.001 0.14302867868833322 -0.04396565456392165 0.014202003945083364 -0.0022205242628396916
0.1858906441426838 0.23017041891372286 14 nil_vol 0.6 nil_bias 0.1 Right 0.04 0.01 0.001 0.4 0.35 -0.21410935585731622 -0.11982958108627711
0.19282388147490406 0.19025042400070297 15 nil_vol 0.6 nil_bias 0.1 Right 0.04 0.01 0.001 0.17961492015736236 0.19244794125026535 0.013208961317541706 -0.002197517249562388
0.16646217861347407 0.10897732857014704 15 nil_vol 0.6 nil_bias 0.1 Right 0.04 0.01 0.001 0.16574804407384483 0.10909613601697175 0.0007141345396292261 -0.0001188074468247124
0.1076737396322236 -0.17542979490669086 15 nil_vol 0.6 nil_bias 0.1 Right 0.04 0.01 0.001 0.11812348358954343 -0.17716827320545192 -0.010449743957319839 0.0017384782987610692
0.10719840214162195 -0.21142962699096932 15 nil_vol 0.6 nil_bias 0.1 Right 0.04 0.01 0.001 0.11228284683501807 -0.21227550386573507 -0.005084444693396127 0.0008458768747657556
0.10898834107189145 -0.24116262565317415 15 nil_vol 0.6 nil_bias 0.1 Right 0.04 0.01 0.001 0.10751772544907348 -0.240917965749876 0.0014706156228179775 -0.00024465990329812596
0.07050981067121215 -0.4723774287893143 15 nil_vol 0.6 nil_bias 0.1 Right 0.04 0.01 0.001 0.06905119554494968 -0.47213476535625715 0.0014586151262624748 -0.0002426634330571987
0.04576888706563585 -0.6438084798436566 15 nil_vol 0.6 nil_bias 0.1 Right 0.04 0.01 0.001 0.04063274457316149 -0.6429540022316711 0.005136142492474362 -0.0008544776119855672
0.02924456746103003 -0.7114067031064488 15 nil_vol 0.6 nil_bias 0.1 Home 0.04 0.01 0.001 0.0 -0.75 0.02924456746103003 0.03859329689355119
0.023538587755965276 -0.6935932147189653 16 nil_vol 0.6 nil_bias 0.1 Home 0.04 0.01 0.001 0.02127225503289603 -0.6946729429041415 0.0022663327230692475 0.0010797281851762427
-0.08444821995310559 -0.48642262401256053 16 nil_vol 0.6 nil_bias 0.1 Home 0.04 0.01 0.001 -0.07914601802474289 -0.48389654440947566 -0.005302201928362694 -0.002526079603084874
-0.3528816200363141 0.07976052041051063 16 nil_vol 0.6 nil_bias 0.1 Home 0.04 0.01 0.001 -0.3486455022534361 0.08177869528807469 -0.004236117782878031 -0.0020181748775640615
-0.40167793757947545 0.1888883324872212 16 nil_vol 0.6 nil_bias 0.1 Home 0.04 0.01 0.001 -0.40004533149518323 0.18966614008208893 -0.0016326060842922281 -0.0007778075948677365
-0.4562174727927919 0.31118006672883974 16 nil_vol 0.6 nil_bias 0.1 Home 0.04 0.01 0.001 -0.4576189891850114 0.31051235508382735 0.0014015163922195494 0.0006677116450123867
-0.500804237253262 0.41977372975916527 16 nil_vol 0.6 nil_bias 0.1 Home 0.04 0.01 0.001 -0.5080326948488303 0.4163299417743558 0.007228457595568366 0.0034437879848094946
-0.5260525757796088 0.44566602712993203 16 nil_vol 0.6 nil_bias 0.1 Home 0.04 0.01 0.001 -0.5227570303417695 0.4472360937218953 -0.0032955454378393845 -0.0015700665919632672
-0.53287130211815 0.46846579339217426 16 nil_vol 0.6 nil_bias 0.1 Left 0.04 0.01 0.001 -0.4 0.35 -0.13287130211815004 0.11846579339217428
-0.4894823722963805 0.31127186019628106 17 nil_vol 0.6 nil_bias 0.1 Left 0.04 0.01 0.001 -0.4698137096901428 0.3196034395244587 -0.019668662606237695 -0.008331579328177635
-0.4326453952181845 0.2412178331361071 17 nil_vol 0.6 nil_bias 0.1 Left 0.04 0.01 0.001 -0.4360066980712459 0.23979399655265635 0.0033613028530614236 0.0014238365834507531
-0.4057097969345652 0.07162920426552338 17 nil_vol 0.6 nil_bias 0.1 Left 0.04 0.01 0.001 -0.37100066064854886 0.08633187765866823 -0.03470913628601634 -0.01470267339314485
-0.30780209219927485 -0.03637076421395052 17 nil_vol 0.6 nil_bias 0.1 Left 0.04 0.01 0.001 -0.3173169450750346 -0.040401223890715265 0.00951485287575978 0.004030459676764749
-0.2896967669467902 -0.08610151858977563 17 nil_vol 0.6 nil_bias 0.1 Left 0.04 0.01 0.001 -0.2967015558736693 -0.08906872361991963 0.00700478892687912 0.0029672050301439994
-0.2739374329777362 -0.13575826483936335 17 nil_vol 0.6 nil_bias 0.1 Left 0.04 0.01 0.001 -0.27646965604974605 -0.1368309060160136 0.0025322230720098665 0.001072641176650265
-0.18091030712720935 -0.35169770668531775 17 nil_vol 0.6 nil_bias 0.1 Left 0.04 0.01 0.001 -0.18476172602544394 -0.3533291547770913 0.003851418898234607 0.0016314480917735434
-0.02284215248109871 -0.7355785862406715 17 nil_vol 0.6 nil_bias 0.1 Home 0.04 0.01 0.001 0.0 -0.75 -0.02284215248109871 0.014421413759328502
0.16403246953142672 -0.3239171783238941 18 nil_vol 0.6 nil_bias 0.1 Home 0.04 0.01 0.001 0.16067396176394583 -0.32242538232833245 0.0033585077674808984 -0.0014917959955616522
0.19414376797167449 -0.24278461262590587 18 nil_vol 0.6 nil_bias 0.1 Home 0.04 0.01 0.001 0.1957351518327496 -0.24349148015032845 -0.0015913838610750952 0.0007068675244225916
0.24233593083028365 -0.11337138973594581 18 nil_vol 0.6 nil_bias 0.1 Home 0.04 0.01 0.001 0.25168739637643517 -0.11752516272687308 -0.00935146554615152 0.004153772990927268
0.26143813584666054 -0.09461925972802644 18 nil_vol 0.6 nil_bias 0.1 Home 0.04 0.01 0.001 0.261792015627229 -0.09477644752573644 -0.0003538797805684399 0.0001571877977099951
0.2621009146793252 -0.08712996306139022 18 nil_vol 0.6 nil_bias 0.1 Home 0.04 0.01 0.001 0.26467967473183446 -0.08827540746294749 -0.0025787600525092186 0.0011454444015572723
0.2949008443645508 -0.07930870321907614 18 nil_vol 0.6 nil_bias 0.1 Home 0.04 0.01 0.001 0.2729862776437798 -0.06957459952127942 0.021914566720770984 -0.009734103697796714
0.293414099472764 -0.023981357792567846 18 nil_vol 0.6 nil_bias 0.1 Home 0.04 0.01 0.001 0.29326708075198404 -0.023916054403647413 0.0001470187207799335 -6.530338892043334e-05
0.4153623601730159 0.25095929418843804 18 nil_vol 0.6 nil_bias 0.1 Right 0.04 0.01 0.001 0.4 0.35 0.015362360173015916 -0.09904070581156195
0.38540866680343294 0.1758721936049442 19 nil_vol 0.6 nil_bias 0.1 Right 0.04 0.01 0.001 0.3867064257856045 0.17538014656008138 -0.0012977589821715429 0.0004920470448627914
0.3659713248900277 0.11776811919231704 19 nil_vol 0.6 nil_bias 0.1 Right 0.04 0.01 0.001 0.36500208302498305 0.1181356085351028 0.0009692418650446798 -0.0003674893427857585
0.29011382239444145 -0.06677696193148246 19 nil_vol 0.6 nil_bias 0.1 Right 0.04 0.01 0.001 0.29429164932514285 -0.06836099057119183 -0.004177826930701382 0.0015840286397093666
0.2676049485083561 -0.13189613027545513 19 nil_vol 0.6 nil_bias 0.1 Right 0.04 0.01 0.001 0.2698757725906553 -0.13275711624777253 -0.0022708240822992393 0.0008609859723173967
0.27808133008699676 -0.15388558387744578 19 nil_vol 0.6 nil_bias 0.1 Right 0.04 0.01 0.001 0.2639030893447546 -0.14850988503473778 0.014178240742242148 -0.005375698842708003
0.05335330888911537 -0.671703390317846 19 nil_vol 0.6 nil_bias 0.1 Right 0.04 0.01 0.001 0.06400266909895896 -0.6757411094112364 -0.0106493602098436 0.004037719093390407
0.03445401422341803 -0.7403486580998646 19 nil_vol 0.6 nil_bias 0.1 Right 0.04 0.01 0.001 0.038871580567045316 -0.7420235842569773 -0.004417566343627285 0.0016749261571127466
0.024135003194284414 -0.7808908548800523 19 nil_vol 0.6 nil_bias 0.1 Home 0.04 0.01 0.001 0.0 -0.75 0.024135003194284414 -0.030890854880052318
0.0769852484663106 -0.6402524872720506 20 nil_vol 0.6 nil_bias 0.1 Home 0.04 0.01 0.001 0.07204495129793463 -0.6385891940985651 0.004940297168375963 -0.0016632931734855384
0.17436159655725464 -0.3584857756705869 20 nil_vol 0.6 nil_bias 0.1 Home 0.04 0.01 0.001 0.16716551963909454 -0.3560630093458261 0.0071960769181601 -0.0024227663247608257
0.3394840713474242 0.09317476174714878 20 nil_vol 0.6 nil_bias 0.1 Home 0.04 0.01 0.001 0.32055949016311786 0.09954626646075637 0.018924581184306368 -0.006371504713607584
0.34753562470708527 0.18260077916248948 20 nil_vol 0.6 nil_bias 0.1 Home 0.04 0.01 0.001 0.3484217380826605 0.1823024436012275 -0.0008861133755752457 0.0002983355612620042
0.3515901415355104 0.18264207560898577 20 nil_vol 0.6 nil_bias 0.1 Home 0.04 0.01 0.001 0.3488470244111729 0.18356562490804174 0.0027431171243375036 -0.0009235492990559772
0.381609646236474 0.23700617299695226 20 nil_vol 0.6 nil_bias 0.1 Home 0.04 0.01 0.001 0.36834311781456264 0.2414727314666062 0.013266528421911351 -0.004466558469653937
0.3819864853947913 0.28517909559952903 20 nil_vol 0.6 nil_bias 0.1 Home 0.04 0.01 0.001 0.38294901724464625 0.2848550315603505 -0.0009625318498549474 0.00032406403917852435
0.4016398246388014 0.3403702854650513 20 nil_vol 0.6 nil_bias 0.1 Right 0.04 0.01 0.001 0.4 0.35 0.0016398246388013807 -0.009629714534948649
0.23639826068022524 -0.11335139132271577 21 nil_vol 0.6 nil_bias 0.1 Right 0.04 0.01 0.001 0.24530266313486226 -0.11639907604492378 -0.008904402454637021 0.0030476847222080127
0.15696457088821103 -0.3558860578859611 21 nil_vol 0.6 nil_bias 0.1 Right 0.04 0.01 0.001 0.16266620121521239 -0.35783753882225133 -0.005701630327001356 0.0019514809362902114
0.10505488825955096 -0.5516424931194743 21 nil_vol 0.6 nil_bias 0.1 Right 0.04 0.01 0.001 0.09724771185205033 -0.5489703528627936 0.007807176407500633 -0.0026721402566807556
0.0690578041083521 -0.6299231576641225 21 nil_vol 0.6 nil_bias 0.1 Right 0.04 0.01 0.001 0.06948963587899532 -0.630070959506712 -0.0004318317706432076 0.0001478018425894461
0.07237953550186814 -0.6402635748959514 21 nil_vol 0.6 nil_bias 0.1 Right 0.04 0.01 0.001 0.06666990340729118 -0.6383093552172341 0.005709632094576969 -0.0019542196787173524
0.05938053497838573 -0.6361692225086961 21 nil_vol 0.6 nil_bias 0.1 Right 0.04 0.01 0.001 0.06656120761056428 -0.6386269310846232 -0.007180672632178542 0.0024577085759271014
0.0675996869949733 -0.6765565284041295 21 nil_vol 0.6 nil_bias 0.1 Right 0.04 0.01 0.001 0.05504937988243663 -0.6722609701742813 0.012550307112536676 -0.004295558229848203
0.020046530724148526 -0.7745285878491639 21 nil_vol 0.6 nil_bias 0.1 Home 0.04 0.01 0.001 0.0 -0.75 0.020046530724148526 -0.024528587849163855
0.03857574216463647 -0.6770447480944758 22 nil_vol 0.6 nil_bias 0.1 Home 0.04 0.01 0.001 0.04742589927836202 -0.6795972423426778 -0.008850157113725558 0.002552494248202042
0.13438256460315895 -0.3986661852351558 22 nil_vol 0.6 nil_bias 0.1 Home 0.04 0.01 0.001 0.1289054681075733 -0.39708652318823595 0.005477096495585657 -0.001579662046919846
0.20690845481779846 -0.09186705822946083 22 nil_vol 0.6 nil_bias 0.1 Home 0.04 0.01 0.001 0.21616457897623978 -0.09453663837040815 -0.009256124158441311 0.0026695801409473215
0.23016693909996827 -0.05271273698965912 22 nil_vol 0.6 nil_bias 0.1 Home 0.04 0.01 0.001 0.22837607407087052 -0.052196229471505706 0.0017908650290977435 -0.0005165075181534144
0.25833869219905903 0.033078098089044584 22 nil_vol 0.6 nil_bias 0.1 Home 0.04 0.01 0.001 0.2533825037625621 0.03450752383986477 0.004956188436496896 -0.0014294257508201897
0.41310683699327544 0.5648068173517894 22 nil_vol 0.6 nil_bias 0.1 Home 0.04 0.01 0.001 0.4068479703810106 0.5666119515231696 0.006258866612264811 -0.0018051341713802183
0.41468693204144136 0.6239470135445652 22 nil_vol 0.6 nil_bias 0.1 Home 0.04 0.01 0.001 0.42271621861934944 0.6216312684629901 -0.008029286577908074 0.002315745081575029
0.43292724040079184 0.6570355194700568 22 nil_vol 0.6 nil_bias 0.1 Right 0.04 0.01 0.001 0.4 0.35 0.03292724040079179 0.30703551947005675
0.4120885153192023 0.6051716771339657 23 nil_vol 0.6 nil_bias 0.1 Right 0.04 0.01 0.001 0.4200101877642347 0.6032685629076063 -0.007921672445032401 0.0019031142263594078
0.40820826467659166 0.5890415174439749 23 nil_vol 0.6 nil_bias 0.1 Right 0.04 0.01 0.001 0.416134775264527 0.5871372408950565 -0.00792651058793538 0.0019042765489184015
0.30872017821213626 0.178692351783427 23 nil_vol 0.6 nil_bias 0.1 Right 0.04 0.01 0.001 0.3175024951515544 0.17658247505931618 -0.008782316939418104 0.0021098767241108066
0.2919068471315124 0.03201047603455842 23 nil_vol 0.6 nil_bias 0.1 Right 0.04 0.01 0.001 0.28326885570506605 0.03408567978539634 0.008637991426446327 -0.0020752037508379156
0.17196052109855675 -0.4069019733772172 23 nil_vol 0.6 nil_bias 0.1 Right 0.04 0.01 0.001 0.17703259443073782 -0.40812049572620235 -0.005072073332181073 0.0012185223489851688
0.14481392705418122 -0.5167656860894236 23 nil_vol 0.6 nil_bias 0.1 Right 0.04 0.01 0.001 0.15059769834833503 -0.5181551878023878 -0.005783771294153793 0.0013895017129641272
0.08905627602909388 -0.7724948885597475 23 nil_vol 0.6 nil_bias 0.1 Right 0.04 0.01 0.001 0.0894708286689101 -0.772594481294979 -0.00041455263981621715 9.959273523153903e-05
0.08798749487638963 -0.7787688266223604 23 nil_vol 0.6 nil_bias 0.1 Home 0.04 0.01 0.001 0.0 -0.75 0.08798749487638963 -0.028768826622360397
0.16014083481217264 -0.5308294811148478 24 nil_vol 0.6 nil_bias 0.1 Home 0.04 0.01 0.001 0.15642010540380583 -0.5298067581432877 0.00372072940836682 -0.0010227229715601158
0.2640083217826288 -0.13032544024372741 24 nil_vol 0.6 nil_bias 0.1 Home 0.04 0.01 0.001 0.2660703896150781 -0.1308922441979249 -0.0020620678324493238 0.0005668039541974627
0.3140481801306051 0.04364331089418818 24 nil_vol 0.6 nil_bias 0.1 Home 0.04 0.01 0.001 0.31404546773979164 0.04364405645348268 2.712390813427223e-06 -7.455592945035695e-07
0.31229927764678655 0.05420071095790091 24 nil_vol 0.6 nil_bias 0.1 Home 0.04 0.01 0.001 0.3166206907704018 0.053012877072108444 -0.004321413123615238 0.001187833885792465
0.3473207620662328 0.11848747257511143 24 nil_vol 0.6 nil_bias 0.1 Home 0.04 0.01 0.001 0.3355101441406544 0.12173387642099354 0.011810617925578392 -0.003246403845882108
0.42714259870392535 0.4869829724449913 24 nil_vol 0.6 nil_bias 0.1 Home 0.04 0.01 0.001 0.4352911043462527 0.48474317938571765 -0.00814850564232734 0.0022397930592736584
0.4532247335328759 0.5161707632572783 24 nil_vol 0.6 nil_bias 0.1 Home 0.04 0.01 0.001 0.4445826065240153 0.51854623882807 0.008642127008860577 -0.002375475570791751
0.5074302136896087 0.7471897197404019 24 nil_vol 0.6 nil_bias 0.1 Right 0.04 0.01 0.001 0.4 0.35 0.10743021368960869 0.39718971974040196
0.4242250925819672 0.49628858854690633 25 nil_vol 0.6 nil_bias 0.1 Right 0.04 0.01 0.001 0.42127371935583735 0.49730618247653524 0.002951373226129893 -0.0010175939296288871
0.3865815185179168 0.3755573522596848 25 nil_vol 0.6 nil_bias 0.1 Right 0.04 0.01 0.001 0.3800703838982717 0.3778023042045242 0.006511134619645071 -0.002244951944839427
0.19175407329830116 -0.1317520378427793 25 nil_vol 0.6 nil_bias 0.1 Right 0.04 0.01 0.001 0.203041099734804 -0.1356436532723897 -0.01128702643650283 0.003891615429610378
0.16926645368618817 -0.2745221301957167 25 nil_vol 0.6 nil_bias 0.1 Right 0.04 0.01 0.001 0.15665668399311228 -0.2701744506206335 0.012609769693075906 -0.0043476795750832025
0.11050033689891132 -0.38687434716945074 25 nil_vol 0.6 nil_bias 0.1 Right 0.04 0.01 0.001 0.11579116219442775 -0.3886985528157506 -0.005290825295516435 0.0018242056462998946
0.11066658532829773 -0.38929276274915803 25 nil_vol 0.6 nil_bias 0.1 Right 0.04 0.01 0.001 0.11506358137043265 -0.3908087880493353 -0.004396996042134915 0.0015160253001772707
0.0973369203958731 -0.45896652973535995 25 nil_vol 0.6 nil_bias 0.1 Right 0.04 0.01 0.001 0.09217709434417326 -0.45718749087247923 0.005159826051699843 -0.0017790388628807273
-0.0007475858698291278 -0.7267011006188628 25 nil_vol 0.6 nil_bias 0.1 Home 0.04 0.01 0.001 0.0 -0.75 -0.0007475858698291278 0.023298899381137213
0.011728330422533148 -0.6692630331143674 26 nil_vol 0.6 nil_bias 0.1 Home 0.04 0.01 0.001 0.013293769469782904 -0.6696483058430975 -0.0015654390472497556 0.0003852727287301005
0.01954480146279264 -0.649038176480494 26 nil_vol 0.6 nil_bias 0.1 Home 0.04 0.01 0.001 0.018433475679901803 -0.6487646662996699 0.0011113257828908396 -0.00027351018082415207
0.030318270773303894 -0.6298673556133628 26 nil_vol 0.6 nil_bias 0.1 Home 0.04 0.01 0.001 0.023497465766525293 -0.6281886762922393 0.0068208050067786 -0.0016786793211235542
0.09812707983765476 -0.3755100366858165 26 nil_vol 0.6 nil_bias 0.1 Home 0.04 0.01 0.001 0.08639522273955838 -0.37262269041373003 0.011731857098096377 -0.002887346272086478
0.19171711445059567 0.07664497643489283 26 nil_vol 0.6 nil_bias 0.1 Home 0.04 0.01 0.001 0.1966654854156167 0.07542712487573322 -0.004948370965021042 0.0012178515591596154
0.27919021819768125 0.3536807372949478 26 nil_vol 0.6 nil_bias 0.1 Home 0.04 0.01 0.001 0.26594896567464293 0.3569395633094885 0.01324125252303834 -0.0032588260145406988
0.2675905811127974 0.4044285073689821 26 nil_vol 0.6 nil_bias 0.1 Home 0.04 0.01 0.001 0.2770628049222544 0.40209728309000226 -0.009472223809456991 0.0023312242789798546
0.30356418042681677 0.5097775960916863 26 nil_vol 0.6 nil_bias 0.1 Right 0.04 0.01 0.001 0.4 0.35 -0.09643581957318328 0.15977759609168632
0.2984346357696231 0.4470341000381311 27 nil_vol 0.6 nil_bias 0.1 Right 0.04 0.01 0.001 0.28876657708506964 0.449403736473563 0.009668058684553452 -0.0023696364354319
0.2899811232143581 0.4034617363886546 27 nil_vol 0.6 nil_bias 0.1 Right 0.04 0.01 0.001 0.2782131612583183 0.4063460580846287 0.0117679619560398 -0.0028843216959741013
0.27800334424756024 0.3715603342956715 27 nil_vol 0.6 nil_bias 0.1 Right 0.04 0.01 0.001 0.27015846868584475 0.3734831094430928 0.007844875561715467 -0.0019227751474213222
0.21160432001296453 0.10309776786756386 27 nil_vol 0.6 nil_bias 0.1 Right 0.04 0.01 0.001 0.20432448159025302 0.1048820526897149 0.007279838422711526 -0.001784284822151045
0.19490904711029675 0.06395624402176389 27 nil_vol 0.6 nil_bias 0.1 Right 0.04 0.01 0.001 0.19432846381219918 0.06409854470299303 0.0005805832980975755 -0.00014230068122913743
0.14114988165722392 -0.15869427229376218 27 nil_vol 0.6 nil_bias 0.1 Right 0.04 0.01 0.001 0.13980296796602157 -0.15836414440954127 0.001346913691202358 -0.00033012788422090504
0.04335135956843735 -0.5184568677030109 27 nil_vol 0.6 nil_bias 0.1 Right 0.04 0.01 0.001 0.05108012241852683 -0.5203511836818376 -0.007728762850089481 0.0018943159788267698
0.002915097362607723 -0.7168633075759572 27 nil_vol 0.6 nil_bias 0.1 Home 0.04 0.01 0.001 0.0 -0.75 0.002915097362607723 0.03313669242404286
0.14271685206625104 -0.4057972138375133 28 nil_vol 0.6 nil_bias 0.1 Home 0.04 0.01 0.001 0.13480638739277295 -0.4024786001584531 0.00791046467347809 -0.0033186136790602236
0.14843164411572543 -0.37473658661595305 28 nil_vol 0.6 nil_bias 0.1 Home 0.04 0.01 0.001 0.14674212461064723 -0.37402779607430636 0.0016895195050781917 -0.0007087905416466904
0.20849193465556312 -0.1869600334730079 28 nil_vol 0.6 nil_bias 0.1 Home 0.04 0.01 0.001 0.22271748226890659 -0.19292796315229022 -0.014225547613343464 0.0059679296792823095
0.25293205640478156 -0.129729816648683 28 nil_vol 0.6 nil_bias 0.1 Home 0.04 0.01 0.001 0.24978446479930294 -0.12840933283525313 0.00314759160547862 -0.001320483813429852
0.2632871235908078 -0.09757537942131708 28 nil_vol 0.6 nil_bias 0.1 Home 0.04 0.01 0.001 0.26280486277225534 -0.0973730604153693 0.00048226081855248397 -0.00020231900594777196
0.27859561642578584 -0.09596657116195294 28 nil_vol 0.6 nil_bias 0.1 Home 0.04 0.01 0.001 0.2656698361544515 -0.0905439224312411 0.012925780271334323 -0.005422648730711845
0.28962277067277986 -0.08763576142412106 28 nil_vol 0.6 nil_bias 0.1 Home 0.04 0.01 0.001 0.27029205413932184 -0.0795261012509263 0.019330716533458026 -0.008109660173194769
0.34518385871388485 0.09899090365332375 28 nil_vol 0.6 nil_bias 0.1 Right 0.04 0.01 0.001 0.4 0.35 -0.054816141286115186 -0.25100909634667623
0.3173213989856492 0.015511552278716395 29 nil_vol 0.6 nil_bias 0.1 Right 0.04 0.01 0.001 0.3140784725465309 0.016737920926478217 0.003242926439118336 -0.0012263686477618219
0.3139250656036188 0.014704393476583182 29 nil_vol 0.6 nil_bias 0.1 Right 0.04 0.01 0.001 0.31338648210451947 0.014908068129677349 0.0005385834990993699 -0.0002036746530941656
0.2812697202952284 -0.08958976570860995 29 nil_vol 0.6 nil_bias 0.1 Right 0.04 0.01 0.001 0.2747948024112318 -0.08714116367003746 0.0064749178839966165 -0.002448602038572485
0.2834757122273581 -0.12065389955406482 29 nil_vol 0.6 nil_bias 0.1 Right 0.04 0.01 0.001 0.2647931804314693 -0.11358877745357077 0.018682531795888822 -0.007065122100494046
0.2418332219158926 -0.1939633507744977 29 nil_vol 0.6 nil_bias 0.1 Right 0.04 0.01 0.001 0.23532840435001828 -0.19150344165476835 0.006504817565874314 -0.002459909119729352
0.22528250263167318 -0.2070361661646301 29 nil_vol 0.6 nil_bias 0.1 Right 0.04 0.01 0.001 0.22893245484069275 -0.20841645863780367 -0.0036499522090195726 0.0013802924731735704
0.09922839711982648 -0.5307281974190158 29 nil_vol 0.6 nil_bias 0.1 Right 0.04 0.01 0.001 0.10606674771194838 -0.53331423781371 -0.006838350592121907 0.0025860403946941874
0.035485659690426934 -0.7199541008471165 29 nil_vol 0.6 nil_bias 0.1 Home 0.04 0.01 0.001 0.0 -0.75 0.035485659690426934 0.03004589915288347
0.04341138917913941 -0.7100938247420966 30 nil_vol 0.6 nil_bias 0.1 Home 0.04 0.01 0.001 0.04190847836087341 -0.7091965118183751 0.0015029108182660043 -0.0008973129237215548
0.06474562537312475 -0.6533339223730182 30 nil_vol 0.6 nil_bias 0.1 Home 0.04 0.01 0.001 0.07249782238797059 -0.6579623717022223 -0.007752197014845831 0.0046284493292040665
0.12588415259331806 -0.5831524857466682 30 nil_vol 0.6 nil_bias 0.1 Home 0.04 0.01 0.001 0.1194548949926045 -0.5793138974119915 0.006429257600713563 -0.003838588334676712
0.1715145272443722 -0.48900138143506255 30 nil_vol 0.6 nil_bias 0.1 Home 0.04 0.01 0.001 0.17288680849916954 -0.489820701976205 -0.0013722812547973594 0.0008193205411424217
0.19578685279849584 -0.45859976739442854 30 nil_vol 0.6 nil_bias 0.1 Home 0.04 0.01 0.001 0.19264665144951026 -0.4567249101379057 0.0031402013489855787 -0.0018748572565227886
0.26827994600224475 -0.34039760636599664 30 nil_vol 0.6 nil_bias 0.1 Home 0.04 0.01 0.001 0.2637239424393418 -0.33767744437911906 0.004556003562902989 -0.0027201619868776057
0.36615611446915924 -0.15543839964250142 30 nil_vol 0.6 nil_bias 0.1 Home 0.04 0.01 0.001 0.37085482364749806 -0.15824376401894324 -0.004698709178338788 0.0028053643764418255
0.47623306402690224 0.018254415478120456 30 nil_vol 0.6 nil_bias 0.1 Right 0.04 0.01 0.001 0.4 0.35 0.07623306402690225 -0.3317455845218795
0.4041246821190057 -0.09738460501305424 31 nil_vol 0.6 nil_bias 0.1 Right 0.04 0.01 0.001 0.4063714770792107 -0.09872640329344166 -0.002246794960204976 0.0013417982803874261
0.23498090249300552 -0.3831713663638589 31 nil_vol 0.6 nil_bias 0.1 Right 0.04 0.01 0.001 0.23610018655318155 -0.38383980894709857 -0.0011192840601760244 0.0006684425832396523
0.24948168567242768 -0.39923737358632294 31 nil_vol 0.6 nil_bias 0.1 Right 0.04 0.01 0.001 0.23284000499895868 -0.38929887056049267 0.016641680673469 -0.009938503025830273
0.10337570021352244 -0.6020296288101865 31 nil_vol 0.6 nil_bias 0.1 Right 0.04 0.01 0.001 0.1051597422850093 -0.6030950685258967 -0.0017840420714868614 0.0010654397157101965
0.05192209165961357 -0.6827434889222224 31 nil_vol 0.6 nil_bias 0.1 Right 0.04 0.01 0.001 0.05610235811894071 -0.6852399669925553 -0.004180266459327138 0.0024964780703329824
0.040216743247765474 -0.6987857774365387 31 nil_vol 0.6 nil_bias 0.1 Right 0.04 0.01 0.001 0.04596321970211098 -0.7022176047110774 -0.005746476454345507 0.0034318272745387465
-0.016373191686357886 -0.8033257271234676 31 nil_vol 0.6 nil_bias 0.1 Right 0.04 0.01 0.001 -0.014932820563425764 -0.8041859246626741 -0.0014403711229321221 0.0008601975392065627
-0.028395775398553223 -0.8267291783805859 31 nil_vol 0.6 nil_bias 0.1 Home 0.04 0.01 0.001 0.0 -0.75 -0.028395775398553223 -0.07672917838058595
0.12653132051875726 -0.5080297726476801 32 nil_vol 0.6 nil_bias 0.1 Home 0.04 0.01 0.001 0.13839443248265912 -0.5143641923132398 -0.011863111963901843 0.006334419665559721
0.1602446887292369 -0.4883746751974333 32 nil_vol 0.6 nil_bias 0.1 Home 0.04 0.01 0.001 0.15404063287482594 -0.48506196150729913 0.006204055854410956 -0.003312713690134135
0.19967355244225612 -0.4087807320842866 32 nil_vol 0.6 nil_bias 0.1 Home 0.04 0.01 0.001 0.19585922272946532 -0.40674403503403944 0.003814329712790791 -0.002036697050247166
0.4432310964610893 0.028969907926301237 32 nil_vol 0.6 nil_bias 0.1 Home 0.04 0.01 0.001 0.431778142171724 0.035085320062683945 0.01145295428936532 -0.006115412136382708
0.5288370570630158 0.1794292874787835 32 nil_vol 0.6 nil_bias 0.1 Home 0.04 0.01 0.001 0.5132858107797137 0.18773302098316758 0.015551246283302088 -0.008303733504384072
0.5628654161996807 0.24311460247751246 32 nil_vol 0.6 nil_bias 0.1 Home 0.04 0.01 0.001 0.5472962811085222 0.2514278878782812 0.01556913509115844 -0.008313285400768722
0.6576331648458993 0.45056918876816615 32 nil_vol 0.6 nil_bias 0.1 Home 0.04 0.01 0.001 0.65451785629015 0.45223263692914384 0.0031153085557492684 -0.0016634481609776616
0.6720685247806801 0.48510155884104345 32 nil_vol 0.6 nil_bias 0.1 Right 0.04 0.01 0.001 0.4 0.35 0.27206852478068017 0.1351015588410435
0.618137311225161 0.37838172048134866 33 nil_vol 0.6 nil_bias 0.1 Right 0.04 0.01 0.001 0.6140491762008141 0.3806525993114233 0.004088135024346871 -0.002270878830074667
0.46021589490745984 0.11467282430345413 33 nil_vol 0.6 nil_bias 0.1 Right 0.04 0.01 0.001 0.4648673742370639 0.11208901876004124 -0.0046514793296040914 0.00258380554341289
0.445023435022286 0.08934061570546058 33 nil_vol 0.6 nil_bias 0.1 Right 0.04 0.01 0.001 0.4505315171355798 0.08628098411528573 -0.005508082113293824 0.003059631590174841
0.2918829617897876 -0.19212672603131864 33 nil_vol 0.6 nil_bias 0.1 Right 0.04 0.01 0.001 0.2949386391408267 -0.1938240948722908 -0.0030556773510390886 0.0016973688409721505
0.24314801203698602 -0.32371659191937985 33 nil_vol 0.6 nil_bias 0.1 Right 0.04 0.01 0.001 0.2275872952870267 -0.31507291893944533 0.015560716749959326 -0.008643672979934498
0.16114555613178003 -0.3979443946247532 33 nil_vol 0.6 nil_bias 0.1 Right 0.04 0.01 0.001 0.1767415423066766 -0.40660765907854113 -0.015595986174896572 0.008663264453787957
0.07908144129047277 -0.5963272487263581 33 nil_vol 0.6 nil_bias 0.1 Right 0.04 0.01 0.001 0.07317768497773247 -0.5930478278782996 0.0059037563127403055 -0.003279420848058589
-0.027112670121620074 -0.7735948953201882 33 nil_vol 0.6 nil_bias 0.1 Home 0.04 0.01 0.001 0.0 -0.75 -0.027112670121620074 -0.023594895320188186
-0.04199694306956965 -0.7341770612422444 34 nil_vol 0.6 nil_bias 0.1 Home 0.04 0.01 0.001 -0.04967187132947227 -0.7392128341062923 0.007674928259902621 0.005035772864047997
-0.1513296613769365 -0.6020884157849271 34 nil_vol 0.6 nil_bias 0.1 Home 0.04 0.01 0.001 -0.14316058456935132 -0.5967284158059197 -0.008169076807585166 -0.0053599999790073845
-0.209019675916071 -0.4861936404055561 34 nil_vol 0.6 nil_bias 0.1 Home 0.04 0.01 0.001 -0.21367983810999008 -0.4892513260963534 0.004660162193919064 0.0030576856907972923
-0.27063313944175293 -0.40591379166752833 34 nil_vol 0.6 nil_bias 0.1 Home 0.04 0.01 0.001 -0.26904433308147546 -0.40487132355781164 -0.0015888063602774634 -0.0010424681097167194
-0.35787532624625285 -0.2904114103635172 34 nil_vol 0.6 nil_bias 0.1 Home 0.04 0.01 0.001 -0.34827729763075815 -0.2841138281043082 -0.009598028615494714 -0.006297582259208988
-0.38899627122247815 -0.2041382297095864 34 nil_vol 0.6 nil_bias 0.1 Home 0.04 0.01 0.001 -0.39721407041046936 -0.20953019804488482 0.008217799187991221 0.005391968335298411
-0.488149679630993 -0.08072547733803227 34 nil_vol 0.6 nil_bias 0.1 Home 0.04 0.01 0.001 -0.4836599564950673 -0.07777962231902136 -0.004489723135925651 -0.002945855019010919
-0.5728592593359458 0.058167384946663236 34 nil_vol 0.6 nil_bias 0.1 Left 0.04 0.01 0.001 -0.4 0.35 -0.17285925933594576 -0.29183261505333674
-0.5521020554046802 0.02001501809796148 35 nil_vol 0.6 nil_bias 0.1 Left 0.04 0.01 0.001 -0.5489914462785805 0.022071879064494072 -0.003110609126099665 -0.002056860966532592
-0.4653143874317751 -0.10823623753142884 35 nil_vol 0.6 nil_bias 0.1 Left 0.04 0.01 0.001 -0.46358332189329254 -0.10709158675973929 -0.0017310655384825937 -0.00114465077168956
-0.4833141070852392 -0.1270842099386898 35 nil_vol 0.6 nil_bias 0.1 Left 0.04 0.01 0.001 -0.46038770681834706 -0.11192434384802433 -0.022926400266892154 -0.015159866090665473
-0.27648073749754387 -0.3353542312380999 35 nil_vol 0.6 nil_bias 0.1 Left 0.04 0.01 0.001 -0.3016443043743381 -0.3519934026638292 0.0251635668767942 0.01663917142572933
-0.22624087532076742 -0.48170315996140883 35 nil_vol 0.6 nil_bias 0.1 Left 0.04 0.01 0.001 -0.21902848773983669 -0.47693403665168527 -0.0072123875809307235 -0.004769123309723588
-0.2097361197248527 -0.4802978902795879 35 nil_vol 0.6 nil_bias 0.1 Left 0.04 0.01 0.001 -0.21465391768866704 -0.48354973783195027 0.004917797963814341 0.003251847552362348
-0.1384526366451395 -0.6187461889831035 35 nil_vol 0.6 nil_bias 0.1 Left 0.04 0.01 0.001 -0.1292710759377954 -0.6126749685033819 -0.009181560707344086 -0.006071220479721675
-0.03034486537088307 -0.7622819562419081 35 nil_vol 0.6 nil_bias 0.1 Home 0.04 0.01 0.001 0.0 -0.75 -0.03034486537088307 -0.012281956241908093
-0.021523766065531587 -0.7277464625559185 36 nil_vol 0.6 nil_bias 0.1 Home 0.04 0.01 0.001 -0.013662170178667526 -0.7320904919333839 -0.007861595886864062 0.004344029377465455
0.04166270866433123 -0.6259102446960595 36 nil_vol 0.6 nil_bias 0.1 Home 0.04 0.01 0.001 0.04422638133708173 -0.6273268361318063 -0.0025636726727505063 0.0014165914357467592
0.13894607687717167 -0.46375598362859155 36 nil_vol 0.6 nil_bias 0.1 Home 0.04 0.01 0.001 0.1356239607177007 -0.4619203041559023 0.0033221161594709694 -0.0018356794726892504
0.27128348716645884 -0.21981107832608773 36 nil_vol 0.6 nil_bias 0.1 Home 0.04 0.01 0.001 0.26984411260742663 -0.2190157327678074 0.0014393745590321994 -0.0007953455582803317
0.2750320081121802 -0.20061211475880847 36 nil_vol 0.6 nil_bias 0.1 Home 0.04 0.01 0.001 0.278848118148177 -0.2027207571187789 -0.0038161100359968146 0.0021086423599704367
0.318847178071562 -0.13626965535469313 36 nil_vol 0.6 nil_bias 0.1 Home 0.04 0.01 0.001 0.31633392142639766 -0.13488092196559254 0.002513256645164306 -0.0013887333891005934
0.43433552368031864 0.06920439856750318 36 nil_vol 0.6 nil_bias 0.1 Home 0.04 0.01 0.001 0.4303276796900235 0.0714189860742499 0.0040078439902951615 -0.0022145875067467197
0.44902788704740804 0.10526163778534292 36 nil_vol 0.6 nil_bias 0.1 Right 0.04 0.01 0.001 0.4 0.35 0.04902788704740804 -0.24473836221465706
0.4256079696010895 0.0621043937386251 37 nil_vol 0.6 nil_bias 0.1 Right 0.04 0.01 0.001 0.4249527193690283 0.06247307306477666 0.0006552502320612047 -0.00036867932615155884
0.4279099606729122 0.05002011500436793 37 nil_vol 0.6 nil_bias 0.1 Right 0.04 0.01 0.001 0.4203419036261019 0.05427831444600346 0.007568057046810284 -0.004258199441635528
0.38924049407984546 0.003850812739694086 37 nil_vol 0.6 nil_bias 0.1 Right 0.04 0.01 0.001 0.39131265219989164 0.002684904172252714 -0.0020721581200461776 0.001165908567441372
0.23614915264738337 -0.27957046338143476 37 nil_vol 0.6 nil_bias 0.1 Right 0.04 0.01 0.001 0.2333778190484373 -0.2780111607611418 0.002771333598946075 -0.0015593026202929702
0.18802688537326204 -0.37487892559340846 37 nil_vol 0.6 nil_bias 0.1 Right 0.04 0.01 0.001 0.18107544526656516 -0.37096766829212063 0.006951440106696875 -0.003911257301287818
0.10264999935575692 -0.5091894677333157 37 nil_vol 0.6 nil_bias 0.1 Right 0.04 0.01 0.001 0.10314701698941947 -0.5094691168159078 -0.0004970176336625623 0.00027964908259206836
0.04676466009337556 -0.6243324782989195 37 nil_vol 0.6 nil_bias 0.1 Right 0.04 0.01 0.001 0.040501461086960455 -0.6208084627759115 0.006263199006415102 -0.003524015523007928
-0.01351994648885367 -0.7168201925895157 37 nil_vol 0.6 nil_bias 0.1 Home 0.04 0.01 0.001 0.0 -0.75 -0.01351994648885367 0.03317980741048435
-0.02867983608207369 -0.7044727731978474 38 nil_vol 0.6 nil_bias 0.1 Home 0.04 0.01 0.001 -0.01839574694937777 -0.7012519175531399 -0.010284089132695922 -0.003220855644707491
-0.055123860452183586 -0.5885962120405521 38 nil_vol 0.6 nil_bias 0.1 Home 0.04 0.01 0.001 -0.05380732271282161 -0.5881838879198079 -0.001316537739361971 -0.0004123241207442598
-0.1340234787632825 -0.33462702557006724 38 nil_vol 0.6 nil_bias 0.1 Home 0.04 0.01 0.001 -0.1332902655354387 -0.3343973918190171 -0.00073321322784377 -0.00022963375105012647
-0.16762713689654046 -0.17458828170435084 38 nil_vol 0.6 nil_bias 0.1 Home 0.04 0.01 0.001 -0.18193698890402143 -0.17906995888728106 0.014309852007480962 0.0044816771829302125
-0.1740668003541985 -0.15390279517407238 38 nil_vol 0.6 nil_bias 0.1 Home 0.04 0.01 0.001 -0.18841197506746332 -0.15839553501260994 0.014345174713264812 0.004492739838537558
-0.2215786387934517 -0.03447954381467492 38 nil_vol 0.6 nil_bias 0.1 Home 0.04 0.01 0.001 -0.2267169990322655 -0.03608881774901951 0.005138360238813808 0.0016092739343445876
-0.381863803229575 0.40578338752723137 38 nil_vol 0.6 nil_bias 0.1 Home 0.04 0.01 0.001 -0.3666030510398093 0.4105628754525761 -0.015260752189765725 -0.004779487925344732
-0.3690548049670687 0.41839124738250244 38 nil_vol 0.6 nil_bias 0.1 Left 0.04 0.01 0.001 -0.4 0.35 0.03094519503293129 0.06839124738250248
-0.31541883054791864 0.22837960143881594 39 nil_vol 0.6 nil_bias 0.1 Left 0.04 0.01 0.001 -0.3102992931346707 0.22997608142240816 -0.005119537413247967 -0.001596479983592212
-0.31157769452383616 0.22372551803761118 39 nil_vol 0.6 nil_bias 0.1 Left 0.04 0.01 0.001 -0.3086361614705711 0.22464280767953473 -0.0029415330532650405 -0.000917289641923565
-0.28141747963885755 0.18719679305177014 39 nil_vol 0.6 nil_bias 0.1 Left 0.04 0.01 0.001 -0.29558158801816764 0.18277984798667818 0.014164108379310087 0.004416945065091963
-0.27212535124688675 0.1293446363567063 39 nil_vol 0.6 nil_bias 0.1 Left 0.04 0.01 0.001 -0.2783162812183626 0.12741405259855149 0.00619092997147587 0.0019305837581547938
-0.22557080430238807 -0.020741295656966675 39 nil_vol 0.6 nil_bias 0.1 Left 0.04 0.01 0.001 -0.23153539381757943 -0.022601297255295805 0.005964589515191368 0.0018600015983291295
-0.07091231900546183 -0.5308254015744507 39 nil_vol 0.6 nil_bias 0.1 Left 0.04 0.01 0.001 -0.07286095375113083 -0.5314330651416204 0.0019486347456690082 0.0006076635671696755
-0.019778780802598366 -0.7272076716180365 39 nil_vol 0.6 nil_bias 0.1 Left 0.04 0.01 0.001 -0.012516670126680396 -0.7249430501499459 -0.0072621106759179705 -0.0022646214680905976
0.004842349874338373 -0.7806093618268202 39 nil_vol 0.6 nil_bias 0.1 Home 0.04 0.01 0.001 0.0 -0.75 0.004842349874338373 -0.030609361826820204
0.028530929825409928 -0.6354148983167606 40 nil_vol 0.6 nil_bias 0.1 Home 0.04 0.01 0.001 0.030967058934834615 -0.6358545601690007 -0.002436129109424687 0.0004396618522401039
0.04941232711614173 -0.5755925382847673 40 nil_vol 0.6 nil_bias 0.1 Home 0.04 0.01 0.001 0.042081653822900404 -0.5742695306552437 0.007330673293241326 -0.0013230076295236615
0.04234380149014495 -0.5077428422787981 40 nil_vol 0.6 nil_bias 0.1 Home 0.04 0.01 0.001 0.05371763538245143 -0.509795541725973 -0.011373833892306475 0.0020526994471748994
0.06794331162067323 -0.4700533864335571 40 nil_vol 0.6 nil_bias 0.1 Home 0.04 0.01 0.001 0.06111261031561421 -0.46882061154643695 0.006830701305059016 -0.0012327748871201547
0.08844353767358738 -0.4544454255427295 40 nil_vol 0.6 nil_bias 0.1 Home 0.04 0.01 0.001 0.06448727070080755 -0.4501219039899255 0.023956266972779833 -0.004323521552803983
0.14333918163601878 -0.010320901486766563 40 nil_vol 0.6 nil_bias 0.1 Home 0.04 0.01 0.001 0.1438441704078451 -0.010412039636186754 -0.0005049887718263386 9.113814942019069e-05
0.15067737539594772 0.06357459002869272 40 nil_vol 0.6 nil_bias 0.1 Home 0.04 0.01 0.001 0.15699129791821814 0.06243508110024454 -0.006313922522270427 0.0011395089284481719
0.1994476198287702 0.29768196722062 40 nil_vol 0.6 nil_bias 0.1 Right 0.04 0.01 0.001 0.4 0.35 -0.2005523801712298 -0.052318032779379964
0.15152393602172815 0.10009460839768615 41 nil_vol 0.6 nil_bias 0.1 Right 0.04 0.01 0.001 0.15694130756643473 0.09893598129161396 -0.005417371544706583 0.0011586271060721914
0.077215067001906 -0.2407504696014826 41 nil_vol 0.6 nil_bias 0.1 Right 0.04 0.01 0.001 0.08398216081249127 -0.24219776526019343 -0.0067670938105852604 0.0014472956587108332
0.05845865707946497 -0.29422938608323324 41 nil_vol 0.6 nil_bias 0.1 Right 0.04 0.01 0.001 0.0722243614432834 -0.29717349247846114 -0.013765704363818432 0.002944106395227898
0.06385323681585556 -0.43139759792888194 41 nil_vol 0.6 nil_bias 0.1 Right 0.04 0.01 0.001 0.044407007872895005 -0.42723858321514774 0.01944622894296056 -0.004159014713734205
0.017942746866330794 -0.48317134181249355 41 nil_vol 0.6 nil_bias 0.1 Right 0.04 0.01 0.001 0.031810207700912 -0.4861372111243446 -0.01386746083458121 0.002965869311851033
-0.029158240568273784 -0.745727111523175 41 nil_vol 0.6 nil_bias 0.1 Right 0.04 0.01 0.001 -0.023947304045404044 -0.7468415878432121 -0.005210936522869739 0.0011144763200371297
-0.038673288707387836 -0.762344564234271 41 nil_vol 0.6 nil_bias 0.1 Right 0.04 0.01 0.001 -0.02776206086132066 -0.7646781764369149 -0.010911227846067175 0.002333612202643901
-0.028294391526109245 -0.7671671851789741 41 nil_vol 0.6 nil_bias 0.1 Home 0.04 0.01 0.001 0.0 -0.75 -0.028294391526109245 -0.017167185178974056
-0.0033659383856835716 -0.6870888391393731 42 nil_vol 0.6 nil_bias 0.1 Home 0.04 0.01 0.001 0.004189906470262714 -0.6902811797282223 -0.007555844855946286 0.0031923405888491683
0.0841076798433692 -0.46477124414880194 42 nil_vol 0.6 nil_bias 0.1 Home 0.04 0.01 0.001 0.09714118284914458 -0.47027789250560087 -0.013033503005775375 0.005506648356798944
0.1679664198932851 -0.3303157455022031 42 nil_vol 0.6 nil_bias 0.1 Home 0.04 0.01 0.001 0.15804597545453597 -0.32612436279847823 0.009920444438749128 -0.004191382703724877
0.27492297770307395 -0.03099503225258752 42 nil_vol 0.6 nil_bias 0.1 Home 0.04 0.01 0.001 0.2815542466439463 -0.033796739989990554 -0.006631268940872344 0.0028017077374030332
0.29995090524608037 0.04418420861326896 42 nil_vol 0.6 nil_bias 0.1 Home 0.04 0.01 0.001 0.312297261194479 0.03896787953692027 -0.01234635594839862 0.005216329076348689
0.38313681876283917 0.18608182449765298 42 nil_vol 0.6 nil_bias 0.1 Home 0.04 0.01 0.001 0.37576817373871446 0.18919507325326002 0.007368645024124685 -0.003113248755607048
0.4043193783918289 0.23850410332234098 42 nil_vol 0.6 nil_bias 0.1 Home 0.04 0.01 0.001 0.39777026803587967 0.24127109909961608 0.006549110355949214 -0.002766995777275092
0.4157033919786135 0.28371641422891425 42 nil_vol 0.6 nil_bias 0.1 Right 0.04 0.01 0.001 0.4 0.35 0.01570339197861348 -0.06628358577108576
0.33320224255083114 0.08890363677087583 43 nil_vol 0.6 nil_bias 0.1 Right 0.04 0.01 0.001 0.3422779668973591 0.0855410149694105 -0.009075724346527956 0.003362621801465336
0.30087275411841047 -0.047184544373304896 43 nil_vol 0.6 nil_bias 0.1 Right 0.04 0.01 0.001 0.2940401350740324 -0.04465300938144251 0.006832619044378057 -0.002531534991862386
0.1918756105145283 -0.30224394015598943 43 nil_vol 0.6 nil_bias 0.1 Right 0.04 0.01 0.001 0.19778905245333353 -0.3044349133528267 -0.005913441938805211 0.0021909731968372315
0.1689621103163621 -0.41307833865833726 43 nil_vol 0.6 nil_bias 0.1 Right 0.04 0.01 0.001 0.15891508578494878 -0.40935584308231066 0.010047024531413332 -0.003722495576026633
0.15168251535786165 -0.41463631888134606 43 nil_vol 0.6 nil_bias 0.1 Right 0.04 0.01 0.001 0.15632177397710473 -0.4163551979019138 -0.004639258619243092 0.0017188790205677432
0.11773874371658016 -0.4944971054643582 43 nil_vol 0.6 nil_bias 0.1 Right 0.04 0.01 0.001 0.1262071268969242 -0.49763470295169054 -0.008468383180344036 0.0031375974873323574
0.04667534806285099 -0.7103877162269422 43 nil_vol 0.6 nil_bias 0.1 Right 0.04 0.01 0.001 0.047295463221941225 -0.7106174733982443 -0.0006201151590902411 0.00022975717130211394
0.02566804932905645 -0.7689899156201309 43 nil_vol 0.6 nil_bias 0.1 Home 0.04 0.01 0.001 0.0 -0.75 0.02566804932905645 -0.018989915620130846
0.06098611557664991 -0.6933431051759357 44 nil_vol 0.6 nil_bias 0.1 Home 0.04 0.01 0.001 0.04873327308509953 -0.6897753937628159 0.012252842491550378 -0.0035677114131196924
0.13143596983114375 -0.37825421173739965 44 nil_vol 0.6 nil_bias 0.1 Home 0.04 0.01 0.001 0.13881461937675135 -0.3804026839972388 -0.007378649545607607 0.0021484722598391734
0.15243316327165712 -0.36829759456656 44 nil_vol 0.6 nil_bias 0.1 Home 0.04 0.01 0.001 0.14312820560580866 -0.36558823111184036 0.009304957665848473 -0.0027093634547196914
0.24398193097970527 -0.10764077387482929 44 nil_vol 0.6 nil_bias 0.1 Home 0.04 0.01 0.001 0.22024806058115412 -0.10073008353038004 0.023733870398551165 -0.006910690344449243
0.27876724440304973 0.08784818323480865 44 nil_vol 0.6 nil_bias 0.1 Home 0.04 0.01 0.001 0.27543933193462916 0.0888171854319425 0.0033279124684205525 -0.0009690021971338515
0.2937226242904346 0.2143011898544872 44 nil_vol 0.6 nil_bias 0.1 Home 0.04 0.01 0.001 0.3105503402783038 0.2094013933845612 -0.01682771598786921 0.004899796469925988
0.333915904338566 0.261923956534896 44 nil_vol 0.6 nil_bias 0.1 Home 0.04 0.01 0.001 0.3264744584248058 0.2640907134759848 0.007441445913760147 -0.002166756941088833
0.3528696539049771 0.35474159167283387 44 nil_vol 0.6 nil_bias 0.1 Right 0.04 0.01 0.001 0.4 0.35 -0.04713034609502291 0.004741591672833884
0.34606166863849946 0.2356418949143664 45 nil_vol 0.6 nil_bias 0.1 Right 0.04 0.01 0.001 0.31798236524205364 0.24453038051145506 0.02807930339644581 -0.008888485597088658
0.25071790728323606 0.01380279198526512 45 nil_vol 0.6 nil_bias 0.1 Right 0.04 0.01 0.001 0.24547141136968623 0.01546356692345946 0.005246495913549858 -0.0016607749381943402
0.21911175286710768 -0.09443670312986728 45 nil_vol 0.6 nil_bias 0.1 Right 0.04 0.01 0.001 0.21145025937261186 -0.09201146224634044 0.007661493494495818 -0.0024252408835268436
0.1374236011456468 -0.3091086741644787 45 nil_vol 0.6 nil_bias 0.1 Right 0.04 0.01 0.001 0.1422451401975216 -0.3106349292789063 -0.0048215390518747915 0.0015262551144275963
0.10331246749662219 -0.4105459613532607 45 nil_vol 0.6 nil_bias 0.1 Right 0.04 0.01 0.001 0.109952965523167 -0.41264800677201957 -0.006640498026544799 0.0021020454187588634
0.09028551193730462 -0.4819396357495711 45 nil_vol 0.6 nil_bias 0.1 Right 0.04 0.01 0.001 0.08822519544676921 -0.4812874438773936 0.0020603164905354096 -0.0006521918721775076
0.08230339363067922 -0.49677012454284614 45 nil_vol 0.6 nil_bias 0.1 Right 0.04 0.01 0.001 0.08323119391342615 -0.4970638191311248 -0.0009278002827469338 0.00029369458827866623
-0.0046213565843279 -0.7745957330474844 45 nil_vol 0.6 nil_bias 0.1 Home 0.04 0.01 0.001 0.0 -0.75 -0.0046213565843279 -0.024595733047484383
0.036625482560844434 -0.6854887189140634 46 nil_vol 0.6 nil_bias 0.1 Home 0.04 0.01 0.001 0.03248407334419808 -0.6837963206329807 0.004141409216646352 -0.0016923982810826738
0.08281212348948155 -0.5864166023275265 46 nil_vol 0.6 nil_bias 0.1 Home 0.04 0.01 0.001 0.07378591396823482 -0.5827280169501026 0.00902620952124674 -0.0036885853774238377
0.13813023421912082 -0.40531117037411524 46 nil_vol 0.6 nil_bias 0.1 Home 0.04 0.01 0.001 0.14512045113049796 -0.4081677417647564 -0.0069902169113771374 0.0028565713906411874
0.24151336149669714 -0.19479797810171673 46 nil_vol 0.6 nil_bias 0.1 Home 0.04 0.01 0.001 0.233630934818565 -0.191576802732905 0.007882426678132144 -0.003221175368811715
0.2869692324147195 -0.09929945805984246 46 nil_vol 0.6 nil_bias 0.1 Home 0.04 0.01 0.001 0.27357681958091784 -0.09382661167500017 0.013392412833801675 -0.00547284638484228
0.29801944306515427 -0.034082663493039865 46 nil_vol 0.6 nil_bias 0.1 Home 0.04 0.01 0.001 0.2979953688526498 -0.03407282549980384 2.4074212504470923e-05 -9.837993236026736e-06
0.3923629399429461 0.2266550742771319 46 nil_vol 0.6 nil_bias 0.1 Home 0.04 0.01 0.001 0.40279964405402685 0.22239008640132263 -0.010436704111080771 0.004264987875809297
0.5147667632972155 0.4963809458687762 46 nil_vol 0.6 nil_bias 0.1 Right 0.04 0.01 0.001 0.4 0.35 0.1147667632972155 0.1463809458687762
0.5164268404810283 0.4646750007856826 47 nil_vol 0.6 nil_bias 0.1 Right 0.04 0.01 0.001 0.5036077786756552 0.47012273306791547 0.012819061805373037 -0.005447732282232861
0.36688679227303517 0.14573069760846316 47 nil_vol 0.6 nil_bias 0.1 Right 0.04 0.01 0.001 0.3659243233392288 0.1461397192015368 0.0009624689338063434 -0.00040902159307363434
0.2940264064724962 -0.03812479480529192 47 nil_vol 0.6 nil_bias 0.1 Right 0.04 0.01 0.001 0.28859764584346215 -0.03581772779989628 0.005428760629034058 -0.0023070670053956404
0.20352716256549094 -0.22434420163272464 47 nil_vol 0.6 nil_bias 0.1 Right 0.04 0.01 0.001 0.20772177227321598 -0.22612679002047725 -0.004194609707725035 0.0017825883877526125
0.035582186607689095 -0.6344428987758866 47 nil_vol 0.6 nil_bias 0.1 Right 0.04 0.01 0.001 0.03441074249347775 -0.6339450687463015 0.0011714441142113398 -0.0004978300295849994
0.012799450265135747 -0.6294340225447048 47 nil_vol 0.6 nil_bias 0.1 Right 0.04 0.01 0.001 0.03272859338600992 -0.637903334728793 -0.01992914312087417 0.00846931218408817
0.014037494466538097 -0.6916327500201438 47 nil_vol 0.6 nil_bias 0.1 Right 0.04 0.01 0.001 0.010528808923537247 -0.6901416596586949 0.003508685543000851 -0.0014910903614489
-0.002556725463671255 -0.7209332377641461 47 nil_vol 0.6 nil_bias 0.1 Home 0.04 0.01 0.001 0.0 -0.75 -0.002556725463671255 0.02906676223585393
0.11570353665360354 -0.44998080321336825 48 nil_vol 0.6 nil_bias 0.1 Home 0.04 0.01 0.001 0.12221712809416246 -0.4530142798696182 -0.006513591440558928 0.003033476656249932
0.13734512170800783 -0.42646941252856124 48 nil_vol 0.6 nil_bias 0.1 Home 0.04 0.01 0.001 0.1350724000728571 -0.42541097217514046 0.002272721635150748 -0.0010584403534208123
0.1723999836150244 -0.35621766339143424 48 nil_vol 0.6 nil_bias 0.1 Home 0.04 0.01 0.001 0.16820632080772954 -0.35426461209151716 0.004193662807294854 -0.0019530512999170978
0.17267316863167065 -0.3332087180640387 48 nil_vol 0.6 nil_bias 0.1 Home 0.04 0.01 0.001 0.17706074213832498 -0.33525207646799693 -0.004387573506654345 0.00204335840395825
0.2155913753665764 -0.26848619137666907 48 nil_vol 0.6 nil_bias 0.1 Home 0.04 0.01 0.001 0.20948008946329583 -0.2656400744077976 0.006111285903280595 -0.002846116968871506
0.36248252970933625 0.05871982309800776 48 nil_vol 0.6 nil_bias 0.1 Home 0.04 0.01 0.001 0.36088567302378344 0.05946350306676329 0.0015968566855528285 -0.0007436799687555288
0.39620786888747195 0.1524636453643042 48 nil_vol 0.6 nil_bias 0.1 Home 0.04 0.01 0.001 0.40277325657393653 0.14940604642401634 -0.006565387686464591 0.003057598940287865
0.4287110480838296 0.20510061602545174 48 nil_vol 0.6 nil_bias 0.1 Right 0.04 0.01 0.001 0.4 0.35 0.028711048083829568 -0.14489938397454824
0.3498505002488969 0.04569567220950304 49 nil_vol 0.6 nil_bias 0.1 Right 0.04 0.01 0.001 0.35764222085525177 0.042294398871984246 -0.007791720606354874 0.003401273337518795
0.24931927336392212 -0.2188318086950417 49 nil_vol 0.6 nil_bias 0.1 Right 0.04 0.01 0.001 0.24456104941914325 -0.21675472956772798 0.004758223944778874 -0.0020770791273137168
0.1457266646494973 -0.4128703397022792 49 nil_vol 0.6 nil_bias 0.1 Right 0.04 0.01 0.001 0.15683511947664902 -0.41771944725290255 -0.011108454827151715 0.004849107550623365
0.10914233798156102 -0.5353593543920994 49 nil_vol 0.6 nil_bias 0.1 Right 0.04 0.01 0.001 0.10606824971532763 -0.534017440970744 0.0030740882662333865 -0.0013419134213553943
0.07083648269834908 -0.5748310358571082 49 nil_vol 0.6 nil_bias 0.1 Right 0.04 0.01 0.001 0.08546468350457087 -0.5812165971332008 -0.014628200806221793 0.006385561276092689
0.041724227399298916 -0.6631053872667925 49 nil_vol 0.6 nil_bias 0.1 Right 0.04 0.01 0.001 0.04843877873580238 -0.6660364503256532 -0.006714551336503467 0.0029310630588606956
0.023019667788239134 -0.7003301886124618 49 nil_vol 0.6 nil_bias 0.1 Right 0.04 0.01 0.001 0.031796318460488804 -0.7041614075989193 -0.008776650672249671 0.0038312189864575354
0.01857642794705011 -0.7344458578931898 49 nil_vol 0.6 nil_bias 0.1 Home 0.04 0.01 0.001 0.0 -0.75 0.01857642794705011 0.015554142106810177
0.1642572497966509 -0.3532115096392829 50 nil_vol 0.6 nil_bias 0.1 Home 0.04 0.01 0.001 0.17659552699318265 -0.3583961525702029 -0.012338277196531751 0.005184642930920043
0.24355918918286826 -0.23763538874564707 50 nil_vol 0.6 nil_bias 0.1 Home 0.04 0.01 0.001 0.22977424148798453 -0.23184284328075255 0.013784947694883722 -0.005792545464894517
0.24528185408961753 -0.2101451952593884 50 nil_vol 0.6 nil_bias 0.1 Home 0.04 0.01 0.001 0.23985076104810837 -0.20786300645001843 0.005431093041509166 -0.002282188809369977
0.26163755346707446 -0.12337848680999691 50 nil_vol 0.6 nil_bias 0.1 Home 0.04 0.01 0.001 0.27329365890659324 -0.12827647570313405 -0.0116561054395188 0.004897988893137143
0.3612608005169565 0.1414351964669306 50 nil_vol 0.6 nil_bias 0.1 Home 0.04 0.01 0.001 0.3828215754993187 0.13237518607675358 -0.02156077498236219 0.009060010390177018
0.4062711107518325 0.19177899207816798 50 nil_vol 0.6 nil_bias 0.1 Home 0.04 0.01 0.001 0.4075565538877051 0.19123883857364343 -0.001285443135872669 0.0005401535045245467
0.5931802540626795 0.6794698629166573 50 nil_vol 0.6 nil_bias 0.1 Home 0.04 0.01 0.001 0.609783438451746 0.6724930718134607 -0.016603184389066522 0.006976791103196564
0.6390389581979266 0.7421145900098793 50 nil_vol 0.6 nil_bias 0.1 Right 0.04 0.01 0.001 0.4 0.35 0.23903895819792653 0.3921145900098794
0.6337778085290707 0.7073645378981566 51 nil_vol 0.6 nil_bias 0.1 Right 0.04 0.01 0.001 0.626357578530428 0.7103245448208738 0.007420229998642764 -0.0029600069227172787
0.5163018168305376 0.4247950923567706 51 nil_vol 0.6 nil_bias 0.1 Right 0.04 0.01 0.001 0.5129847529528371 0.4261183036376722 0.003317063877700478 -0.0013232112809016359
0.5177791676878595 0.4175318491921016 51 nil_vol 0.6 nil_bias 0.1 Right 0.04 0.01 0.001 0.5106879490936076 0.4203606100436286 0.007091218594251888 -0.0028287608515270243
0.46866167245606566 0.31206706296100717 51 nil_vol 0.6 nil_bias 0.1 Right 0.04 0.01 0.001 0.4676495805161468 0.31247079696239716 0.001012091939918856 -0.0004037340013900022
0.3492886297592297 0.0483475886123946 51 nil_vol 0.6 nil_bias 0.1 Right 0.04 0.01 0.001 0.3605034731117389 0.04387387095584094 -0.011214843352509243 0.004473717656553651
0.30538094272096133 -0.11931985784234271 51 nil_vol 0.6 nil_bias 0.1 Right 0.04 0.01 0.001 0.2967734960957321 -0.11588625785928852 0.008607446625229234 -0.0034335999830541926
0.2938682133726484 -0.1341640208863515 51 nil_vol 0.6 nil_bias 0.1 Right 0.04 0.01 0.001 0.29008441956715764 -0.13265462618289403 0.0037837938054907766 -0.001509394703457448
0.02118585735579337 -0.8067372313955208 51 nil_vol 0.6 nil_bias 0.1 Home 0.04 0.01 0.001 0.0 -0.75 0.02118585735579337 -0.0567372313955208
0.2627123763388635 -0.3160355199892718 52 nil_vol 0.6 nil_bias 0.1 Home 0.04 0.01 0.001 0.27482907718330585 -0.3223806783159858 -0.012116700844442335 0.00634515832671398
0.3362236369179184 -0.212650284052135 52 nil_vol 0.6 nil_bias 0.1 Home 0.04 0.01 0.001 0.33313785870314466 -0.2110343531493889 0.0030857782147737604 -0.0016159309027461157
0.3955314991284361 -0.04580335780944673 52 nil_vol 0.6 nil_bias 0.1 Home 0.04 0.01 0.001 0.41447073062922957 -0.05572127391562376 -0.018939231500793484 0.009917916106177033
0.5405589327230743 0.20381139763756823 52 nil_vol 0.6 nil_bias 0.1 Home 0.04 0.01 0.001 0.5482666354693115 0.19977510138102117 -0.007707702746237181 0.004036296256547048
0.5887275517530147 0.2821376572416335 52 nil_vol 0.6 nil_bias 0.1 Home 0.04 0.01 0.001 0.5908228719087762 0.28104039996804486 -0.002095320155761521 0.0010972572735886302
0.5977558817957509 0.3167817997040829 52 nil_vol 0.6 nil_bias 0.1 Home 0.04 0.01 0.001 0.6070035831202641 0.3119390516808771 -0.00924770132451324 0.004842748023205793
0.6519674815830726 0.4032757873258851 52 nil_vol 0.6 nil_bias 0.1 Home 0.04 0.01 0.001 0.6542170365134066 0.40209776185667034 -0.0022495549303339153 0.0011780254692147327
0.66267283538088 0.41824493738838164 52 nil_vol 0.6 nil_bias 0.1 Right 0.04 0.01 0.001 0.4 0.35 0.26267283538088 0.06824493738838168
0.5278763532548882 0.1737622148675028 53 nil_vol 0.6 nil_bias 0.1 Right 0.04 0.01 0.001 0.5251882029768448 0.17528335806161477 0.0026881502780434583 -0.0015211431941119823
0.4640052741938917 0.05163163179825416 53 nil_vol 0.6 nil_bias 0.1 Right 0.04 0.01 0.001 0.45734886064816793 0.055398295531667974 0.006656413545723792 -0.003766663733413813
0.3724935782043464 -0.09587666440697915 53 nil_vol 0.6 nil_bias 0.1 Right 0.04 0.01 0.001 0.3719280188162254 -0.0955566314009626 0.0005655593881210376 -0.00032003300601654284
0.1396793221284222 -0.5200537795243617 53 nil_vol 0.6 nil_bias 0.1 Right 0.04 0.01 0.001 0.13364888099757477 -0.5166413347073412 0.006030441130847432 -0.0034124448170204705
0.0919357069716492 -0.5962075606583805 53 nil_vol 0.6 nil_bias 0.1 Right 0.04 0.01 0.001 0.08942780474680956 -0.5947884144030642 0.0025079022248396367 -0.0014191462553163994
0.05893716226380536 -0.6570356276170339 53 nil_vol 0.6 nil_bias 0.1 Right 0.04 0.01 0.001 0.055351987619412624 -0.6550068853794571 0.0035851746443927354 -0.0020287422375769013
0.04709694069961112 -0.6733324439687698 53 nil_vol 0.6 nil_bias 0.1 Right 0.04 0.01 0.001 0.045495046856752985 -0.6724259805404948 0.0016018938428581343 -0.0009064634282749524
0.007338745966898114 -0.7398554449349047 53 nil_vol 0.6 nil_bias 0.1 Home 0.04 0.01 0.001 0.0 -0.75 0.007338745966898114 0.010144555065095269
0.016993886878655964 -0.6055276242624966 54 nil_vol 0.6 nil_bias 0.1 Home 0.04 0.01 0.001 0.023538590146916345 -0.6063216040691349 -0.006544703268260382 0.000793979806638306
0.01933167513348063 -0.521512979754567 54 nil_vol 0.6 nil_bias 0.1 Home 0.04 0.01 0.001 0.03361701975596351 -0.523246026265037 -0.014285344622482883 0.0017330465104700404
0.06559996336593774 -0.31248804172135664 54 nil_vol 0.6 nil_bias 0.1 Home 0.04 0.01 0.001 0.05927845648895176 -0.31172113929627754 0.0063215068769859675 -0.0007669024250791063
0.0744320425250029 -0.2702271236559409 54 nil_vol 0.6 nil_bias 0.1 Home 0.04 0.01 0.001 0.06445913876262693 -0.2690172469241302 0.009972903762375975 -0.001209876731810705
0.07858063956360374 -0.1529998406255604 54 nil_vol 0.6 nil_bias 0.1 Home 0.04 0.01 0.001 0.0785346294104108 -0.15299425883964313 4.601015319294899e-05 -5.581785917277599e-06
0.07824640223719659 -0.09498472313696628 54 nil_vol 0.6 nil_bias 0.1 Home 0.04 0.01 0.001 0.08546588323342447 -0.09586056454496605 -0.007219480996227875 0.0008758414079997797
0.09496651190128456 0.09485007302290485 54 nil_vol 0.6 nil_bias 0.1 Home 0.04 0.01 0.001 0.10840443537306575 0.09321983259145727 -0.013437923471781193 0.001630240431447579
0.171572764645357 0.6139106204205778 54 nil_vol 0.6 nil_bias 0.1 Right 0.04 0.01 0.001 0.4 0.35 -0.22842723535464302 0.26391062042057783
0.15320189192088246 0.5231961963849633 55 nil_vol 0.6 nil_bias 0.1 Right 0.04 0.01 0.001 0.1621575874542937 0.5222760257807532 -0.008955695533411231 0.0009201706042101659
0.11453663927818569 0.06128287743542095 55 nil_vol 0.6 nil_bias 0.1 Right 0.04 0.01 0.001 0.11478927003249102 0.0612569203902128 -0.0002526307543053237 2.5957045208151932e-05
0.09098821099071581 -0.05023994860289978 55 nil_vol 0.6 nil_bias 0.1 Right 0.04 0.01 0.001 0.1032043393424509 -0.05149511880878588 -0.012216128351735082 0.0012551702058861006
0.07998464428102928 -0.33318495590151515 55 nil_vol 0.6 nil_bias 0.1 Right 0.04 0.01 0.001 0.07432134842610018 -0.33260306939708795 0.005663295854929092 -0.000581886504427209
0.06581838376094795 -0.3903890731057248 55 nil_vol 0.6 nil_bias 0.1 Right 0.04 0.01 0.001 0.0683572092529668 -0.39064992973916657 -0.002538825492018845 0.0002608566334417702
0.07428635559185674 -0.4157390821679063 55 nil_vol 0.6 nil_bias 0.1 Right 0.04 0.01 0.001 0.06586824429326266 -0.41487414671637857 0.008418111298594086 -0.0008649354515277106
0.03707181763006204 -0.6214157325592612 55 nil_vol 0.6 nil_bias 0.1 Right 0.04 0.01 0.001 0.04456758920379156 -0.622185900396286 -0.007495771573729517 0.0007701678370248095
0.028538830052618883 -0.7781881526737291 55 nil_vol 0.6 nil_bias 0.1 Home 0.04 0.01 0.001 0.0 -0.75 0.028538830052618883 -0.02818815267372914
0.04490269155093188 -0.7756559504566839 56 nil_vol 0.6 nil_bias 0.1 Home 0.04 0.01 0.001 0.02926822534097181 -0.7733155687901943 0.015634466209960063 -0.0023403816664896797
0.0500123080396223 -0.668754664377234 56 nil_vol 0.6 nil_bias 0.1 Home 0.04 0.01 0.001 0.0450319390023497 -0.6680091343264696 0.004980369037272601 -0.0007455300507643891
0.052990383951404055 -0.6390771274232019 56 nil_vol 0.6 nil_bias 0.1 Home 0.04 0.01 0.001 0.04944238357702284 -0.6385460139897537 0.0035480003743812195 -0.0005311134334481086
0.08034624004748865 -0.3465842214712048 56 nil_vol 0.6 nil_bias 0.1 Home 0.04 0.01 0.001 0.09286667465168247 -0.3484584521107818 -0.012520434604193822 0.0018742306395769838
0.10874136359001708 -0.1651036385085 56 nil_vol 0.6 nil_bias 0.1 Home 0.04 0.01 0.001 0.12006010894390753 -0.16679798379398436 -0.011318745353890445 0.0016943452854843648
0.1629238102855744 0.10432317277125869 56 nil_vol 0.6 nil_bias 0.1 Home 0.04 0.01 0.001 0.16069518739787425 0.10465678365875863 0.0022286228877001573 -0.0003336108874999488
0.16609323167836867 0.23651018055406983 56 nil_vol 0.6 nil_bias 0.1 Home 0.04 0.01 0.001 0.18011853309425052 0.23441068077838767 -0.014025301415881835 0.002099499775682168
0.18028689978750828 0.23553542184703957 56 nil_vol 0.6 nil_bias 0.1 Right 0.04 0.01 0.001 0.4 0.35 -0.21971310021249174 -0.1144645781529604
0.17616293071497202 0.20649769360615963 57 nil_vol 0.6 nil_bias 0.1 Right 0.04 0.01 0.001 0.17379254557455273 0.20703788487740574 0.0023703851404192787 -0.000540191271246099
0.15508576384481565 0.07792594116480978 57 nil_vol 0.6 nil_bias 0.1 Right 0.04 0.01 0.001 0.144898089280736 0.08024762837925051 0.01018767456407964 -0.002321687214440728
0.1347566526590996 0.05061105578900737 57 nil_vol 0.6 nil_bias 0.1 Right 0.04 0.01 0.001 0.13797691499188441 0.04987718449795411 -0.0032202623327848 0.0007338712910532559
0.12517784546878208 -0.054380345621904934 57 nil_vol 0.6 nil_bias 0.1 Right 0.04 0.01 0.001 0.11475860154314686 -0.052005885655193984 0.010419243925635221 -0.002374459966710948
0.06093564963945811 -0.2589549288893172 57 nil_vol 0.6 nil_bias 0.1 Right 0.04 0.01 0.001 0.06726776119497947 -0.2603979650156085 -0.006332111555521359 0.0014430361262913426
0.02448313588249209 -0.4317729643061979 57 nil_vol 0.6 nil_bias 0.1 Right 0.04 0.01 0.001 0.02802867259445907 -0.4325809629520839 -0.0035455367119669795 0.0008079986458860353
-0.03268887116129998 -0.6938410802706081 57 nil_vol 0.6 nil_bias 0.1 Right 0.04 0.01 0.001 -0.03156854252153196 -0.6940963939501491 -0.0011203286397680169 0.00025531367954097553
-0.04782799229305593 -0.7654436373828472 57 nil_vol 0.6 nil_bias 0.1 Home 0.04 0.01 0.001 0.0 -0.75 -0.04782799229305593 -0.015443637382847104
-0.022973208572065293 -0.597850940313984 58 nil_vol 0.6 nil_bias 0.1 Home 0.04 0.01 0.001 -0.016070624739998374 -0.5991692909587772 -0.006902583832066917 0.0013183506447932074
-0.005221476315801387 -0.5058570643788386 58 nil_vol 0.6 nil_bias 0.1 Home 0.04 0.01 0.001 0.0015060211637147047 -0.5071419746176338 -0.006727497479516092 0.0012849102387951605
0.11845589430407269 0.13045763658922843 58 nil_vol 0.6 nil_bias 0.1 Home 0.04 0.01 0.001 0.12311367767253575 0.1295680288920943 -0.00465778336846306 0.0008896076971341335
0.12299254275489173 0.16035097249718006 58 nil_vol 0.6 nil_bias 0.1 Home 0.04 0.01 0.001 0.12878184300137172 0.15924525210340645 -0.005789300246479988 0.0011057203937736072
0.11852193435893493 0.16548984562122118 58 nil_vol 0.6 nil_bias 0.1 Home 0.04 0.01 0.001 0.1295714504004821 0.16337945667811948 -0.011049516041547162 0.002110388943101701
0.18760842543765308 0.4016410168663846 58 nil_vol 0.6 nil_bias 0.1 Home 0.04 0.01 0.001 0.1755189366796723 0.40395003413978026 0.012089488757980778 -0.0023090172733956703
0.1841302570722957 0.44357713701988666 58 nil_vol 0.6 nil_bias 0.1 Home 0.04 0.01 0.001 0.18312416798281952 0.44376929378785934 0.0010060890894761758 -0.0001921567679726615
0.18954992685639063 0.47741310432085293 58 nil_vol 0.6 nil_bias 0.1 Right 0.04 0.01 0.001 0.4 0.35 -0.2104500731436094 0.12741310432085298
0.19219740313590922 0.43995363401960697 59 nil_vol 0.6 nil_bias 0.1 Right 0.04 0.01 0.001 0.18531297413815062 0.4407492124112156 0.006884428997758586 -0.0007955783916086742
0.1745927949867769 0.3915869630110004 59 nil_vol 0.6 nil_bias 0.1 Right 0.04 0.01 0.001 0.17956528077755574 0.3910123326024345 -0.004972485790778822 0.0005746304085658792
0.17664737639787326 0.3404616881552464 59 nil_vol 0.6 nil_bias 0.1 Right 0.04 0.01 0.001 0.17376207906965366 0.34079511888834646 0.0028852973282196123 -0.000333430733100032
0.14781584736684392 0.09102528127421709 59 nil_vol 0.6 nil_bias 0.1 Right 0.04 0.01 0.001 0.14493662757325795 0.09135800967525293 0.002879219793585965 -0.00033272840103583943
0.124128318399807 -0.05037896613317736 59 nil_vol 0.6 nil_bias 0.1 Right 0.04 0.01 0.001 0.1284988523861814 -0.0508840337866433 -0.004370533986374396 0.000505067653465938
0.10313435544822623 -0.19114881976531187 59 nil_vol 0.6 nil_bias 0.1 Right 0.04 0.01 0.001 0.11216892024742799 -0.19219287215283354 -0.009034564799201759 0.0010440523875216716
0.10875254744704684 -0.3551649474338409 59 nil_vol 0.6 nil_bias 0.1 Right 0.04 0.01 0.001 0.09353871537808683 -0.3534068065551176 0.015213832068960004 -0.0017581408787233322
0.043401441142251376 -0.7872628643093093 59 nil_vol 0.6 nil_bias 0.1 Home 0.04 0.01 0.001 0.0 -0.75 0.043401441142251376 -0.0372628643093092
-0.060553796957116615 -0.5254959528510449 60 nil_vol 0.6 nil_bias 0.1 Home 0.04 0.01 0.001 -0.05291091939220591 -0.5227134721447781 -0.007642877564910708 -0.002782480706266717
-0.11175451329343347 -0.3565167208652531 60 nil_vol 0.6 nil_bias 0.1 Home 0.04 0.01 0.001 -0.11322228788349449 -0.3570510817055659 0.0014677745900610157 0.0005343608403127717
-0.1164651327472717 -0.3253386251180776 60 nil_vol 0.6 nil_bias 0.1 Home 0.04 0.01 0.001 -0.12379595119868332 -0.32800749698328263 0.0073308184514116245 0.002668871865205027
-0.1595492425134887 -0.21065298225156034 60 nil_vol 0.6 nil_bias 0.1 Home 0.04 0.01 0.001 -0.16570444441419485 -0.21289385689418472 0.0061552019007061545 0.0022408746426243703
-0.18007626902710505 -0.1807740231289921 60 nil_vol 0.6 nil_bias 0.1 Home 0.04 0.01 0.001 -0.1777114840385705 -0.17991309495773944 -0.00236478498853454 -0.0008609281712526545
-0.20505483035605712 -0.0887961720000937 60 nil_vol 0.6 nil_bias 0.1 Home 0.04 0.01 0.001 -0.21020153627872296 -0.09066989165725448 0.005146705922665831 0.0018737196571607811
-0.3126605135422791 0.15982219066841072 60 nil_vol 0.6 nil_bias 0.1 Home 0.04 0.01 0.001 -0.3027144302213118 0.1634431808921153 -0.009946083320967282 -0.0036209902237045693
-0.32721612828957636 0.23074408905165783 60 nil_vol 0.6 nil_bias 0.1 Left 0.04 0.01 0.001 -0.4 0.35 0.07278387171042365 -0.11925591094834215
-0.3175370460019595 0.20443871952431306 61 nil_vol 0.6 nil_bias 0.1 Left 0.04 0.01 0.001 -0.31705675838157055 0.2046255376800501 -0.00048028762038891383 -0.00018681815573703782
-0.18567535165423146 -0.128691443485857 61 nil_vol 0.6 nil_bias 0.1 Left 0.04 0.01 0.001 -0.18717854846088178 -0.12927614407610089 0.0015031968066503217 0.0005847005902438617
-0.12859861740914896 -0.2905389115484851 61 nil_vol 0.6 nil_bias 0.1 Left 0.04 0.01 0.001 -0.12499687989512201 -0.2891379386079905 -0.0036017375140269623 -0.00140097294049462
0.01383830493689031 -0.6400139128053195 61 nil_vol 0.6 nil_bias 0.1 Left 0.04 0.01 0.001 0.011793257705288662 -0.6408093777225572 0.0020450472316016466 0.0007954649172376901
0.02780201960795394 -0.690705735018433 61 nil_vol 0.6 nil_bias 0.1 Left 0.04 0.01 0.001 0.03075476736860583 -0.6895572005412067 -0.0029527477606518865 -0.0011485344772263187
0.04227378080713225 -0.7173347790338556 61 nil_vol 0.6 nil_bias 0.1 Left 0.04 0.01 0.001 0.04165332552168283 -0.7175761184047331 0.0006204552854494233 0.00024133937087759705
0.05106050669928359 -0.7400949681367326 61 nil_vol 0.6 nil_bias 0.1 Left 0.04 0.01 0.001 0.05049767076624123 -0.7403138952265218 0.0005628359330423593 0.0002189270897891657
0.051043763111313575 -0.7417178347520601 61 nil_vol 0.6 nil_bias 0.1 Home 0.04 0.01 0.001 0.0 -0.75 0.051043763111313575 0.008282165247939855
0.07316902972845808 -0.6845972909641198 62 nil_vol 0.6 nil_bias 0.1 Home 0.04 0.01 0.001 0.0687716508619782 -0.6832636609782817 0.004397378866479878 -0.0013336299858380711
0.06629361723620449 -0.6769307764384243 62 nil_vol 0.6 nil_bias 0.1 Home 0.04 0.01 0.001 0.07032177671790044 -0.6781524301634371 -0.0040281594816959495 0.0012216537250127897
0.10917683191608676 -0.47288663832136424 62 nil_vol 0.6 nil_bias 0.1 Home 0.04 0.01 0.001 0.1306036632982494 -0.47938493326032705 -0.021426831382162646 0.006498294938962833
0.22580121899653738 -0.1396505939647439 62 nil_vol 0.6 nil_bias 0.1 Home 0.04 0.01 0.001 0.23297767268406194 -0.14182705728988887 -0.007176453687524575 0.0021764633251449604
0.2413747166157096 -0.1404127489217693 62 nil_vol 0.6 nil_bias 0.1 Home 0.04 0.01 0.001 0.23407775975877304 -0.13819973958933318 0.007296956856936558 -0.0022130093324361157
0.3430252129305844 0.17029094406654316 62 nil_vol 0.6 nil_bias 0.1 Home 0.04 0.01 0.001 0.32893253142840545 0.1745649498328956 0.01409268150217894 -0.004274005766352438
0.3759069782165142 0.2948869618148593 62 nil_vol 0.6 nil_bias 0.1 Home 0.04 0.01 0.001 0.366306617475517 0.2977985437703403 0.009600360740997188 -0.002911581955481033
0.48790509877062355 0.6987452812622456 62 nil_vol 0.6 nil_bias 0.1 Right 0.04 0.01 0.001 0.4 0.35 0.08790509877062351 0.3487452812622456
0.33045450770653567 0.25342420402317695 63 nil_vol 0.6 nil_bias 0.1 Right 0.04 0.01 0.001 0.33388625110930037 0.2522404471542975 -0.0034317434027646716 0.00118375686887945
0.31569198635989953 0.22894158139071866 63 nil_vol 0.6 nil_bias 0.1 Right 0.04 0.01 0.001 0.3247693817976153 0.22581039471974718 -0.009077395437715756 0.0031311866709714674
0.2903196410933515 0.19611409389453477 63 nil_vol 0.6 nil_bias 0.1 Right 0.04 0.01 0.001 0.3119519078232346 0.18865218858124655 -0.021632266729883106 0.007461905313288227
0.12153274003612842 -0.3396623458899815 63 nil_vol 0.6 nil_bias 0.1 Right 0.04 0.01 0.001 0.12884347817275743 -0.342184135974532 -0.007310738136629009 0.0025217900845504997
0.08661707638223247 -0.4836690668775548 63 nil_vol 0.6 nil_bias 0.1 Right 0.04 0.01 0.001 0.08073864995913832 -0.48164134311157214 0.005878426423094146 -0.0020277237659826666
0.052664059918760976 -0.5916438714327333 63 nil_vol 0.6 nil_bias 0.1 Right 0.04 0.01 0.001 0.04384353367460847 -0.5886012900671699 0.008820526244152504 -0.0030425813655634176
0.009657506557761326 -0.6939534955031361 63 nil_vol 0.6 nil_bias 0.1 Right 0.04 0.01 0.001 0.007732093947979135 -0.6932893373378081 0.0019254126097821916 -0.0006641581653280365
-0.038346160639679425 -0.8268714523390022 63 nil_vol 0.6 nil_bias 0.1 Home 0.04 0.01 0.001 0.0 -0.75 -0.038346160639679425 -0.07687145233900211
