x y trial vol omega bias theta state target_sigma moving_sigma staying_sigma x_mean y_mean x_noise y_noise
-0.03289729492721934 -0.45610046733918347 0 nil_vol 0.6 nil_bias 0.87 Home 0.04 0.01 0.001 -0.026941454955434922 -0.4555555123441043 -0.005955839971784416 -0.0005449549950791743
-0.02410287483623571 -0.31816418996558765 0 nil_vol 0.6 nil_bias 0.87 Home 0.04 0.01 0.001 -0.039384718950116686 -0.3195624675088618 0.015281844113880979 0.0013982775432741534
-0.04825868767168817 -0.10250802458396512 0 nil_vol 0.6 nil_bias 0.87 Home 0.04 0.01 0.001 -0.0591538261341598 -0.10350492177316617 0.010895138462471629 0.0009968971892010505
-0.07105421841424873 0.1175775097811035 0 nil_vol 0.6 nil_bias 0.87 Home 0.04 0.01 0.001 -0.0793135585368566 0.11682178620941652 0.008259340122607862 0.0007557235716869788
-0.06669587193989604 0.22215393779867176 0 nil_vol 0.6 nil_bias 0.87 Home 0.04 0.01 0.001 -0.08876659460746707 0.22013448284023096 0.022070722667571034 0.0020194549584408063
-0.11951342703007531 0.27604574048709524 0 nil_vol 0.6 nil_bias 0.87 Home 0.04 0.01 0.001 -0.09409523775824857 0.27837148618798246 -0.02541818927182674 -0.0023257457008872186
-0.10131392788133016 0.3326638107018065 0 nil_vol 0.6 nil_bias 0.87 Home 0.04 0.01 0.001 -0.0990816347023523 0.3328680638926458 -0.002232293178977857 -0.00020425319083928976
-0.11042500891992113 0.45684035920134325 0 nil_vol 0.6 nil_bias 0.87 Left 0.04 0.01 0.001 -0.4 0.35 0.2895749910800789 0.1068403592013433
-0.05045339564648141 0.09822406107213782 1 nil_vol 0.6 nil_bias 0.87 Left 0.04 0.01 0.001 -0.06363659421506018 0.09651222979551694 0.013183198568578774 0.0017118312766208903
-0.03581963519542697 -0.0588778705215128 1 nil_vol 0.6 nil_bias 0.87 Left 0.04 0.01 0.001 -0.043332597690453833 -0.05985342467949384 0.007512962495026866 0.0009755541579810393
-0.0033579890877534248 -0.260287287960758 1 nil_vol 0.6 nil_bias 0.87 Left 0.04 0.01 0.001 -0.017075085480035376 -0.26206844558396925 0.013717096392281952 0.0017811576232112576
-0.015688392916114492 -0.31282261603318573 1 nil_vol 0.6 nil_bias 0.87 Left 0.04 0.01 0.001 -0.010570967924463909 -0.31215812113758823 -0.005117424991650582 -0.0006644948955975
-0.0030891970255711937 -0.3819828212106542 1 nil_vol 0.6 nil_bias 0.87 Left 0.04 0.01 0.001 -0.0015305481962979844 -0.38178043149458196 -0.0015586488292732095 -0.00020238971607222447
0.0008556618477364225 -0.3832650713203232 1 nil_vol 0.6 nil_bias 0.87 Left 0.04 0.01 0.001 -0.0013013985654452137 -0.3835451644602116 0.002157060413181636 0.00028009313988837094
0.019201582249183828 -0.6079516312022495 1 nil_vol 0.6 nil_bias 0.87 Left 0.04 0.01 0.001 0.027694463525443858 -0.6068488351151162 -0.00849288127626003 -0.0011027960871332902
0.04452213799206306 -0.7364425497356103 1 nil_vol 0.6 nil_bias 0.87 Home 0.04 0.01 0.001 0.0 -0.75 0.04452213799206306 0.013557450264389682
0.04134400339856317 -0.7176603497192918 2 nil_vol 0.6 nil_bias 0.87 Home 0.04 0.01 0.001 0.039240033905459416 -0.718271963779764 0.002103969493103757 0.0006116140604721153
-0.027228315757145214 -0.5016033540456616 2 nil_vol 0.6 nil_bias 0.87 Home 0.04 0.01 0.001 -0.024015969727472497 -0.5006695401261683 -0.003212346029672716 -0.0009338139194933273
-0.07614536237356205 -0.3129628833661781 2 nil_vol 0.6 nil_bias 0.87 Home 0.04 0.01 0.001 -0.07839159876046285 -0.31361585374520484 0.0022462363869008056 0.0006529703790267196
-0.09750664076307466 -0.3142969194715213 2 nil_vol 0.6 nil_bias 0.87 Home 0.04 0.01 0.001 -0.07969847329907323 -0.30912016874014164 -0.017808167464001434 -0.0051767507313796425
-0.16471130591282737 -0.04228481708867193 2 nil_vol 0.6 nil_bias 0.87 Home 0.04 0.01 0.001 -0.1578463709476575 -0.040289212702445454 -0.006864934965169891 -0.0019956043862264777
-0.15644133937569812 -0.02403351031788087 2 nil_vol 0.6 nil_bias 0.87 Home 0.04 0.01 0.001 -0.16209414409772274 -0.025676754129364654 0.005652804722024625 0.0016432438114837866
-0.2695699077207692 0.37341163724779985 2 nil_vol 0.6 nil_bias 0.87 Home 0.04 0.01 0.001 -0.2774420420998024 0.37112324471743097 0.007872134379033195 0.0022883925303688753
-0.2900428462452868 0.4144703637980647 2 nil_vol 0.6 nil_bias 0.87 Left 0.04 0.01 0.001 -0.4 0.35 0.10995715375471321 0.0644703637980647
-0.2833966496202095 0.3829002615461604 3 nil_vol 0.6 nil_bias 0.87 Left 0.04 0.01 0.001 -0.28209134185812784 0.3832325239706471 -0.0013053077620816778 -0.0003322624244867046
-0.26531333154903003 0.31765176885130625 3 nil_vol 0.6 nil_bias 0.87 Left 0.04 0.01 0.001 -0.26539279600429055 0.3176315413974196 7.946445526054691e-05 2.0227453886643203e-05
-0.20693322225453734 0.10950303902129357 3 nil_vol 0.6 nil_bias 0.87 Left 0.04 0.01 0.001 -0.21208074060902288 0.10819275268251966 0.005147518354485547 0.0013102863387739192
-0.17725868773991768 -0.011292316229389872 3 nil_vol 0.6 nil_bias 0.87 Left 0.04 0.01 0.001 -0.18139795135273726 -0.012345954155660754 0.0041392636128195675 0.0010536379262708823
-0.17793402238213094 -0.01703952140333611 3 nil_vol 0.6 nil_bias 0.87 Left 0.04 0.01 0.001 -0.18006513321688847 -0.017581989680455046 0.0021311108347575286 0.0005424682771189356
-0.13986382640933995 -0.17960493906053185 3 nil_vol 0.6 nil_bias 0.87 Left 0.04 0.01 0.001 -0.13888600384436792 -0.1793560370731283 -0.0009778225649720355 -0.00024890198740355524
-0.12769566211984038 -0.19544137919164076 3 nil_vol 0.6 nil_bias 0.87 Left 0.04 0.01 0.001 -0.13435973165116055 -0.1971376993727858 0.006664069531320168 0.001696320181145038
0.004646616934429929 -0.7432303430646194 3 nil_vol 0.6 nil_bias 0.87 Home 0.04 0.01 0.001 0.0 -0.75 0.004646616934429929 0.00676965693538051
-0.002616449011515776 -0.7330644110410025 4 nil_vol 0.6 nil_bias 0.87 Home 0.04 0.01 0.001 0.0032692775722871666 -0.7323212989228953 -0.005885726583802943 -0.0007431121181072271
-0.03262566356072478 -0.33054834095820607 4 nil_vol 0.6 nil_bias 0.87 Home 0.04 0.01 0.001 -0.0472245134510948 -0.33239154283133027 0.014598849890370025 0.001843201873124174
-0.03338355647441249 -0.28516615553844643 4 nil_vol 0.6 nil_bias 0.87 Home 0.04 0.01 0.001 -0.052876303773672265 -0.28762724450121685 0.01949274729925977 0.002461088962770418
-0.08087811768023923 -0.0731293703460788 4 nil_vol 0.6 nil_bias 0.87 Home 0.04 0.01 0.001 -0.07997252253882492 -0.0730150329377568 -0.0009055951414143074 -0.00011433740832201234
-0.07264409681326167 -0.050198189812692556 4 nil_vol 0.6 nil_bias 0.87 Home 0.04 0.01 0.001 -0.08269311195008919 -0.051466944794238856 0.01004901513682751 0.0012687549815463015
-0.13082676134088497 0.3126882618926888 4 nil_vol 0.6 nil_bias 0.87 Home 0.04 0.01 0.001 -0.1287039671433392 0.31295627877556353 -0.0021227941975457587 -0.0002680168828747576
-0.14815922406724097 0.3556087850349517 4 nil_vol 0.6 nil_bias 0.87 Home 0.04 0.01 0.001 -0.13430989819878386 0.3573573545163795 -0.013849325868457095 -0.0017485694814278402
-0.16019836171580426 0.5624036917017368 4 nil_vol 0.6 nil_bias 0.87 Left 0.04 0.01 0.001 -0.4 0.35 0.23980163828419576 0.2124036917017368
-0.15432163345808367 0.5074364982367378 5 nil_vol 0.6 nil_bias 0.87 Left 0.04 0.01 0.001 -0.1530573892301173 0.5076012341564662 -0.001264244227966377 -0.00016473591972839474
-0.1338432209371151 0.4573595779798481 5 nil_vol 0.6 nil_bias 0.87 Left 0.04 0.01 0.001 -0.14629921526240858 0.45573651367319146 0.012455994325293498 0.001623064306656627
-0.10603376528072726 0.15984098807478314 5 nil_vol 0.6 nil_bias 0.87 Left 0.04 0.01 0.001 -0.10771434740744498 0.1596220017142369 0.001680582126717716 0.0002189863605462374
-0.10099863990991281 0.04366950073368676 5 nil_vol 0.6 nil_bias 0.87 Left 0.04 0.01 0.001 -0.0927454196554538 0.044744927300218396 -0.008253220254459017 -0.001075426566531638
-0.06190055724939649 -0.1351501029516926 5 nil_vol 0.6 nil_bias 0.87 Left 0.04 0.01 0.001 -0.06918078864971769 -0.13609874530183141 0.0072802314003212 0.0009486423501388122
-0.026326628575388297 -0.392262005120854 5 nil_vol 0.6 nil_bias 0.87 Left 0.04 0.01 0.001 -0.03564353107890056 -0.3934760336044206 0.009316902503512262 0.0012140284835666223
-0.010488775148001086 -0.6012866676951112 5 nil_vol 0.6 nil_bias 0.87 Left 0.04 0.01 0.001 -0.00859711915462924 -0.601040177592183 -0.0018916559933718448 -0.00024649010292822056
0.014391714587323788 -0.7774649695492785 5 nil_vol 0.6 nil_bias 0.87 Home 0.04 0.01 0.001 0.0 -0.75 0.014391714587323788 -0.02746496954927841
-0.02937347984467597 -0.5121823830387602 6 nil_vol 0.6 nil_bias 0.87 Home 0.04 0.01 0.001 -0.032498738485927256 -0.5127359483145878 0.0031252586412512853 0.0005535652758276514
-0.08795233489945398 -0.2585731946636903 6 nil_vol 0.6 nil_bias 0.87 Home 0.04 0.01 0.001 -0.07783504525212874 -0.2567811573070613 -0.010117289647325242 -0.0017920373566289829
-0.13714392263269296 -0.012780278624928771 6 nil_vol 0.6 nil_bias 0.87 Home 0.04 0.01 0.001 -0.12154344532097193 -0.010017024917821749 -0.015600477311721034 -0.002763253707107023
-0.14535709168035918 0.09661605355863999 6 nil_vol 0.6 nil_bias 0.87 Home 0.04 0.01 0.001 -0.14058080996511324 0.09746205832452781 -0.004776281715245949 -0.0008460047658878236
-0.1472425561652422 0.12773823622030814 6 nil_vol 0.6 nil_bias 0.87 Home 0.04 0.01 0.001 -0.145983031127135 0.12796133113985453 -0.0012595250381071902 -0.00022309491954639776
-0.16382233591743667 0.17753379640929529 6 nil_vol 0.6 nil_bias 0.87 Home 0.04 0.01 0.001 -0.1550391751882751 0.17908952454248117 -0.008783160729161564 -0.001555728133185885
-0.23052176616478331 0.6068301345498153 6 nil_vol 0.6 nil_bias 0.87 Home 0.04 0.01 0.001 -0.2307946934243989 0.6067817919736983 0.00027292725961558853 4.834257611699553e-05
-0.23174517914869308 0.6121479409229706 6 nil_vol 0.6 nil_bias 0.87 Left 0.04 0.01 0.001 -0.4 0.35 0.16825482085130694 0.26214794092297067
-0.23007660087424023 0.5540954445584507 7 nil_vol 0.6 nil_bias 0.87 Left 0.04 0.01 0.001 -0.221838622177919 0.5555370397927576 -0.008237978696321242 -0.0014415952343068172
-0.1602727895838421 0.30030434062220396 7 nil_vol 0.6 nil_bias 0.87 Left 0.04 0.01 0.001 -0.17667228218979122 0.2974345310175319 0.016399492605949126 0.0028698096046720152
-0.1205449504023551 -0.025640482656562782 7 nil_vol 0.6 nil_bias 0.87 Left 0.04 0.01 0.001 -0.12014830284616768 -0.025571071791619104 -0.0003966475561874248 -6.94108649436764e-05
-0.1281657629553348 -0.056935664719077336 7 nil_vol 0.6 nil_bias 0.87 Left 0.04 0.01 0.001 -0.11506099839879083 -0.054642412110902594 -0.013104764556543958 -0.002293252608174743
-0.09388896022541975 -0.14050919301784143 7 nil_vol 0.6 nil_bias 0.87 Left 0.04 0.01 0.001 -0.09985223146755515 -0.1415527285403817 0.005963271242135405 0.0010435355225402814
-0.08685026411968269 -0.20627586513913873 7 nil_vol 0.6 nil_bias 0.87 Left 0.04 0.01 0.001 -0.08847629003057911 -0.20656040959966937 0.0016260259108964211 0.00028454446053064597
-0.03243843770502936 -0.4998226334360854 7 nil_vol 0.6 nil_bias 0.87 Left 0.04 0.01 0.001 -0.0370170089196403 -0.5006238550325754 0.004578571214610934 0.0008012215964900467
0.011475952087779108 -0.7777362997700522 7 nil_vol 0.6 nil_bias 0.87 Home 0.04 0.01 0.001 0.0 -0.75 0.011475952087779108 -0.027736299770052243
-0.03185653036525579 -0.6991857164602167 8 nil_vol 0.6 nil_bias 0.87 Home 0.04 0.01 0.001 -0.013076018229597995 -0.6936988911960402 -0.018780512135657793 -0.0054868252641764835
-0.1368548414382071 -0.26763060526661775 8 nil_vol 0.6 nil_bias 0.87 Home 0.04 0.01 0.001 -0.13749911416717875 -0.2678188329283986 0.0006442727289716677 0.00018822766178084634
-0.17197770192748682 -0.21038135691604748 8 nil_vol 0.6 nil_bias 0.87 Home 0.04 0.01 0.001 -0.15567157859866093 -0.2056174373383961 -0.01630612332882589 -0.0047639195776513765
-0.1634245905873135 -0.1925173779026882 8 nil_vol 0.6 nil_bias 0.87 Home 0.04 0.01 0.001 -0.1598075602766789 -0.19146064349915715 -0.003617030310634617 -0.0010567344035310577
-0.24980709738693394 0.0723448864804646 8 nil_vol 0.6 nil_bias 0.87 Home 0.04 0.01 0.001 -0.23789636810961462 0.07582466859937076 -0.011910729277319305 -0.003479782118906157
-0.2388116865176221 0.15172152822196444 8 nil_vol 0.6 nil_bias 0.87 Home 0.04 0.01 0.001 -0.25839823084378455 0.14599921641968638 0.019586544326162435 0.005722311802278043
-0.267941444228536 0.1768401295002455 8 nil_vol 0.6 nil_bias 0.87 Home 0.04 0.01 0.001 -0.26745047234441616 0.1769835695149975 -0.0004909718841198334 -0.0001434400147520086
-0.2707141887744793 0.18815474101599927 8 nil_vol 0.6 nil_bias 0.87 Left 0.04 0.01 0.001 -0.4 0.35 0.1292858112255207 -0.1618452589840007
-0.2627108073458612 0.1857024410172209 9 nil_vol 0.6 nil_bias 0.87 Left 0.04 0.01 0.001 -0.26957725110395275 0.1838773351453125 0.006866443758091508 0.0018251058719084045
-0.2769303655011895 0.14965848033657506 9 nil_vol 0.6 nil_bias 0.87 Left 0.04 0.01 0.001 -0.26156725807521963 0.15374200574823452 -0.015363107425969837 -0.004083525411659461
-0.22248829556872163 0.006657451196769553 9 nil_vol 0.6 nil_bias 0.87 Left 0.04 0.01 0.001 -0.22247314422263476 0.006661478435859347 -1.5151346086867783e-05 -4.027239089794099e-06
-0.13256732605743066 -0.39115444190598325 9 nil_vol 0.6 nil_bias 0.87 Left 0.04 0.01 0.001 -0.11777822633834828 -0.38722348817091057 -0.01478909971908239 -0.003930953735072666
-0.1292019765248831 -0.4081082681014052 9 nil_vol 0.6 nil_bias 0.87 Left 0.04 0.01 0.001 -0.11334717832774657 -0.40389405091606567 -0.015854798197136536 -0.004214217185339544
-0.07577412497520121 -0.4902641381103472 9 nil_vol 0.6 nil_bias 0.87 Left 0.04 0.01 0.001 -0.08942547626971309 -0.4938926774656339 0.013651351294511874 0.0036285393552867398
-0.11049662162872703 -0.5002302417212848 9 nil_vol 0.6 nil_bias 0.87 Left 0.04 0.01 0.001 -0.0892425480382715 -0.4945808931096105 -0.021254073590455527 -0.005649348611674271
-0.03155518491237522 -0.7116132530145092 9 nil_vol 0.6 nil_bias 0.87 Home 0.04 0.01 0.001 0.0 -0.75 -0.03155518491237522 0.03838674698549087
-0.08002576482695938 -0.598616816278395 10 nil_vol 0.6 nil_bias 0.87 Home 0.04 0.01 0.001 -0.08475162546313807 -0.6008872768615225 0.004725860636178695 0.0022704605831274875
-0.10937484951274071 -0.562802689918118 10 nil_vol 0.6 nil_bias 0.87 Home 0.04 0.01 0.001 -0.10423507100135988 -0.560333369425093 -0.0051397785113808225 -0.0024693204930249187
-0.13246121953572215 -0.4878122617462617 10 nil_vol 0.6 nil_bias 0.87 Home 0.04 0.01 0.001 -0.13783602968046632 -0.49039449925068856 0.0053748101447441765 0.0025822375044269007
-0.25309348998702413 -0.24896539972711315 10 nil_vol 0.6 nil_bias 0.87 Home 0.04 0.01 0.001 -0.2536891163753039 -0.24925155844844887 0.0005956263882797545 0.00028615872133573334
-0.37554489209549496 0.04338209667998279 10 nil_vol 0.6 nil_bias 0.87 Home 0.04 0.01 0.001 -0.3907666316188144 0.03606906689451794 0.01522173952331947 0.007313029785464847
-0.40701591945357607 0.07792087560762086 10 nil_vol 0.6 nil_bias 0.87 Home 0.04 0.01 0.001 -0.41015019159084576 0.07641506705922918 0.003134272137269712 0.001505808548391681
-0.4579880206479776 0.20137171313427923 10 nil_vol 0.6 nil_bias 0.87 Home 0.04 0.01 0.001 -0.4678964857844514 0.1966113570291006 0.009908465136473801 0.004760356105178645
-0.5251474320274903 0.3157766027261972 10 nil_vol 0.6 nil_bias 0.87 Left 0.04 0.01 0.001 -0.4 0.35 -0.1251474320274902 -0.03422339727380281
-0.5080623217372108 0.2995416924011395 11 nil_vol 0.6 nil_bias 0.87 Left 0.04 0.01 0.001 -0.5167170776049048 0.29587544111275577 0.008654755867694087 0.003666251288383735
-0.5115446308529885 0.270822220454281 11 nil_vol 0.6 nil_bias 0.87 Left 0.04 0.01 0.001 -0.5069319775546756 0.27277619193034913 -0.004612653298312976 -0.0019539714760681195
-0.3521191040509119 -0.0780623440530756 11 nil_vol 0.6 nil_bias 0.87 Left 0.04 0.01 0.001 -0.35737050799195225 -0.08028689743840317 0.00525140394104032 0.002224553385327566
-0.337532842191212 -0.08570420559748608 11 nil_vol 0.6 nil_bias 0.87 Left 0.04 0.01 0.001 -0.35240662801575806 -0.09200490746314305 0.014873785824546074 0.006300701865656974
-0.28040377461489296 -0.21984637480377045 11 nil_vol 0.6 nil_bias 0.87 Left 0.04 0.01 0.001 -0.2955361104448213 -0.2262566013405834 0.015132335829928357 0.006410226536812946
-0.17812997856763083 -0.5251370883666667 11 nil_vol 0.6 nil_bias 0.87 Left 0.04 0.01 0.001 -0.1703271808091424 -0.5218317360525895 -0.007802797758488448 -0.0033053523140772127
-0.06607316500882275 -0.7669090849745884 11 nil_vol 0.6 nil_bias 0.87 Left 0.04 0.01 0.001 -0.06644326444382909 -0.7670658632305167 0.0003700994350063356 0.0001567782559282735
-0.06129782147865115 -0.7792124809039582 11 nil_vol 0.6 nil_bias 0.87 Home 0.04 0.01 0.001 0.0 -0.75 -0.06129782147865115 -0.029212480903958237
-0.06845500815837918 -0.7156909369036044 12 nil_vol 0.6 nil_bias 0.87 Home 0.04 0.01 0.001 -0.0697518629232268 -0.7158640060098131 0.0012968547648476228 0.00017306910620875116
-0.07413994700737077 -0.5969396050424814 12 nil_vol 0.6 nil_bias 0.87 Home 0.04 0.01 0.001 -0.08542175071725883 -0.5984451951343082 0.011281803709888063 0.0015055900918267571
-0.10328859538228777 -0.5465173756061162 12 nil_vol 0.6 nil_bias 0.87 Home 0.04 0.01 0.001 -0.0925430468197109 -0.5450833503506618 -0.010745548562576868 -0.0014340252554544317
-0.14224111802774386 -0.23495682878290486 12 nil_vol 0.6 nil_bias 0.87 Home 0.04 0.01 0.001 -0.13407577120893838 -0.2338671390858622 -0.008165346818805493 -0.00108968969704266
-0.1810809000143206 0.0955894848612672 12 nil_vol 0.6 nil_bias 0.87 Home 0.04 0.01 0.001 -0.1780958946770287 0.09598784265718752 -0.0029850053372919155 -0.00039835779592031973
-0.18074112948776605 0.19949266695119783 12 nil_vol 0.6 nil_bias 0.87 Home 0.04 0.01 0.001 -0.19171350515049543 0.19802837094796855 0.010972375662729383 0.0014642960032292848
-0.1949240783222687 0.21282701125677309 12 nil_vol 0.6 nil_bias 0.87 Home 0.04 0.01 0.001 -0.1937100489830234 0.21298902706482625 -0.0012140293392452976 -0.00016201580805316464
-0.1937128340381339 0.21300989625442066 12 nil_vol 0.6 nil_bias 0.87 Left 0.04 0.01 0.001 -0.4 0.35 0.2062871659618661 -0.13699010374557932
-0.19630560240176287 0.19692489103379335 13 nil_vol 0.6 nil_bias 0.87 Left 0.04 0.01 0.001 -0.19085142260211213 0.19796202457573792 -0.005454179799650744 -0.001037133541944574
-0.17633474492102125 0.1373086335807921 13 nil_vol 0.6 nil_bias 0.87 Left 0.04 0.01 0.001 -0.17921384018061534 0.1367611623983478 0.002879095259594082 0.0005474711824443065
-0.1902625524223481 0.11655364390120586 13 nil_vol 0.6 nil_bias 0.87 Left 0.04 0.01 0.001 -0.17589095718645897 0.11928645873641645 -0.014371595235889139 -0.0027328148352105887
-0.17392321004110733 0.01963551502272999 13 nil_vol 0.6 nil_bias 0.87 Left 0.04 0.01 0.001 -0.1575345320207511 0.0227518860092768 -0.016388678020356245 -0.003116370986546809
-0.027429012983318207 -0.5538083777180518 13 nil_vol 0.6 nil_bias 0.87 Left 0.04 0.01 0.001 -0.04718500412538357 -0.5575650564159392 0.01975599114206536 0.00375667869788743
-0.04589160408280666 -0.5583226091020282 13 nil_vol 0.6 nil_bias 0.87 Left 0.04 0.01 0.001 -0.047000844071190595 -0.5585335354081418 0.0011092399883839376 0.00021092630611349824
-0.03334934127817208 -0.5751880633156572 13 nil_vol 0.6 nil_bias 0.87 Left 0.04 0.01 0.001 -0.04346804355186912 -0.5771121739820628 0.010118702273697038 0.0019241106664056127
-0.006127751393649495 -0.773480972179993 13 nil_vol 0.6 nil_bias 0.87 Home 0.04 0.01 0.001 0.0 -0.75 -0.006127751393649495 -0.023480972179993002
0.01444236846611597 -0.715540359105627 14 nil_vol 0.6 nil_bias 0.87 Home 0.04 0.01 0.001 0.01481110805712577 -0.7156739238991896 -0.00036873959100979957 0.00013356479356263086
0.04036820727075714 -0.6148215535428877 14 nil_vol 0.6 nil_bias 0.87 Home 0.04 0.01 0.001 0.05006905463957937 -0.6183353928695818 -0.009700847368822227 0.003513839326694099
0.06203397965712999 -0.5525599436941068 14 nil_vol 0.6 nil_bias 0.87 Home 0.04 0.01 0.001 0.07251860982550379 -0.556357684696597 -0.010484630168373792 0.0037977410024901855
0.2547163034411232 -0.07554578232420746 14 nil_vol 0.6 nil_bias 0.87 Home 0.04 0.01 0.001 0.24761051914002316 -0.07297192631195248 0.007105784301100054 -0.0025738560122549716
0.35945543060385154 0.269218663693756 14 nil_vol 0.6 nil_bias 0.87 Home 0.04 0.01 0.001 0.3701549293889929 0.26534309301649983 -0.010699498785141351 0.0038755706772562026
0.41545918544410193 0.4039452224745454 14 nil_vol 0.6 nil_bias 0.87 Home 0.04 0.01 0.001 0.4197910192625045 0.40237614634654373 -0.004331833818402594 0.0015690761280016422
0.4664473564869845 0.5410635255537527 14 nil_vol 0.6 nil_bias 0.87 Home 0.04 0.01 0.001 0.46961122860799065 0.5399175083182736 -0.0031638721210061347 0.0011460172354791078
0.4892941227513146 0.5942571448550164 14 nil_vol 0.6 nil_bias 0.87 Right 0.04 0.01 0.001 0.4 0.35 0.0892941227513146 0.24425714485501637
0.40723023295372296 0.3687738986685532 15 nil_vol 0.6 nil_bias 0.87 Right 0.04 0.01 0.001 0.4095622602665783 0.36795227744957115 -0.002332027312855385 0.0008216212189820571
0.3424352751984117 0.14555492541380624 15 nil_vol 0.6 nil_bias 0.87 Right 0.04 0.01 0.001 0.3324469451963733 0.14907401964852235 0.00998833000203841 -0.0035190942347160946
0.26049899708562957 -0.04155623833364963 15 nil_vol 0.6 nil_bias 0.87 Right 0.04 0.01 0.001 0.2647556094419813 -0.04305593047433798 -0.0042566123563517145 0.0014996921406883455
0.25344144948504277 -0.0749616651358954 15 nil_vol 0.6 nil_bias 0.87 Right 0.04 0.01 0.001 0.2535064890985428 -0.07498457993034546 -6.503961350003085e-05 2.2914794450064414e-05
0.2451057538207337 -0.14344487824137286 15 nil_vol 0.6 nil_bias 0.87 Right 0.04 0.01 0.001 0.23112228238917254 -0.13851821345495896 0.013983471431561166 -0.0049266647864139
0.19851762639188245 -0.26514533827877906 15 nil_vol 0.6 nil_bias 0.87 Right 0.04 0.01 0.001 0.1878349753845162 -0.2613816204637054 0.010682651007366243 -0.0037637178150736537
0.15483053054149434 -0.3318151458761234 15 nil_vol 0.6 nil_bias 0.87 Right 0.04 0.01 0.001 0.16211551157164716 -0.3343817946290175 -0.007284981030152816 0.0025666487528941285
0.025143011237540036 -0.7231541443560355 15 nil_vol 0.6 nil_bias 0.87 Home 0.04 0.01 0.001 0.0 -0.75 0.025143011237540036 0.02684585564396444
-0.08034605242936826 -0.5522728766525716 16 nil_vol 0.6 nil_bias 0.87 Home 0.04 0.01 0.001 -0.08212525846236113 -0.5533971445936041 0.0017792060329928608 0.0011242679410325355
-0.08664629717438813 -0.5256789739213784 16 nil_vol 0.6 nil_bias 0.87 Home 0.04 0.01 0.001 -0.09593235776120554 -0.531546771142526 0.009286060586817416 0.005867797221147622
-0.13314187169161384 -0.4564882146238741 16 nil_vol 0.6 nil_bias 0.87 Home 0.04 0.01 0.001 -0.14044520078997338 -0.46110313758155086 0.007303329098359536 0.004614922957676721
-0.4538225977526558 0.021259757032970943 16 nil_vol 0.6 nil_bias 0.87 Home 0.04 0.01 0.001 -0.4476940328811464 0.025132354630892806 -0.006128564871509438 -0.0038725975979218637
-0.5132630038956926 0.11310572640088906 16 nil_vol 0.6 nil_bias 0.87 Home 0.04 0.01 0.001 -0.5061313754281621 0.11761215292188754 -0.007131628467530475 -0.004506426520998468
-0.5229552276315517 0.1459077503182501 16 nil_vol 0.6 nil_bias 0.87 Home 0.04 0.01 0.001 -0.5237098533643559 0.14543090755628907 0.000754625732804299 0.000476842761961038
-0.5333946915492109 0.19235064069200394 16 nil_vol 0.6 nil_bias 0.87 Home 0.04 0.01 0.001 -0.5476615212008594 0.1833355300751971 0.01426682965164847 0.009015110616806855
-0.6790520876947476 0.39126718057621424 16 nil_vol 0.6 nil_bias 0.87 Left 0.04 0.01 0.001 -0.4 0.35 -0.27905208769474754 0.04126718057621428
-0.5078867876671999 0.1252607358856485 17 nil_vol 0.6 nil_bias 0.87 Left 0.04 0.01 0.001 -0.5098713821533974 0.12400446229259138 0.0019845944861975853 0.001256273593057124
-0.49398527845040757 0.12404714021131152 17 nil_vol 0.6 nil_bias 0.87 Left 0.04 0.01 0.001 -0.5053460702708589 0.11685561425499513 0.011360791820451301 0.007191525956316398
-0.404841447961968 -0.05910432717619216 17 nil_vol 0.6 nil_bias 0.87 Left 0.04 0.01 0.001 -0.39707374433568954 -0.05418727182193467 -0.007767703626278498 -0.004917055354257495
-0.2824325882005122 -0.21892539104141923 17 nil_vol 0.6 nil_bias 0.87 Left 0.04 0.01 0.001 -0.2898287401311883 -0.2236072494388741 0.0073961519306761075 0.004681858397454899
-0.11240475319394584 -0.5175181768921148 17 nil_vol 0.6 nil_bias 0.87 Left 0.04 0.01 0.001 -0.10624687290644563 -0.5136201602200966 -0.006157880287500215 -0.0038980166720181744
-0.12146294331106836 -0.524734487663462 17 nil_vol 0.6 nil_bias 0.87 Left 0.04 0.01 0.001 -0.10557695787839738 -0.5146784565006465 -0.01588598543267098 -0.010056031162815483
-0.03665628923190249 -0.6637563027261646 17 nil_vol 0.6 nil_bias 0.87 Left 0.04 0.01 0.001 -0.018488648726287082 -0.6522559548343951 -0.018167640505615413 -0.011500347891769422
0.027665888312116083 -0.7251684479614017 17 nil_vol 0.6 nil_bias 0.87 Home 0.04 0.01 0.001 0.0 -0.75 0.027665888312116083 0.024831552038598347
0.006931661918876378 -0.6237085037134863 18 nil_vol 0.6 nil_bias 0.87 Home 0.04 0.01 0.001 0.00951016047704159 -0.6232491743209874 -0.0025784985581652126 -0.00045932939249888953
-0.023447270233765936 -0.4645475455570291 18 nil_vol 0.6 nil_bias 0.87 Home 0.04 0.01 0.001 -0.018904827042248704 -0.4637383623736555 -0.004542443191517234 -0.0008091831833735857
-0.08571296124881464 -0.08642680236590458 18 nil_vol 0.6 nil_bias 0.87 Home 0.04 0.01 0.001 -0.08610600074993467 -0.08649681776099016 0.00039303950112003563 7.001539508557877e-05
-0.09448293263351291 -0.04794743774346983 18 nil_vol 0.6 nil_bias 0.87 Home 0.04 0.01 0.001 -0.09301955999624802 -0.04768675500531361 -0.0014633726372648937 -0.0002606827381562233
-0.12354165422248672 0.040118017181801864 18 nil_vol 0.6 nil_bias 0.87 Home 0.04 0.01 0.001 -0.10911864345130473 0.04268730804083809 -0.014423010771181995 -0.0025692908590362246
-0.13991610238625715 0.13056324617102666 18 nil_vol 0.6 nil_bias 0.87 Home 0.04 0.01 0.001 -0.12523848382288635 0.13317789243355582 -0.014677618563370798 -0.002614646262529172
-0.12224266341540611 0.13688886758824448 18 nil_vol 0.6 nil_bias 0.87 Home 0.04 0.01 0.001 -0.12578707495743238 0.13625747208282157 0.0035444115420262645 0.0006313955054229128
-0.155808795001247 0.3047878624971533 18 nil_vol 0.6 nil_bias 0.87 Left 0.04 0.01 0.001 -0.4 0.35 0.24419120499875302 -0.0452121375028467
-0.15625212483064116 0.2647395232874162 19 nil_vol 0.6 nil_bias 0.87 Left 0.04 0.01 0.001 -0.1500261200629734 0.26565965126154656 -0.00622600476766777 -0.0009201279741303811
-0.11567010941537424 0.14530204390580817 19 nil_vol 0.6 nil_bias 0.87 Left 0.04 0.01 0.001 -0.1318845814066985 0.14290574165071696 0.016214471991324263 0.002396302255091226
-0.13347958549545674 0.08777993179649042 19 nil_vol 0.6 nil_bias 0.87 Left 0.04 0.01 0.001 -0.12394588347505035 0.089188897297377 -0.009533702020406388 -0.0014089655008865797
-0.11495745434958778 -0.08580097352135305 19 nil_vol 0.6 nil_bias 0.87 Left 0.04 0.01 0.001 -0.09844515282393816 -0.08336065567419576 -0.016512301525649614 -0.002440317847157281
-0.05972507791921356 -0.3605508383959948 19 nil_vol 0.6 nil_bias 0.87 Left 0.04 0.01 0.001 -0.05752779789081072 -0.3602261070640127 -0.0021972800284028376 -0.00032473133198206616
-0.0493810673538366 -0.4409133567652505 19 nil_vol 0.6 nil_bias 0.87 Left 0.04 0.01 0.001 -0.045683950899030726 -0.44036696780465245 -0.0036971164548058708 -0.0005463889605980702
-0.02673258423095362 -0.4849211773446044 19 nil_vol 0.6 nil_bias 0.87 Left 0.04 0.01 0.001 -0.038835046287791886 -0.48670977441606467 0.012102462056838266 0.0017885970714602937
-0.006685079354086366 -0.7042510871870298 19 nil_vol 0.6 nil_bias 0.87 Home 0.04 0.01 0.001 0.0 -0.75 -0.006685079354086366 0.045748912812970235
-0.04498547724737573 -0.6176485983063088 20 nil_vol 0.6 nil_bias 0.87 Home 0.04 0.01 0.001 -0.03598948491205519 -0.6147046270170994 -0.008995992335320538 -0.0029439712892094455
-0.07665353505609772 -0.41554622157611054 20 nil_vol 0.6 nil_bias 0.87 Home 0.04 0.01 0.001 -0.09879369941592243 -0.42279167108119614 0.02214016435982472 0.007245449505085616
-0.15069421272142614 -0.32153508983752455 20 nil_vol 0.6 nil_bias 0.87 Home 0.04 0.01 0.001 -0.13374541537040086 -0.3159885341126891 -0.016948797351025294 -0.005546555724835406
-0.2462031415170446 0.04229502188114311 20 nil_vol 0.6 nil_bias 0.87 Home 0.04 0.01 0.001 -0.2505314728708566 0.04087855966543208 0.004328331353812005 0.0014164622157110322
-0.28495809647571857 0.16818165991808354 20 nil_vol 0.6 nil_bias 0.87 Home 0.04 0.01 0.001 -0.29149211605685615 0.16604337818850978 0.006534019581137601 0.0021382817295737527
-0.2877548913900665 0.19180330426138126 20 nil_vol 0.6 nil_bias 0.87 Home 0.04 0.01 0.001 -0.2987451451201968 0.1882067036600672 0.010990253730130286 0.0035966006013140655
-0.3318931499998468 0.2697808552935541 20 nil_vol 0.6 nil_bias 0.87 Home 0.04 0.01 0.001 -0.3260647733432093 0.2716882128034611 -0.0058283766566374785 -0.0019073575099069816
-0.35153971020694363 0.34953283635971494 20 nil_vol 0.6 nil_bias 0.87 Left 0.04 0.01 0.001 -0.4 0.35 0.04846028979305639 -0.00046716364028502827
-0.33157987179824044 0.24927308228934228 21 nil_vol 0.6 nil_bias 0.87 Left 0.04 0.01 0.001 -0.32545775405521143 0.2508918496172309 -0.006122117743029021 -0.0016187673278885868
-0.3031141887981157 0.0656578697023462 21 nil_vol 0.6 nil_bias 0.87 Left 0.04 0.01 0.001 -0.27821994882248763 0.07224022960077353 -0.024894239975628066 -0.006582359898427334
-0.2466316540094763 -0.06700246437666191 21 nil_vol 0.6 nil_bias 0.87 Left 0.04 0.01 0.001 -0.24174408526850966 -0.06571012781556013 -0.004887568740966625 -0.001292336561101782
-0.22391933914241727 -0.1528849845590938 21 nil_vol 0.6 nil_bias 0.87 Left 0.04 0.01 0.001 -0.2190353807245701 -0.15159360261424643 -0.004883958417847163 -0.0012913819448473723
-0.1720291215949164 -0.3129411240110243 21 nil_vol 0.6 nil_bias 0.87 Left 0.04 0.01 0.001 -0.17608914987781907 -0.3140146481427923 0.004060028282902664 0.001073524131767957
-0.09223132959613886 -0.6411016108188279 21 nil_vol 0.6 nil_bias 0.87 Left 0.04 0.01 0.001 -0.08977485735117635 -0.640452087699718 -0.0024564722449625046 -0.0006495231191099263
-0.0692072829943993 -0.7405117518379769 21 nil_vol 0.6 nil_bias 0.87 Left 0.04 0.01 0.001 -0.06370263748408878 -0.7390562521763042 -0.005504645510310525 -0.0014554996616727165
-0.06189740882095593 -0.7458835597444683 21 nil_vol 0.6 nil_bias 0.87 Home 0.04 0.01 0.001 0.0 -0.75 -0.06189740882095593 0.004116440255531651
-0.05955597451113663 -0.7453047175360465 22 nil_vol 0.6 nil_bias 0.87 Home 0.04 0.01 0.001 -0.06192763321517684 -0.7454842176325551 0.0023716587040402033 0.00017950009650860024
-0.08099099080722119 -0.6292253591106521 22 nil_vol 0.6 nil_bias 0.87 Home 0.04 0.01 0.001 -0.07078520093495255 -0.6284529291383725 -0.010205789872268637 -0.0007724299722797133
-0.09265466818838679 -0.5210249900401375 22 nil_vol 0.6 nil_bias 0.87 Home 0.04 0.01 0.001 -0.07899418587423265 -0.5199910900571562 -0.013660482314154137 -0.001033899982981332
-0.10469975821755814 -0.2703679012087509 22 nil_vol 0.6 nil_bias 0.87 Home 0.04 0.01 0.001 -0.09792583647631377 -0.26985521377854704 -0.006773921741244374 -0.0005126874302038944
-0.10411225009955866 -0.2485838148572897 22 nil_vol 0.6 nil_bias 0.87 Home 0.04 0.01 0.001 -0.09956183831468866 -0.2482394148164463 -0.004550411784869987 -0.0003444000408433929
-0.1451388648863786 0.07089421019372957 22 nil_vol 0.6 nil_bias 0.87 Home 0.04 0.01 0.001 -0.12383763536752601 0.07250640369689776 -0.021301229518852587 -0.001612193503168181
-0.13847474070462737 0.3374557765047968 22 nil_vol 0.6 nil_bias 0.87 Home 0.04 0.01 0.001 -0.14385960630062128 0.33704822043759364 0.005384865595993918 0.00040755606720315195
-0.14600344618712324 0.36537386831069857 22 nil_vol 0.6 nil_bias 0.87 Left 0.04 0.01 0.001 -0.4 0.35 0.2539965538128768 0.015373868310698572
-0.12845553056561745 0.17310149380507842 23 nil_vol 0.6 nil_bias 0.87 Left 0.04 0.01 0.001 -0.13198854779272934 0.17284431314820822 0.003533017227111872 0.0002571806568701975
-0.12484774898983636 0.04122801066041307 23 nil_vol 0.6 nil_bias 0.87 Left 0.04 0.01 0.001 -0.12242059890086998 0.04140469138798292 -0.002427150088966375 -0.00017668072756984744
-0.1214195124902525 -0.039381758752014176 23 nil_vol 0.6 nil_bias 0.87 Left 0.04 0.01 0.001 -0.11656559159326943 -0.03902842490605879 -0.004853920896983073 -0.0003533338459553899
-0.1007209772953603 -0.38043959856598214 23 nil_vol 0.6 nil_bias 0.87 Left 0.04 0.01 0.001 -0.09176056076087269 -0.3797873385677896 -0.0089604165344876 -0.0006522599981925109
-0.09143106837728643 -0.4696446219858842 23 nil_vol 0.6 nil_bias 0.87 Left 0.04 0.01 0.001 -0.08525227618517407 -0.46919484613355106 -0.006178792192112362 -0.00044977585233313877
-0.107711207810542 -0.5131342615225448 23 nil_vol 0.6 nil_bias 0.87 Left 0.04 0.01 0.001 -0.08218901212325999 -0.5112764118066546 -0.025522195687282007 -0.0018578497158901813
-0.06498785030958978 -0.5997303158866861 23 nil_vol 0.6 nil_bias 0.87 Left 0.04 0.01 0.001 -0.07569341603433553 -0.6005096113863313 0.010705565724745748 0.0007792954996451824
-0.06026782579264579 -0.8124185345747689 23 nil_vol 0.6 nil_bias 0.87 Home 0.04 0.01 0.001 0.0 -0.75 -0.06026782579264579 -0.06241853457476891
-0.13972845118470897 -0.6432044548261413 24 nil_vol 0.6 nil_bias 0.87 Home 0.04 0.01 0.001 -0.13337904113133908 -0.6405041967123756 -0.006349410053369882 -0.0027002581137657252
-0.2255764375515941 -0.43049156769595237 24 nil_vol 0.6 nil_bias 0.87 Home 0.04 0.01 0.001 -0.22313427465061175 -0.42945297196294957 -0.0024421629009823355 -0.001038595733002824
-0.4734821177308167 0.11937888992795481 24 nil_vol 0.6 nil_bias 0.87 Home 0.04 0.01 0.001 -0.4591347243242153 0.1254805064768817 -0.014347393406601417 -0.006101616548926875
-0.4594581563347515 0.142797563470007 24 nil_vol 0.6 nil_bias 0.87 Home 0.04 0.01 0.001 -0.4654208538608847 0.14026176530300616 0.0059626975261332284 0.0025357981670008425
-0.45799047011103583 0.1597331957146819 24 nil_vol 0.6 nil_bias 0.87 Home 0.04 0.01 0.001 -0.47129528890665723 0.15407496217753747 0.013304818795621383 0.005658233537144413
-0.5382111889391192 0.33216178833995735 24 nil_vol 0.6 nil_bias 0.87 Home 0.04 0.01 0.001 -0.5456805999421982 0.3289852195726889 0.007469411003079008 0.003176568767268451
-0.5627511931717163 0.4029439318786721 24 nil_vol 0.6 nil_bias 0.87 Home 0.04 0.01 0.001 -0.5749307404460786 0.39776425044793273 0.012179547274362318 0.005179681430739405
-0.6039497566583361 0.4659998136845356 24 nil_vol 0.6 nil_bias 0.87 Left 0.04 0.01 0.001 -0.4 0.35 -0.20394975665833606 0.1159998136845356
-0.3958502886537382 0.09005233310343792 25 nil_vol 0.6 nil_bias 0.87 Left 0.04 0.01 0.001 -0.4032585363875332 0.08613835279524074 0.007408247733794932 0.003913980308197185
-0.343709869844201 -0.05623851585113295 25 nil_vol 0.6 nil_bias 0.87 Left 0.04 0.01 0.001 -0.33145705972621886 -0.04976502046529563 -0.012252810117982137 -0.006473495385837326
-0.2269339328001958 -0.23664667046509172 25 nil_vol 0.6 nil_bias 0.87 Left 0.04 0.01 0.001 -0.23145921970683814 -0.23903750355788134 0.004525286906642322 0.0023908330927896165
-0.15093263083901742 -0.38717623285786856 25 nil_vol 0.6 nil_bias 0.87 Left 0.04 0.01 0.001 -0.15270011229710562 -0.38811004175177244 0.0017674814580881989 0.0009338088939038649
-0.11969566335984515 -0.4318418134986207 25 nil_vol 0.6 nil_bias 0.87 Left 0.04 0.01 0.001 -0.12743510859795598 -0.4359307745251466 0.0077394452381108385 0.0040889610265259
-0.09484097246768325 -0.5078813670374224 25 nil_vol 0.6 nil_bias 0.87 Left 0.04 0.01 0.001 -0.09060423779947813 -0.5056429840002616 -0.004236734668205122 -0.0022383830371607554
-0.04050679245336595 -0.6282201204094061 25 nil_vol 0.6 nil_bias 0.87 Left 0.04 0.01 0.001 -0.029043206335427785 -0.6221635936922645 -0.011463586117938164 -0.006056526717141583
0.027392762015976405 -0.7289836596410351 25 nil_vol 0.6 nil_bias 0.87 Home 0.04 0.01 0.001 0.0 -0.75 0.027392762015976405 0.02101634035896497
0.005299596638684016 -0.6567641306634684 26 nil_vol 0.6 nil_bias 0.87 Home 0.04 0.01 0.001 0.012075223861821045 -0.6553545532078074 -0.006775627223137028 -0.0014095774556609072
-0.02168727975698594 -0.5778078752783036 26 nil_vol 0.6 nil_bias 0.87 Home 0.04 0.01 0.001 -0.00478866971817658 -0.5742923483819342 -0.01689861003880936 -0.0035155268963693747
-0.028096414308038328 -0.5692418011797103 26 nil_vol 0.6 nil_bias 0.87 Home 0.04 0.01 0.001 -0.00676267412456746 -0.5648036055385952 -0.021333740183470867 -0.004438195641115123
-0.01579176057563839 -0.48469317201873785 26 nil_vol 0.6 nil_bias 0.87 Home 0.04 0.01 0.001 -0.02311176106265783 -0.48621599895743006 0.00732000048701944 0.0015228269386922252
-0.09506938069826376 -0.13885066684604028 26 nil_vol 0.6 nil_bias 0.87 Home 0.04 0.01 0.001 -0.09536367586793965 -0.13891189096933154 0.0002942951696758799 6.122412329126925e-05
-0.2505809554913642 0.5432545165568698 26 nil_vol 0.6 nil_bias 0.87 Home 0.04 0.01 0.001 -0.23783096474159404 0.5459069794106985 -0.012749990749770155 -0.002652462853828648
-0.24029700785255545 0.5856862158811083 26 nil_vol 0.6 nil_bias 0.87 Home 0.04 0.01 0.001 -0.24586549646538414 0.5845277672604485 0.005568488612828685 0.0011584486206597574
-0.2705553348322953 0.703208113843645 26 nil_vol 0.6 nil_bias 0.87 Left 0.04 0.01 0.001 -0.4 0.35 0.12944466516770473 0.353208113843645
-0.2770735055041771 0.6703840276708388 27 nil_vol 0.6 nil_bias 0.87 Left 0.04 0.01 0.001 -0.26441037519982546 0.6729562465629465 -0.01266313030435161 -0.002572218892107651
-0.22490323438292814 0.4690369488164257 27 nil_vol 0.6 nil_bias 0.87 Left 0.04 0.01 0.001 -0.22306479185573205 0.46941038543808655 -0.001838442527196098 -0.00037343662166082947
-0.14013415952765448 0.05776630687283726 27 nil_vol 0.6 nil_bias 0.87 Left 0.04 0.01 0.001 -0.13947607332015904 0.05789998170164112 -0.0006580862074954363 -0.00013367482880386502
-0.1036030579598719 -0.15314423308396038 27 nil_vol 0.6 nil_bias 0.87 Left 0.04 0.01 0.001 -0.09688458189760299 -0.151779531731436 -0.0067184760622689185 -0.0013647013525243817
-0.07444569913862369 -0.19553386515044777 27 nil_vol 0.6 nil_bias 0.87 Left 0.04 0.01 0.001 -0.08745993885950679 -0.19817740371254955 0.013014239720883104 0.0026435385621017948
-0.034703362753493394 -0.4101868602110401 27 nil_vol 0.6 nil_bias 0.87 Left 0.04 0.01 0.001 -0.04401113147870933 -0.4120775158374883 0.00930776872521594 0.0018906556264482086
-0.04202058324951728 -0.4555491328355732 27 nil_vol 0.6 nil_bias 0.87 Left 0.04 0.01 0.001 -0.035451914784299154 -0.45421486139429934 -0.006568668465218125 -0.001334271441273853
0.021364920661291194 -0.7339262782321098 27 nil_vol 0.6 nil_bias 0.87 Home 0.04 0.01 0.001 0.0 -0.75 0.021364920661291194 0.016073721767890282
0.004697436433821727 -0.7022902627261806 28 nil_vol 0.6 nil_bias 0.87 Home 0.04 0.01 0.001 0.008374825935543827 -0.7008462020270828 -0.0036773895017221 -0.0014440606990977767
-0.02226418079385464 -0.6399039101373785 28 nil_vol 0.6 nil_bias 0.87 Home 0.04 0.01 0.001 -0.01645254940035457 -0.6376217617576471 -0.005811631393500071 -0.002282148379731386
-0.06783433069533473 -0.561664546237625 28 nil_vol 0.6 nil_bias 0.87 Home 0.04 0.01 0.001 -0.049159603046635234 -0.5543312354063374 -0.018674727648699506 -0.007333310831287491
-0.11008953242299273 -0.459320219769486 28 nil_vol 0.6 nil_bias 0.87 Home 0.04 0.01 0.001 -0.08962484112118763 -0.4512840146260641 -0.020464691301805105 -0.00803620514342191
-0.2412765916843224 -0.05474706717663767 28 nil_vol 0.6 nil_bias 0.87 Home 0.04 0.01 0.001 -0.24479668439783875 -0.05612935957247689 0.003520092713516357 0.0013822923958392154
-0.3087202387778596 0.08520540966723295 28 nil_vol 0.6 nil_bias 0.87 Home 0.04 0.01 0.001 -0.3014222839675673 0.08807121697983866 -0.0072979548102923 -0.002865807312605715
-0.32499462650110283 0.14242778419766006 28 nil_vol 0.6 nil_bias 0.87 Home 0.04 0.01 0.001 -0.32306493059356334 0.14318554946021456 -0.0019296959075395072 -0.0007577652625545029
-0.3722748764046826 0.268501707028374 28 nil_vol 0.6 nil_bias 0.87 Left 0.04 0.01 0.001 -0.4 0.35 0.02772512359531742 -0.08149829297162599
-0.35360498223306597 0.23069688114640127 29 nil_vol 0.6 nil_bias 0.87 Left 0.04 0.01 0.001 -0.3571825813018068 0.22931887506073095 0.0035775990687408102 0.001378006085670325
-0.3235667851229377 0.14230689312794242 29 nil_vol 0.6 nil_bias 0.87 Left 0.04 0.01 0.001 -0.3236546058650293 0.1422730666664734 8.782074209161954e-05 3.3826461469012435e-05
-0.29524530741038635 0.05426136379343698 29 nil_vol 0.6 nil_bias 0.87 Left 0.04 0.01 0.001 -0.2904639556375295 0.056103026795391614 -0.004781351772856822 -0.001841663001954632
-0.22857938093974328 -0.14512453492353672 29 nil_vol 0.6 nil_bias 0.87 Left 0.04 0.01 0.001 -0.2149743380377062 -0.13988419592674367 -0.013605042902037085 -0.005240338996793048
-0.21522494839779388 -0.15399455794777603 29 nil_vol 0.6 nil_bias 0.87 Left 0.04 0.01 0.001 -0.2102739028212229 -0.15208753292796373 -0.0049510455765709735 -0.0019070250198123095
-0.14436200247831685 -0.370464066950937 29 nil_vol 0.6 nil_bias 0.87 Left 0.04 0.01 0.001 -0.12851197623906338 -0.3643590137585419 -0.015850026239253478 -0.006105053192395046
-0.06700517567810277 -0.5482528079204647 29 nil_vol 0.6 nil_bias 0.87 Left 0.04 0.01 0.001 -0.05888515226153157 -0.5451251679952456 -0.008120023416571191 -0.00312763992521916
0.037219444185436275 -0.7946332930505366 29 nil_vol 0.6 nil_bias 0.87 Home 0.04 0.01 0.001 0.0 -0.75 0.037219444185436275 -0.04463329305053669
-0.011584682752733387 -0.6958174303296253 30 nil_vol 0.6 nil_bias 0.87 Home 0.04 0.01 0.001 0.0006725036729334291 -0.6914749538361028 -0.012257186425666816 -0.004342476493522532
-0.001833799524283461 -0.6700492187852363 30 nil_vol 0.6 nil_bias 0.87 Home 0.04 0.01 0.001 -0.006351207128124391 -0.6716496461304761 0.00451740760384093 0.0016004273452397942
-0.14554649985176965 -0.30739790568417835 30 nil_vol 0.6 nil_bias 0.87 Home 0.04 0.01 0.001 -0.13653002512800513 -0.30420354866106913 -0.009016474723764524 -0.003194357023109197
-0.16876884212917853 -0.22396182490873226 30 nil_vol 0.6 nil_bias 0.87 Home 0.04 0.01 0.001 -0.16538303373307375 -0.2227623005757362 -0.0033858083961047737 -0.0011995243329960485
-0.1839897857739727 -0.18227982227261225 30 nil_vol 0.6 nil_bias 0.87 Home 0.04 0.01 0.001 -0.18020074653731852 -0.1809374413014172 -0.003789039236654203 -0.0013423809711950526
-0.21276982011700404 -0.10583491909784318 30 nil_vol 0.6 nil_bias 0.87 Home 0.04 0.01 0.001 -0.20747290937566992 -0.1039583293501043 -0.005296910741334134 -0.0018765897477388779
-0.23958551183806848 -0.04784518105055904 30 nil_vol 0.6 nil_bias 0.87 Home 0.04 0.01 0.001 -0.22871685068530823 -0.043994631345849355 -0.010868661152760252 -0.0038505497047096843
-0.4135596324590618 0.47774738361250757 30 nil_vol 0.6 nil_bias 0.87 Left 0.04 0.01 0.001 -0.4 0.35 -0.013559632459061777 0.12774738361250756
-0.40631629394556584 0.4544369161157158 31 nil_vol 0.6 nil_bias 0.87 Left 0.04 0.01 0.001 -0.4054860782053406 0.45472809768591643 -0.0008302157402252648 -0.00029118157020062576
-0.4032880413465367 0.420754275143664 31 nil_vol 0.6 nil_bias 0.87 Left 0.04 0.01 0.001 -0.39463487816984166 0.42378919910247576 -0.008653163176695006 -0.003034923958811749
-0.377928851347672 0.311923005030507 31 nil_vol 0.6 nil_bias 0.87 Left 0.04 0.01 0.001 -0.3578677894685718 0.31895902135111226 -0.020061061879100225 -0.007036016320605236
-0.31331605477565694 0.19592066038714412 31 nil_vol 0.6 nil_bias 0.87 Left 0.04 0.01 0.001 -0.3145613579351108 0.19548389520458181 0.0012453031594538834 0.0004367651825622991
-0.19827435666942675 -0.14132158330422756 31 nil_vol 0.6 nil_bias 0.87 Left 0.04 0.01 0.001 -0.19663520548890653 -0.14074668380351396 -0.0016391511805202146 -0.0005748995007136107
-0.19312516186504738 -0.21179528565150754 31 nil_vol 0.6 nil_bias 0.87 Left 0.04 0.01 0.001 -0.17406139259165274 -0.20510904977086364 -0.019063769273394638 -0.006686235880643892
-0.04615354483486561 -0.5344708929172514 31 nil_vol 0.6 nil_bias 0.87 Left 0.04 0.01 0.001 -0.05718706200948753 -0.5383406784441679 0.011033517174621917 0.0038697855269164802
0.0034240141052224397 -0.7111547387150593 31 nil_vol 0.6 nil_bias 0.87 Home 0.04 0.01 0.001 0.0 -0.75 0.0034240141052224397 0.03884526128494068
-0.1498986967093208 -0.5246128663325925 32 nil_vol 0.6 nil_bias 0.87 Home 0.04 0.01 0.001 -0.14934823009706374 -0.5241631348047893 -0.0005504666122570435 -0.000449731527803209
-0.23809691132329316 -0.40374900390331714 32 nil_vol 0.6 nil_bias 0.87 Home 0.04 0.01 0.001 -0.24387189714276705 -0.40846717052378617 0.005774985819473901 0.004718166620469055
-0.2722177135533739 -0.3435455644980646 32 nil_vol 0.6 nil_bias 0.87 Home 0.04 0.01 0.001 -0.2870275013956192 -0.35564516938676993 0.01480978784224534 0.012099604888705335
-0.40934240046709386 -0.18711067652142996 32 nil_vol 0.6 nil_bias 0.87 Home 0.04 0.01 0.001 -0.4185645703256107 -0.19464519441548667 0.009222169858516826 0.0075345178940567185
-0.4389848851759094 -0.1551278277474784 32 nil_vol 0.6 nil_bias 0.87 Home 0.04 0.01 0.001 -0.4461006077987454 -0.16094137708059864 0.007115722622835972 0.005813549333120215
-0.49205229317858334 -0.08804860653786407 32 nil_vol 0.6 nil_bias 0.87 Home 0.04 0.01 0.001 -0.5002093132371184 -0.09471289645402226 0.00815702005853501 0.006664289916158183
-0.6204961141132861 0.06689350906969446 32 nil_vol 0.6 nil_bias 0.87 Home 0.04 0.01 0.001 -0.6275400680837104 0.061138594765436594 0.007043953970424371 0.005754914304257874
-0.6665423604120535 0.10887698623003597 32 nil_vol 0.6 nil_bias 0.87 Left 0.04 0.01 0.001 -0.4 0.35 -0.26654236041205354 -0.241123013769964
-0.6131145220226015 0.06796356889934789 33 nil_vol 0.6 nil_bias 0.87 Left 0.04 0.01 0.001 -0.6245714849003344 0.05843135140681695 0.011456962877732946 0.009532217492530942
-0.5472692883324003 -0.0618400224649798 33 nil_vol 0.6 nil_bias 0.87 Left 0.04 0.01 0.001 -0.5338172897914563 -0.05064793105559742 -0.013451998540944065 -0.01119209140938238
-0.2860966372627029 -0.33098119178059693 33 nil_vol 0.6 nil_bias 0.87 Left 0.04 0.01 0.001 -0.2946550508099612 -0.3381018100626064 0.008558413547258281 0.007120618282009481
-0.2003045868229324 -0.4462838325092958 33 nil_vol 0.6 nil_bias 0.87 Left 0.04 0.01 0.001 -0.20287090312261963 -0.44841901313127286 0.0025663162996872376 0.002135180621977064
-0.21048129819582614 -0.45725700486801313 33 nil_vol 0.6 nil_bias 0.87 Left 0.04 0.01 0.001 -0.20163873852579695 -0.4498999764072489 -0.008842559670029202 -0.00735702846076427
-0.09972770441277438 -0.5720205008917163 33 nil_vol 0.6 nil_bias 0.87 Left 0.04 0.01 0.001 -0.09990882538210222 -0.5721711939235884 0.00018112096932783968 0.00015069303187204033
-0.06662809133816526 -0.5998466574817226 33 nil_vol 0.6 nil_bias 0.87 Left 0.04 0.01 0.001 -0.07268796758344986 -0.6048884874120737 0.006059876245284605 0.00504182993035103
-0.03553455383004835 -0.6495439185840237 33 nil_vol 0.6 nil_bias 0.87 Home 0.04 0.01 0.001 0.0 -0.75 -0.03553455383004835 0.10045608141597626
-0.04832392924017761 -0.5871753851775143 34 nil_vol 0.6 nil_bias 0.87 Home 0.04 0.01 0.001 -0.04400271839847946 -0.5865940853918473 -0.004321210841698149 -0.0005812997856670487
-0.052039189062709615 -0.5708042327930143 34 nil_vol 0.6 nil_bias 0.87 Home 0.04 0.01 0.001 -0.04623189813712163 -0.5700230219023594 -0.005807290925587991 -0.000781210890654871
-0.06646608196996229 -0.4909511241226342 34 nil_vol 0.6 nil_bias 0.87 Home 0.04 0.01 0.001 -0.05703942940574578 -0.4896830279070412 -0.009426652564216514 -0.0012680962155929836
-0.06716870524917462 -0.26343455505968777 34 nil_vol 0.6 nil_bias 0.87 Home 0.04 0.01 0.001 -0.08711398838343573 -0.26611764302640645 0.019945283134261114 0.0026830879667186763
-0.08901721978303957 -0.19942914672419126 34 nil_vol 0.6 nil_bias 0.87 Home 0.04 0.01 0.001 -0.09595945827893024 -0.20036303352063484 0.006942238495890659 0.0009338867964435855
-0.08634804959726232 -0.17409578781554744 34 nil_vol 0.6 nil_bias 0.87 Home 0.04 0.01 0.001 -0.0992593455345015 -0.17583264672753968 0.012911295937239177 0.0017368589119922517
-0.12274147577490077 -0.15642313195671076 34 nil_vol 0.6 nil_bias 0.87 Home 0.04 0.01 0.001 -0.1022413369793965 -0.15366540345779578 -0.020500138795504278 -0.0027577284989149828
-0.1573077312319825 0.2556819001618756 34 nil_vol 0.6 nil_bias 0.87 Left 0.04 0.01 0.001 -0.4 0.35 0.24269226876801753 -0.09431809983812438
-0.11900422042807003 -0.008735451312535157 35 nil_vol 0.6 nil_bias 0.87 Left 0.04 0.01 0.001 -0.12472852560956833 -0.00943887907135832 0.005724305181498296 0.0007034277588231611
-0.09963372798568634 -0.2564925819138553 35 nil_vol 0.6 nil_bias 0.87 Left 0.04 0.01 0.001 -0.09444779227925973 -0.25585531136036294 -0.005185935706426618 -0.0006372705534923738
-0.08752016478980061 -0.25789317699717884 35 nil_vol 0.6 nil_bias 0.87 Left 0.04 0.01 0.001 -0.09409804070081174 -0.2587014952756757 0.006577875911011121 0.0008083182784968693
-0.0900751557950151 -0.31084752645202113 35 nil_vol 0.6 nil_bias 0.87 Left 0.04 0.01 0.001 -0.0877255872253471 -0.3105588011481179 -0.002349568569668005 -0.00028872530390322565
-0.0732169800315596 -0.3668260011805012 35 nil_vol 0.6 nil_bias 0.87 Left 0.04 0.01 0.001 -0.08069825504511924 -0.36774533310797025 0.0074812750135596386 0.0009193319274690625
-0.04817623518997295 -0.635058308548431 35 nil_vol 0.6 nil_bias 0.87 Left 0.04 0.01 0.001 -0.04785452079767549 -0.635018774871106 -0.0003217143922974585 -3.953367732496109e-05
-0.04654144702151885 -0.6370531576073959 35 nil_vol 0.6 nil_bias 0.87 Left 0.04 0.01 0.001 -0.04758871260205916 -0.6371818502009692 0.0010472655805403117 0.0001286925935733022
-0.0330443911303933 -0.755539611488243 35 nil_vol 0.6 nil_bias 0.87 Home 0.04 0.01 0.001 0.0 -0.75 -0.0330443911303933 -0.0055396114882429745
0.03801868693318256 -0.6150701458005954 36 nil_vol 0.6 nil_bias 0.87 Home 0.04 0.01 0.001 0.03909701699987454 -0.615626148401949 -0.001078330066691978 0.000556002601353561
0.2541523954003179 -0.2012595276902469 36 nil_vol 0.6 nil_bias 0.87 Home 0.04 0.01 0.001 0.25304488841297007 -0.2006884810459929 0.001107506987347851 -0.000571046644254004
0.26348589104363834 -0.1918914334203783 36 nil_vol 0.6 nil_bias 0.87 Home 0.04 0.01 0.001 0.2588209791248838 -0.18948613726660457 0.004664911918754572 -0.0024052961537737202
0.34803067469435367 -0.00479266893895589 36 nil_vol 0.6 nil_bias 0.87 Home 0.04 0.01 0.001 0.3527870774381701 -0.007245139087321495 -0.004756402743816461 0.0024524701483656045
0.4413325894678534 0.1328871026947985 36 nil_vol 0.6 nil_bias 0.87 Home 0.04 0.01 0.001 0.428462824755897 0.13952293979114094 0.012869764711956468 -0.006635837096342453
0.467189302492795 0.20994525357216318 36 nil_vol 0.6 nil_bias 0.87 Home 0.04 0.01 0.001 0.4652809429766751 0.21092923138012276 0.0019083595161199117 -0.0009839778079595925
0.5201106425456764 0.3029081169170767 36 nil_vol 0.6 nil_bias 0.87 Home 0.04 0.01 0.001 0.5142616040338401 0.30592396589361004 0.005849038511836267 -0.0030158489765333353
0.5823276077918145 0.4379334532469246 36 nil_vol 0.6 nil_bias 0.87 Right 0.04 0.01 0.001 0.4 0.35 0.18232760779181442 0.08793345324692463
0.5455445205009952 0.35521022397223717 37 nil_vol 0.6 nil_bias 0.87 Right 0.04 0.01 0.001 0.5418998959238917 0.3570314879138899 0.0036446245771036257 -0.0018212639416527317
0.44528336695802284 0.209909972768896 37 nil_vol 0.6 nil_bias 0.87 Right 0.04 0.01 0.001 0.4637660906295142 0.20067392733972053 -0.018482723671491313 0.00923604542917547
0.44140531005295325 0.09587620380726504 37 nil_vol 0.6 nil_bias 0.87 Right 0.04 0.01 0.001 0.4173934366097572 0.107875233706903 0.02401187344319603 -0.01199902989963796
0.16364842537696309 -0.40441718734969023 37 nil_vol 0.6 nil_bias 0.87 Right 0.04 0.01 0.001 0.16184493648306897 -0.4035159616617949 0.001803488893894124 -0.0009012256878953565
0.13967396174950142 -0.4314047973151262 37 nil_vol 0.6 nil_bias 0.87 Right 0.04 0.01 0.001 0.1462631406974036 -0.43469749146483433 -0.006589178947902162 0.003292694149708107
0.05896673171971773 -0.5958731359054116 37 nil_vol 0.6 nil_bias 0.87 Right 0.04 0.01 0.001 0.0643719332785857 -0.5985741819221606 -0.0054052015588679685 0.00270104601674903
0.011700710366755029 -0.7009839061722148 37 nil_vol 0.6 nil_bias 0.87 Right 0.04 0.01 0.001 0.01289764021250206 -0.7015820268078605 -0.0011969298457470317 0.0005981206356456654
0.00040937319457426863 -0.7265729377121136 37 nil_vol 0.6 nil_bias 0.87 Home 0.04 0.01 0.001 0.0 -0.75 0.00040937319457426863 0.023427062287886397
0.03245283288993101 -0.6439877481694118 38 nil_vol 0.6 nil_bias 0.87 Home 0.04 0.01 0.001 0.042571806499110826 -0.6495250939129125 -0.010118973609179812 0.005537345743500645
0.04948182302834217 -0.6114192859476013 38 nil_vol 0.6 nil_bias 0.87 Home 0.04 0.01 0.001 0.06021124967081947 -0.61729068627372 -0.010729426642477299 0.005871400326118622
0.07961961872228498 -0.5788006666592452 38 nil_vol 0.6 nil_bias 0.87 Home 0.04 0.01 0.001 0.0808926882167949 -0.5794973209068865 -0.0012730694945099156 0.000696654247641267
0.159387006079263 -0.4109520676740913 38 nil_vol 0.6 nil_bias 0.87 Home 0.04 0.01 0.001 0.16995890541499148 -0.4167372652690634 -0.010571899335728477 0.005785197594972117
0.19368131944231626 -0.3409684665775392 38 nil_vol 0.6 nil_bias 0.87 Home 0.04 0.01 0.001 0.20733327849544259 -0.3484391469323822 -0.01365195905312634 0.007470680354842984
0.20261776942007131 -0.33964941603041965 38 nil_vol 0.6 nil_bias 0.87 Home 0.04 0.01 0.001 0.20994812512352265 -0.3436607629832399 -0.007330355703451323 0.004011346952820239
0.37559027095724273 -0.05770372353877465 38 nil_vol 0.6 nil_bias 0.87 Home 0.04 0.01 0.001 0.368541483717186 -0.053846457621492205 0.007048787240056735 -0.0038572659172824444
0.534625610459996 0.24965651533025884 38 nil_vol 0.6 nil_bias 0.87 Right 0.04 0.01 0.001 0.4 0.35 0.13462561045999605 -0.10034348466974113
0.46937451157831467 0.15712741807227804 39 nil_vol 0.6 nil_bias 0.87 Right 0.04 0.01 0.001 0.48444963042723227 0.14956987716361625 -0.015075118848917608 0.007557540908661773
0.4148138762988316 0.008926983139852298 39 nil_vol 0.6 nil_bias 0.87 Right 0.04 0.01 0.001 0.41411692864079463 0.009276380745907559 0.000696947658036963 -0.00034939760605526163
0.2414049306216614 -0.3186118693254894 39 nil_vol 0.6 nil_bias 0.87 Right 0.04 0.01 0.001 0.24806447556736821 -0.32195046876637307 -0.006659544945706812 0.0033385994408836554
0.1950097864397405 -0.39815688960136253 39 nil_vol 0.6 nil_bias 0.87 Right 0.04 0.01 0.001 0.20687756158863863 -0.40410650745058013 -0.011867775148898115 0.005949617849217612
0.08447950753232543 -0.6349809880853139 39 nil_vol 0.6 nil_bias 0.87 Right 0.04 0.01 0.001 0.08979769968157159 -0.6376471332169615 -0.00531819214924615 0.0026661451316476667
0.053965995401265364 -0.6900889867791308 39 nil_vol 0.6 nil_bias 0.87 Right 0.04 0.01 0.001 0.06159091374645326 -0.6939115524846808 -0.007624918345187895 0.0038225657055500203
0.059708911496808334 -0.7097020670492464 39 nil_vol 0.6 nil_bias 0.87 Right 0.04 0.01 0.001 0.05488668381780765 -0.7072845615343533 0.0048222276790006865 -0.0024175055148932035
0.03657427927085573 -0.7438125378021843 39 nil_vol 0.6 nil_bias 0.87 Home 0.04 0.01 0.001 0.0 -0.75 0.03657427927085573 0.006187462197815695
-0.016498055625876765 -0.6349992228730421 40 nil_vol 0.6 nil_bias 0.87 Home 0.04 0.01 0.001 -0.01975637854406343 -0.6367129879980169 0.003258322918186668 0.0017137651249747843
-0.11727887916624165 -0.47001532915979927 40 nil_vol 0.6 nil_bias 0.87 Home 0.04 0.01 0.001 -0.10956699292312637 -0.4659591438082937 -0.0077118862431152825 -0.004056185351505612
-0.17634720845408014 -0.31795492247980245 40 nil_vol 0.6 nil_bias 0.87 Home 0.04 0.01 0.001 -0.1850144033810442 -0.32251356714767215 0.008667194926964064 0.004558644667869728
-0.24204902949021964 -0.21842234972994937 40 nil_vol 0.6 nil_bias 0.87 Home 0.04 0.01 0.001 -0.2402581974962853 -0.2174804340595401 -0.0017908319939343316 -0.0009419156704092785
-0.320842973132066 -0.08061435539087258 40 nil_vol 0.6 nil_bias 0.87 Home 0.04 0.01 0.001 -0.3141081409552226 -0.07707206667454869 -0.006734832176843369 -0.0035422887163238936
-0.3414322632046908 -0.04526785533292115 40 nil_vol 0.6 nil_bias 0.87 Home 0.04 0.01 0.001 -0.33313218588168364 -0.04090230182336296 -0.008300077323007134 -0.004365553509558191
-0.43223917902622777 0.1122776043523308 40 nil_vol 0.6 nil_bias 0.87 Home 0.04 0.01 0.001 -0.41771694261805886 0.1199157982692215 -0.014522236408168899 -0.007638193916890692
-0.49939920592553666 0.2752154870454353 40 nil_vol 0.6 nil_bias 0.87 Left 0.04 0.01 0.001 -0.4 0.35 -0.09939920592553661 -0.07478451295456466
-0.4729706582300324 0.2749578145231884 41 nil_vol 0.6 nil_bias 0.87 Left 0.04 0.01 0.001 -0.494232135269708 0.2646044681445434 0.02126147703967555 0.010353346378644986
-0.3024767642003386 -0.13585338315420403 41 nil_vol 0.6 nil_bias 0.87 Left 0.04 0.01 0.001 -0.29985059102413536 -0.13457455946322527 -0.0026261731762032047 -0.0012788236909787602
-0.21667062050964908 -0.31652072610083076 41 nil_vol 0.6 nil_bias 0.87 Left 0.04 0.01 0.001 -0.2122900429517487 -0.31438758940901823 -0.0043805775579003866 -0.002133136691812525
-0.20860455708457556 -0.32523133580729724 41 nil_vol 0.6 nil_bias 0.87 Left 0.04 0.01 0.001 -0.20731534691940512 -0.32460355066471414 -0.001289210165170459 -0.0006277851425830931
-0.15142818688706727 -0.4582181277480798 41 nil_vol 0.6 nil_bias 0.87 Left 0.04 0.01 0.001 -0.14401025414680768 -0.4546059409310452 -0.007417932740259581 -0.003612186817034542
-0.0448636394762626 -0.6261964235627644 41 nil_vol 0.6 nil_bias 0.87 Left 0.04 0.01 0.001 -0.0574655041617127 -0.6323329431404875 0.012601864685450095 0.0061365195777230855
-0.032602929753675916 -0.7093020684817826 41 nil_vol 0.6 nil_bias 0.87 Left 0.04 0.01 0.001 -0.022403628780523155 -0.7043354852289799 -0.01019930097315276 -0.004966583252802686
-0.012850778608369652 -0.7239530752496941 41 nil_vol 0.6 nil_bias 0.87 Home 0.04 0.01 0.001 0.0 -0.75 -0.012850778608369652 0.026046924750305924
-0.05875129824765506 -0.6887849030388679 42 nil_vol 0.6 nil_bias 0.87 Home 0.04 0.01 0.001 -0.04005930836800846 -0.6777721073724896 -0.018691989879646598 -0.011012795666378266
-0.09787423261820456 -0.5836876085584908 42 nil_vol 0.6 nil_bias 0.87 Home 0.04 0.01 0.001 -0.09610529396145805 -0.5826453995642349 -0.0017689386567465212 -0.0010422089942558538
-0.23765541081087857 -0.34690456303447154 42 nil_vol 0.6 nil_bias 0.87 Home 0.04 0.01 0.001 -0.23568214392835346 -0.3457419695860264 -0.0019732668825251116 -0.0011625934484451562
-0.2917115459758153 -0.24451348655405836 42 nil_vol 0.6 nil_bias 0.87 Home 0.04 0.01 0.001 -0.29439250139539996 -0.24609303022044482 0.0026809554195846943 0.0015795436663864626
-0.3273921244912798 -0.1930820382772908 42 nil_vol 0.6 nil_bias 0.87 Home 0.04 0.01 0.001 -0.326080414888282 -0.19230921580496696 -0.0013117096029977952 -0.0007728224723238502
-0.3738354551051225 -0.09295130103537598 42 nil_vol 0.6 nil_bias 0.87 Home 0.04 0.01 0.001 -0.3818405513470141 -0.09766767900097928 0.008005096241891635 0.004716377965603302
-0.46894841163610307 0.04616899520195785 42 nil_vol 0.6 nil_bias 0.87 Home 0.04 0.01 0.001 -0.4671940588176166 0.04720261062980291 -0.0017543528184864792 -0.001033615427845057
-0.5319402163882282 0.1570960980528633 42 nil_vol 0.6 nil_bias 0.87 Left 0.04 0.01 0.001 -0.4 0.35 -0.13194021638822814 -0.1929039019471367
-0.5195980642485258 0.1258434631282834 43 nil_vol 0.6 nil_bias 0.87 Left 0.04 0.01 0.001 -0.515780820968855 0.12796061874151246 -0.0038172432796708417 -0.002117155613229069
-0.4480717924102347 0.02801360221607494 43 nil_vol 0.6 nil_bias 0.87 Left 0.04 0.01 0.001 -0.4574594781367141 0.022806915066504507 0.009387685726479396 0.005206687149570432
-0.45667896333499863 0.017315021355438498 43 nil_vol 0.6 nil_bias 0.87 Left 0.04 0.01 0.001 -0.45494645545837475 0.018275921279080287 -0.0017325078766238875 -0.0009608999236417877
-0.39658204753917514 -0.0831007658081024 43 nil_vol 0.6 nil_bias 0.87 Left 0.04 0.01 0.001 -0.39821701782877533 -0.08400756851164615 0.0016349702896001678 0.0009068027035437557
-0.2574991111631638 -0.3030797486849767 43 nil_vol 0.6 nil_bias 0.87 Left 0.04 0.01 0.001 -0.27219306667277765 -0.31122944942671193 0.014693955509613842 0.008149700741735197
-0.16852493094181725 -0.49762764509683155 43 nil_vol 0.6 nil_bias 0.87 Left 0.04 0.01 0.001 -0.16874380553178586 -0.49774903939444237 0.00021887458996859617 0.0001213942976108094
-0.04472567067353831 -0.7362189225425138 43 nil_vol 0.6 nil_bias 0.87 Left 0.04 0.01 0.001 -0.03842083548318137 -0.7327220751487843 -0.006304835190356938 -0.0034968473937294804
-0.02339344505297597 -0.7598165432040643 43 nil_vol 0.6 nil_bias 0.87 Home 0.04 0.01 0.001 0.0 -0.75 -0.02339344505297597 -0.00981654320406436
-0.14466141205096106 -0.6047972260975781 44 nil_vol 0.6 nil_bias 0.87 Home 0.04 0.01 0.001 -0.14546108575985883 -0.605429495998111 0.0007996737088977773 0.0006322699005328873
-0.20057242656346524 -0.5172037205576805 44 nil_vol 0.6 nil_bias 0.87 Home 0.04 0.01 0.001 -0.2095840877673291 -0.5243288793188164 0.009011661203863857 0.007125158761135954
-0.35897821658145396 -0.32611302147223065 44 nil_vol 0.6 nil_bias 0.87 Home 0.04 0.01 0.001 -0.3634868616749963 -0.3296778261583336 0.004508645093542324 0.0035648046861029158
-0.42591076777761144 -0.24036686687969205 44 nil_vol 0.6 nil_bias 0.87 Home 0.04 0.01 0.001 -0.43095074528279326 -0.2443517747745403 0.005039977505181837 0.003984907894848219
-0.5171310082916575 -0.10007638940250055 44 nil_vol 0.6 nil_bias 0.87 Home 0.04 0.01 0.001 -0.5342941086625705 -0.1136465638919314 0.017163100370913075 0.013570174489430853
-0.5683215991613251 -0.07443726502184382 44 nil_vol 0.6 nil_bias 0.87 Home 0.04 0.01 0.001 -0.5664594419035325 -0.07296493203019905 -0.0018621572577926153 -0.001472332991644767
-0.5689039887816538 -0.059352313313621535 44 nil_vol 0.6 nil_bias 0.87 Home 0.04 0.01 0.001 -0.5740225563432082 -0.06339935921122342 0.005118567561554342 0.004047045897601877
-0.6250420352175122 0.0011283620405087014 44 nil_vol 0.6 nil_bias 0.87 Left 0.04 0.01 0.001 -0.4 0.35 -0.22504203521751218 -0.3488716379594913
-0.5013553891969827 -0.14436758903988905 45 nil_vol 0.6 nil_bias 0.87 Left 0.04 0.01 0.001 -0.501458714495911 -0.1444553000053687 0.00010332529892823299 8.771096547962363e-05
-0.48568005557465493 -0.1514490806382675 45 nil_vol 0.6 nil_bias 0.87 Left 0.04 0.01 0.001 -0.49140001610908346 -0.15630465101826263 0.005719960534428539 0.004855570379995134
-0.470379221897404 -0.19541268726186442 45 nil_vol 0.6 nil_bias 0.87 Left 0.04 0.01 0.001 -0.4633018629967629 -0.18940484611685887 -0.007077358900641077 -0.006007841145005555
-0.26091628456328814 -0.4192852385272166 45 nil_vol 0.6 nil_bias 0.87 Left 0.04 0.01 0.001 -0.2651266160926371 -0.42285931232384794 0.00421033152934894 0.003574073796631321
-0.23367654958573592 -0.4345594344505379 45 nil_vol 0.6 nil_bias 0.87 Left 0.04 0.01 0.001 -0.24618267650491504 -0.445175657949236 0.012506126919179138 0.010616223498698105
-0.2040051760233342 -0.5064224591669751 45 nil_vol 0.6 nil_bias 0.87 Left 0.04 0.01 0.001 -0.19830147238489187 -0.5015806889700662 -0.005703703638442328 -0.004841770196908872
-0.16662047096415455 -0.5475512285967943 45 nil_vol 0.6 nil_bias 0.87 Left 0.04 0.01 0.001 -0.16235303426614617 -0.5439286792619458 -0.004267436698008386 -0.0036225493348484975
-0.002830384699674967 -0.7318496006900487 45 nil_vol 0.6 nil_bias 0.87 Home 0.04 0.01 0.001 0.0 -0.75 -0.002830384699674967 0.018150399309951347
-0.030491389195875743 -0.6655053604468771 46 nil_vol 0.6 nil_bias 0.87 Home 0.04 0.01 0.001 -0.023766458303945526 -0.663447050518604 -0.006724930891930218 -0.002058309928273107
-0.09523114229834365 -0.44589201805928524 46 nil_vol 0.6 nil_bias 0.87 Home 0.04 0.01 0.001 -0.09077162764991147 -0.4445270875605701 -0.004459514648432183 -0.0013649304987151628
-0.10541382760525302 -0.439062417494741 46 nil_vol 0.6 nil_bias 0.87 Home 0.04 0.01 0.001 -0.09355512803946552 -0.4354328071024679 -0.011858699565787495 -0.0036296103922731087
-0.13752490724065447 -0.24477294306725997 46 nil_vol 0.6 nil_bias 0.87 Home 0.04 0.01 0.001 -0.1506784632006245 -0.24879887214513208 0.013153555959970023 0.004025929077872097
-0.2327132618721777 0.06018568151976322 46 nil_vol 0.6 nil_bias 0.87 Home 0.04 0.01 0.001 -0.24417601218536408 0.05667725992345218 0.0114627503131864 0.003508421596311039
-0.35630179432563436 0.36777020828885415 46 nil_vol 0.6 nil_bias 0.87 Home 0.04 0.01 0.001 -0.340841066430508 0.37250229702497106 -0.015460727895126395 -0.004732088736116911
-0.3925986221623672 0.5813930004851908 46 nil_vol 0.6 nil_bias 0.87 Home 0.04 0.01 0.001 -0.40373345606741723 0.5779849447676312 0.011134833905050047 0.003408055717559684
-0.4050913306794698 0.5824214063522192 46 nil_vol 0.6 nil_bias 0.87 Left 0.04 0.01 0.001 -0.4 0.35 -0.00509133067946976 0.23242140635221917
-0.37226623481899496 0.46031548899097063 47 nil_vol 0.6 nil_bias 0.87 Left 0.04 0.01 0.001 -0.3668432525144587 0.4620384795898014 -0.005422982304536246 -0.001722990598830731
-0.32757743847729154 0.29400051214744344 47 nil_vol 0.6 nil_bias 0.87 Left 0.04 0.01 0.001 -0.3147491721604465 0.29807631048533073 -0.012828266316845015 -0.004075798337887266
-0.1698765435996244 -0.138763983899098 47 nil_vol 0.6 nil_bias 0.87 Left 0.04 0.01 0.001 -0.17539877317449137 -0.14051850735275595 0.005522229574866989 0.0017545234536579435
-0.13693828467302707 -0.2289698813388856 47 nil_vol 0.6 nil_bias 0.87 Left 0.04 0.01 0.001 -0.14634629057264859 -0.23195899412010057 0.009408005899621501 0.002989112781214969
-0.09029572918295113 -0.3241256673376307 47 nil_vol 0.6 nil_bias 0.87 Left 0.04 0.01 0.001 -0.11460877713995521 -0.3318504118981648 0.024313047957004078 0.007724744560534043
-0.03249143907794967 -0.556145837584316 47 nil_vol 0.6 nil_bias 0.87 Left 0.04 0.01 0.001 -0.042350385224882714 -0.559278223155874 0.009858946146933046 0.0031323855715580753
0.010407399861152626 -0.6973255076222703 47 nil_vol 0.6 nil_bias 0.87 Left 0.04 0.01 0.001 0.002325818725402995 -0.6998931885658236 0.008081581135749631 0.002567680943553285
0.028546042176727227 -0.7824193543464224 47 nil_vol 0.6 nil_bias 0.87 Home 0.04 0.01 0.001 0.0 -0.75 0.028546042176727227 -0.03241935434642235
0.00808482676365596 -0.7063045361106233 48 nil_vol 0.6 nil_bias 0.87 Home 0.04 0.01 0.001 0.011598532918807504 -0.7055300645586244 -0.0035137061551515445 -0.0007744715519987858
-0.001665543349826196 -0.620235779417909 48 nil_vol 0.6 nil_bias 0.87 Home 0.04 0.01 0.001 -0.0069450660963617065 -0.6213994624337262 0.0052795227465355105 0.001163683015817212
-0.03468238554949735 -0.38593400207795037 48 nil_vol 0.6 nil_bias 0.87 Home 0.04 0.01 0.001 -0.057725556785445234 -0.3910130496141006 0.023043171235947884 0.005079047536150226
-0.05570952800415375 -0.3619729399110501 48 nil_vol 0.6 nil_bias 0.87 Home 0.04 0.01 0.001 -0.0637364480910937 -0.3637421889555066 0.008026920086939955 0.0017692490444564495
-0.22084314080938042 0.32978063021800114 48 nil_vol 0.6 nil_bias 0.87 Home 0.04 0.01 0.001 -0.2167955305780887 0.3306727819345352 -0.004047610231291714 -0.000892151716534036
-0.2597167936191821 0.39407269660161054 48 nil_vol 0.6 nil_bias 0.87 Home 0.04 0.01 0.001 -0.232110948454112 0.40015742332751625 -0.027605845165070107 -0.006084726725905717
-0.2576845890421958 0.5356914724289493 48 nil_vol 0.6 nil_bias 0.87 Home 0.04 0.01 0.001 -0.26178538224131326 0.5347875984186852 0.00410079319911744 0.0009038740102641201
-0.2632940026213626 0.5416320702414215 48 nil_vol 0.6 nil_bias 0.87 Left 0.04 0.01 0.001 -0.4 0.35 0.13670599737863745 0.19163207024142143
-0.20860859983798274 0.3101443353967539 49 nil_vol 0.6 nil_bias 0.87 Left 0.04 0.01 0.001 -0.2204423694063944 0.30797408492400774 0.011833769568411635 0.0021702504727461416
-0.17853742241231696 0.08271032304203634 49 nil_vol 0.6 nil_bias 0.87 Left 0.04 0.01 0.001 -0.17911090392150092 0.08260514957983373 0.0005734815091839704 0.00010517346220260535
-0.17171079822661103 0.002336531857572849 49 nil_vol 0.6 nil_bias 0.87 Left 0.04 0.01 0.001 -0.16462827663208257 0.0036354286925923684 -0.007082521594528473 -0.0012988968350195194
-0.14665317936547234 -0.038331139156111485 49 nil_vol 0.6 nil_bias 0.87 Left 0.04 0.01 0.001 -0.15659737192468198 -0.04015485124362006 0.009944192559209647 0.0018237120875085723
-0.13571400130754632 -0.08789595294831143 49 nil_vol 0.6 nil_bias 0.87 Left 0.04 0.01 0.001 -0.1474472751211891 -0.09004777303350986 0.011733273813642784 0.0021518200851984356
-0.09061331687806153 -0.46172424136187834 49 nil_vol 0.6 nil_bias 0.87 Left 0.04 0.01 0.001 -0.07965243923541207 -0.45971407463113767 -0.010960877642649454 -0.0020101667307406827
-0.03779599858158187 -0.7172660052820004 49 nil_vol 0.6 nil_bias 0.87 Left 0.04 0.01 0.001 -0.0325937536653248 -0.7163119412009331 -0.005202244916257072 -0.0009540640810672406
-0.01610450802542573 -0.8062231914045065 49 nil_vol 0.6 nil_bias 0.87 Home 0.04 0.01 0.001 0.0 -0.75 -0.01610450802542573 -0.05622319140450648
-0.2248263333010428 -0.39330168334565657 50 nil_vol 0.6 nil_bias 0.87 Home 0.04 0.01 0.001 -0.21836483408928364 -0.390160557870554 -0.006461499211759147 -0.003141125475102577
-0.2352777426196619 -0.3920405008245332 50 nil_vol 0.6 nil_bias 0.87 Home 0.04 0.01 0.001 -0.22085851716144 -0.3850308897522852 -0.014419225458221895 -0.007009611072247966
-0.2856567103054052 -0.22948451182721577 50 nil_vol 0.6 nil_bias 0.87 Home 0.04 0.01 0.001 -0.29440644773568697 -0.23373801743667233 0.008749737430281776 0.004253505609456556
-0.38487342511239075 -0.023382474642027445 50 nil_vol 0.6 nil_bias 0.87 Home 0.04 0.01 0.001 -0.39441225191699125 -0.028019579885961154 0.00953882680460048 0.004637105243933711
-0.4000030278515344 -0.024185110370507194 50 nil_vol 0.6 nil_bias 0.87 Home 0.04 0.01 0.001 -0.3969886615157183 -0.022719737926989447 -0.0030143663358160803 -0.0014653724435177472
-0.40191543735080487 0.00256013040939915 50 nil_vol 0.6 nil_bias 0.87 Home 0.04 0.01 0.001 -0.4078706131492484 -0.00033485631058105536 0.0059551757984435275 0.0028949867199802052
-0.5314600845967107 0.2368248704966302 50 nil_vol 0.6 nil_bias 0.87 Home 0.04 0.01 0.001 -0.5247473275470143 0.2400881398225171 -0.006712757049696432 -0.0032632693258868796
-0.5709168820247288 0.335061913468182 50 nil_vol 0.6 nil_bias 0.87 Left 0.04 0.01 0.001 -0.4 0.35 -0.17091688202472882 -0.014938086531818016
-0.4869490770797583 0.16408723764479768 51 nil_vol 0.6 nil_bias 0.87 Left 0.04 0.01 0.001 -0.48697356846779427 0.16407521397119387 2.449138803592722e-05 1.2023673603809211e-05
-0.380403933073444 -0.004625139206024059 51 nil_vol 0.6 nil_bias 0.87 Left 0.04 0.01 0.001 -0.3995404718674229 -0.014019931205069058 0.019136538793978933 0.009394791999044999
-0.3518799708522895 -0.13822992829527284 51 nil_vol 0.6 nil_bias 0.87 Left 0.04 0.01 0.001 -0.3411480435104813 -0.1329612521668146 -0.01073192734180822 -0.005268676128458255
-0.3240144226817758 -0.16636948873497429 51 nil_vol 0.6 nil_bias 0.87 Left 0.04 0.01 0.001 -0.3246045486890869 -0.16665920210224522 0.000590126007311059 0.00028971336727092427
-0.29575016870928555 -0.24744443376124317 51 nil_vol 0.6 nil_bias 0.87 Left 0.04 0.01 0.001 -0.2870428757670429 -0.24316972102725282 -0.008707292942242637 -0.004274712733990352
-0.16219797207461384 -0.45387710915882434 51 nil_vol 0.6 nil_bias 0.87 Left 0.04 0.01 0.001 -0.17944296121876968 -0.46234327369251255 0.017244989144155842 0.008466164533688219
0.006996182869329733 -0.7842044502698889 51 nil_vol 0.6 nil_bias 0.87 Left 0.04 0.01 0.001 -0.01590947231219353 -0.7954496325021099 0.022905655181523262 0.011245182232220928
-0.014383705186035255 -0.7985575141671083 51 nil_vol 0.6 nil_bias 0.87 Home 0.04 0.01 0.001 0.0 -0.75 -0.014383705186035255 -0.048557514167108254
-0.09670174827307158 -0.6244986248066708 52 nil_vol 0.6 nil_bias 0.87 Home 0.04 0.01 0.001 -0.08474043043018308 -0.6197910355563265 -0.011961317842888508 -0.004707589250344351
-0.14330373442440683 -0.43158659238047986 52 nil_vol 0.6 nil_bias 0.87 Home 0.04 0.01 0.001 -0.15673170146426657 -0.43687140749208603 0.013427967039859738 0.005284815111606191
-0.1886939259600266 -0.3775880706275816 52 nil_vol 0.6 nil_bias 0.87 Home 0.04 0.01 0.001 -0.18122120413545603 -0.3746470481253598 -0.007472721824570568 -0.002941022502221784
-0.22981607490846975 -0.23358845485832894 52 nil_vol 0.6 nil_bias 0.87 Home 0.04 0.01 0.001 -0.2358090373652187 -0.23594709175851647 0.005992962456748922 0.002358636900187543
-0.3220102154601221 0.01753141181893871 52 nil_vol 0.6 nil_bias 0.87 Home 0.04 0.01 0.001 -0.3337513569640648 0.012910476880436561 0.011741141503942716 0.004620934938502147
-0.3827604369292799 0.15028214944168164 52 nil_vol 0.6 nil_bias 0.87 Home 0.04 0.01 0.001 -0.3871383076135612 0.14855916061691987 0.004377870684281311 0.0017229888247617625
-0.5635018613459303 0.6004158293133259 52 nil_vol 0.6 nil_bias 0.87 Home 0.04 0.01 0.001 -0.5647770155899381 0.5999139696946393 0.0012751542440078512 0.0005018596186866909
-0.5889418790532002 0.661313466792424 52 nil_vol 0.6 nil_bias 0.87 Left 0.04 0.01 0.001 -0.4 0.35 -0.1889418790532001 0.311313466792424
-0.5396675221814062 0.5689965193896597 53 nil_vol 0.6 nil_bias 0.87 Left 0.04 0.01 0.001 -0.546700618437896 0.5658833831483568 0.007033096256489743 0.003113136241302809
-0.5000151676657479 0.42262922790663565 53 nil_vol 0.6 nil_bias 0.87 Left 0.04 0.01 0.001 -0.48603049686336125 0.42881941554375586 -0.013984670802386735 -0.0061901876371202305
-0.3670314694299365 0.16096827905548422 53 nil_vol 0.6 nil_bias 0.87 Left 0.04 0.01 0.001 -0.3673970024647134 0.1608064791743995 0.0003655330347769182 0.0001617998810847192
-0.36997171359381265 0.1591110547687129 53 nil_vol 0.6 nil_bias 0.87 Left 0.04 0.01 0.001 -0.3671913062062899 0.16034177687004858 -0.002780407387522729 -0.0012307221013356674
-0.22392627514636887 -0.19312512070393195 53 nil_vol 0.6 nil_bias 0.87 Left 0.04 0.01 0.001 -0.21289396308815312 -0.18824176787592228 -0.011032312058215747 -0.0048833528280096735
-0.18972406842295192 -0.26421711691835015 53 nil_vol 0.6 nil_bias 0.87 Left 0.04 0.01 0.001 -0.1809778244528466 -0.2603456713863078 -0.008746243970105306 -0.0038714455320423505
-0.1524449629475654 -0.34057082267015676 53 nil_vol 0.6 nil_bias 0.87 Left 0.04 0.01 0.001 -0.14661011643260963 -0.33798808080431253 -0.005834846514955785 -0.00258274186584421
0.026054195646613803 -0.7280656851193638 53 nil_vol 0.6 nil_bias 0.87 Home 0.04 0.01 0.001 0.0 -0.75 0.026054195646613803 0.021934314880636244
0.011023734042014684 -0.7001433354212123 54 nil_vol 0.6 nil_bias 0.87 Home 0.04 0.01 0.001 0.010166536698473571 -0.7006399068925041 0.0008571973435411132 0.000496571471291752
-0.003950810562318668 -0.6919001380132711 54 nil_vol 0.6 nil_bias 0.87 Home 0.04 0.01 0.001 0.00282856521241754 -0.6879728689564242 -0.006779375774736208 -0.003927269056846951
-0.01074544495707504 -0.695390944482431 54 nil_vol 0.6 nil_bias 0.87 Home 0.04 0.01 0.001 0.0026354199408808524 -0.68763945549381 -0.013380864897955893 -0.007751488988621006
-0.023027420946091066 -0.622423471245172 54 nil_vol 0.6 nil_bias 0.87 Home 0.04 0.01 0.001 -0.032099519594499415 -0.627678906772928 0.009072098648408347 0.005255435527756018
-0.16542285436726717 -0.3751553340233077 54 nil_vol 0.6 nil_bias 0.87 Home 0.04 0.01 0.001 -0.175128494031313 -0.3807777776812559 0.009705639664045827 0.005622443657948254
-0.17827298022621277 -0.3692923160935653 54 nil_vol 0.6 nil_bias 0.87 Home 0.04 0.01 0.001 -0.18090029596008247 -0.37081431105697255 0.002627315733869718 0.0015219949634072577
-0.35802420853477473 -0.03620102051564256 54 nil_vol 0.6 nil_bias 0.87 Home 0.04 0.01 0.001 -0.3705403878659112 -0.04345160013099547 0.012516179331136489 0.007250579615352913
-0.5828676326492684 0.32307439000741667 54 nil_vol 0.6 nil_bias 0.87 Left 0.04 0.01 0.001 -0.4 0.35 -0.1828676326492684 -0.0269256099925833
-0.5570727688897632 0.22150292400884022 55 nil_vol 0.6 nil_bias 0.87 Left 0.04 0.01 0.001 -0.5359188885772911 0.23246350712321906 -0.021153880312472163 -0.010960583114378848
-0.4373327441080108 0.05607733773930169 55 nil_vol 0.6 nil_bias 0.87 Left 0.04 0.01 0.001 -0.4430042869305578 0.05313870825028855 0.005671542822547004 0.002938629489013143
-0.4191487180661482 -0.025455227692620177 55 nil_vol 0.6 nil_bias 0.87 Left 0.04 0.01 0.001 -0.40585172668158576 -0.018565580162764994 -0.013296991384562432 -0.006889647529855182
-0.33849697941449014 -0.13188253992056123 55 nil_vol 0.6 nil_bias 0.87 Left 0.04 0.01 0.001 -0.3453092866511631 -0.1354122403143096 0.00681230723667297 0.003529700393748356
-0.31080314312037716 -0.24168164567752176 55 nil_vol 0.6 nil_bias 0.87 Left 0.04 0.01 0.001 -0.29459785063330046 -0.23328510317214035 -0.016205292487076695 -0.008396542505381398
-0.2020336053556377 -0.3631674553047481 55 nil_vol 0.6 nil_bias 0.87 Left 0.04 0.01 0.001 -0.22195339165179245 -0.3734886101044631 0.019919786296154755 0.010321154799715014
-0.1348988242074301 -0.5446713475129932 55 nil_vol 0.6 nil_bias 0.87 Left 0.04 0.01 0.001 -0.1336048658685028 -0.5440009013484663 -0.0012939583389273244 -0.0006704461645268278
-0.024003049111718796 -0.7555319567227866 55 nil_vol 0.6 nil_bias 0.87 Home 0.04 0.01 0.001 0.0 -0.75 -0.024003049111718796 -0.00553195672278656
-0.0795097596355735 -0.47565838355514967 56 nil_vol 0.6 nil_bias 0.87 Home 0.04 0.01 0.001 -0.07344288956189167 -0.47459073996785645 -0.006066870073681824 -0.001067643587293228
-0.11232751418834191 -0.2713228821957129 56 nil_vol 0.6 nil_bias 0.87 Home 0.04 0.01 0.001 -0.10930735658029321 -0.2707913969547753 -0.0030201576080487 -0.0005314852409376246
-0.1118296010764505 -0.26125700532302354 56 nil_vol 0.6 nil_bias 0.87 Home 0.04 0.01 0.001 -0.11101057635048722 -0.26111287391986354 -0.0008190247259632708 -0.0001441314031600174
-0.13649898470044844 -0.11924409101593655 56 nil_vol 0.6 nil_bias 0.87 Home 0.04 0.01 0.001 -0.13599223960400908 -0.11915491436536796 -0.0005067450964393529 -8.917665056859059e-05
-0.151264655778098 -0.0389159489930429 56 nil_vol 0.6 nil_bias 0.87 Home 0.04 0.01 0.001 -0.15014724194457946 -0.038719307281712356 -0.0011174138335185535 -0.00019664171133053885
-0.17609095456624707 0.12052547877342637 56 nil_vol 0.6 nil_bias 0.87 Home 0.04 0.01 0.001 -0.17810854669649084 0.12017042430984515 0.002017592130243771 0.0003550544635812181
-0.18328110493396332 0.17685530807363156 56 nil_vol 0.6 nil_bias 0.87 Home 0.04 0.01 0.001 -0.18793964423990556 0.1760355015579591 0.004658539305942223 0.0008198065156724669
-0.21179523239157835 0.3115945547569671 56 nil_vol 0.6 nil_bias 0.87 Left 0.04 0.01 0.001 -0.4 0.35 0.18820476760842167 -0.038405445243032854
-0.09404253843281639 -0.16085500289740184 57 nil_vol 0.6 nil_bias 0.87 Left 0.04 0.01 0.001 -0.11202397053480863 -0.16462225790209234 0.01798143210199224 0.003767255004690486
-0.08934156947833621 -0.2578029416414761 57 nil_vol 0.6 nil_bias 0.87 Left 0.04 0.01 0.001 -0.09236898188619633 -0.2584372089501133 0.0030274124078601204 0.000634267308637197
-0.07675669000766668 -0.26935248006486484 57 nil_vol 0.6 nil_bias 0.87 Left 0.04 0.01 0.001 -0.0895218360065753 -0.27202688107348444 0.012765145998908631 0.0026744010086196205
-0.059513179325529436 -0.3583499449220973 57 nil_vol 0.6 nil_bias 0.87 Left 0.04 0.01 0.001 -0.07093510822897131 -0.360742931119228 0.011421928903441871 0.0023929861971307
-0.0810087443501652 -0.38329708496378756 57 nil_vol 0.6 nil_bias 0.87 Left 0.04 0.01 0.001 -0.06683209569776499 -0.3803269627687052 -0.014176648652400207 -0.0029701221950823435
-0.0789577892034866 -0.3884685414186208 57 nil_vol 0.6 nil_bias 0.87 Left 0.04 0.01 0.001 -0.06570795272532862 -0.3856925938466729 -0.013249836478157988 -0.0027759475719478922
-0.04532700413444797 -0.4747492862611937 57 nil_vol 0.6 nil_bias 0.87 Left 0.04 0.01 0.001 -0.04697741509944414 -0.47509506066516843 0.0016504109649961732 0.0003457744039746991
0.007895634946271317 -0.737008847334176 57 nil_vol 0.6 nil_bias 0.87 Home 0.04 0.01 0.001 0.0 -0.75 0.007895634946271317 0.012991152665823904
-0.04315169369177901 -0.673692050576446 58 nil_vol 0.6 nil_bias 0.87 Home 0.04 0.01 0.001 -0.04100783820925933 -0.6720773942871014 -0.0021438554825196745 -0.0016146562893445309
-0.10460056707421088 -0.6022508211134282 58 nil_vol 0.6 nil_bias 0.87 Home 0.04 0.01 0.001 -0.09758029678178926 -0.596963466777755 -0.00702027029242162 -0.005287354335673189
-0.11009313018588354 -0.5926123002887185 58 nil_vol 0.6 nil_bias 0.87 Home 0.04 0.01 0.001 -0.10420015200339955 -0.588173972069815 -0.005892978182483995 -0.004438328218903423
-0.1962670354820904 -0.46327036018052903 58 nil_vol 0.6 nil_bias 0.87 Home 0.04 0.01 0.001 -0.1975463161623756 -0.46423385730666544 0.0012792806802852078 0.0009634971261363951
-0.2691543440053246 -0.3716757376471958 58 nil_vol 0.6 nil_bias 0.87 Home 0.04 0.01 0.001 -0.26794369442378924 -0.3707639304022779 -0.0012106495815353848 -0.0009118072449179159
-0.26727646854454723 -0.35501702583817163 58 nil_vol 0.6 nil_bias 0.87 Home 0.04 0.01 0.001 -0.27526954400040826 -0.36103705361581034 0.007993075455861044 0.00602002777763869
-0.7306678740313791 0.24464411925865737 58 nil_vol 0.6 nil_bias 0.87 Home 0.04 0.01 0.001 -0.7311615457314432 0.24427230776208997 0.0004936717000640854 0.0003718114965674078
-0.7434646640095358 0.26060773948625227 58 nil_vol 0.6 nil_bias 0.87 Left 0.04 0.01 0.001 -0.4 0.35 -0.3434646640095358 -0.08939226051374773
-0.6749040356589552 0.17552556914985695 59 nil_vol 0.6 nil_bias 0.87 Left 0.04 0.01 0.001 -0.680855563965915 0.1713508779842428 0.00595152830695973 0.004174691165614137
-0.3581282599815459 -0.29842271431334805 59 nil_vol 0.6 nil_bias 0.87 Left 0.04 0.01 0.001 -0.353574248710187 -0.295228309508045 -0.004554011271358904 -0.0031944048053030387
-0.3394269631930297 -0.29651020756504365 59 nil_vol 0.6 nil_bias 0.87 Left 0.04 0.01 0.001 -0.34830620742205126 -0.30273854094907193 0.008879244229021569 0.006228333384028289
-0.3046824865404388 -0.3876999344815853 59 nil_vol 0.6 nil_bias 0.87 Left 0.04 0.01 0.001 -0.29397738825552144 -0.38019085833641864 -0.010705098284917312 -0.007509076145166647
-0.23288580521770233 -0.4677068120108747 59 nil_vol 0.6 nil_bias 0.87 Left 0.04 0.01 0.001 -0.23268717675098893 -0.4675674843520853 -0.00019862846671339277 -0.0001393276587894574
-0.10689969848229423 -0.6449083290412043 59 nil_vol 0.6 nil_bias 0.87 Left 0.04 0.01 0.001 -0.10783265016892774 -0.6455627466904624 0.0009329516866334998 0.000654417649258109
-0.11364070472670477 -0.6508793403033997 59 nil_vol 0.6 nil_bias 0.87 Left 0.04 0.01 0.001 -0.10724849355150401 -0.6463955327592694 -0.006392211175200768 -0.004483807544130222
-0.025830032417946947 -0.7624674185401141 59 nil_vol 0.6 nil_bias 0.87 Home 0.04 0.01 0.001 0.0 -0.75 -0.025830032417946947 -0.012467418540114114
-0.013632941902498473 -0.738862063311994 60 nil_vol 0.6 nil_bias 0.87 Home 0.04 0.01 0.001 -0.014297515841394796 -0.7385417293848527 0.0006645739388963238 -0.00032033392714127934
2.4432718194260586e-05 -0.6911089613524223 60 nil_vol 0.6 nil_bias 0.87 Home 0.04 0.01 0.001 0.006955414507092656 -0.6944497914473696 -0.0069309817888983955 0.0033408300949473095
0.11283493464110239 -0.4822616001825707 60 nil_vol 0.6 nil_bias 0.87 Home 0.04 0.01 0.001 0.10991215876465203 -0.4808527813591723 0.0029227758764503614 -0.00140881882339837
0.16794576350206702 -0.42590908591028376 60 nil_vol 0.6 nil_bias 0.87 Home 0.04 0.01 0.001 0.14234402999412757 -0.41356869253006406 0.025601733507939463 -0.012340393380219708
0.2550574567083547 -0.21661289741127512 60 nil_vol 0.6 nil_bias 0.87 Home 0.04 0.01 0.001 0.24063122928260117 -0.20965925416008258 0.014426227425753568 -0.006953643251192547
0.2622041542197017 -0.15725228711339176 60 nil_vol 0.6 nil_bias 0.87 Home 0.04 0.01 0.001 0.26519681307950743 -0.15869479051150537 -0.0029926588598056894 0.0014425033981136195
0.535052833528244 0.38220973478477815 60 nil_vol 0.6 nil_bias 0.87 Home 0.04 0.01 0.001 0.5276421369008175 0.3857817941367572 0.007410696627426433 -0.003572059351979015
0.5727720453355578 0.47940959459536475 60 nil_vol 0.6 nil_bias 0.87 Right 0.04 0.01 0.001 0.4 0.35 0.17277204533555782 0.12940959459536477
0.5600142639646793 0.44784433887148556 61 nil_vol 0.6 nil_bias 0.87 Right 0.04 0.01 0.001 0.5581302703141708 0.44874387797282156 0.0018839936505085136 -0.0008995391013360125
0.37767928887474006 0.035105204737336054 61 nil_vol 0.6 nil_bias 0.87 Right 0.04 0.01 0.001 0.363797387101365 0.04173331276874376 0.013881901773375052 -0.006628108031407701
0.20606259060035031 -0.283799786953881 61 nil_vol 0.6 nil_bias 0.87 Right 0.04 0.01 0.001 0.20793923623169186 -0.2846958176407612 -0.0018766456313415497 0.0008960306868802279
0.20178518369642504 -0.282845643204809 61 nil_vol 0.6 nil_bias 0.87 Right 0.04 0.01 0.001 0.20751613280800824 -0.285581964960588 -0.005730949111583189 0.0027363217557790087
0.08139552463524022 -0.5422228141096344 61 nil_vol 0.6 nil_bias 0.87 Right 0.04 0.01 0.001 0.08431403423714051 -0.5436162973115684 -0.0029185096019002975 0.0013934832019339939
0.05188872304198201 -0.5918627685467658 61 nil_vol 0.6 nil_bias 0.87 Right 0.04 0.01 0.001 0.05953495626679861 -0.595513569472661 -0.007646233224816602 0.0036508009258951614
0.05413822404362419 -0.6119501372172554 61 nil_vol 0.6 nil_bias 0.87 Right 0.04 0.01 0.001 0.052142138559904794 -0.6109970783034262 0.0019960854837194025 -0.0009530589138292306
-0.03267251676151195 -0.7886327940363983 61 nil_vol 0.6 nil_bias 0.87 Home 0.04 0.01 0.001 0.0 -0.75 -0.03267251676151195 -0.038632794036398334
-0.027554059036486563 -0.7869593720772612 62 nil_vol 0.6 nil_bias 0.87 Home 0.04 0.01 0.001 -0.032800605211016486 -0.7879636040960489 0.005246546174529925 0.0010042320187877854
-0.09302992606453947 -0.49470808966510965 62 nil_vol 0.6 nil_bias 0.87 Home 0.04 0.01 0.001 -0.08907694447806053 -0.4939514565303262 -0.003952981586478942 -0.0007566331347834494
-0.10684014888745526 -0.37014147505255446 62 nil_vol 0.6 nil_bias 0.87 Home 0.04 0.01 0.001 -0.11256543372201816 -0.371237341581941 0.005725284834562896 0.0010958665293865119
-0.11496194309317037 -0.3261593759768399 62 nil_vol 0.6 nil_bias 0.87 Home 0.04 0.01 0.001 -0.12097348114670332 -0.32731003372284934 0.006011538053532948 0.0011506577460094274
-0.15479205959505876 -0.24889181554793033 62 nil_vol 0.6 nil_bias 0.87 Home 0.04 0.01 0.001 -0.13664811364422622 -0.24541891530749482 -0.018143945950832532 -0.0034729002404355175
-0.18447686454062678 -0.08053179479269637 62 nil_vol 0.6 nil_bias 0.87 Home 0.04 0.01 0.001 -0.16878381049206506 -0.07752801538737264 -0.015693054048561722 -0.003003779405323726
-0.262651023346447 0.42546866526227317 62 nil_vol 0.6 nil_bias 0.87 Home 0.04 0.01 0.001 -0.26497631353000756 0.42502358562747633 0.002325290183560531 0.0004450796347968163
-0.30302354816253985 0.6237989379148026 62 nil_vol 0.6 nil_bias 0.87 Left 0.04 0.01 0.001 -0.4 0.35 0.09697645183746015 0.27379893791480264
-0.2943743094866761 0.5941098284379267 63 nil_vol 0.6 nil_bias 0.87 Left 0.04 0.01 0.001 -0.2957778332627152 0.5937711576126452 0.001403523776039062 0.00033867082528154065
-0.22296296032654805 0.31478518797015437 63 nil_vol 0.6 nil_bias 0.87 Left 0.04 0.01 0.001 -0.2281560402024262 0.31353209580503266 0.005193079875878124 0.0012530921651217233
-0.21324284567965363 0.27586534200885077 63 nil_vol 0.6 nil_bias 0.87 Left 0.04 0.01 0.001 -0.21874657841516965 0.2745372891895914 0.005503732735516012 0.0013280528192593742
-0.1694820342283706 0.10943659965423178 63 nil_vol 0.6 nil_bias 0.87 Left 0.04 0.01 0.001 -0.17838909719408175 0.10728732194555968 0.008907062965711152 0.0021492777086720956
-0.17457266950194833 0.04942120200282502 63 nil_vol 0.6 nil_bias 0.87 Left 0.04 0.01 0.001 -0.16498427303970206 0.05173488574544027 -0.009588396462246275 -0.002313683742615254
-0.12809103008370423 -0.16098664092520573 63 nil_vol 0.6 nil_bias 0.87 Left 0.04 0.01 0.001 -0.11444881689507536 -0.1576947696522455 -0.013642213188628877 -0.0032918712729602326
-0.08935013645270304 -0.23777333262741251 63 nil_vol 0.6 nil_bias 0.87 Left 0.04 0.01 0.001 -0.09480803786100156 -0.23909032632984217 0.005457901408298524 0.001316993702429662
0.014758261750080904 -0.693156325161999 63 nil_vol 0.6 nil_bias 0.87 Home 0.04 0.01 0.001 0.0 -0.75 0.014758261750080904 0.05684367483800101
