x y trial vol omega bias theta state target_sigma moving_sigma staying_sigma x_mean y_mean x_noise y_noise
0.038951591292188045 -0.5281621435878753 0 nil_vol 0.6 nil_bias 0.32 Home 0.04 0.01 0.001 0.04528801770351098 -0.5294633522277624 -0.006336426411322935 0.001301208639887163
0.09343953715445362 -0.22759696918331468 0 nil_vol 0.6 nil_bias 0.32 Home 0.04 0.01 0.001 0.10671746570893681 -0.23032364100641423 -0.013277928554483185 0.002726671823099541
0.18824098870329356 0.13226018535762168 0 nil_vol 0.6 nil_bias 0.32 Home 0.04 0.01 0.001 0.1814612983379665 0.1336524198927469 0.006779690365327051 -0.0013922345351252143
0.16214356657865053 0.16047461205815228 0 nil_vol 0.6 nil_bias 0.32 Home 0.04 0.01 0.001 0.18596479043112343 0.15558283548293084 -0.023821223852472904 0.004891776575221429
0.20540469523991772 0.19346043434479018 0 nil_vol 0.6 nil_bias 0.32 Home 0.04 0.01 0.001 0.19421496809957428 0.1957582862707553 0.011189727140343428 -0.0022978519259651336
0.20764298633553435 0.3125288258651146 0 nil_vol 0.6 nil_bias 0.32 Home 0.04 0.01 0.001 0.21776728778601712 0.3104497630519414 -0.010124301450482754 0.0020790628131732427
0.2469366130287949 0.4240029510229801 0 nil_vol 0.6 nil_bias 0.32 Home 0.04 0.01 0.001 0.24132259941145456 0.42515580951909926 0.00561401361734035 -0.0011528584961191543
0.24975760504697875 0.46623130721424844 0 nil_vol 0.6 nil_bias 0.32 Right 0.04 0.01 0.001 0.4 0.35 -0.15024239495302127 0.11623130721424846
0.21720397840652125 0.2952342074380431 1 nil_vol 0.6 nil_bias 0.32 Right 0.04 0.01 0.001 0.21714684416960855 0.2952451041706724 5.713423691270855e-05 -1.0896732629336884e-05
0.21393957684556814 0.23154603084431777 1 nil_vol 0.6 nil_bias 0.32 Right 0.04 0.01 0.001 0.20531188539727163 0.23319151789377535 0.008627691448296506 -0.0016454870494575832
0.20757897523658386 0.11987656045565712 1 nil_vol 0.6 nil_bias 0.32 Right 0.04 0.01 0.001 0.1845383719275755 0.12427090100247262 0.023040603309008353 -0.004394340546815511
0.17911088129862077 0.043598670438277976 1 nil_vol 0.6 nil_bias 0.32 Right 0.04 0.01 0.001 0.16950195763595344 0.04543129965791326 0.009608923662667329 -0.0018326292196352814
0.08291865277439803 -0.36412625500357004 1 nil_vol 0.6 nil_bias 0.32 Right 0.04 0.01 0.001 0.0910931438691642 -0.36568530696004675 -0.008174491094766175 0.0015590519564767141
0.07741717897528418 -0.5245078211393103 1 nil_vol 0.6 nil_bias 0.32 Right 0.04 0.01 0.001 0.061385412216643315 -0.5214502170583859 0.016031766758640865 -0.0030576040809244206
0.03978249783621855 -0.6221658720481423 1 nil_vol 0.6 nil_bias 0.32 Right 0.04 0.01 0.001 0.04209272815021717 -0.6226064828518237 -0.0023102303139986187 0.0004406108036813986
0.008530245968235036 -0.7985827936958039 1 nil_vol 0.6 nil_bias 0.32 Home 0.04 0.01 0.001 0.0 -0.75 0.008530245968235036 -0.048582793695803865
0.10735039460966407 -0.5541708025523021 2 nil_vol 0.6 nil_bias 0.32 Home 0.04 0.01 0.001 0.10274353020608085 -0.5524077165787629 0.004606864403583229 -0.0017630859735392609
0.18093287990777268 -0.2997646359249248 2 nil_vol 0.6 nil_bias 0.32 Home 0.04 0.01 0.001 0.1970688124213786 -0.3059399937806036 -0.016135932513605934 0.0061753578556788015
0.2933981472338577 -0.030331045311579572 2 nil_vol 0.6 nil_bias 0.32 Home 0.04 0.01 0.001 0.30137792407444003 -0.0333849734038979 -0.007979776840582325 0.003053928092318326
0.3431053597011238 0.07432017228586675 2 nil_vol 0.6 nil_bias 0.32 Home 0.04 0.01 0.001 0.3426624634685452 0.0744896724202283 0.00044289623257866853 -0.00016950013436155728
0.4377825200294259 0.3406760974105735 2 nil_vol 0.6 nil_bias 0.32 Home 0.04 0.01 0.001 0.443671696995638 0.3384222595731188 -0.005889176966212131 0.002253837837454709
0.4363819428788338 0.34562049582237353 2 nil_vol 0.6 nil_bias 0.32 Home 0.04 0.01 0.001 0.4451432860686374 0.34226745567747763 -0.008761343189803619 0.0033530401448959024
0.47335603233360773 0.4267961354844907 2 nil_vol 0.6 nil_bias 0.32 Home 0.04 0.01 0.001 0.4769645957959005 0.42541510772512225 -0.003608563462292779 0.0013810277593684181
0.48585158605477163 0.4486364138287592 2 nil_vol 0.6 nil_bias 0.32 Right 0.04 0.01 0.001 0.4 0.35 0.08585158605477164 0.09863641382875919
0.433855966955419 0.3517209586304288 3 nil_vol 0.6 nil_bias 0.32 Right 0.04 0.01 0.001 0.4465346471370547 0.34682478985516285 -0.012678680181635683 0.004896168775265929
0.38955531823498546 0.23663091539619058 3 nil_vol 0.6 nil_bias 0.32 Right 0.04 0.01 0.001 0.4021086320483698 0.23178315977504696 -0.012553313813384315 0.004847755621143632
0.2239563107317265 -0.22658038517193632 3 nil_vol 0.6 nil_bias 0.32 Right 0.04 0.01 0.001 0.22495230089443502 -0.22696501005916936 -0.0009959901627085044 0.00038462488723304053
0.19651532570722186 -0.2673095607873644 3 nil_vol 0.6 nil_bias 0.32 Right 0.04 0.01 0.001 0.20770377700000892 -0.271630242836169 -0.011188451292787047 0.004320682048804578
0.21639524213072756 -0.2937911880592175 3 nil_vol 0.6 nil_bias 0.32 Right 0.04 0.01 0.001 0.2013843782094839 -0.2879943920072583 0.015010863921243655 -0.005796796051959199
0.19115229879701 -0.3539951470993507 3 nil_vol 0.6 nil_bias 0.32 Right 0.04 0.01 0.001 0.17787646678029367 -0.3488683741817664 0.01327583201671634 -0.005126772917584271
0.07941482517089982 -0.6790182293635578 3 nil_vol 0.6 nil_bias 0.32 Right 0.04 0.01 0.001 0.05414923571539931 -0.6692613312946335 0.025265589455500507 -0.009756898068924274
-0.00463179465867589 -0.8214754233873705 3 nil_vol 0.6 nil_bias 0.32 Home 0.04 0.01 0.001 0.0 -0.75 -0.00463179465867589 -0.07147542338737047
-0.044457897936122696 -0.4799759097713146 4 nil_vol 0.6 nil_bias 0.32 Home 0.04 0.01 0.001 -0.04110766081012171 -0.47961844215271493 -0.003350237126000984 -0.00035746761859964664
-0.05543184888686495 -0.43722592597685067 4 nil_vol 0.6 nil_bias 0.32 Home 0.04 0.01 0.001 -0.0457412332765471 -0.43619194505111253 -0.009690615610317851 -0.00103398092573817
-0.08578661963845173 -0.19277165664546353 4 nil_vol 0.6 nil_bias 0.32 Home 0.04 0.01 0.001 -0.07187239269307774 -0.19128701977238494 -0.013914226945373994 -0.0014846368730785824
-0.08967047464398419 -0.07931954602695741 4 nil_vol 0.6 nil_bias 0.32 Home 0.04 0.01 0.001 -0.08388509737751702 -0.07870225090533922 -0.005785377266467157 -0.0006172951216181886
-0.10293397098891607 0.2403541782625979 4 nil_vol 0.6 nil_bias 0.32 Home 0.04 0.01 0.001 -0.1177593797665326 0.23877231901765938 0.014825408777616528 0.0015818592449385097
-0.10252307365175231 0.2596119796932624 4 nil_vol 0.6 nil_bias 0.32 Home 0.04 0.01 0.001 -0.11978641656291858 0.2577699948284806 0.017263342911166272 0.0018419848647817435
-0.11182104944445095 0.26804160849173575 4 nil_vol 0.6 nil_bias 0.32 Home 0.04 0.01 0.001 -0.12078038994063299 0.2670856540350981 0.008959340496182041 0.0009559544566376555
-0.1410588659694516 0.45713840207591405 4 nil_vol 0.6 nil_bias 0.32 Left 0.04 0.01 0.001 -0.4 0.35 0.2589411340305484 0.10713840207591407
-0.11666072474309294 0.33212199878570914 5 nil_vol 0.6 nil_bias 0.32 Left 0.04 0.01 0.001 -0.12379702152920925 0.3311442892543456 0.007136296786116305 0.0009777095313635434
-0.11468203373249579 0.24892690362947456 5 nil_vol 0.6 nil_bias 0.32 Left 0.04 0.01 0.001 -0.11257241335115004 0.2492159325216604 -0.002109620381345757 -0.00028902889218583637
-0.1089388825677931 0.15167009852419186 5 nil_vol 0.6 nil_bias 0.32 Left 0.04 0.01 0.001 -0.09938741511071197 0.15297869891612975 -0.009551467457081134 -0.0013086003919378943
-0.08329081770752722 0.04139851039419203 5 nil_vol 0.6 nil_bias 0.32 Left 0.04 0.01 0.001 -0.08408543743053151 0.04128964338651625 0.0007946197230042965 0.00010886700767577881
-0.024040460001946356 -0.3491756855515675 5 nil_vol 0.6 nil_bias 0.32 Left 0.04 0.01 0.001 -0.030469003484437027 -0.35005642922352975 0.006428543482490672 0.0008807436719621992
-0.01405545782511173 -0.37921232885323153 5 nil_vol 0.6 nil_bias 0.32 Left 0.04 0.01 0.001 -0.026245679072507647 -0.3808824521482992 0.012190221247395917 0.001670123295067668
-0.027629498806543615 -0.41685015507946077 5 nil_vol 0.6 nil_bias 0.32 Left 0.04 0.01 0.001 -0.021434206152430024 -0.4160013679761416 -0.006195292654113592 -0.000848787103319148
0.023123587462055954 -0.7412284719034485 5 nil_vol 0.6 nil_bias 0.32 Home 0.04 0.01 0.001 0.0 -0.75 0.023123587462055954 0.008771528096551427
0.06473543532701008 -0.6202774247775966 6 nil_vol 0.6 nil_bias 0.32 Home 0.04 0.01 0.001 0.052547515157337105 -0.6173817764084971 0.012187920169672975 -0.0028956483690994825
0.11307431152615709 -0.38894038333632286 6 nil_vol 0.6 nil_bias 0.32 Home 0.04 0.01 0.001 0.10715550638782151 -0.3875341730717951 0.005918805138335576 -0.001406210264527759
0.22084022040204568 0.14679312294202196 6 nil_vol 0.6 nil_bias 0.32 Home 0.04 0.01 0.001 0.23339421787374742 0.14381050065712497 -0.012553997471701744 0.002982622284896995
0.2503779292790013 0.1544737820573201 6 nil_vol 0.6 nil_bias 0.32 Home 0.04 0.01 0.001 0.23669971638341117 0.15772349934393848 0.013678212895590179 -0.00324971728661839
0.29359303645198437 0.3727477237314927 6 nil_vol 0.6 nil_bias 0.32 Home 0.04 0.01 0.001 0.2880961921550966 0.37405368307499764 0.0054968442968877955 -0.0013059593435049564
0.2947391811741728 0.435640242707391 6 nil_vol 0.6 nil_bias 0.32 Home 0.04 0.01 0.001 0.30230129060076394 0.43384361050737485 -0.007562109426591115 0.0017966322000161185
0.3198625271631242 0.47475813655219384 6 nil_vol 0.6 nil_bias 0.32 Home 0.04 0.01 0.001 0.3124408300926145 0.4765214090973855 0.007421697070509696 -0.0017632725451916412
0.31692858589918776 0.49541058434918317 6 nil_vol 0.6 nil_bias 0.32 Right 0.04 0.01 0.001 0.4 0.35 -0.08307141410081224 0.14541058434918316
0.2961955641816534 0.37628617016349725 7 nil_vol 0.6 nil_bias 0.32 Right 0.04 0.01 0.001 0.2875710779269133 0.3784509636404776 0.008624486254740084 -0.002164793476980369
0.2765877294897571 0.32727933462175174 7 nil_vol 0.6 nil_bias 0.32 Right 0.04 0.01 0.001 0.274837018989745 0.3277187725846129 0.0017507105000120812 -0.0004394379628611757
0.25210406873254887 0.2903565753433376 7 nil_vol 0.6 nil_bias 0.32 Right 0.04 0.01 0.001 0.26466736698773163 0.2872031183942665 -0.012563298255182773 0.003153456949071125
0.2229034511922891 0.09307187617679714 7 nil_vol 0.6 nil_bias 0.32 Right 0.04 0.01 0.001 0.21635211637170054 0.0947162972433076 0.0065513348205885735 -0.001644421066510461
0.16460419791493167 -0.15164814853084715 7 nil_vol 0.6 nil_bias 0.32 Right 0.04 0.01 0.001 0.15511136957971558 -0.14926539641655445 0.009492828335216084 -0.0023827521142926918
0.09646847564743251 -0.33208090293860293 7 nil_vol 0.6 nil_bias 0.32 Right 0.04 0.01 0.001 0.10846767729159995 -0.3350927685362771 -0.011999201644167437 0.0030118655976742142
0.1015848229744271 -0.4327980939813787 7 nil_vol 0.6 nil_bias 0.32 Right 0.04 0.01 0.001 0.08498872019805317 -0.42863238092063327 0.016596102776373925 -0.0041657130607454145
-0.006355833340935111 -0.7925469320404295 7 nil_vol 0.6 nil_bias 0.32 Home 0.04 0.01 0.001 0.0 -0.75 -0.006355833340935111 -0.042546932040429496
0.00805006634660681 -0.7594551155160508 8 nil_vol 0.6 nil_bias 0.32 Home 0.04 0.01 0.001 0.00936787903345565 -0.7600935987015833 -0.0013178126868488393 0.0006384831855324895
0.0345416474277041 -0.6960197284506817 8 nil_vol 0.6 nil_bias 0.32 Home 0.04 0.01 0.001 0.039295808762719237 -0.6983231302193915 -0.0047541613350151335 0.002303401768709819
0.03259844460250728 -0.6919710865974201 8 nil_vol 0.6 nil_bias 0.32 Home 0.04 0.01 0.001 0.040515029773624554 -0.6958066897670032 -0.007916585171117275 0.003835603169583098
0.28373666707455186 -0.2098972098061484 8 nil_vol 0.6 nil_bias 0.32 Home 0.04 0.01 0.001 0.2774216570763905 -0.20683757337941389 0.0063150099981613955 -0.0030596364267345267
0.3381928470207318 -0.1063695855150506 8 nil_vol 0.6 nil_bias 0.32 Home 0.04 0.01 0.001 0.3283979086827757 -0.10162391604736098 0.009794938337956144 -0.00474566946768961
0.3376196337761403 -0.03127538557572487 8 nil_vol 0.6 nil_bias 0.32 Home 0.04 0.01 0.001 0.3577552463376137 -0.04103113476466269 -0.02013561256147337 0.009755749188937814
0.48297052843516997 0.21497646142300847 8 nil_vol 0.6 nil_bias 0.32 Home 0.04 0.01 0.001 0.48201564842855527 0.21543910291561885 0.0009548800066146926 -0.00046264149261037335
0.6099983064458054 0.4795919800052639 8 nil_vol 0.6 nil_bias 0.32 Right 0.04 0.01 0.001 0.4 0.35 0.20999830644580544 0.1295919800052639
0.2979978977167774 -0.23265787519565798 9 nil_vol 0.6 nil_bias 0.32 Right 0.04 0.01 0.001 0.2900066050718474 -0.22904935392092424 0.007991292644930013 -0.0036085212747337483
0.2453241232061605 -0.2970193281134691 9 nil_vol 0.6 nil_bias 0.32 Right 0.04 0.01 0.001 0.2569448134746796 -0.30226672799284243 -0.01162069026851912 0.005247399879373323
0.18278773836691437 -0.4230218216706374 9 nil_vol 0.6 nil_bias 0.32 Right 0.04 0.01 0.001 0.19909246052350216 -0.43038432726201975 -0.016304722156587806 0.0073625055913823425
0.200671338404971 -0.43963228267762183 9 nil_vol 0.6 nil_bias 0.32 Right 0.04 0.01 0.001 0.19589117616642732 -0.43747376866732496 0.004780162238543682 -0.0021585140102968713
0.1315644866240323 -0.5908928093160688 9 nil_vol 0.6 nil_bias 0.32 Right 0.04 0.01 0.001 0.1274522818412518 -0.5890359159317251 0.0041122047827805075 -0.0018568933843437403
0.07707189012854167 -0.7116609016628462 9 nil_vol 0.6 nil_bias 0.32 Right 0.04 0.01 0.001 0.07292559807025334 -0.7097886159428275 0.004146292058288332 -0.001872285720018712
0.0687330052691513 -0.7125603652744624 9 nil_vol 0.6 nil_bias 0.32 Right 0.04 0.01 0.001 0.07117588480288117 -0.7136634637543646 -0.0024428795337298735 0.0011030984799021972
0.041112425439948856 -0.7802408463986944 9 nil_vol 0.6 nil_bias 0.32 Home 0.04 0.01 0.001 0.0 -0.75 0.041112425439948856 -0.030240846398694416
0.052981448088152854 -0.7313873448216923 10 nil_vol 0.6 nil_bias 0.32 Home 0.04 0.01 0.001 0.036158965139167415 -0.7331571617347732 0.01682248294898544 0.0017698169130808252
0.04279633268474152 -0.6920427321165453 10 nil_vol 0.6 nil_bias 0.32 Home 0.04 0.01 0.001 0.031953513362279196 -0.6931834558183061 0.010842819322462324 0.0011407237017607278
0.002253777544074156 -0.43325259701488444 10 nil_vol 0.6 nil_bias 0.32 Home 0.04 0.01 0.001 0.004581605185598199 -0.43300769685697077 -0.002327827641524043 -0.0002449001579136548
-0.002816100904188572 -0.3790076789797277 10 nil_vol 0.6 nil_bias 0.32 Home 0.04 0.01 0.001 -0.0011182828410756865 -0.37882905926392574 -0.0016978180631128854 -0.0001786197158019728
-0.025958379813494727 -0.22346600342393722 10 nil_vol 0.6 nil_bias 0.32 Home 0.04 0.01 0.001 -0.0175563188506989 -0.22258206080727438 -0.008402060962795823 -0.0008839426166628408
-0.02614285450036653 -0.03399691873651237 10 nil_vol 0.6 nil_bias 0.32 Home 0.04 0.01 0.001 -0.037273309896280214 -0.03516790332123254 0.011130455395913685 0.001170984584720165
-0.08042084235710069 0.40633636464323214 10 nil_vol 0.6 nil_bias 0.32 Home 0.04 0.01 0.001 -0.08368582824812026 0.40599287032860454 0.0032649858910195726 0.00034349431462762773
-0.09446400611547712 0.5084417236843539 10 nil_vol 0.6 nil_bias 0.32 Left 0.04 0.01 0.001 -0.4 0.35 0.3055359938845229 0.15844172368435389
-0.07628521493313545 0.039475707784558896 11 nil_vol 0.6 nil_bias 0.32 Left 0.04 0.01 0.001 -0.06621576314707456 0.040083029318316865 -0.010069451786060888 -0.0006073215337579725
-0.0681999392246987 -0.00237423885295887 11 nil_vol 0.6 nil_bias 0.32 Left 0.04 0.01 0.001 -0.06367149965738889 -0.0021011138684035036 -0.004528439567309818 -0.0002731249845553665
-0.04725699915168362 -0.3416758537543383 11 nil_vol 0.6 nil_bias 0.32 Left 0.04 0.01 0.001 -0.043205376265032604 -0.3414314871415366 -0.004051622886651011 -0.00024436661280170677
-0.028803551187428257 -0.3834446667771757 11 nil_vol 0.6 nil_bias 0.32 Left 0.04 0.01 0.001 -0.04062840897668016 -0.38415786258183504 0.0118248577892519 0.0007131958046593645
-0.024602444796122728 -0.4426587206275952 11 nil_vol 0.6 nil_bias 0.32 Left 0.04 0.01 0.001 -0.0370547335393399 -0.4434097588428828 0.01245228874321717 0.0007510382152876081
-0.03666164884588767 -0.5112030287245674 11 nil_vol 0.6 nil_bias 0.32 Left 0.04 0.01 0.001 -0.03297929521618369 -0.5109809339470417 -0.003682353629703983 -0.00022209477752571037
-0.008968786452374181 -0.7458057417723459 11 nil_vol 0.6 nil_bias 0.32 Left 0.04 0.01 0.001 -0.018780551729830203 -0.7463975213909173 0.009811765277456022 0.0005917796185713597
-0.01620660895470521 -0.7890737500993329 11 nil_vol 0.6 nil_bias 0.32 Home 0.04 0.01 0.001 0.0 -0.75 -0.01620660895470521 -0.03907375009933291
-0.1831145799093917 -0.07021275238769417 12 nil_vol 0.6 nil_bias 0.32 Home 0.04 0.01 0.001 -0.179866038684171 -0.06947393284990655 -0.00324854122522071 -0.0007388195377876261
-0.18482120631043697 -0.035589746920346055 12 nil_vol 0.6 nil_bias 0.32 Home 0.04 0.01 0.001 -0.1874370542275069 -0.03618467227761346 0.002615847917069937 0.0005949253572674084
-0.214496655153781 0.09388680862899196 12 nil_vol 0.6 nil_bias 0.32 Home 0.04 0.01 0.001 -0.21689529410857658 0.0933412833605598 0.00239863895479559 0.0005455252684321622
-0.2435214127100633 0.19232106013013267 12 nil_vol 0.6 nil_bias 0.32 Home 0.04 0.01 0.001 -0.23960876233084918 0.19321091879107644 -0.003912650379214112 -0.0008898586609437746
-0.27395591592024776 0.3242178252154277 12 nil_vol 0.6 nil_bias 0.32 Home 0.04 0.01 0.001 -0.2696276936148997 0.32520219788653704 -0.004328222305348067 -0.0009843726711093507
-0.2763790959505521 0.3395985937869301 12 nil_vol 0.6 nil_bias 0.32 Home 0.04 0.01 0.001 -0.2730728958030048 0.3403505267609924 -0.003306200147547315 -0.0007519329740623285
-0.31438845695315537 0.47755657303469135 12 nil_vol 0.6 nil_bias 0.32 Home 0.04 0.01 0.001 -0.3047750790719143 0.4797429548320514 -0.009613377881241064 -0.0021863817973600615
-0.3359049925991372 0.6166191502471874 12 nil_vol 0.6 nil_bias 0.32 Left 0.04 0.01 0.001 -0.4 0.35 0.0640950074008628 0.26661915024718735
-0.34330499627284977 0.5925146270435917 13 nil_vol 0.6 nil_bias 0.32 Left 0.04 0.01 0.001 -0.330408629240428 0.595942858815855 -0.012896367032421764 -0.0034282317722632563
-0.313621807305208 0.47770999787550417 13 nil_vol 0.6 nil_bias 0.32 Left 0.04 0.01 0.001 -0.2999453259573368 0.48134560686303257 -0.013676481347871215 -0.003635608987528429
-0.2160813499304801 0.16133253719758917 13 nil_vol 0.6 nil_bias 0.32 Left 0.04 0.01 0.001 -0.21495600921169197 0.1616316856939891 -0.0011253407187881035 -0.00029914849639995706
-0.1564639426585684 -0.0784674091051274 13 nil_vol 0.6 nil_bias 0.32 Left 0.04 0.01 0.001 -0.1514826474726011 -0.0771432350659873 -0.0049812951859673 -0.0013241740391400961
-0.11316552137382872 -0.19877315577710378 13 nil_vol 0.6 nil_bias 0.32 Left 0.04 0.01 0.001 -0.11875488176109361 -0.20025897134191195 0.00558936038726489 0.0014858155648081659
-0.031404342641768904 -0.5110895627418379 13 nil_vol 0.6 nil_bias 0.32 Left 0.04 0.01 0.001 -0.03581531201544025 -0.5122621274893582 0.004410969373671347 0.001172564747520263
0.023750042575487802 -0.7588807315175361 13 nil_vol 0.6 nil_bias 0.32 Left 0.04 0.01 0.001 0.029347579245015964 -0.7573927424576217 -0.005597536669528164 -0.0014879890599144604
0.029664784941448096 -0.7585860109872061 13 nil_vol 0.6 nil_bias 0.32 Home 0.04 0.01 0.001 0.0 -0.75 0.029664784941448096 -0.008586010987206124
0.048747856802404246 -0.6053078951272095 14 nil_vol 0.6 nil_bias 0.32 Home 0.04 0.01 0.001 0.0629725147297489 -0.6084639336729811 -0.014224657927344647 0.0031560385457716526
0.056645086583962424 -0.5747639128338627 14 nil_vol 0.6 nil_bias 0.32 Home 0.04 0.01 0.001 0.06980190378109236 -0.5776830285290101 -0.013156817197129933 0.002919115695147314
0.0749128069315444 -0.574723343026296 14 nil_vol 0.6 nil_bias 0.32 Home 0.04 0.01 0.001 0.07066755204305268 -0.5737814442380693 0.0042452548884917216 -0.0009418987882267117
0.07128659675376635 -0.5691345813242497 14 nil_vol 0.6 nil_bias 0.32 Home 0.04 0.01 0.001 0.07167922803852116 -0.5692216948053113 -0.00039263128475481164 8.711348106163903e-05
0.11703990055154904 -0.4499720309098964 14 nil_vol 0.6 nil_bias 0.32 Home 0.04 0.01 0.001 0.09902412343437814 -0.4459748531004729 0.018015777117170905 -0.003997177809423513
0.17868438312239304 -0.126172154222459 14 nil_vol 0.6 nil_bias 0.32 Home 0.04 0.01 0.001 0.1703874851553394 -0.12433131348462878 0.00829689796705364 -0.00184084073783023
0.17492647962527053 -0.08233796775877868 14 nil_vol 0.6 nil_bias 0.32 Home 0.04 0.01 0.001 0.17948041392385314 -0.0833483535448305 -0.004553934298582616 0.0010103857860518169
0.27251240053962955 0.335958371236367 14 nil_vol 0.6 nil_bias 0.32 Right 0.04 0.01 0.001 0.4 0.35 -0.12748759946037047 -0.014041628763632939
0.26612930380324734 0.2717671777723579 15 nil_vol 0.6 nil_bias 0.32 Right 0.04 0.01 0.001 0.2597988547161261 0.2730464659157111 0.006330449087121226 -0.0012792881433531518
0.22569929516134 0.09101945759284193 15 nil_vol 0.6 nil_bias 0.32 Right 0.04 0.01 0.001 0.22311930803048557 0.09154083402302607 0.002579987130854415 -0.0005213764301841491
0.19664631147854955 -0.022761077771332457 15 nil_vol 0.6 nil_bias 0.32 Right 0.04 0.01 0.001 0.1998882239014493 -0.0234162193051049 -0.003241912422899767 0.000655141533772443
0.16424468787539762 -0.18395240691981612 15 nil_vol 0.6 nil_bias 0.32 Right 0.04 0.01 0.001 0.1673206673855133 -0.18457401591821937 -0.0030759795101156814 0.0006216089984032554
0.16615627680832531 -0.20797335128236488 15 nil_vol 0.6 nil_bias 0.32 Right 0.04 0.01 0.001 0.1627318624190447 -0.2072813288577557 0.0034244143892806296 -0.0006920224246091852
0.045367018347852034 -0.6891495996554823 15 nil_vol 0.6 nil_bias 0.32 Right 0.04 0.01 0.001 0.06456937162432747 -0.6930301052140926 -0.019202353276475428 0.003880505558610323
0.07094789872013921 -0.6958476031206473 15 nil_vol 0.6 nil_bias 0.32 Right 0.04 0.01 0.001 0.06427260551412856 -0.694498627189504 0.006675293206010655 -0.001348975931143406
0.04467504904221559 -0.7914754764802742 15 nil_vol 0.6 nil_bias 0.32 Home 0.04 0.01 0.001 0.0 -0.75 0.04467504904221559 -0.04147547648027413
0.19611649737202455 -0.44534209673224084 16 nil_vol 0.6 nil_bias 0.32 Home 0.04 0.01 0.001 0.18169402384699668 -0.4397240595574762 0.014422473525027867 -0.005618037174764641
0.24887065610132703 -0.30681159817354514 16 nil_vol 0.6 nil_bias 0.32 Home 0.04 0.01 0.001 0.23549713515031268 -0.3016021632087375 0.013373520951014347 -0.005209434964807621
0.31290574645541386 -0.10953099686835976 16 nil_vol 0.6 nil_bias 0.32 Home 0.04 0.01 0.001 0.31065657737280855 -0.10865487007246166 0.002249169082605303 -0.0008761267958981025
0.3541149371229461 -0.01243778721469998 16 nil_vol 0.6 nil_bias 0.32 Home 0.04 0.01 0.001 0.3489240106943688 -0.010415747264575725 0.005190926428577338 -0.0020220399501242555
0.46505256737213885 0.3044274961997657 16 nil_vol 0.6 nil_bias 0.32 Home 0.04 0.01 0.001 0.47070789507101024 0.3022245563786178 -0.005655327698871404 0.002202939821147936
0.48768065141874245 0.3806770014406582 16 nil_vol 0.6 nil_bias 0.32 Home 0.04 0.01 0.001 0.49947771069624053 0.3760816511729753 -0.011797059277498067 0.004595350267682893
0.5134515588696688 0.41010955001259153 16 nil_vol 0.6 nil_bias 0.32 Home 0.04 0.01 0.001 0.5128274227599219 0.4103526719611662 0.0006241361097469281 -0.00024312194857466042
0.5334913068073697 0.4634004378138454 16 nil_vol 0.6 nil_bias 0.32 Right 0.04 0.01 0.001 0.4 0.35 0.13349130680736965 0.1134004378138454
0.5145732361256358 0.38742999378319065 17 nil_vol 0.6 nil_bias 0.32 Right 0.04 0.01 0.001 0.5030266614031287 0.39238318911230086 0.01154657472250705 -0.004953195329110222
0.4319224733833486 0.22665946348568952 17 nil_vol 0.6 nil_bias 0.32 Right 0.04 0.01 0.001 0.4319332869538173 0.22665482473107842 -1.0813570468682248e-05 4.63875461110354e-06
0.3239387528221413 -0.019275972114725023 17 nil_vol 0.6 nil_bias 0.32 Right 0.04 0.01 0.001 0.32604707679283496 -0.02018039101772101 -0.0021083239706936713 0.0009044189029959863
0.2719420919157778 -0.11401498768978707 17 nil_vol 0.6 nil_bias 0.32 Right 0.04 0.01 0.001 0.283641440831653 -0.11903371937397972 -0.011699348915875235 0.005018731684192639
0.2514504752117162 -0.15522707162103877 17 nil_vol 0.6 nil_bias 0.32 Right 0.04 0.01 0.001 0.26552533399328154 -0.16126483835707722 -0.014074858781565324 0.006037766736038442
0.21581605895710831 -0.23596714520372028 17 nil_vol 0.6 nil_bias 0.32 Right 0.04 0.01 0.001 0.23073458534229474 -0.2423668245011898 -0.014918526385186426 0.006399679297469501
0.07477846748138324 -0.6408011374777132 17 nil_vol 0.6 nil_bias 0.32 Right 0.04 0.01 0.001 0.06214155035431457 -0.635380212191001 0.012636917127068676 -0.005420925286712128
0.009422087255805494 -0.7582764800647612 17 nil_vol 0.6 nil_bias 0.32 Home 0.04 0.01 0.001 0.0 -0.75 0.009422087255805494 -0.008276480064761237
0.07895759933978888 -0.5902282193708132 18 nil_vol 0.6 nil_bias 0.32 Home 0.04 0.01 0.001 0.08493238147063603 -0.5929572273303063 -0.005974782130847147 0.0027290079594931072
0.23501589662333228 -0.29611968908870306 18 nil_vol 0.6 nil_bias 0.32 Home 0.04 0.01 0.001 0.22301740909786658 -0.29063932725428215 0.011998487525465715 -0.005480361834420901
0.450358148271269 0.2056497225327045 18 nil_vol 0.6 nil_bias 0.32 Home 0.04 0.01 0.001 0.4498132829262566 0.2058985921702623 0.0005448653450124049 -0.00024886963755781023
0.45660942849343344 0.22945153564303897 18 nil_vol 0.6 nil_bias 0.32 Home 0.04 0.01 0.001 0.4598873402808455 0.22795433504853035 -0.003277911787412055 0.0014972005945086114
0.4676130487488291 0.24337996904080872 18 nil_vol 0.6 nil_bias 0.32 Home 0.04 0.01 0.001 0.4670504402595558 0.24363694293737614 0.0005626084892733033 -0.0002569738965674289
0.4590874229814717 0.2547035647719736 18 nil_vol 0.6 nil_bias 0.32 Home 0.04 0.01 0.001 0.46985813348577726 0.24978399548025143 -0.01077071050430557 0.004919569291722161
0.4672339366861819 0.2690810993800384 18 nil_vol 0.6 nil_bias 0.32 Home 0.04 0.01 0.001 0.47669778010232333 0.2647584473662177 -0.0094638434161414 0.004322652013820694
0.5141738844171752 0.34680714847580707 18 nil_vol 0.6 nil_bias 0.32 Right 0.04 0.01 0.001 0.4 0.35 0.11417388441717516 -0.0031928515241928996
0.5021053496130998 0.3362093278837718 19 nil_vol 0.6 nil_bias 0.32 Right 0.04 0.01 0.001 0.507791479054609 0.33348516935514533 -0.005686129441509182 0.0027241585286264373
0.44575103840137803 0.23665307781130726 19 nil_vol 0.6 nil_bias 0.32 Right 0.04 0.01 0.001 0.4584789637784874 0.23055527669291226 -0.012727925377109376 0.006097801118394989
0.4091203508768859 0.1626204359756655 19 nil_vol 0.6 nil_bias 0.32 Right 0.04 0.01 0.001 0.4227937703476657 0.1560696596259584 -0.013673419470779788 0.006550776349707092
0.29379445969616536 -0.12958336353660524 19 nil_vol 0.6 nil_bias 0.32 Right 0.04 0.01 0.001 0.2874068478514368 -0.12652313294154616 0.0063876118447285975 -0.0030602305950590907
0.12690934042049504 -0.43321228543126733 19 nil_vol 0.6 nil_bias 0.32 Right 0.04 0.01 0.001 0.13794310673164312 -0.4384984346314529 -0.011033766311148092 0.0052861492001855265
0.10264712842345837 -0.49931767065708155 19 nil_vol 0.6 nil_bias 0.32 Right 0.04 0.01 0.001 0.10765571777630462 -0.5017172276039108 -0.005008589352846241 0.0023995569468292454
-0.024530942804635164 -0.7827985524950457 19 nil_vol 0.6 nil_bias 0.32 Right 0.04 0.01 0.001 -0.02654483757063042 -0.7818337189190647 0.0020138947659952564 -0.0009648335759809947
-0.03041353043181642 -0.7899088320767551 19 nil_vol 0.6 nil_bias 0.32 Home 0.04 0.01 0.001 0.0 -0.75 -0.03041353043181642 -0.039908832076755094
0.01254150482477188 -0.7202096107816974 20 nil_vol 0.6 nil_bias 0.32 Home 0.04 0.01 0.001 0.0023692922166981233 -0.7157149816455194 0.010172212608073756 -0.004494629136178011
0.11670463519224007 -0.4597655878612868 20 nil_vol 0.6 nil_bias 0.32 Home 0.04 0.01 0.001 0.11566452772529144 -0.4593060125942507 0.0010401074669486243 -0.00045957526703611126
0.157720787657249 -0.3795517084079882 20 nil_vol 0.6 nil_bias 0.32 Home 0.04 0.01 0.001 0.15201769776915527 -0.3770317773993772 0.005703089888093745 -0.002519931008610952
0.17358506355722086 -0.31528640197539254 20 nil_vol 0.6 nil_bias 0.32 Home 0.04 0.01 0.001 0.1783665957605395 -0.31739913936937425 -0.004781532203318646 0.002112737393981689
0.17733962253600374 -0.2800932499938684 20 nil_vol 0.6 nil_bias 0.32 Home 0.04 0.01 0.001 0.1919900648750707 -0.28656660122355093 -0.014650442339066965 0.006473351229682523
0.3137098979859725 -0.00524504340825562 20 nil_vol 0.6 nil_bias 0.32 Home 0.04 0.01 0.001 0.31587108062649305 -0.006199969817970663 -0.0021611826405205886 0.0009549264097150431
0.4521376408296223 0.28001406740105655 20 nil_vol 0.6 nil_bias 0.32 Home 0.04 0.01 0.001 0.44393686867344506 0.28363760840363605 0.00820077215617724 -0.0036235410025795183
0.4912805532365825 0.3907854976809547 20 nil_vol 0.6 nil_bias 0.32 Right 0.04 0.01 0.001 0.4 0.35 0.09128055323658245 0.040785497680954755
0.46200386918816855 0.331852695862757 21 nil_vol 0.6 nil_bias 0.32 Right 0.04 0.01 0.001 0.4649212258016249 0.33057550653333007 -0.0029173566134563828 0.0012771893294269234
0.40757740941908727 0.1831885803816342 21 nil_vol 0.6 nil_bias 0.32 Right 0.04 0.01 0.001 0.40155161793652083 0.18582661117546553 0.00602579148256644 -0.0026380307938313565
0.3564450958629275 0.08750493242335959 21 nil_vol 0.6 nil_bias 0.32 Right 0.04 0.01 0.001 0.35817569166821417 0.08674729501767936 -0.00173059580528668 0.0007576374056802252
0.19883366616664644 -0.2684044919240747 21 nil_vol 0.6 nil_bias 0.32 Right 0.04 0.01 0.001 0.20207297243846478 -0.26982262756989495 -0.0032393062718183326 0.0014181356458202977
0.18592783984144742 -0.2902171332639287 21 nil_vol 0.6 nil_bias 0.32 Right 0.04 0.01 0.001 0.19198378146799877 -0.29286836348699696 -0.006055941626551343 0.0026512302230682853
0.17927871222177238 -0.30333959275052363 21 nil_vol 0.6 nil_bias 0.32 Right 0.04 0.01 0.001 0.186093466821939 -0.30632302364746977 -0.006814754600166625 0.002983430896946114
0.18052847883912984 -0.3141521074543857 21 nil_vol 0.6 nil_bias 0.32 Right 0.04 0.01 0.001 0.1823221900895058 -0.3149373761659605 -0.0017937112503759545 0.0007852687115748269
-0.0023045217101747184 -0.7366618192688352 21 nil_vol 0.6 nil_bias 0.32 Home 0.04 0.01 0.001 0.0 -0.75 -0.0023045217101747184 0.013338180731164731
0.049282525166207264 -0.6895445075247522 22 nil_vol 0.6 nil_bias 0.32 Home 0.04 0.01 0.001 0.02991645402383111 -0.6787665360895171 0.01936607114237615 -0.010777971435235012
0.041963574906658835 -0.6534622879706653 22 nil_vol 0.6 nil_bias 0.32 Home 0.04 0.01 0.001 0.04351784052274151 -0.6543272972071671 -0.001554265616082675 0.0008650092365018353
0.1485896929981286 -0.4528027389652578 22 nil_vol 0.6 nil_bias 0.32 Home 0.04 0.01 0.001 0.15399872270859358 -0.45581307427194595 -0.005409029710464971 0.0030103353066881257
0.18071939367970047 -0.3939033659957876 22 nil_vol 0.6 nil_bias 0.32 Home 0.04 0.01 0.001 0.18662477555039422 -0.3971899405750382 -0.005905381870693756 0.003286574579250596
0.4867594609581472 0.16283808215660245 22 nil_vol 0.6 nil_bias 0.32 Home 0.04 0.01 0.001 0.4955724463539293 0.15793331318428172 -0.008812985395782078 0.004904768972320737
0.5113837601133018 0.15504798671874426 22 nil_vol 0.6 nil_bias 0.32 Home 0.04 0.01 0.001 0.4980855713921497 0.16244894570124624 0.013298188721152043 -0.00740095898250198
0.5786083531343919 0.3192607711560529 22 nil_vol 0.6 nil_bias 0.32 Home 0.04 0.01 0.001 0.5837613744836344 0.31639291445455786 -0.005153021349242594 0.002867856701495025
0.603429866117377 0.3517336472196364 22 nil_vol 0.6 nil_bias 0.32 Right 0.04 0.01 0.001 0.4 0.35 0.20342986611737698 0.001733647219636432
0.4368081800563557 0.009093792127879497 23 nil_vol 0.6 nil_bias 0.32 Right 0.04 0.01 0.001 0.41913871273824505 0.01887675466984451 0.017669467318110636 -0.009782962541965012
0.3963053013051317 0.00024670577365542255 23 nil_vol 0.6 nil_bias 0.32 Right 0.04 0.01 0.001 0.4058867632206703 -0.005058212667258921 -0.009581461915538598 0.005304918440914344
0.32384573006181705 -0.1380666863709387 23 nil_vol 0.6 nil_bias 0.32 Right 0.04 0.01 0.001 0.3302740746139347 -0.14162583463658862 -0.0064283445521176345 0.0035591482656499346
0.3014189901694839 -0.20809301612047498 23 nil_vol 0.6 nil_bias 0.32 Right 0.04 0.01 0.001 0.2953377165896634 -0.20472602884418922 0.006081273579820534 -0.0033669872762857704
0.15836300337790205 -0.42712887831684526 23 nil_vol 0.6 nil_bias 0.32 Right 0.04 0.01 0.001 0.1689543577496571 -0.43299293868845334 -0.010591354371755056 0.005864060371608103
0.0694498129141676 -0.5834047618630115 23 nil_vol 0.6 nil_bias 0.32 Right 0.04 0.01 0.001 0.08186944807543661 -0.5902810769991804 -0.012419635161269017 0.00687631513616893
0.019640606659723298 -0.7023882879290752 23 nil_vol 0.6 nil_bias 0.32 Right 0.04 0.01 0.001 0.019762318544227053 -0.7024556755183882 -0.00012171188450375625 6.738758931299457e-05
0.01803999024011157 -0.7055664534192623 23 nil_vol 0.6 nil_bias 0.32 Home 0.04 0.01 0.001 0.0 -0.75 0.01803999024011157 0.04443354658073774
0.15742788102932193 -0.4114207905312098 24 nil_vol 0.6 nil_bias 0.32 Home 0.04 0.01 0.001 0.14480292121111374 -0.40607710496047755 0.01262495981820818 -0.005343685570732213
0.2424998072078294 -0.15185981267576115 24 nil_vol 0.6 nil_bias 0.32 Home 0.04 0.01 0.001 0.2508990911089157 -0.15541492356981612 -0.008399283901086262 0.0035551108940549596
0.2618652088475453 -0.12427471675985995 24 nil_vol 0.6 nil_bias 0.32 Home 0.04 0.01 0.001 0.26374316630281225 -0.12506958773772126 -0.0018779574552669409 0.0007948709778613143
0.3343135302602584 0.013101091734407988 24 nil_vol 0.6 nil_bias 0.32 Home 0.04 0.01 0.001 0.3240623087855968 0.01744006033829415 0.010251221474661646 -0.004338968603886162
0.3484101449672189 0.06905975198247602 24 nil_vol 0.6 nil_bias 0.32 Home 0.04 0.01 0.001 0.3462907395986128 0.06995681906623963 0.0021194053686060914 -0.0008970670837636091
0.3748818131583432 0.1432731918365906 24 nil_vol 0.6 nil_bias 0.32 Home 0.04 0.01 0.001 0.3769520094139123 0.14239695317771472 -0.002070196255569138 0.000876238658875884
0.45755737797439816 0.3426924517633849 24 nil_vol 0.6 nil_bias 0.32 Home 0.04 0.01 0.001 0.4610958693299905 0.341194737277849 -0.003538491355592362 0.0014977144855359396
0.5017206624332368 0.43717463238257287 24 nil_vol 0.6 nil_bias 0.32 Right 0.04 0.01 0.001 0.4 0.35 0.10172066243323673 0.08717463238257289
0.4883695806910485 0.4138514648624211 25 nil_vol 0.6 nil_bias 0.32 Right 0.04 0.01 0.001 0.49088611129134857 0.4127358026249299 -0.0025165306003000344 0.0011156622374911523
0.49662736863899126 0.37888156431608866 25 nil_vol 0.6 nil_bias 0.32 Right 0.04 0.01 0.001 0.479285787853667 0.38656966746026733 0.017341580785324284 -0.007688103144178644
0.4770389461693342 0.3820675496309737 25 nil_vol 0.6 nil_bias 0.32 Right 0.04 0.01 0.001 0.4772486351211082 0.3819745875008548 -0.00020968895177405028 9.296213011895003e-05
0.3570754455256948 0.10172433336029889 25 nil_vol 0.6 nil_bias 0.32 Right 0.04 0.01 0.001 0.35367304204823163 0.10323273269232436 0.0034024034774631537 -0.001508399332025467
0.038620878355221544 -0.6120877412638996 25 nil_vol 0.6 nil_bias 0.32 Right 0.04 0.01 0.001 0.03688810335138565 -0.611319544112783 0.001732775003835896 -0.0007681971511166247
0.03477763778442604 -0.6267798607811382 25 nil_vol 0.6 nil_bias 0.32 Right 0.04 0.01 0.001 0.03081321357725586 -0.6250222988501177 0.003964424207170175 -0.0017575619310205232
-0.005224095982651993 -0.7060481688199787 25 nil_vol 0.6 nil_bias 0.32 Right 0.04 0.01 0.001 -0.005127292520475724 -0.7060910850345463 -9.680346217626964e-05 4.2916214567623686e-05
-0.022350219888860306 -0.7449397816138537 25 nil_vol 0.6 nil_bias 0.32 Home 0.04 0.01 0.001 0.0 -0.75 -0.022350219888860306 0.005060218386146326
-0.0046568011056730245 -0.6897134309123182 26 nil_vol 0.6 nil_bias 0.32 Home 0.04 0.01 0.001 -0.013833984391198822 -0.6883327705903608 0.009177183285525798 -0.001380660321957376
0.02852163164223803 -0.5221977734481754 26 nil_vol 0.6 nil_bias 0.32 Home 0.04 0.01 0.001 0.011544433055010805 -0.5196436406889067 0.016977198587227224 -0.0025541327592687926
0.06912120529385064 -0.27367919559096293 26 nil_vol 0.6 nil_bias 0.32 Home 0.04 0.01 0.001 0.04900385606520877 -0.27065264321658106 0.020117349228641876 -0.003026552374381865
0.0499874987522978 -0.21578176342772293 26 nil_vol 0.6 nil_bias 0.32 Home 0.04 0.01 0.001 0.057097963614438904 -0.2168514965256021 -0.007110464862141106 0.001069733097879159
0.06552988252185736 -0.084850550975686 26 nil_vol 0.6 nil_bias 0.32 Home 0.04 0.01 0.001 0.07670392177588943 -0.08653162807244275 -0.011174039254032065 0.0016810770967567489
0.06905868464525955 -0.04673868911920809 26 nil_vol 0.6 nil_bias 0.32 Home 0.04 0.01 0.001 0.08238885544911839 -0.04874414518793779 -0.01333017080385884 0.0020054560687297086
0.09823338266526443 0.1548736763962568 26 nil_vol 0.6 nil_bias 0.32 Home 0.04 0.01 0.001 0.11269480114663714 0.15269802989609993 -0.014461418481372708 0.002175646500156877
0.15897455507033353 0.4603173461118847 26 nil_vol 0.6 nil_bias 0.32 Right 0.04 0.01 0.001 0.4 0.35 -0.2410254449296665 0.11031734611188473
0.146454898352808 0.41389857216798054 27 nil_vol 0.6 nil_bias 0.32 Right 0.04 0.01 0.001 0.15248177239367727 0.413070346384487 -0.006026874040869268 0.0008282257834935861
0.13840363809456213 0.34829049721305094 27 nil_vol 0.6 nil_bias 0.32 Right 0.04 0.01 0.001 0.14348365318527337 0.3475923907900309 -0.005080015090711247 0.0006981064230200375
0.12746223827085287 0.3073647452861538 27 nil_vol 0.6 nil_bias 0.32 Right 0.04 0.01 0.001 0.13776099467301425 0.3059494683893167 -0.010298756402161388 0.0014152768968371287
0.0518584156310492 -0.21329989339838945 27 nil_vol 0.6 nil_bias 0.32 Right 0.04 0.01 0.001 0.06613503696973128 -0.21526181691192048 -0.014276621338682079 0.0019619235135310345
0.04880707121183778 -0.376415038021349 27 nil_vol 0.6 nil_bias 0.32 Right 0.04 0.01 0.001 0.04407832198931386 -0.37576520329720986 0.004728749222523924 -0.0006498347241391298
0.002514386035564739 -0.5893488267103772 27 nil_vol 0.6 nil_bias 0.32 Right 0.04 0.01 0.001 0.014500846162106562 -0.5909960314241808 -0.011986460126541823 0.0016472047138034879
0.004209038740119136 -0.6977329318587804 27 nil_vol 0.6 nil_bias 0.32 Right 0.04 0.01 0.001 -8.605244855702798e-05 -0.6971426913392681 0.004295091188676164 -0.000590240519512274
-0.017359742020501244 -0.8228407236222621 27 nil_vol 0.6 nil_bias 0.32 Home 0.04 0.01 0.001 0.0 -0.75 -0.017359742020501244 -0.07284072362226218
0.014150910047438627 -0.6723108713497098 28 nil_vol 0.6 nil_bias 0.32 Home 0.04 0.01 0.001 0.01751324329764544 -0.6730938902317412 -0.0033623332502068135 0.0007830188820313372
0.04585693175603584 -0.5130241079906309 28 nil_vol 0.6 nil_bias 0.32 Home 0.04 0.01 0.001 0.054330677076854274 -0.5149974705617911 -0.008473745320818432 0.0019733625711601923
0.051716027875458134 -0.5092048861769994 28 nil_vol 0.6 nil_bias 0.32 Home 0.04 0.01 0.001 0.05547575115592044 -0.5100804490973714 -0.0037597232804623022 0.0008755629203719486
0.1723608982765286 -0.018661182501633365 28 nil_vol 0.6 nil_bias 0.32 Home 0.04 0.01 0.001 0.17004298908726717 -0.018121388695676144 0.002317909189261425 -0.0005397938059572196
0.16451226795541657 0.012218537971274352 28 nil_vol 0.6 nil_bias 0.32 Home 0.04 0.01 0.001 0.17646054946030504 0.00943602674173516 -0.01194828150488847 0.002782511229539193
0.2358564023627685 0.2883427675290854 28 nil_vol 0.6 nil_bias 0.32 Home 0.04 0.01 0.001 0.24112643538081105 0.28711548425435285 -0.005270033018042543 0.0012272832747325347
0.26683521134714927 0.3590676209593902 28 nil_vol 0.6 nil_bias 0.32 Home 0.04 0.01 0.001 0.25834316965903864 0.3610452443815715 0.008492041688110649 -0.0019776234221812812
0.2992998290049058 0.5369157638494427 28 nil_vol 0.6 nil_bias 0.32 Right 0.04 0.01 0.001 0.4 0.35 -0.10070017099509421 0.18691576384944275
0.22447902601669 0.2486158901325748 29 nil_vol 0.6 nil_bias 0.32 Right 0.04 0.01 0.001 0.22793343908257938 0.24776329844028472 -0.0034544130658893664 0.000852591692290069
0.2039613153481867 0.1258196702413933 29 nil_vol 0.6 nil_bias 0.32 Right 0.04 0.01 0.001 0.19818794231459835 0.1272446098160882 0.005773373033588349 -0.0014249395746949117
0.1763896525963563 0.09172016623588738 29 nil_vol 0.6 nil_bias 0.32 Right 0.04 0.01 0.001 0.1886718837668529 0.0886887603041085 -0.012282231170496602 0.003031405931778892
0.13885010943696835 -0.06638927829287092 29 nil_vol 0.6 nil_bias 0.32 Right 0.04 0.01 0.001 0.1497337240159149 -0.0690754884232474 -0.010883614578946543 0.0026862101303764827
0.13233369891601823 -0.08798365110447166 29 nil_vol 0.6 nil_bias 0.32 Right 0.04 0.01 0.001 0.14433583086848695 -0.09094592509928978 -0.012002131952468716 0.002962273994818123
0.13431260441000906 -0.13428989211204312 29 nil_vol 0.6 nil_bias 0.32 Right 0.04 0.01 0.001 0.13367674043977074 -0.1341329530523212 0.000635863970238313 -0.00015693905972191227
0.077220237665438 -0.2904424091969596 29 nil_vol 0.6 nil_bias 0.32 Right 0.04 0.01 0.001 0.09407114609073505 -0.29460142094712216 -0.016850908425297056 0.004159011750162574
-0.00977816104864924 -0.7153636764439737 29 nil_vol 0.6 nil_bias 0.32 Home 0.04 0.01 0.001 0.0 -0.75 -0.00977816104864924 0.03463632355602627
0.05021381684791423 -0.5573676381470616 30 nil_vol 0.6 nil_bias 0.32 Home 0.04 0.01 0.001 0.03029487097456355 -0.5524675072251422 0.019918945873350687 -0.004900130921919477
0.09162838081598708 -0.27206583088966957 30 nil_vol 0.6 nil_bias 0.32 Home 0.04 0.01 0.001 0.0988383415949479 -0.27383950666465523 -0.007209960778960832 0.001773675774985656
0.0970223217818165 -0.2532325900624374 30 nil_vol 0.6 nil_bias 0.32 Home 0.04 0.01 0.001 0.10351480534320202 -0.25482976391197143 -0.006492483561385527 0.0015971738495340108
0.1646598744080452 -0.012453411016318337 30 nil_vol 0.6 nil_bias 0.32 Home 0.04 0.01 0.001 0.16322695956978164 -0.012100908913441177 0.001432914838263543 -0.00035250210287715935
0.18482798149261573 0.04506056460956165 30 nil_vol 0.6 nil_bias 0.32 Home 0.04 0.01 0.001 0.1777190971914364 0.04680937521460282 0.0071088843011793456 -0.0017488106050411757
0.17098234926455427 0.08525728089388296 30 nil_vol 0.6 nil_bias 0.32 Home 0.04 0.01 0.001 0.18625325682627206 0.08150058378627845 -0.015270907561717794 0.0037566971076045106
0.20259631739244485 0.11540985934802857 30 nil_vol 0.6 nil_bias 0.32 Home 0.04 0.01 0.001 0.19505164468602604 0.1172658754374114 0.007544672706418811 -0.0018560160893828362
0.1959412634421075 0.12088216000871488 30 nil_vol 0.6 nil_bias 0.32 Right 0.04 0.01 0.001 0.4 0.35 -0.20405873655789253 -0.2291178399912851
0.1534293439643205 0.016419364137356784 31 nil_vol 0.6 nil_bias 0.32 Right 0.04 0.01 0.001 0.1755203939923607 0.012266035604375086 -0.02209105002804019 0.004153328532981698
0.10840543822889855 -0.39705796047425035 31 nil_vol 0.6 nil_bias 0.32 Right 0.04 0.01 0.001 0.0988995799689014 -0.3952707682723581 0.009505858259997137 -0.0017871922018922897
0.08768513299470121 -0.5429166989063424 31 nil_vol 0.6 nil_bias 0.32 Right 0.04 0.01 0.001 0.07170557292871835 -0.5399123888947178 0.01597956006598287 -0.003004310011624624
0.05146477580594983 -0.6382566990716639 31 nil_vol 0.6 nil_bias 0.32 Right 0.04 0.01 0.001 0.05315611785184904 -0.6385746875407203 -0.0016913420458992076 0.00031798846905639903
0.03552197839052702 -0.6758781920661655 31 nil_vol 0.6 nil_bias 0.32 Right 0.04 0.01 0.001 0.045780102484095975 -0.6778068174342946 -0.01025812409356895 0.0019286253681290806
0.03668473973272291 -0.7191925897023842 31 nil_vol 0.6 nil_bias 0.32 Right 0.04 0.01 0.001 0.0379543056665709 -0.719431280231393 -0.001269565933847989 0.00023869052900878324
0.04585721048453563 -0.7375654361169827 31 nil_vol 0.6 nil_bias 0.32 Right 0.04 0.01 0.001 0.03493112198479048 -0.7355112270566494 0.010926088499745147 -0.002054209060333226
0.026269150355821443 -0.781583202118937 31 nil_vol 0.6 nil_bias 0.32 Home 0.04 0.01 0.001 0.0 -0.75 0.026269150355821443 -0.03158320211893694
0.0334888849995338 -0.7739081157292224 32 nil_vol 0.6 nil_bias 0.32 Home 0.04 0.01 0.001 0.026853818061805226 -0.7734321861772171 0.006635066937728576 -0.0004759295520052802
0.053906402395260386 -0.4404179881719557 32 nil_vol 0.6 nil_bias 0.32 Home 0.04 0.01 0.001 0.05075694012301826 -0.4401920790466442 0.0031494622722421225 -0.00022590912531153163
0.0449339809574974 -0.40962300577295513 32 nil_vol 0.6 nil_bias 0.32 Home 0.04 0.01 0.001 0.052908611884855045 -0.4101950214828621 -0.007974630927357642 0.0005720157099069244
0.060539508767816164 -0.31989103283727216 32 nil_vol 0.6 nil_bias 0.32 Home 0.04 0.01 0.001 0.05939196949627849 -0.31980872050244014 0.0011475392715376716 -8.231233483205158e-05
0.06795786001919668 -0.08941516268398628 32 nil_vol 0.6 nil_bias 0.32 Home 0.04 0.01 0.001 0.07587722147657262 -0.08998321394646036 -0.00791936145737595 0.000568051262474091
0.08861810632271341 0.07912636747296252 32 nil_vol 0.6 nil_bias 0.32 Home 0.04 0.01 0.001 0.08801048121306229 0.07916995207413347 0.000607625109651117 -4.35846011709438e-05
0.1085777550374356 0.37065205017446606 32 nil_vol 0.6 nil_bias 0.32 Home 0.04 0.01 0.001 0.10891658189670615 0.370627746317873 -0.0003388268592705612 2.4303856593072848e-05
0.11914110092041708 0.5131706244446101 32 nil_vol 0.6 nil_bias 0.32 Right 0.04 0.01 0.001 0.4 0.35 -0.28085889907958295 0.16317062444461022
0.1165421603340999 0.35052058967414573 33 nil_vol 0.6 nil_bias 0.32 Right 0.04 0.01 0.001 0.1096636557577942 0.35092238540585297 0.006878504576305706 -0.0004017957317072351
0.11349347606169333 0.32833206755627176 33 nil_vol 0.6 nil_bias 0.32 Right 0.04 0.01 0.001 0.10836159265506806 0.32863183748817004 0.00513188340662526 -0.00029976993189828664
0.07330085248436652 -0.3042295529742249 33 nil_vol 0.6 nil_bias 0.32 Right 0.04 0.01 0.001 0.07140059289473488 -0.3041185526566733 0.0019002595896316424 -0.00011100031755155185
0.08114190432389339 -0.3998777725973562 33 nil_vol 0.6 nil_bias 0.32 Right 0.04 0.01 0.001 0.06585913313761471 -0.39898505643162774 0.015282771186278672 -0.0008927161657284298
0.05649572724899883 -0.43818990977170874 33 nil_vol 0.6 nil_bias 0.32 Right 0.04 0.01 0.001 0.06354499780808665 -0.4386016804975795 -0.0070492705590878115 0.0004117707258707908
0.06569557385816602 -0.4436739822065239 33 nil_vol 0.6 nil_bias 0.32 Right 0.04 0.01 0.001 0.06325702881151245 -0.44353153889192665 0.0024385450466535715 -0.0001424433145972337
0.06281668683753854 -0.67527069345379 33 nil_vol 0.6 nil_bias 0.32 Right 0.04 0.01 0.001 0.04976492818322857 -0.6745082979562804 0.01305175865430996 -0.0007623954975096086
0.04635483059687916 -0.7328871457197623 33 nil_vol 0.6 nil_bias 0.32 Home 0.04 0.01 0.001 0.0 -0.75 0.04635483059687916 0.01711285428023773
0.03694657516731807 -0.513226524511338 34 nil_vol 0.6 nil_bias 0.32 Home 0.04 0.01 0.001 0.031412556131746136 -0.5136036200138779 0.005534019035571938 0.00037709550253992307
0.031538462182984714 -0.44472068847799767 34 nil_vol 0.6 nil_bias 0.32 Home 0.04 0.01 0.001 0.026741056024296047 -0.44504759018806955 0.00479740615868867 0.00032690171007188426
0.02603986364905995 -0.30148479084569135 34 nil_vol 0.6 nil_bias 0.32 Home 0.04 0.01 0.001 0.017000465848192148 -0.3021007475734268 0.009039397800867804 0.0006159567277354387
-0.001462614199140103 -0.2073630505632548 34 nil_vol 0.6 nil_bias 0.32 Home 0.04 0.01 0.001 0.010489415536208843 -0.20654862317685574 -0.011952029735348946 -0.0008144273863990625
0.019323469172861173 -0.19237169562671358 34 nil_vol 0.6 nil_bias 0.32 Home 0.04 0.01 0.001 0.009568674500951925 -0.19303640045973502 0.009754794671909246 0.0006647048330214519
0.0031909905025322618 0.07422035679391435 34 nil_vol 0.6 nil_bias 0.32 Home 0.04 0.01 0.001 -0.00858786840132248 0.07341772950095693 0.011778858903854742 0.0008026272929574227
0.004894347437703289 0.07989411602041052 34 nil_vol 0.6 nil_bias 0.32 Home 0.04 0.01 0.001 -0.008964826579986603 0.07894973325674537 0.013859174017689891 0.0009443827636651571
-0.02138880753753497 0.2612763498659608 34 nil_vol 0.6 nil_bias 0.32 Left 0.04 0.01 0.001 -0.4 0.35 0.37861119246246505 -0.08872365013403918
0.008460088953568302 -0.13668886755246196 35 nil_vol 0.6 nil_bias 0.32 Left 0.04 0.01 0.001 -0.004424459729031351 -0.13723735049046815 0.012884548682599653 0.0005484829380062025
0.012123817410439176 -0.26299178317111443 35 nil_vol 0.6 nil_bias 0.32 Left 0.04 0.01 0.001 0.0009490365112396239 -0.26346748292670197 0.011174780899199552 0.0004756997555875516
-0.0009772703681458599 -0.2910645513927493 35 nil_vol 0.6 nil_bias 0.32 Left 0.04 0.01 0.001 0.0021182079826015526 -0.2909327798342588 -0.0030954783507474125 -0.00013177155849047366
0.0011943765202278717 -0.36419915244354656 35 nil_vol 0.6 nil_bias 0.32 Left 0.04 0.01 0.001 0.005229774884789852 -0.3640273693873026 -0.00403539836456198 -0.00017178305624390746
0.005623598322620723 -0.5216278237753253 35 nil_vol 0.6 nil_bias 0.32 Left 0.04 0.01 0.001 0.011927252783684651 -0.5213594832222993 -0.006303654461063928 -0.0002683405530260806
0.0029502839344205927 -0.6505605478710227 35 nil_vol 0.6 nil_bias 0.32 Left 0.04 0.01 0.001 0.017401032229810168 -0.6499453933105726 -0.014450748295389575 -0.0006151545604501694
0.013396813512582128 -0.7202610446343938 35 nil_vol 0.6 nil_bias 0.32 Left 0.04 0.01 0.001 0.0203816450061333 -0.7199637070253369 -0.006984831493551171 -0.00029733760905688343
0.021712714184727273 -0.7512321831129338 35 nil_vol 0.6 nil_bias 0.32 Home 0.04 0.01 0.001 0.0 -0.75 0.021712714184727273 -0.001232183112933868
-0.05833472490180704 -0.5066973964430159 36 nil_vol 0.6 nil_bias 0.32 Home 0.04 0.01 0.001 -0.0756339896185302 -0.5137897530967019 0.017299264716723155 0.007092356653685986
-0.10247781696922441 -0.4161972853519705 36 nil_vol 0.6 nil_bias 0.32 Home 0.04 0.01 0.001 -0.11375025803094634 -0.4208187634134109 0.01127244106172193 0.004621478061440435
-0.11107601913181406 -0.36816401988523983 36 nil_vol 0.6 nil_bias 0.32 Home 0.04 0.01 0.001 -0.13184648375955627 -0.3766794999021628 0.020770464627742208 0.008515480016922984
-0.23768162856198902 -0.16265081750050395 36 nil_vol 0.6 nil_bias 0.32 Home 0.04 0.01 0.001 -0.2221967679038131 -0.15630233065330013 -0.01548486065817591 -0.006348486847203832
-0.2837011850729673 -0.01731244409157435 36 nil_vol 0.6 nil_bias 0.32 Home 0.04 0.01 0.001 -0.2798304777541485 -0.015725530586484293 -0.003870707318818845 -0.0015869135050900563
-0.3275349232740706 0.07185520107909837 36 nil_vol 0.6 nil_bias 0.32 Home 0.04 0.01 0.001 -0.3174345551160228 0.075996152413357 -0.010100368158047745 -0.004140951334258631
-0.4057243993765324 0.25485924117102265 36 nil_vol 0.6 nil_bias 0.32 Home 0.04 0.01 0.001 -0.39291751621312027 0.2601098101694379 -0.012806883163412122 -0.005250568998415229
-0.4094161226163416 0.3003522533463494 36 nil_vol 0.6 nil_bias 0.32 Left 0.04 0.01 0.001 -0.4 0.35 -0.009416122616341546 -0.04964774665365057
-0.3641494898068374 0.22516839810413497 37 nil_vol 0.6 nil_bias 0.32 Left 0.04 0.01 0.001 -0.3785451195241549 0.21966089937421232 0.014395629717317514 0.005507498729922644
-0.355196540846 0.16257051884222026 37 nil_vol 0.6 nil_bias 0.32 Left 0.04 0.01 0.001 -0.35651101062394974 0.16206762728591195 0.0013144697779497597 0.0005028915563083127
-0.31357266392326655 0.06260235814923591 37 nil_vol 0.6 nil_bias 0.32 Left 0.04 0.01 0.001 -0.3178337675296598 0.0609721395925549 0.0042611036063932625 0.0016302185566810152
-0.26612159048490713 -0.06568414930598676 37 nil_vol 0.6 nil_bias 0.32 Left 0.04 0.01 0.001 -0.2689617326716217 -0.06677073459563987 0.0028401421867145947 0.0010865852896531085
-0.222650430113491 -0.16549637390514949 37 nil_vol 0.6 nil_bias 0.32 Left 0.04 0.01 0.001 -0.23010066928524217 -0.16834669609193642 0.007450239171751175 0.0028503221867869403
-0.08112480765986556 -0.5463249914012636 37 nil_vol 0.6 nil_bias 0.32 Left 0.04 0.01 0.001 -0.08493547958956515 -0.5477828832215654 0.0038106719296995928 0.0014578918203019152
-0.012168164841828723 -0.6822124028787473 37 nil_vol 0.6 nil_bias 0.32 Left 0.04 0.01 0.001 -0.03078093663895437 -0.689333301307365 0.018612771797125647 0.007120898428617766
-0.009349519769330114 -0.7453512427907425 37 nil_vol 0.6 nil_bias 0.32 Home 0.04 0.01 0.001 0.0 -0.75 -0.009349519769330114 0.0046487572092575235
-0.009522084161247057 -0.7374560994480226 38 nil_vol 0.6 nil_bias 0.32 Home 0.04 0.01 0.001 -0.011484344172486045 -0.738028135377727 0.0019622600112389867 0.0005720359297044727
-0.027216771500689428 -0.643640622810999 38 nil_vol 0.6 nil_bias 0.32 Home 0.04 0.01 0.001 -0.03807714057358892 -0.6468066259318734 0.010860369072899494 0.003166003120874449
-0.0619343549962457 -0.5830332683429968 38 nil_vol 0.6 nil_bias 0.32 Home 0.04 0.01 0.001 -0.05708075602211877 -0.5816183523860518 -0.004853598974126933 -0.0014149159569451313
-0.1049355058474902 -0.465215236843718 38 nil_vol 0.6 nil_bias 0.32 Home 0.04 0.01 0.001 -0.09210485777733042 -0.4614748601069519 -0.01283064807015978 -0.0037403767367661287
-0.13039233853348536 -0.31291336184869883 38 nil_vol 0.6 nil_bias 0.32 Home 0.04 0.01 0.001 -0.13502006657050086 -0.3142624321527928 0.004627728037015494 0.0013490703040939678
-0.17489937075834827 -0.16506567776699876 38 nil_vol 0.6 nil_bias 0.32 Home 0.04 0.01 0.001 -0.17823064172635195 -0.16603680629959128 0.0033312709680036797 0.0009711285325925223
-0.17824911440506525 -0.14541153229250803 38 nil_vol 0.6 nil_bias 0.32 Home 0.04 0.01 0.001 -0.18377379402355903 -0.1470220809577122 0.005524679618493788 0.0016105486652041577
-0.2840941099465983 0.1971076039597044 38 nil_vol 0.6 nil_bias 0.32 Left 0.04 0.01 0.001 -0.4 0.35 0.11590589005340174 -0.1528923960402956
-0.26845298709226323 0.15471913630827921 39 nil_vol 0.6 nil_bias 0.32 Left 0.04 0.01 0.001 -0.27375953729173796 0.15346261344202003 0.005306550199474736 0.001256522866259175
-0.1869333750733616 -0.17615867609849126 39 nil_vol 0.6 nil_bias 0.32 Left 0.04 0.01 0.001 -0.19524351912175264 -0.17812641137398993 0.008310144048391034 0.001967735275498667
-0.18713051725463964 -0.21726294994461018 39 nil_vol 0.6 nil_bias 0.32 Left 0.04 0.01 0.001 -0.1860377588700592 -0.21700419880763655 -0.0010927583845804464 -0.000258751136973637
-0.16896252604495113 -0.31971049012473146 39 nil_vol 0.6 nil_bias 0.32 Left 0.04 0.01 0.001 -0.16210283942663056 -0.31808620452160175 -0.006859686618320569 -0.0016242856031297031
-0.10330777737020011 -0.5881833804702807 39 nil_vol 0.6 nil_bias 0.32 Left 0.04 0.01 0.001 -0.0984212775425676 -0.5870263201319088 -0.00488649982763251 -0.0011570603383719103
-0.0997106052743376 -0.6189972360359128 39 nil_vol 0.6 nil_bias 0.32 Left 0.04 0.01 0.001 -0.09132134593837629 -0.6170107672774232 -0.008389259335961316 -0.0019864687584896634
-0.07954533975455082 -0.6677907029980754 39 nil_vol 0.6 nil_bias 0.32 Left 0.04 0.01 0.001 -0.07931047823740495 -0.6677350908101934 -0.00023486151714586723 -5.561218788193401e-05
-0.06542325936987334 -0.7263836248166163 39 nil_vol 0.6 nil_bias 0.32 Home 0.04 0.01 0.001 0.0 -0.75 -0.06542325936987334 0.023616375183383692
-0.027942971255582035 -0.6414316675128623 40 nil_vol 0.6 nil_bias 0.32 Home 0.04 0.01 0.001 -0.02765533057348281 -0.6415597398453681 -0.0002876406820992261 0.00012807233250576862
0.05160259482682385 -0.4615205526257601 40 nil_vol 0.6 nil_bias 0.32 Home 0.04 0.01 0.001 0.05235763204563669 -0.46185673378426767 -0.0007550372188128396 0.0003361811585075815
0.06888768581929922 -0.4289359857810422 40 nil_vol 0.6 nil_bias 0.32 Home 0.04 0.01 0.001 0.06732536034102637 -0.42824035863026744 0.0015623254782728445 -0.000695627150774762
0.16830647411090632 -0.21429762864115748 40 nil_vol 0.6 nil_bias 0.32 Home 0.04 0.01 0.001 0.16353043985207272 -0.21217109409398494 0.004776034258833593 -0.0021265345471725397
0.1617480529695179 -0.20695521815914786 40 nil_vol 0.6 nil_bias 0.32 Home 0.04 0.01 0.001 0.16517368734668758 -0.20848048566231947 -0.003425634377169681 0.0015252675031716156
0.18784019129921836 -0.16936299542964983 40 nil_vol 0.6 nil_bias 0.32 Home 0.04 0.01 0.001 0.18345929880940143 -0.16741239819307985 0.0043808924898169205 -0.0019505972365699896
0.27067066740620466 0.035741056919441815 40 nil_vol 0.6 nil_bias 0.32 Home 0.04 0.01 0.001 0.27337706121302874 0.03453603207737321 -0.0027063938068240716 0.0012050248420686042
0.38983567080781945 0.29609317907994115 40 nil_vol 0.6 nil_bias 0.32 Right 0.04 0.01 0.001 0.4 0.35 -0.010164329192180577 -0.05390682092005881
0.3511289157564716 0.18699029022270525 41 nil_vol 0.6 nil_bias 0.32 Right 0.04 0.01 0.001 0.3476594978022082 0.18834837681990965 0.0034694179542634446 -0.001358086597204417
0.21608182965854847 -0.12199015136539197 41 nil_vol 0.6 nil_bias 0.32 Right 0.04 0.01 0.001 0.224837397872039 -0.12541747548673005 -0.008755568213490513 0.0034273241213380714
0.19599274642558132 -0.18838837593508012 41 nil_vol 0.6 nil_bias 0.32 Right 0.04 0.01 0.001 0.1996303597780858 -0.18981230179381886 -0.003637613352504486 0.0014239258587387376
0.1098617268912784 -0.4133110986242623 41 nil_vol 0.6 nil_bias 0.32 Right 0.04 0.01 0.001 0.11183976198367324 -0.414085390734119 -0.001978035092394828 0.0007742921098567167
0.007337746896979714 -0.6801588824419236 41 nil_vol 0.6 nil_bias 0.32 Right 0.04 0.01 0.001 0.007640249788921638 -0.680277295711405 -0.00030250289194192484 0.00011841326948142866
0.019715981209049167 -0.7007364625647874 41 nil_vol 0.6 nil_bias 0.32 Right 0.04 0.01 0.001 0.002300214455680738 -0.693919146311863 0.01741576675336843 -0.006817316252924413
-0.0019267229067652248 -0.7078124806803621 41 nil_vol 0.6 nil_bias 0.32 Right 0.04 0.01 0.001 -0.002977285969052168 -0.7074012429358129 0.0010505630622869432 -0.000411237744549237
-0.003417010480184992 -0.7085245793393932 41 nil_vol 0.6 nil_bias 0.32 Home 0.04 0.01 0.001 0.0 -0.75 -0.003417010480184992 0.041475420660606784
0.020234692705738577 -0.6617909475739092 42 nil_vol 0.6 nil_bias 0.32 Home 0.04 0.01 0.001 0.006664201110115847 -0.6590270328572624 0.013570491595622732 -0.0027639147166468327
0.018710519962399814 -0.6192197818128679 42 nil_vol 0.6 nil_bias 0.32 Home 0.04 0.01 0.001 0.014928659723468877 -0.6184495268005841 0.003781860238930937 -0.000770255012283736
0.04761643451665109 -0.5058763783281347 42 nil_vol 0.6 nil_bias 0.32 Home 0.04 0.01 0.001 0.0382452713536963 -0.5039677447612753 0.009371163162954792 -0.0019086335668594373
0.070851154360207 -0.3289421568870133 42 nil_vol 0.6 nil_bias 0.32 Home 0.04 0.01 0.001 0.07377174504448009 -0.32953699632349825 -0.00292059068427308 0.0005948394364849524
0.15004082994459272 -0.001512796430997647 42 nil_vol 0.6 nil_bias 0.32 Home 0.04 0.01 0.001 0.1409575326347438 0.00033720722829999605 0.009083297309848902 -0.001850003659297643
0.16363851331172025 0.22074602429159432 42 nil_vol 0.6 nil_bias 0.32 Home 0.04 0.01 0.001 0.18496379061628307 0.21640268511605054 -0.021325277304562823 0.004343339175543784
0.2027511789280691 0.34340131298884835 42 nil_vol 0.6 nil_bias 0.32 Home 0.04 0.01 0.001 0.21050795454336102 0.3418214832438634 -0.007756775615291916 0.0015798297449849167
0.22080699198519713 0.3923885286760758 42 nil_vol 0.6 nil_bias 0.32 Right 0.04 0.01 0.001 0.4 0.35 -0.1791930080148029 0.042388528676075864
0.22331442870606844 0.24092085555043363 43 nil_vol 0.6 nil_bias 0.32 Right 0.04 0.01 0.001 0.19011243811295445 0.24797795870522152 0.03320199059311398 -0.0070571031547878825
0.09176402388905956 -0.22901767092049682 43 nil_vol 0.6 nil_bias 0.32 Right 0.04 0.01 0.001 0.08885801585871184 -0.22839999715839837 0.0029060080303477225 -0.0006176737620984431
0.09052773663420453 -0.27501685881757365 43 nil_vol 0.6 nil_bias 0.32 Right 0.04 0.01 0.001 0.07945003929954203 -0.2726622875580888 0.011077697334662507 -0.0023545712594848366
0.04464836089389317 -0.33767552369156223 43 nil_vol 0.6 nil_bias 0.32 Right 0.04 0.01 0.001 0.06472444423098969 -0.34194270733094895 -0.02007608333709652 0.004267183639386735
0.05145303899674915 -0.4460989346397129 43 nil_vol 0.6 nil_bias 0.32 Right 0.04 0.01 0.001 0.042969253618906994 -0.44429570093339016 0.008483785377842152 -0.0018032337063227243
0.0504829635218425 -0.4629669814290537 43 nil_vol 0.6 nil_bias 0.32 Right 0.04 0.01 0.001 0.039496983626943205 -0.46063190476678845 0.010985979894899293 -0.0023350766622652263
0.01205541438138937 -0.5227438446893903 43 nil_vol 0.6 nil_bias 0.32 Right 0.04 0.01 0.001 0.025679545561731604 -0.5256396620008372 -0.013624131180342234 0.0028958173114469157
-0.019436719569808608 -0.7379009507532277 43 nil_vol 0.6 nil_bias 0.32 Home 0.04 0.01 0.001 0.0 -0.75 -0.019436719569808608 0.012099049246772305
0.028591563378093487 -0.5713283277744753 44 nil_vol 0.6 nil_bias 0.32 Home 0.04 0.01 0.001 0.04042525945224115 -0.5756955590907941 -0.011833696074147665 0.004367231316318821
0.08220508153989181 -0.4415925633146465 44 nil_vol 0.6 nil_bias 0.32 Home 0.04 0.01 0.001 0.08899170871309212 -0.444097171387836 -0.006786627173200309 0.0025046080731894603
0.1476452016066817 -0.2823607840266276 44 nil_vol 0.6 nil_bias 0.32 Home 0.04 0.01 0.001 0.14855648610315011 -0.28269709401516513 -0.0009112844964684152 0.0003363099885374857
0.17610318399175448 -0.23051117650899874 44 nil_vol 0.6 nil_bias 0.32 Home 0.04 0.01 0.001 0.1688091581051582 -0.2278193126927922 0.007294025886596281 -0.0026918638162065356
0.2533586110497626 0.006653447694871294 44 nil_vol 0.6 nil_bias 0.32 Home 0.04 0.01 0.001 0.2551037587664322 0.006009400077619076 -0.001745147716669594 0.0006440476172522185
0.2827093867428087 0.09365692339083848 44 nil_vol 0.6 nil_bias 0.32 Home 0.04 0.01 0.001 0.2868818392697786 0.09211707774773081 -0.0041724525269698845 0.0015398456431076582
0.32064690492439085 0.14181478557311444 44 nil_vol 0.6 nil_bias 0.32 Home 0.04 0.01 0.001 0.3070717193174235 0.14682471445214884 0.01357518560696733 -0.005009928879034388
0.39512278575508025 0.38541284586949254 44 nil_vol 0.6 nil_bias 0.32 Right 0.04 0.01 0.001 0.4 0.35 -0.004877214244919789 0.03541284586949258
0.39572415175337733 0.359335611989383 45 nil_vol 0.6 nil_bias 0.32 Right 0.04 0.01 0.001 0.3876182619479822 0.3619255596989959 0.008105889805395124 -0.002589947709612931
0.24319040457203522 -0.08388982488327124 45 nil_vol 0.6 nil_bias 0.32 Right 0.04 0.01 0.001 0.24499013762658337 -0.08446486533095154 -0.0017997330545481474 0.0005750404476803082
0.21900456202896065 -0.1349060503567731 45 nil_vol 0.6 nil_bias 0.32 Right 0.04 0.01 0.001 0.22795927637742158 -0.13776720964635514 -0.008954714348460933 0.002861159289582019
0.19609322293467646 -0.22456271633294786 45 nil_vol 0.6 nil_bias 0.32 Right 0.04 0.01 0.001 0.19984396030478163 -0.2257611305594277 -0.0037507373701051714 0.001198414226479852
0.180150903260509 -0.2519313143417948 45 nil_vol 0.6 nil_bias 0.32 Right 0.04 0.01 0.001 0.19043256390090718 -0.2552164519474026 -0.01028166064039817 0.0032851376056078304
0.1412571585395904 -0.4340424126700214 45 nil_vol 0.6 nil_bias 0.32 Right 0.04 0.01 0.001 0.13403265711229434 -0.4317340811513438 0.007224501427296065 -0.0023083315186775747
0.07761790207792815 -0.6427697122720869 45 nil_vol 0.6 nil_bias 0.32 Right 0.04 0.01 0.001 0.0676240239915632 -0.6395765253078742 0.009993878086364961 -0.0031931869642126335
0.025534519618919307 -0.7713061672392691 45 nil_vol 0.6 nil_bias 0.32 Home 0.04 0.01 0.001 0.0 -0.75 0.025534519618919307 -0.0213061672392691
0.011659802705301371 -0.7673745283782463 46 nil_vol 0.6 nil_bias 0.32 Home 0.04 0.01 0.001 0.025759688942613976 -0.7701707598662021 -0.014099886237312604 0.002796231487955842
0.0505722389740331 -0.6544015592250481 46 nil_vol 0.6 nil_bias 0.32 Home 0.04 0.01 0.001 0.0487887059160436 -0.6540478562793205 0.001783533057989503 -0.0003537029457275225
0.13704465488786918 -0.27966978300399364 46 nil_vol 0.6 nil_bias 0.32 Home 0.04 0.01 0.001 0.12356400960136196 -0.276996356836317 0.013480645286507224 -0.0026734261676766235
0.2394828898690422 0.3140201351263208 46 nil_vol 0.6 nil_bias 0.32 Home 0.04 0.01 0.001 0.24072319115780375 0.3137741636723803 -0.0012403012887615382 0.0002459714539404856
0.26601689305974446 0.40356868710678184 46 nil_vol 0.6 nil_bias 0.32 Home 0.04 0.01 0.001 0.25881415005344766 0.40499710549646806 0.007202743006296824 -0.0014284183896862157
0.27589949060335095 0.43949864895477947 46 nil_vol 0.6 nil_bias 0.32 Home 0.04 0.01 0.001 0.2660439642412831 0.44145315643662464 0.009855526362067796 -0.001954507481845144
0.26174920725107503 0.4586607354928517 46 nil_vol 0.6 nil_bias 0.32 Home 0.04 0.01 0.001 0.26916484938163193 0.45719009582385906 -0.007415642130556892 0.0014706396689926288
0.2786401623701364 0.504968985295743 46 nil_vol 0.6 nil_bias 0.32 Right 0.04 0.01 0.001 0.4 0.35 -0.12135983762986365 0.154968985295743
0.2162586539493359 0.22950991714815064 47 nil_vol 0.6 nil_bias 0.32 Right 0.04 0.01 0.001 0.21008672066422968 0.2310545868371272 0.006171933285106239 -0.0015446696889765761
0.18552682731824094 0.1282673857051649 47 nil_vol 0.6 nil_bias 0.32 Right 0.04 0.01 0.001 0.18443050562422808 0.12854176567848635 0.0010963216940128684 -0.0002743799733214356
0.1854757755081109 0.1013955660185419 47 nil_vol 0.6 nil_bias 0.32 Right 0.04 0.01 0.001 0.17809861916604006 0.10324187077688018 0.007377156342070829 -0.0018463047583382902
0.14749925862265462 0.022901452765726825 47 nil_vol 0.6 nil_bias 0.32 Right 0.04 0.01 0.001 0.15737309846562433 0.020430294959136563 -0.009873839842969717 0.002471157806590261
0.13915233838485694 -0.068701039280871 47 nil_vol 0.6 nil_bias 0.32 Right 0.04 0.01 0.001 0.13530678418935918 -0.0677386000047634 0.0038455541954977553 -0.0009624392761076056
0.11430484590627557 -0.1367710447972491 47 nil_vol 0.6 nil_bias 0.32 Right 0.04 0.01 0.001 0.11781024456925945 -0.13764835224896066 -0.0035053986629838834 0.0008773074517115453
0.06056239495906031 -0.2648909735919816 47 nil_vol 0.6 nil_bias 0.32 Right 0.04 0.01 0.001 0.08446748668651405 -0.270873778152217 -0.023905091727453743 0.0059828045602354375
-0.042172292748590814 -0.7768798683163186 47 nil_vol 0.6 nil_bias 0.32 Home 0.04 0.01 0.001 0.0 -0.75 -0.042172292748590814 -0.026879868316318646
-0.07368972771602711 -0.6005865593090708 48 nil_vol 0.6 nil_bias 0.32 Home 0.04 0.01 0.001 -0.07884698130843087 -0.6016660441627301 0.005157253592403771 0.0010794848536593105
-0.1153178109330567 -0.4150200336450821 48 nil_vol 0.6 nil_bias 0.32 Home 0.04 0.01 0.001 -0.11780559001808066 -0.41554076038333854 0.00248777908502397 0.0005207267382564536
-0.1845808320980298 -0.1598227184769139 48 nil_vol 0.6 nil_bias 0.32 Home 0.04 0.01 0.001 -0.17188707309974394 -0.15716573829761182 -0.012693758998285872 -0.002656980179302063
-0.1738089580603862 -0.13138826585203686 48 nil_vol 0.6 nil_bias 0.32 Home 0.04 0.01 0.001 -0.1771368535615251 -0.13208484063232917 0.0033278955011388786 0.0006965747802923094
-0.20702279819688194 -0.007962201366853446 48 nil_vol 0.6 nil_bias 0.32 Home 0.04 0.01 0.001 -0.20328136774963373 -0.007179067974930842 -0.003741430447248188 -0.0007831333919226038
-0.23250429971574266 0.11134190930327802 48 nil_vol 0.6 nil_bias 0.32 Home 0.04 0.01 0.001 -0.22827476136437358 0.11222721046337591 -0.004229538351369078 -0.0008853011600978939
-0.22449664081968082 0.13980685424680314 48 nil_vol 0.6 nil_bias 0.32 Home 0.04 0.01 0.001 -0.23364667979124853 0.13789162392057908 0.009150038971567702 0.0019152303262240733
-0.2372124885930665 0.15492732404241205 48 nil_vol 0.6 nil_bias 0.32 Left 0.04 0.01 0.001 -0.4 0.35 0.1627875114069335 -0.19507267595758793
-0.22317280961958674 0.013486665896085936 49 nil_vol 0.6 nil_bias 0.32 Left 0.04 0.01 0.001 -0.20773022870983074 0.016782349915921868 -0.01544258090975601 -0.0032956840198359325
-0.20716049492121708 0.016486563187601215 49 nil_vol 0.6 nil_bias 0.32 Left 0.04 0.01 0.001 -0.20764503438628537 0.016383155021483298 0.0004845394650682932 0.00010340816611791711
-0.18663734845685379 -0.05981123768780155 49 nil_vol 0.6 nil_bias 0.32 Left 0.04 0.01 0.001 -0.19117720741258853 -0.06078011333754943 0.004539858955734742 0.0009688756497478781
-0.1896503240419906 -0.14080154590723404 49 nil_vol 0.6 nil_bias 0.32 Left 0.04 0.01 0.001 -0.17477683400819233 -0.13762731462361422 -0.014873490033798271 -0.0031742312836198342
-0.13050293749653463 -0.3779964420296335 49 nil_vol 0.6 nil_bias 0.32 Left 0.04 0.01 0.001 -0.1237843737758505 -0.37656259731028874 -0.006718563720684128 -0.0014338447193447776
-0.10298284279970099 -0.513388657226872 49 nil_vol 0.6 nil_bias 0.32 Left 0.04 0.01 0.001 -0.09494947898010608 -0.5116742139663519 -0.0080333638195949 -0.0017144432605200688
-0.07662511743346184 -0.5891489212797134 49 nil_vol 0.6 nil_bias 0.32 Left 0.04 0.01 0.001 -0.07833720711122999 -0.5895143075208166 0.0017120896777681474 0.0003653862411031191
-0.05073233519517336 -0.7188624080976362 49 nil_vol 0.6 nil_bias 0.32 Home 0.04 0.01 0.001 0.0 -0.75 -0.05073233519517336 0.031137591902363808
-0.022066920191461867 -0.6455450270843422 50 nil_vol 0.6 nil_bias 0.32 Home 0.04 0.01 0.001 -0.025097746189578565 -0.6445002221499652 0.003030825998116699 -0.0010448049343770875
-0.009074188728615847 -0.5571078391424252 50 nil_vol 0.6 nil_bias 0.32 Home 0.04 0.01 0.001 0.0035307682581554797 -0.5614530972554193 -0.012604956986771327 0.004345258112993968
0.03433647232814924 -0.493115978788324 50 nil_vol 0.6 nil_bias 0.32 Home 0.04 0.01 0.001 0.027858210464408333 -0.49088275260984027 0.006478261863740901 -0.0022332261784837656
0.08469813692840009 -0.2935583008137383 50 nil_vol 0.6 nil_bias 0.32 Home 0.04 0.01 0.001 0.0946933178138919 -0.29700390089623807 -0.009995180885491813 0.0034456000824997857
0.12796581797888296 -0.23745415436664535 50 nil_vol 0.6 nil_bias 0.32 Home 0.04 0.01 0.001 0.11657527913044774 -0.2335275379256309 0.011390538848435224 -0.003926616441014439
0.12770200733618703 -0.2290530680749441 50 nil_vol 0.6 nil_bias 0.32 Home 0.04 0.01 0.001 0.11913572901301817 -0.22610004805107742 0.00856627832316887 -0.002953020023866677
0.17878531138473355 -0.11249592333753912 50 nil_vol 0.6 nil_bias 0.32 Home 0.04 0.01 0.001 0.16047407589749324 -0.10618356188772393 0.018311235487240302 -0.006312361449815192
0.39211786028495244 0.5657811091465161 50 nil_vol 0.6 nil_bias 0.32 Right 0.04 0.01 0.001 0.4 0.35 -0.007882139715047589 0.2157811091465162
0.26568954414307044 0.08375648926827711 51 nil_vol 0.6 nil_bias 0.32 Right 0.04 0.01 0.001 0.25306259252775315 0.08742708478625855 0.01262695161531729 -0.003670595517981439
0.238540012141076 0.07899683107245721 51 nil_vol 0.6 nil_bias 0.32 Right 0.04 0.01 0.001 0.2496713200189201 0.07576101216299674 -0.011131307877844096 0.0032358189094604628
0.16015191624343852 -0.21229532733525477 51 nil_vol 0.6 nil_bias 0.32 Right 0.04 0.01 0.001 0.1654841052882698 -0.21384536964200163 -0.005332189044831274 0.0015500423067468603
0.16810087229547585 -0.22261586296238667 51 nil_vol 0.6 nil_bias 0.32 Right 0.04 0.01 0.001 0.16333711912913862 -0.2212310622952236 0.004763753166337228 -0.0013848006671630803
0.06791791107820465 -0.5000181714742523 51 nil_vol 0.6 nil_bias 0.32 Right 0.04 0.01 0.001 0.08117476236233018 -0.5038718758669285 -0.013256851284125527 0.003853704392676166
0.0801477220367752 -0.5073035381972046 51 nil_vol 0.6 nil_bias 0.32 Right 0.04 0.01 0.001 0.08017489779023984 -0.5073114380610755 -2.717575346463862e-05 7.899863870870193e-06
0.07881700047722828 -0.5536705097243854 51 nil_vol 0.6 nil_bias 0.32 Right 0.04 0.01 0.001 0.06764279573733584 -0.5504222208986405 0.01117420473989244 -0.003248288825744859
0.00039536218537627744 -0.7817552799500006 51 nil_vol 0.6 nil_bias 0.32 Home 0.04 0.01 0.001 0.0 -0.75 0.00039536218537627744 -0.03175527995000062
-0.11292519500316318 -0.5403725021365899 52 nil_vol 0.6 nil_bias 0.32 Home 0.04 0.01 0.001 -0.1129175518022812 -0.5403689142232398 -7.643200881980168e-06 -3.5879133501291674e-06
-0.1744288006034823 -0.39889907691993753 52 nil_vol 0.6 nil_bias 0.32 Home 0.04 0.01 0.001 -0.17844261479423787 -0.40078326362944855 0.004013814190755574 0.001884186709511005
-0.3963115652826487 0.04482087871796715 52 nil_vol 0.6 nil_bias 0.32 Home 0.04 0.01 0.001 -0.38918989321848446 0.04816397314513299 -0.007121672064164263 -0.0033430944271658366
-0.41119742405849335 0.05408502155277166 52 nil_vol 0.6 nil_bias 0.32 Home 0.04 0.01 0.001 -0.39544138885050495 0.06148130616451419 -0.015756035207988423 -0.007396284611742532
-0.4451640919772524 0.1711590709183069 52 nil_vol 0.6 nil_bias 0.32 Home 0.04 0.01 0.001 -0.44660861273628255 0.17048097604733703 0.0014445207590301926 0.0006780948709698711
-0.45604848630502953 0.19240222315581568 52 nil_vol 0.6 nil_bias 0.32 Home 0.04 0.01 0.001 -0.45674542694555303 0.19207506145131603 0.000696940640523488 0.0003271617044996416
-0.4768253586266646 0.19787359491694267 52 nil_vol 0.6 nil_bias 0.32 Home 0.04 0.01 0.001 -0.46260172948777045 0.20455052905261895 -0.014223629138894118 -0.006676934135676282
-0.4637748817005907 0.20704965240168252 52 nil_vol 0.6 nil_bias 0.32 Left 0.04 0.01 0.001 -0.4 0.35 -0.0637748817005907 -0.14295034759831746
-0.371981415579183 0.011864624455660167 53 nil_vol 0.6 nil_bias 0.32 Left 0.04 0.01 0.001 -0.36901802397571704 0.013314030994910547 -0.002963391603465984 -0.0014494065392503814
-0.2945976892010523 -0.08597367012410252 53 nil_vol 0.6 nil_bias 0.32 Left 0.04 0.01 0.001 -0.3154642602308343 -0.0961795924419376 0.020866571029782 0.010205922317835089
-0.30644046569195554 -0.1053081342613514 53 nil_vol 0.6 nil_bias 0.32 Left 0.04 0.01 0.001 -0.3101193756818165 -0.10710750366982966 0.003678909989860962 0.0017993694084782609
-0.28439725276836303 -0.16667081736210423 53 nil_vol 0.6 nil_bias 0.32 Left 0.04 0.01 0.001 -0.28164510081712324 -0.16532472897119696 -0.00275215195123981 -0.0013460883909072823
-0.2637735552513578 -0.17556503576457036 53 nil_vol 0.6 nil_bias 0.32 Left 0.04 0.01 0.001 -0.2741534258998324 -0.18064187150132413 0.010379870648474591 0.005076835736753772
-0.15775350702156493 -0.39351120455680716 53 nil_vol 0.6 nil_bias 0.32 Left 0.04 0.01 0.001 -0.16766672718829245 -0.3983597996995748 0.009913220166727525 0.004848595142767658
-0.17834936018145328 -0.43253950238614153 53 nil_vol 0.6 nil_bias 0.32 Left 0.04 0.01 0.001 -0.15623867647102307 -0.42172507964170514 -0.022110683710430196 -0.010814422744436407
-0.0006929206367332163 -0.7397469557072703 53 nil_vol 0.6 nil_bias 0.32 Home 0.04 0.01 0.001 0.0 -0.75 -0.0006929206367332163 0.010253044292729715
0.011754722793632835 -0.7394318087125141 54 nil_vol 0.6 nil_bias 0.32 Home 0.04 0.01 0.001 0.004989822481273616 -0.7333871229359552 0.006764900312359218 -0.0060446857765589015
0.12238810713778256 -0.6010248247794483 54 nil_vol 0.6 nil_bias 0.32 Home 0.04 0.01 0.001 0.12287312975508495 -0.6014582102220631 -0.0004850226173023903 0.00043338544261484896
0.174305099066244 -0.553721153088212 54 nil_vol 0.6 nil_bias 0.32 Home 0.04 0.01 0.001 0.16942457955357773 -0.5493602304554669 0.0048805195126662825 -0.004360922632745151
0.2525138006563253 -0.4409413240347145 54 nil_vol 0.6 nil_bias 0.32 Home 0.04 0.01 0.001 0.26018004718443194 -0.4477913956112873 -0.0076662465281066815 0.006850071576572827
0.37651711452601794 -0.3184740378313336 54 nil_vol 0.6 nil_bias 0.32 Home 0.04 0.01 0.001 0.37607934953168776 -0.3180828788027418 0.0004377649943301685 -0.0003911590285918238
0.6696241323232281 0.003142695041749792 54 nil_vol 0.6 nil_bias 0.32 Home 0.04 0.01 0.001 0.6659998218431359 0.006381148972670614 0.003624310480092286 -0.003238453930920822
0.9063029495850695 0.24516160200015036 54 nil_vol 0.6 nil_bias 0.32 Home 0.04 0.01 0.001 0.891320771742912 0.25854872570083687 0.014982177842157543 -0.013387123700686504
0.9532260483656022 0.3278299159300374 54 nil_vol 0.6 nil_bias 0.32 Right 0.04 0.01 0.001 0.4 0.35 0.5532260483656022 -0.02217008406996259
0.750082467344375 0.07634370164554918 55 nil_vol 0.6 nil_bias 0.32 Right 0.04 0.01 0.001 0.7479710304773574 0.07807896233493264 0.0021114368670176985 -0.001735260689383457
0.5757736584601898 -0.13890285152615317 55 nil_vol 0.6 nil_bias 0.32 Right 0.04 0.01 0.001 0.5721168440776125 -0.1358975396716618 0.003656814382577293 -0.003005311854491373
0.5449402730722909 -0.15688514514942545 55 nil_vol 0.6 nil_bias 0.32 Right 0.04 0.01 0.001 0.5508660404048787 -0.16175517051807226 -0.005925767332587845 0.00487002536864682
0.4745528342509315 -0.24275101169925414 55 nil_vol 0.6 nil_bias 0.32 Right 0.04 0.01 0.001 0.48037089132950733 -0.2475325166046325 -0.00581805707857583 0.004781504905378339
0.2907864003676666 -0.4620004406348654 55 nil_vol 0.6 nil_bias 0.32 Right 0.04 0.01 0.001 0.298740491316295 -0.4685374210004829 -0.007954090948628369 0.006536980365617479
0.2505792673468746 -0.5255348230683989 55 nil_vol 0.6 nil_bias 0.32 Right 0.04 0.01 0.001 0.2513662638338616 -0.5261816072976051 -0.0007869964869870213 0.0006467842292061344
0.20082354575499675 -0.5693628372195252 55 nil_vol 0.6 nil_bias 0.32 Right 0.04 0.01 0.001 0.20980918409221494 -0.576747583227875 -0.008985638337218197 0.007384746008349852
0.057184905159283636 -0.7624583132136287 55 nil_vol 0.6 nil_bias 0.32 Home 0.04 0.01 0.001 0.0 -0.75 0.057184905159283636 -0.012458313213628672
0.04847808516254156 -0.714620587158706 56 nil_vol 0.6 nil_bias 0.32 Home 0.04 0.01 0.001 0.039305060123182495 -0.7183379714702307 0.009173025039359066 0.00371738431152469
-0.15512633101442855 -0.27410745890185323 56 nil_vol 0.6 nil_bias 0.32 Home 0.04 0.01 0.001 -0.14275230012387996 -0.26909286141569383 -0.01237403089054859 -0.0050145974861594
-0.20264994265828296 -0.10641540168439925 56 nil_vol 0.6 nil_bias 0.32 Home 0.04 0.01 0.001 -0.20782734367985428 -0.1085135524306885 0.005177401021571328 0.002098150746289245
-0.2560796378556475 -0.005509673981423288 56 nil_vol 0.6 nil_bias 0.32 Home 0.04 0.01 0.001 -0.2504881314530025 -0.0032437063110205555 -0.0055915064026450054 -0.0022659676704027327
-0.3221337397609465 0.15034617664370753 56 nil_vol 0.6 nil_bias 0.32 Home 0.04 0.01 0.001 -0.31405711391673186 0.1536192432792518 -0.008076625844214667 -0.0032730666355442846
-0.3796343545916896 0.30210610981419067 56 nil_vol 0.6 nil_bias 0.32 Home 0.04 0.01 0.001 -0.374993789422276 0.30398670690003393 -0.004640565169413569 -0.0018805970858432601
-0.4008172589628553 0.3246746773375389 56 nil_vol 0.6 nil_bias 0.32 Home 0.04 0.01 0.001 -0.3858377024504917 0.33074516860227754 -0.014979556512363617 -0.006070491264738637
-0.4662491943833763 0.5291687285946624 56 nil_vol 0.6 nil_bias 0.32 Left 0.04 0.01 0.001 -0.4 0.35 -0.06624919438337631 0.17916872859466237
-0.42368784943480226 0.437840751938119 57 nil_vol 0.6 nil_bias 0.32 Left 0.04 0.01 0.001 -0.429399522085717 0.4355915573675032 0.005711672650914758 0.0022491945706158037
-0.4008573623135064 0.32017715873701136 57 nil_vol 0.6 nil_bias 0.32 Left 0.04 0.01 0.001 -0.3862203472249608 0.32594105608885027 -0.014637015088545565 -0.0057638973518389066
-0.2867105658835392 0.04438927575712124 57 nil_vol 0.6 nil_bias 0.32 Left 0.04 0.01 0.001 -0.27687371714376124 0.04826291980672098 -0.009836848739777977 -0.0038736440495997417
-0.2380640975630096 -0.007002353146082055 57 nil_vol 0.6 nil_bias 0.32 Left 0.04 0.01 0.001 -0.2528223009654941 -0.012813973137923762 0.014758203402484462 0.005811619991841707
-0.05393671919781437 -0.5207515987512806 57 nil_vol 0.6 nil_bias 0.32 Left 0.04 0.01 0.001 -0.05295432759626861 -0.5203647436229389 -0.000982391601545755 -0.0003868551283416772
-0.022381108525506264 -0.6212771708474474 57 nil_vol 0.6 nil_bias 0.32 Left 0.04 0.01 0.001 -0.014446525981684832 -0.6181526185370471 -0.007934582543821431 -0.003124552310400332
0.02219172302513097 -0.6743233913281083 57 nil_vol 0.6 nil_bias 0.32 Left 0.04 0.01 0.001 0.00962208554269428 -0.6792731778631572 0.012569637482436691 0.004949786535049001
0.054171884685964324 -0.7924042838575556 57 nil_vol 0.6 nil_bias 0.32 Home 0.04 0.01 0.001 0.0 -0.75 0.054171884685964324 -0.04240428385755557
0.19989842419277248 -0.27003569164027075 58 nil_vol 0.6 nil_bias 0.32 Home 0.04 0.01 0.001 0.19727232358752675 -0.269317271682475 0.0026261006052457287 -0.0007184199577957425
0.24435422648585192 -0.14055189187119946 58 nil_vol 0.6 nil_bias 0.32 Home 0.04 0.01 0.001 0.23332405050964367 -0.13753437664597234 0.011030175976208263 -0.003017515225227125
0.24853329340959507 -0.09442602416880144 58 nil_vol 0.6 nil_bias 0.32 Home 0.04 0.01 0.001 0.24535502510258755 -0.09355654819426229 0.0031782683070075246 -0.000869475974539154
0.2881841187088253 0.06008829260375939 58 nil_vol 0.6 nil_bias 0.32 Home 0.04 0.01 0.001 0.2874429721200006 0.06029104740302349 0.0007411465888247326 -0.00020275479926409762
0.3378945202163342 0.31861216841309703 58 nil_vol 0.6 nil_bias 0.32 Home 0.04 0.01 0.001 0.35670394812327055 0.3134664903015767 -0.018809427906936366 0.005145678111520348
0.3711999767482905 0.3800456143640824 58 nil_vol 0.6 nil_bias 0.32 Home 0.04 0.01 0.001 0.3746590606283054 0.3790993159282463 -0.0034590838800148856 0.0009462984358360844
0.39153677738041115 0.4127364827294523 58 nil_vol 0.6 nil_bias 0.32 Home 0.04 0.01 0.001 0.38439559615027064 0.4146900891936225 0.007141181230140489 -0.0019536064641701807
0.4008059680695788 0.47467629525870403 58 nil_vol 0.6 nil_bias 0.32 Right 0.04 0.01 0.001 0.4 0.35 0.0008059680695788025 0.12467629525870408
0.37002283849633283 0.43966617539713115 59 nil_vol 0.6 nil_bias 0.32 Right 0.04 0.01 0.001 0.387489296737618 0.4339543835406266 -0.017466458241285152 0.005711791856504559
0.3029643852359474 0.1872420251371573 59 nil_vol 0.6 nil_bias 0.32 Right 0.04 0.01 0.001 0.30643910116686357 0.18610574130195123 -0.0034747159309162197 0.0011362838352060563
0.2556120768013182 0.01896588534258776 59 nil_vol 0.6 nil_bias 0.32 Right 0.04 0.01 0.001 0.25215190641481666 0.020097412568240325 0.003460170386501554 -0.0011315272256525674
0.2101072197537495 -0.1094012673720637 59 nil_vol 0.6 nil_bias 0.32 Right 0.04 0.01 0.001 0.20983321232160945 -0.1093116628627866 0.0002740074321400489 -8.960450927709665e-05
0.11045324087991683 -0.41868550628998624 59 nil_vol 0.6 nil_bias 0.32 Right 0.04 0.01 0.001 0.108836276232612 -0.418156734779635 0.0016169646473048332 -0.0005287715103512572
0.09718493397372432 -0.41460009340954496 59 nil_vol 0.6 nil_bias 0.32 Right 0.04 0.01 0.001 0.10876138036306099 -0.418385763709754 -0.01157644638933667 0.0037856703002090496
0.022827114967976552 -0.7065672242822283 59 nil_vol 0.6 nil_bias 0.32 Right 0.04 0.01 0.001 0.015324114206021477 -0.7041136313408622 0.0075030007619550755 -0.0024535929413660716
-0.012313221100199044 -0.7886276289013251 59 nil_vol 0.6 nil_bias 0.32 Home 0.04 0.01 0.001 0.0 -0.75 -0.012313221100199044 -0.038627628901325116
-0.06540635533306889 -0.644287976627279 60 nil_vol 0.6 nil_bias 0.32 Home 0.04 0.01 0.001 -0.06350353420217793 -0.6436162636941019 -0.0019028211308909702 -0.0006717129331771735
-0.09390013374247333 -0.5471485970613602 60 nil_vol 0.6 nil_bias 0.32 Home 0.04 0.01 0.001 -0.09715222560846996 -0.5482966146710067 0.003252091865996639 0.0011480176096464623
-0.10244633214828404 -0.5133351861566489 60 nil_vol 0.6 nil_bias 0.32 Home 0.04 0.01 0.001 -0.108713000594409 -0.5155473763488108 0.0062666684461249594 0.002212190192161909
-0.1849657743396914 -0.22497125657279032 60 nil_vol 0.6 nil_bias 0.32 Home 0.04 0.01 0.001 -0.2083721810012077 -0.23323392814948396 0.02340640666151629 0.008262671576693626
-0.2480264867819334 -0.13180799614891303 60 nil_vol 0.6 nil_bias 0.32 Home 0.04 0.01 0.001 -0.24460305694596254 -0.13059949469845378 -0.0034234298359708654 -0.001208501450459246
-0.2650561252891248 -0.05405585789309455 60 nil_vol 0.6 nil_bias 0.32 Home 0.04 0.01 0.001 -0.270895919634007 -0.05611735769718573 0.005839794344882203 0.0020614998040911813
-0.3381062604762612 0.17442783212850338 60 nil_vol 0.6 nil_bias 0.32 Home 0.04 0.01 0.001 -0.35070984092019397 0.16997865514014165 0.012603580443932798 0.004449176988361738
-0.5615396476191904 0.7672150509185964 60 nil_vol 0.6 nil_bias 0.32 Left 0.04 0.01 0.001 -0.4 0.35 -0.1615396476191904 0.4172150509185965
-0.5357845537909836 0.732535444325465 61 nil_vol 0.6 nil_bias 0.32 Left 0.04 0.01 0.001 -0.5470613928113823 0.7283360339147582 0.01127683902039882 0.0041994104107068424
-0.5156245628519175 0.6497161098956951 61 nil_vol 0.6 nil_bias 0.32 Left 0.04 0.01 0.001 -0.5175209395300233 0.6490099134207561 0.0018963766781058334 0.0007061964749389187
-0.4927716357058304 0.6083576479073813 61 nil_vol 0.6 nil_bias 0.32 Left 0.04 0.01 0.001 -0.5012118794667101 0.6052145643310151 0.008440243760879727 0.0031430835763662677
-0.37173355372069433 0.2549625626854656 61 nil_vol 0.6 nil_bias 0.32 Left 0.04 0.01 0.001 -0.3708967073819895 0.2552741979957296 -0.0008368463387048523 -0.00031163531026399055
-0.35759288198164596 0.23954044589986423 61 nil_vol 0.6 nil_bias 0.32 Left 0.04 0.01 0.001 -0.364130907492751 0.2371057341559849 0.0065380255111050735 0.0024347117438793197
-0.19587383558853116 -0.27032141106012963 61 nil_vol 0.6 nil_bias 0.32 Left 0.04 0.01 0.001 -0.17769044184578625 -0.2635500513868083 -0.018183393742744903 -0.0067713596733212965
-0.07027561700867514 -0.5169682903672825 61 nil_vol 0.6 nil_bias 0.32 Left 0.04 0.01 0.001 -0.0817308229927784 -0.5212341232996687 0.011455205984103255 0.004265832932386157
-0.006941217517359285 -0.7220695403846779 61 nil_vol 0.6 nil_bias 0.32 Home 0.04 0.01 0.001 0.0 -0.75 -0.006941217517359285 0.027930459615322104
0.08717167994737618 -0.6174854299943613 62 nil_vol 0.6 nil_bias 0.32 Home 0.04 0.01 0.001 0.08795846930951116 -0.6182043044414974 -0.0007867893621349831 0.0007188744471361836
0.2749774289196828 -0.40694161507538984 62 nil_vol 0.6 nil_bias 0.32 Home 0.04 0.01 0.001 0.27825173222956795 -0.40993328361455605 -0.003274303309885164 0.002991668539166203
0.38822534318627033 -0.29330641423931186 62 nil_vol 0.6 nil_bias 0.32 Home 0.04 0.01 0.001 0.3863647377212623 -0.29160641448160446 0.0018606054650080748 -0.0016999997577074133
0.3948154501307117 -0.27563499676003755 62 nil_vol 0.6 nil_bias 0.32 Home 0.04 0.01 0.001 0.3981629673192967 -0.27869355942500923 -0.0033475171885850264 0.003058562664971668
0.43881178621094874 -0.22663927587214291 62 nil_vol 0.6 nil_bias 0.32 Home 0.04 0.01 0.001 0.44257903036294954 -0.23008133506527673 -0.0037672441520008254 0.003442059193133822
0.4704868848653325 -0.19903922337769958 62 nil_vol 0.6 nil_bias 0.32 Home 0.04 0.01 0.001 0.470734720171372 -0.1992656657740819 -0.00024783530603947893 0.0002264423963823133
0.4940796941694043 -0.15783411725047072 62 nil_vol 0.6 nil_bias 0.32 Home 0.04 0.01 0.001 0.501987989683558 -0.16505977616138956 -0.00790829551415369 0.007225658910918845
0.5033625735470765 -0.16355532991839505 62 nil_vol 0.6 nil_bias 0.32 Right 0.04 0.01 0.001 0.4 0.35 0.10336257354707644 -0.513555329918395
0.4761329944568513 -0.19626614709695145 63 nil_vol 0.6 nil_bias 0.32 Right 0.04 0.01 0.001 0.47512420516050863 -0.19537077816957854 0.0010087892963426693 -0.0008953689273729221
0.4389251186508597 -0.21380747232350633 63 nil_vol 0.6 nil_bias 0.32 Right 0.04 0.01 0.001 0.4500200559459238 -0.2236549817500704 -0.011094937295064085 0.009847509426564057
0.37855439783210176 -0.2961361365712448 63 nil_vol 0.6 nil_bias 0.32 Right 0.04 0.01 0.001 0.38254467074870774 -0.2996777744476772 -0.003990272916605991 0.0035416378764323415
0.23237925257343975 -0.4912364055882119 63 nil_vol 0.6 nil_bias 0.32 Right 0.04 0.01 0.001 0.22127279782143044 -0.48137867363737197 0.01110645475200931 -0.009857731950839938
0.21719151934766903 -0.4963846289408199 63 nil_vol 0.6 nil_bias 0.32 Right 0.04 0.01 0.001 0.2120244730607287 -0.49179852487687226 0.005167046286940338 -0.004586104063947653
0.19323653310580213 -0.5229304366094665 63 nil_vol 0.6 nil_bias 0.32 Right 0.04 0.01 0.001 0.1882897499679158 -0.5185398310309045 0.004946783137886327 -0.00439060557856198
0.10312162077978362 -0.615222711566876 63 nil_vol 0.6 nil_bias 0.32 Right 0.04 0.01 0.001 0.1027611253274725 -0.6149027474002965 0.0003604954523111227 -0.00031996416657952367
0.00441225575403976 -0.7257099062149085 63 nil_vol 0.6 nil_bias 0.32 Home 0.04 0.01 0.001 0.0 -0.75 0.00441225575403976 0.024290093785091553
