x y trial vol omega bias theta state target_sigma moving_sigma staying_sigma x_mean y_mean x_noise y_noise
0.07503952114151806 -0.4801983386758645 0 nil_vol 0.6 nil_bias 0.21 Home 0.01 0.01 0.001 0.07905648022967968 -0.4813805563232169 -0.0040169590881616165 0.0011822176473524145
0.11322118840721034 -0.3708849220768452 0 nil_vol 0.6 nil_bias 0.21 Home 0.01 0.01 0.001 0.1117072119159953 -0.37043934877467594 0.0015139764912150463 -0.00044557330216929094
0.13874477944696 -0.2661042758992396 0 nil_vol 0.6 nil_bias 0.21 Home 0.01 0.01 0.001 0.14212125622711191 -0.26709799536407935 -0.003376476780151916 0.0009937194648397805
0.14586605756515805 -0.2485169432082281 0 nil_vol 0.6 nil_bias 0.21 Home 0.01 0.01 0.001 0.14745238123856877 -0.24898380876497372 -0.0015863236734107056 0.0004668655567456432
0.20214088861390456 -0.05346113203888161 0 nil_vol 0.6 nil_bias 0.21 Home 0.01 0.01 0.001 0.20476841251306088 -0.05423442971362702 -0.0026275238991563133 0.0007732976747454098
0.29872392903615164 0.2614528352728573 0 nil_vol 0.6 nil_bias 0.21 Home 0.01 0.01 0.001 0.2977606958657098 0.2617363211704278 0.0009632331704418209 -0.00028348589757051584
0.34557923494333975 0.441035794427831 0 nil_vol 0.6 nil_bias 0.21 Home 0.01 0.01 0.001 0.35013510463671266 0.4396949718223888 -0.004555869693372878 0.0013408226054421669
0.36131610585304574 0.4776859665865758 0 nil_vol 0.6 nil_bias 0.21 Right 0.01 0.01 0.001 0.4 0.35 -0.03868389414695428 0.12768596658657586
0.3067759385766242 0.3909262166132768 1 nil_vol 0.6 nil_bias 0.21 Right 0.01 0.01 0.001 0.3369190796354287 0.3831473527907031 -0.030143141058804522 0.00777886382257372
0.27365508009582296 0.11936787978269207 1 nil_vol 0.6 nil_bias 0.21 Right 0.01 0.01 0.001 0.26914726385527155 0.12053118551131631 0.004507816240551397 -0.0011633057286242299
0.20177364123031985 -0.12521532388541415 1 nil_vol 0.6 nil_bias 0.21 Right 0.01 0.01 0.001 0.20548193991315478 -0.12617230280180936 -0.0037082986828349397 0.0009569789163952025
0.20868392129235236 -0.13921110884710403 1 nil_vol 0.6 nil_bias 0.21 Right 0.01 0.01 0.001 0.20252711694557837 -0.1376222584183331 0.0061568043467739855 -0.0015888504287709495
0.1754919981568307 -0.1883533308136067 1 nil_vol 0.6 nil_bias 0.21 Right 0.01 0.01 0.001 0.18856464585387595 -0.1917269124200297 -0.013072647697045253 0.003373581606423004
0.0978945824492676 -0.5648019036854082 1 nil_vol 0.6 nil_bias 0.21 Right 0.01 0.01 0.001 0.09263747649631249 -0.5634452331503401 0.005257105952955116 -0.0013566705350680317
0.08784565676740443 -0.5722760250035389 1 nil_vol 0.6 nil_bias 0.21 Right 0.01 0.01 0.001 0.09020166261708218 -0.5728840256307488 -0.0023560058496777513 0.0006080006272099225
0.035798349086370584 -0.7836971715125128 1 nil_vol 0.6 nil_bias 0.21 Home 0.01 0.01 0.001 0.0 -0.75 0.035798349086370584 -0.03369717151251284
0.029213164531613045 -0.7768841152669248 2 nil_vol 0.6 nil_bias 0.21 Home 0.01 0.01 0.001 0.037243066783593425 -0.7802315505730585 -0.008029902251980381 0.0033474353061337
0.07713524084958423 -0.6618996150507858 2 nil_vol 0.6 nil_bias 0.21 Home 0.01 0.01 0.001 0.08517507240062899 -0.6652511895961294 -0.008039831551044761 0.0033515745453436257
0.09338932314237372 -0.6407886654487973 2 nil_vol 0.6 nil_bias 0.21 Home 0.01 0.01 0.001 0.09507913662497361 -0.6414931000900833 -0.0016898134825998846 0.0007044346412860194
0.12872992277696713 -0.5432103453056488 2 nil_vol 0.6 nil_bias 0.21 Home 0.01 0.01 0.001 0.13496657487841035 -0.5458102261985072 -0.006236652101443225 0.0025998808928583447
0.23639032968470547 -0.29667921034863015 2 nil_vol 0.6 nil_bias 0.21 Home 0.01 0.01 0.001 0.23846209545932937 -0.2975428699153833 -0.0020717657746239016 0.0008636595667531454
0.2830544420005026 -0.21269865730101428 2 nil_vol 0.6 nil_bias 0.21 Home 0.01 0.01 0.001 0.2751967330269508 -0.20942300442032025 0.00785770897355183 -0.003275652880694027
0.5045785313472283 0.3406873650599566 2 nil_vol 0.6 nil_bias 0.21 Home 0.01 0.01 0.001 0.5045303054731755 0.3407074690398567 4.822587405287858e-05 -2.010397990012261e-05
0.5073549879382608 0.3474833801518525 2 nil_vol 0.6 nil_bias 0.21 Right 0.01 0.01 0.001 0.4 0.35 0.10735498793826087 -0.0025166198481474953
0.49311226895223725 0.30787795074560537 3 nil_vol 0.6 nil_bias 0.21 Right 0.01 0.01 0.001 0.49106177004963536 0.3087402778018821 0.002050498902601872 -0.0008623270562767733
0.4312494507925066 0.1880548878883902 3 nil_vol 0.6 nil_bias 0.21 Right 0.01 0.01 0.001 0.43894679533339603 0.18481780814615242 -0.00769734454088945 0.0032370797422377655
0.38884444155073017 0.05730289841408239 3 nil_vol 0.6 nil_bias 0.21 Right 0.01 0.01 0.001 0.38585053459464674 0.05856197100803989 0.0029939069560834014 -0.0012590725939575038
0.25081025558359643 -0.2713531775033202 3 nil_vol 0.6 nil_bias 0.21 Right 0.01 0.01 0.001 0.24766298882643883 -0.2700296102121728 0.0031472667571576193 -0.0013235672911474
0.14386509009944723 -0.5202945120912231 3 nil_vol 0.6 nil_bias 0.21 Right 0.01 0.01 0.001 0.14263320507953237 -0.5197764490083574 0.0012318850199148604 -0.0005180630828656879
0.10850830613999782 -0.5831241763815718 3 nil_vol 0.6 nil_bias 0.21 Right 0.01 0.01 0.001 0.11486789113019163 -0.5857986680366403 -0.006359584990193812 0.0026744916550684793
0.09173069666162033 -0.6535153053491168 3 nil_vol 0.6 nil_bias 0.21 Right 0.01 0.01 0.001 0.08719259760237086 -0.6516068304906864 0.004538099059249475 -0.0019084748584304952
0.03299996288157253 -0.7804696989525515 3 nil_vol 0.6 nil_bias 0.21 Home 0.01 0.01 0.001 0.0 -0.75 0.03299996288157253 -0.030469698952551465
-0.06680453237846229 -0.4469616689838752 4 nil_vol 0.6 nil_bias 0.21 Home 0.01 0.01 0.001 -0.06806860042373203 -0.44734518185879096 0.001264068045269738 0.00038351287491577435
-0.06764952910569147 -0.4168578810280128 4 nil_vol 0.6 nil_bias 0.21 Home 0.01 0.01 0.001 -0.07650333422922596 -0.41954408788972186 0.008853805123534493 0.0026862068617090574
-0.12950344517595813 -0.1722465624102073 4 nil_vol 0.6 nil_bias 0.21 Home 0.01 0.01 0.001 -0.1496755327583785 -0.17836668808756828 0.020172087582420367 0.006120125677360981
-0.21666918562926288 0.033490131272910194 4 nil_vol 0.6 nil_bias 0.21 Home 0.01 0.01 0.001 -0.2141810244458401 0.03424502880574409 -0.002488161183422759 -0.0007548975328339015
-0.21838865163177082 0.08955528778423662 4 nil_vol 0.6 nil_bias 0.21 Home 0.01 0.01 0.001 -0.2299021190894805 0.08606215066912726 0.011513467457709687 0.0034931371151093547
-0.26977284250998823 0.17377229220026788 4 nil_vol 0.6 nil_bias 0.21 Home 0.01 0.01 0.001 -0.2576306773630221 0.17745617352346155 -0.012142165146966156 -0.0036838813231936606
-0.25998282367042275 0.22202599905121884 4 nil_vol 0.6 nil_bias 0.21 Home 0.01 0.01 0.001 -0.2702114394175134 0.21892268048679897 0.010228615747090657 0.0031033185644198575
-0.30395206112033313 0.33013261504619484 4 nil_vol 0.6 nil_bias 0.21 Left 0.01 0.01 0.001 -0.4 0.35 0.09604793887966692 -0.01986738495380513
-0.28399415371702486 0.22105482829570644 5 nil_vol 0.6 nil_bias 0.21 Left 0.01 0.01 0.001 -0.2740320216962796 0.2238595597681235 -0.009962132020745224 -0.002804731472417044
-0.1146528885998593 -0.337246894598404 5 nil_vol 0.6 nil_bias 0.21 Left 0.01 0.01 0.001 -0.11595528141349487 -0.3376135693329133 0.0013023928136355776 0.000366674734509314
-0.07965726236636665 -0.48335586318552765 5 nil_vol 0.6 nil_bias 0.21 Left 0.01 0.01 0.001 -0.0752707918027597 -0.4821208994230559 -0.00438647056360696 -0.0012349637624717049
-0.06107732724569979 -0.5616772767503511 5 nil_vol 0.6 nil_bias 0.21 Left 0.01 0.01 0.001 -0.05347512998785231 -0.5595369596109872 -0.007602197257847476 -0.002140317139363944
-0.016178290489300737 -0.6638997723999579 5 nil_vol 0.6 nil_bias 0.21 Left 0.01 0.01 0.001 -0.023511626619336035 -0.6659643945710847 0.007333336130035298 0.002064622171126819
-0.0300961666403937 -0.668673195292841 5 nil_vol 0.6 nil_bias 0.21 Left 0.01 0.01 0.001 -0.02328859098369207 -0.6667565953466196 -0.00680757565670163 -0.001916599946221441
-0.008160612676544322 -0.7116901097002132 5 nil_vol 0.6 nil_bias 0.21 Left 0.01 0.01 0.001 -0.01045609200877129 -0.7123363772977488 0.0022954793322269677 0.000646267597535635
-0.004901626624723306 -0.7320652953794715 5 nil_vol 0.6 nil_bias 0.21 Home 0.01 0.01 0.001 0.0 -0.75 -0.004901626624723306 0.017934704620528492
0.0472517993183894 -0.6404814646858826 6 nil_vol 0.6 nil_bias 0.21 Home 0.01 0.01 0.001 0.03947526426316752 -0.636856804283649 0.007776535055221881 -0.003624660402233612
0.16558988330005922 -0.3792930897063208 6 nil_vol 0.6 nil_bias 0.21 Home 0.01 0.01 0.001 0.16060850028058732 -0.37697125592677466 0.004981383019471902 -0.002321833779546119
0.20854201325794233 -0.2699687558120407 6 nil_vol 0.6 nil_bias 0.21 Home 0.01 0.01 0.001 0.2101362542558905 -0.27071183511096314 -0.00159424099794816 0.000743079298922445
0.344241183211966 -0.009354053990216975 6 nil_vol 0.6 nil_bias 0.21 Home 0.01 0.01 0.001 0.3341483765930921 -0.004649774225636172 0.010092806618873906 -0.004704279764580804
0.3967415505225163 0.17043246232135995 6 nil_vol 0.6 nil_bias 0.21 Home 0.01 0.01 0.001 0.41236120819344263 0.16315210490585086 -0.015619657670926311 0.0072803574155091
0.44202648378141085 0.22984854135311764 6 nil_vol 0.6 nil_bias 0.21 Home 0.01 0.01 0.001 0.4431947575700178 0.22930400632428272 -0.001168273788606943 0.0005445350288349218
0.4942695058987058 0.29680800579145056 6 nil_vol 0.6 nil_bias 0.21 Home 0.01 0.01 0.001 0.4781586312859276 0.3043173205234757 0.01611087461277814 -0.007509314732025153
0.5500587779235984 0.45857563682226243 6 nil_vol 0.6 nil_bias 0.21 Right 0.01 0.01 0.001 0.4 0.35 0.1500587779235984 0.10857563682226246
0.5013558075401404 0.378101028587415 7 nil_vol 0.6 nil_bias 0.21 Right 0.01 0.01 0.001 0.5130908347760521 0.37302982950367203 -0.011735027235911676 0.0050711990837429815
0.48158875726667183 0.2726259477554345 7 nil_vol 0.6 nil_bias 0.21 Right 0.01 0.01 0.001 0.4715725810637828 0.2769543589778012 0.010016176202889037 -0.004328411222366714
0.43627726440917264 0.22292555439473558 7 nil_vol 0.6 nil_bias 0.21 Right 0.01 0.01 0.001 0.4463444471165943 0.21857510111538417 -0.010067182707421688 0.00435045327935141
0.4249575490148458 0.1442064920688278 7 nil_vol 0.6 nil_bias 0.21 Right 0.01 0.01 0.001 0.41589840722219595 0.1481213284501014 0.00905914179264985 -0.003914836381273606
0.21468487682780305 -0.32252144633891 7 nil_vol 0.6 nil_bias 0.21 Right 0.01 0.01 0.001 0.21285549124391445 -0.32173089184676207 0.0018293855838885798 -0.0007905544921479389
0.14331110385381018 -0.4698933539094757 7 nil_vol 0.6 nil_bias 0.21 Right 0.01 0.01 0.001 0.14796007606506395 -0.47190237043275307 -0.004648972211253774 0.0020090165232773878
0.08335785136799939 -0.6093420784853439 7 nil_vol 0.6 nil_bias 0.21 Right 0.01 0.01 0.001 0.0877469455051254 -0.6112387907570072 -0.004389094137126016 0.001896712271663165
0.0029565887090396356 -0.8074482335167118 7 nil_vol 0.6 nil_bias 0.21 Home 0.01 0.01 0.001 0.0 -0.75 0.0029565887090396356 -0.05744823351671182
0.029365676784036995 -0.8070471714392398 8 nil_vol 0.6 nil_bias 0.21 Home 0.01 0.01 0.001 0.006199747085447443 -0.7985775818532813 0.023165929698589553 -0.008469589585958412
0.012521699228747192 -0.7880252135038439 8 nil_vol 0.6 nil_bias 0.21 Home 0.01 0.01 0.001 0.010348267073549433 -0.7872305949158158 0.0021734321551977577 -0.0007946185880280402
0.021494272607349055 -0.7483194209052966 8 nil_vol 0.6 nil_bias 0.21 Home 0.01 0.01 0.001 0.024211234387473666 -0.7493127568731508 -0.00271696178012461 0.0009933359678541834
0.07864466536120104 -0.6035236614802714 8 nil_vol 0.6 nil_bias 0.21 Home 0.01 0.01 0.001 0.07764600668650473 -0.6031585464505193 0.0009986586746963124 -0.0003651150297520713
0.14421993391890514 -0.39635946276019285 8 nil_vol 0.6 nil_bias 0.21 Home 0.01 0.01 0.001 0.15218782674690698 -0.39927256760839525 -0.007967892828001845 0.002913104848202398
0.27873102866669364 -0.03570206673523695 8 nil_vol 0.6 nil_bias 0.21 Home 0.01 0.01 0.001 0.28435891051538853 -0.0377596508735335 -0.0056278818486949125 0.002057584138296548
0.3395619892749477 0.0778045565331422 8 nil_vol 0.6 nil_bias 0.21 Home 0.01 0.01 0.001 0.32813696429599476 0.08198160765261209 0.011425024978952923 -0.004177051119469895
0.4272167384954829 0.35298353287727313 8 nil_vol 0.6 nil_bias 0.21 Right 0.01 0.01 0.001 0.4 0.35 0.027216738495482923 0.002983532877273137
0.3433273620549863 0.12512997466161013 9 nil_vol 0.6 nil_bias 0.21 Right 0.01 0.01 0.001 0.339299128052824 0.12669502411868086 0.004028234002162321 -0.0015650494570707298
0.31857641849028806 0.12491216624992821 9 nil_vol 0.6 nil_bias 0.21 Right 0.01 0.01 0.001 0.33597949607272803 0.11815072262298473 -0.017403077582439953 0.006761443626943476
0.2630815791013252 -0.04312635480873677 9 nil_vol 0.6 nil_bias 0.21 Right 0.01 0.01 0.001 0.2719773323766581 -0.04658253283273478 -0.008895753275332922 0.0034561780239980083
0.22734436138179223 -0.167276681117901 9 nil_vol 0.6 nil_bias 0.21 Right 0.01 0.01 0.001 0.22538152779410228 -0.16651408102091425 0.001962833587689961 -0.000762600096986764
0.13365805209629672 -0.38360874909163023 9 nil_vol 0.6 nil_bias 0.21 Right 0.01 0.01 0.001 0.14006829614254246 -0.3860992570807099 -0.00641024404624575 0.002490507989079709
0.07315233834703881 -0.5860807682990059 9 nil_vol 0.6 nil_bias 0.21 Right 0.01 0.01 0.001 0.06378539903127967 -0.5824415250766226 0.009366939315759147 -0.0036392432223833365
0.06593216375104473 -0.6101820606097155 9 nil_vol 0.6 nil_bias 0.21 Right 0.01 0.01 0.001 0.05470270781002168 -0.6058191924361526 0.011229455941023054 -0.004362868173562879
-0.011522243420214913 -0.7762736142641296 9 nil_vol 0.6 nil_bias 0.21 Home 0.01 0.01 0.001 0.0 -0.75 -0.011522243420214913 -0.02627361426412956
-0.026723484158458183 -0.7350021827448274 10 nil_vol 0.6 nil_bias 0.21 Home 0.01 0.01 0.001 -0.02798547995675207 -0.7355118897203782 0.0012619957982938873 0.0005097069755507505
-0.06048887108343903 -0.638359924428365 10 nil_vol 0.6 nil_bias 0.21 Home 0.01 0.01 0.001 -0.06627953554926064 -0.6406987135711604 0.005790664465821603 0.0023387891427953792
-0.13563771867504368 -0.4364717296390665 10 nil_vol 0.6 nil_bias 0.21 Home 0.01 0.01 0.001 -0.1469236517449874 -0.44103000060884795 0.011285933069943709 0.00455827096978146
-0.1897073221442468 -0.34916362517434785 10 nil_vol 0.6 nil_bias 0.21 Home 0.01 0.01 0.001 -0.18482410827033277 -0.34719134588625106 -0.004883213873914016 -0.001972279288096765
-0.25753764490112774 -0.16827156833708187 10 nil_vol 0.6 nil_bias 0.21 Home 0.01 0.01 0.001 -0.25715101498808385 -0.1681154125369584 -0.00038662991304387487 -0.0001561558001234731
-0.25458258308487963 -0.16339494007771455 10 nil_vol 0.6 nil_bias 0.21 Home 0.01 0.01 0.001 -0.2584299551845041 -0.16494885364808387 0.003847372099624477 0.0015539135703693187
-0.2828201761808513 -0.09573343090893931 10 nil_vol 0.6 nil_bias 0.21 Home 0.01 0.01 0.001 -0.28588533489036344 -0.09697141662768782 0.00306515870951213 0.001237985718748519
-0.43627987403429735 0.27539405135695133 10 nil_vol 0.6 nil_bias 0.21 Left 0.01 0.01 0.001 -0.4 0.35 -0.03627987403429732 -0.07460594864304865
-0.42161047541259866 0.24523040262537335 11 nil_vol 0.6 nil_bias 0.21 Left 0.01 0.01 0.001 -0.42384161606645576 0.2443368418873309 0.002231140653857091 0.0008935607380424582
-0.33171816018329886 -0.019302201218822923 11 nil_vol 0.6 nil_bias 0.21 Left 0.01 0.01 0.001 -0.32011637346853444 -0.014655743326742354 -0.011601786714764419 -0.004646457892080569
-0.2498477580163595 -0.2120481787891792 11 nil_vol 0.6 nil_bias 0.21 Left 0.01 0.01 0.001 -0.24227614329243247 -0.20901578474033733 -0.007571614723927027 -0.0030323940488418593
-0.18630456134856652 -0.29745584659395435 11 nil_vol 0.6 nil_bias 0.21 Left 0.01 0.01 0.001 -0.2040155601679681 -0.3045490135573076 0.01771099881940158 0.007093166963353293
-0.14117450954907343 -0.4744256313228436 11 nil_vol 0.6 nil_bias 0.21 Left 0.01 0.01 0.001 -0.13669871944967854 -0.4726330996428599 -0.004475790099394888 -0.0017925316799837186
-0.06771260220317425 -0.6260710641758408 11 nil_vol 0.6 nil_bias 0.21 Left 0.01 0.01 0.001 -0.07420605241352435 -0.6286716586979171 0.0064934502103501 0.0026005945220762576
-0.04328818311341479 -0.742866769478994 11 nil_vol 0.6 nil_bias 0.21 Left 0.01 0.01 0.001 -0.03051952366712518 -0.7377529848599405 -0.012768659446289613 -0.0051137846190534965
-0.026771200516821296 -0.747112210045637 11 nil_vol 0.6 nil_bias 0.21 Home 0.01 0.01 0.001 0.0 -0.75 -0.026771200516821296 0.002887789954363002
0.11785030730578329 -0.45361709990993976 12 nil_vol 0.6 nil_bias 0.21 Home 0.01 0.01 0.001 0.12074863098359281 -0.4550811917143903 -0.0028983236778095285 0.001464091804450535
0.3001865865433374 -0.07263409053455624 12 nil_vol 0.6 nil_bias 0.21 Home 0.01 0.01 0.001 0.3111457293092284 -0.0781701151097931 -0.01095914276589102 0.005536024575236854
0.42696850562809807 0.12266511853186914 12 nil_vol 0.6 nil_bias 0.21 Home 0.01 0.01 0.001 0.4155194432331553 0.12844862661601353 0.011449062394942758 -0.00578350808414439
0.4169313558602513 0.14163204562677018 12 nil_vol 0.6 nil_bias 0.21 Home 0.01 0.01 0.001 0.42111220414444134 0.13952008492500345 -0.004180848284190036 0.0021119607017667202
0.459484514747992 0.18529827825780507 12 nil_vol 0.6 nil_bias 0.21 Home 0.01 0.01 0.001 0.44733691328222114 0.19143465422089556 0.012147601465770883 -0.0061363759630905035
0.46679799857486537 0.23164915712918002 12 nil_vol 0.6 nil_bias 0.21 Home 0.01 0.01 0.001 0.4674778391505559 0.231305734818269 -0.0006798405756905595 0.0003434223109110224
0.49954363492233267 0.2843258696930477 12 nil_vol 0.6 nil_bias 0.21 Home 0.01 0.01 0.001 0.4953349810516791 0.2864518764213403 0.0042086538706535516 -0.0021260067282926265
0.49757776856777997 0.2908917101410914 12 nil_vol 0.6 nil_bias 0.21 Right 0.01 0.01 0.001 0.4 0.35 0.09757776856777993 -0.05910828985890857
0.4536424428047342 0.22774350743267308 13 nil_vol 0.6 nil_bias 0.21 Right 0.01 0.01 0.001 0.46502145819744345 0.2223394715547318 -0.011379015392709241 0.005404035877941288
0.4177060287275129 0.1526881210908716 13 nil_vol 0.6 nil_bias 0.21 Right 0.01 0.01 0.001 0.4293230433333151 0.14717105642774206 -0.011617014605802242 0.005517064663129542
0.4013321248997612 0.11409124546373574 13 nil_vol 0.6 nil_bias 0.21 Right 0.01 0.01 0.001 0.4113529212221836 0.10933224470813352 -0.010020796322422351 0.004759000755602214
0.2653516401047456 -0.21040380200472472 13 nil_vol 0.6 nil_bias 0.21 Right 0.01 0.01 0.001 0.26058204150735054 -0.20813866033348521 0.004769598597395068 -0.002265141671239499
0.22278267798444834 -0.3199805986998202 13 nil_vol 0.6 nil_bias 0.21 Right 0.01 0.01 0.001 0.2102855414234563 -0.3140455531781836 0.012497136560992052 -0.005935045521636594
0.1563782064460722 -0.404159245623237 13 nil_vol 0.6 nil_bias 0.21 Right 0.01 0.01 0.001 0.1654445817774366 -0.4084649799844865 -0.009066375331364392 0.004305734361249487
0.11796719849115188 -0.46860369132877716 13 nil_vol 0.6 nil_bias 0.21 Right 0.01 0.01 0.001 0.1334026257602 -0.4759341676375388 -0.015435427269048136 0.007330476308761669
0.006719886061353364 -0.7426838483544838 13 nil_vol 0.6 nil_bias 0.21 Home 0.01 0.01 0.001 0.0 -0.75 0.006719886061353364 0.0073161516455162905
0.0226574720308149 -0.7066160096816566 14 nil_vol 0.6 nil_bias 0.21 Home 0.01 0.01 0.001 0.01932173436684589 -0.7054859339580487 0.00333573766396901 -0.0011300757236078855
0.136251628926014 -0.31400162100108153 14 nil_vol 0.6 nil_bias 0.21 Home 0.01 0.01 0.001 0.15033211788838674 -0.31877178591086447 -0.014080488962372732 0.004770164909782917
0.17861221745421127 -0.2658193834000283 14 nil_vol 0.6 nil_bias 0.21 Home 0.01 0.01 0.001 0.16933589634651944 -0.26267676658053873 0.00927632110769184 -0.0031426168194896
0.18147804419821456 -0.22000864831857136 14 nil_vol 0.6 nil_bias 0.21 Home 0.01 0.01 0.001 0.18355280896727025 -0.2207115337172142 -0.0020747647690556753 0.0007028853986428238
0.18125064648257785 -0.2082795432333606 14 nil_vol 0.6 nil_bias 0.21 Home 0.01 0.01 0.001 0.18709386729185118 -0.21025909997595627 -0.005843220809273328 0.001979556742595678
0.27327307033501624 0.06622269587446597 14 nil_vol 0.6 nil_bias 0.21 Home 0.01 0.01 0.001 0.2799891105594644 0.06394744680485165 -0.006716040224448161 0.0022752490696143156
0.31548430514050085 0.20493941152347137 14 nil_vol 0.6 nil_bias 0.21 Home 0.01 0.01 0.001 0.3264909011033515 0.20121061503220938 -0.011006595962850663 0.003728796491261984
0.3936060957820739 0.39932006737905795 14 nil_vol 0.6 nil_bias 0.21 Right 0.01 0.01 0.001 0.4 0.35 -0.006393904217926129 0.04932006737905796
0.3315578672037419 0.2093617658977708 15 nil_vol 0.6 nil_bias 0.21 Right 0.01 0.01 0.001 0.32996676029548183 0.20989631865057765 0.001591106908260112 -0.0005345527528068357
0.3025891440927203 0.17090081799326448 15 nil_vol 0.6 nil_bias 0.21 Right 0.01 0.01 0.001 0.31541774502988074 0.16659088513456155 -0.01282860093716045 0.004309932858702922
0.3232463873934763 0.1065092449743867 15 nil_vol 0.6 nil_bias 0.21 Right 0.01 0.01 0.001 0.29807380323068244 0.1149662971621605 0.025172584162793825 -0.008457052187773807
0.275985468327899 0.018464240553428615 15 nil_vol 0.6 nil_bias 0.21 Right 0.01 0.01 0.001 0.26670068384344336 0.021583582867648887 0.00928478448445564 -0.003119342314220272
0.25957376899703105 -0.035068211278230225 15 nil_vol 0.6 nil_bias 0.21 Right 0.01 0.01 0.001 0.24887533121330185 -0.03147393402486909 0.010698437783729172 -0.0035942772533611405
0.10447456567346199 -0.4533058064763851 15 nil_vol 0.6 nil_bias 0.21 Right 0.01 0.01 0.001 0.10688359870310321 -0.45411515198982105 -0.0024090330296412253 0.0008093455134359759
0.08210988715226242 -0.5002078559931353 15 nil_vol 0.6 nil_bias 0.21 Right 0.01 0.01 0.001 0.09045611681704135 -0.5030118787899092 -0.008346229664778939 0.0028040227967738142
5.2103012430294525e-05 -0.7721012252457444 15 nil_vol 0.6 nil_bias 0.21 Home 0.01 0.01 0.001 0.0 -0.75 5.2103012430294525e-05 -0.022101225245744427
0.08632149950235872 -0.5238795566560571 16 nil_vol 0.6 nil_bias 0.21 Home 0.01 0.01 0.001 0.0886911991000486 -0.5247286728100939 -0.002369699597689888 0.0008491161540367927
0.08797219125658426 -0.5133817509794445 16 nil_vol 0.6 nil_bias 0.21 Home 0.01 0.01 0.001 0.09221260646879544 -0.5149011862108224 -0.0042404152122111766 0.0015194352313778212
0.10108417921123074 -0.4976282391582594 16 nil_vol 0.6 nil_bias 0.21 Home 0.01 0.01 0.001 0.09870709371938344 -0.49677647647381545 0.0023770854918473026 -0.0008517626844439299
0.20644538919493866 -0.18650977587654383 16 nil_vol 0.6 nil_bias 0.21 Home 0.01 0.01 0.001 0.20949146383556477 -0.18760125227561097 -0.0030460746406261218 0.0010914763990671607
0.3029885131273807 0.0691784526320537 16 nil_vol 0.6 nil_bias 0.21 Home 0.01 0.01 0.001 0.3016705694023989 0.06965070122764971 0.0013179437249817981 -0.00047224859559600555
0.3198589427247503 0.10060909830960095 16 nil_vol 0.6 nil_bias 0.21 Home 0.01 0.01 0.001 0.31357099308952435 0.10286221073627522 0.006287949635225934 -0.0022531124266742674
0.36454476031496563 0.19639014909495103 16 nil_vol 0.6 nil_bias 0.21 Home 0.01 0.01 0.001 0.3490709007914399 0.20193477766286339 0.015473859523525759 -0.005544628567912365
0.37691349384517375 0.27963743500179983 16 nil_vol 0.6 nil_bias 0.21 Right 0.01 0.01 0.001 0.4 0.35 -0.023086506154826276 -0.07036256499820014
0.3220730263243974 0.18622790960785843 17 nil_vol 0.6 nil_bias 0.21 Right 0.01 0.01 0.001 0.3375048072441687 0.18011713409358884 -0.015431780919771336 0.006110775514269596
0.3206963154806049 0.14773542390001926 17 nil_vol 0.6 nil_bias 0.21 Right 0.01 0.01 0.001 0.32414181736340164 0.14637105198149436 -0.0034455018827967425 0.0013643719185248847
0.30111411088348855 0.12840395767054416 17 nil_vol 0.6 nil_bias 0.21 Right 0.01 0.01 0.001 0.31487008364405245 0.12295677941177849 -0.013755972760563917 0.005447178258765684
0.18956385987481958 -0.19506536384416182 17 nil_vol 0.6 nil_bias 0.21 Right 0.01 0.01 0.001 0.18902252173848275 -0.19485100129938066 0.0005413381363368196 -0.00021436254478114964
0.19199168574494296 -0.2027961554435268 17 nil_vol 0.6 nil_bias 0.21 Right 0.01 0.01 0.001 0.18670528413223608 -0.20070281225122316 0.005286401612706883 -0.0020933431923036397
0.09421880619454907 -0.436759918835889 17 nil_vol 0.6 nil_bias 0.21 Right 0.01 0.01 0.001 0.0933639275699491 -0.43642139851901585 0.0008548786245999769 -0.00033852031687314906
0.05222423369637385 -0.569956899554209 17 nil_vol 0.6 nil_bias 0.21 Right 0.01 0.01 0.001 0.04207684732884959 -0.5659386724635785 0.010147386367524262 -0.004018227090630521
-0.03102028405057888 -0.7505337233989279 17 nil_vol 0.6 nil_bias 0.21 Home 0.01 0.01 0.001 0.0 -0.75 -0.03102028405057888 -0.0005337233989278736
-0.12554347572622387 -0.4529086433392664 18 nil_vol 0.6 nil_bias 0.21 Home 0.01 0.01 0.001 -0.11848513505658166 -0.4508486252773426 -0.007058340669642219 -0.0020600180619237823
-0.160713023422309 -0.28226672243850454 18 nil_vol 0.6 nil_bias 0.21 Home 0.01 0.01 0.001 -0.16713935666384727 -0.2841422854311563 0.00642633324153828 0.0018755629926517992
-0.19064744048203508 -0.2148453091785829 18 nil_vol 0.6 nil_bias 0.21 Home 0.01 0.01 0.001 -0.18762180792420885 -0.21396226059682855 -0.0030256325578262334 -0.0008830485817543617
-0.29509227553323053 0.12999616981245726 18 nil_vol 0.6 nil_bias 0.21 Home 0.01 0.01 0.001 -0.2885641545541565 0.13190144015243332 -0.006528120979074028 -0.0019052703399760572
-0.3110861737891729 0.1571030540539418 18 nil_vol 0.6 nil_bias 0.21 Home 0.01 0.01 0.001 -0.29710989073409017 0.16118211411629624 -0.013976283055082757 -0.004079060062354456
-0.30320530407811636 0.18161995680210008 18 nil_vol 0.6 nil_bias 0.21 Home 0.01 0.01 0.001 -0.30308503897909667 0.18165505687558692 -0.00012026509901970658 -3.51000734868477e-05
-0.314524229298567 0.19883593941629918 18 nil_vol 0.6 nil_bias 0.21 Home 0.01 0.01 0.001 -0.30860369070522514 0.2005638832786658 -0.005920538593341872 -0.0017279438623666351
-0.36511070112880234 0.3941766176350641 18 nil_vol 0.6 nil_bias 0.21 Left 0.01 0.01 0.001 -0.4 0.35 0.034889298871197696 0.04417661763506414
-0.3176207003787035 0.27541597954735964 19 nil_vol 0.6 nil_bias 0.21 Left 0.01 0.01 0.001 -0.32621000782758985 0.27266617462152526 0.00858930744888638 0.0027498049258343977
-0.30707199480072833 0.2259300872836104 19 nil_vol 0.6 nil_bias 0.21 Left 0.01 0.01 0.001 -0.310859590042725 0.22471751594238312 0.0037875952419967 0.00121257134122726
-0.28395739419439925 0.13571156983395188 19 nil_vol 0.6 nil_bias 0.21 Left 0.01 0.01 0.001 -0.2825130139247041 0.13617397777592172 -0.001444380269695107 -0.00046240794196982296
-0.25943143924756074 0.05866324821698373 19 nil_vol 0.6 nil_bias 0.21 Left 0.01 0.01 0.001 -0.2578596109346876 0.05916645773218915 -0.0015718283128730876 -0.0005032095152054164
-0.22740232740141555 0.0006872377242797224 19 nil_vol 0.6 nil_bias 0.21 Left 0.01 0.01 0.001 -0.23804692948101136 -0.0027205549768436477 0.0106446020795958 0.00340779270112337
-0.2264022782691799 -0.04322177654282823 19 nil_vol 0.6 nil_bias 0.21 Left 0.01 0.01 0.001 -0.22520360842160853 -0.0428380310230741 -0.001198669847571382 -0.00038374551975413335
-0.22021053296462026 -0.0897725689807362 19 nil_vol 0.6 nil_bias 0.21 Left 0.01 0.01 0.001 -0.21111052658226717 -0.08685926746903361 -0.009100006382353079 -0.0029133015117025836
-0.00798105204804895 -0.7213557338595411 19 nil_vol 0.6 nil_bias 0.21 Home 0.01 0.01 0.001 0.0 -0.75 -0.00798105204804895 0.02864426614045892
-0.014754453219977127 -0.7030976499548987 20 nil_vol 0.6 nil_bias 0.21 Home 0.01 0.01 0.001 -0.0028903433515312027 -0.7074368401680216 -0.011864109868445926 0.004339190213122913
0.03734225572812576 -0.5337307247513088 20 nil_vol 0.6 nil_bias 0.21 Home 0.01 0.01 0.001 0.057892195893309746 -0.5412466783486526 -0.020549940165183984 0.007515953597343764
0.06643149891531493 -0.5436714783263812 20 nil_vol 0.6 nil_bias 0.21 Home 0.01 0.01 0.001 0.05811748334625486 -0.5406307027950482 0.008314015569060066 -0.0030407755313330187
0.18171136322405293 -0.21121688358684398 20 nil_vol 0.6 nil_bias 0.21 Home 0.01 0.01 0.001 0.1789649655785898 -0.21021241364205423 0.0027463976454631337 -0.0010044699447897532
0.19655441353610792 -0.09130397305905069 20 nil_vol 0.6 nil_bias 0.21 Home 0.01 0.01 0.001 0.21939883008933803 -0.09965911051406684 -0.022844416553230114 0.008355137455016143
0.3377182118301599 0.20805697553914948 20 nil_vol 0.6 nil_bias 0.21 Home 0.01 0.01 0.001 0.332624549097353 0.20991993632796757 0.005093662732806861 -0.001862960788818085
0.3432408312311919 0.23691833437142468 20 nil_vol 0.6 nil_bias 0.21 Home 0.01 0.01 0.001 0.34258649560333115 0.23715765167242697 0.0006543356278607812 -0.0002393173010022922
0.35303154217767 0.2657162476436795 20 nil_vol 0.6 nil_bias 0.21 Right 0.01 0.01 0.001 0.4 0.35 -0.04696845782233 -0.08428375235632043
0.19704636471951434 -0.1301767843596579 21 nil_vol 0.6 nil_bias 0.21 Right 0.01 0.01 0.001 0.20214272219746618 -0.13210974845348156 -0.005096357477951843 0.0019329640938236538
0.20962405991940591 -0.14129378244654162 21 nil_vol 0.6 nil_bias 0.21 Right 0.01 0.01 0.001 0.20003833369490043 -0.13765807504466615 0.009585726224505476 -0.0036357074018754584
0.1901478114988123 -0.19035981547184697 21 nil_vol 0.6 nil_bias 0.21 Right 0.01 0.01 0.001 0.18131944785014456 -0.18701136316764344 0.008828363648667724 -0.003348452304203521
0.16465427301836327 -0.21335158554151118 21 nil_vol 0.6 nil_bias 0.21 Right 0.01 0.01 0.001 0.17048959189425122 -0.2155648254705979 -0.005835318875887948 0.002213239929086739
0.16094600794625197 -0.3110749495700953 21 nil_vol 0.6 nil_bias 0.21 Right 0.01 0.01 0.001 0.13761979585643888 -0.3022277031574193 0.023326212089813093 -0.008847246412675994
0.14397193612048798 -0.3157215878800254 21 nil_vol 0.6 nil_bias 0.21 Right 0.01 0.01 0.001 0.13394432065371972 -0.3119182791977382 0.010027615466768253 -0.0038033086822872406
0.017477984987739136 -0.6221491567008549 21 nil_vol 0.6 nil_bias 0.21 Right 0.01 0.01 0.001 0.016429684519341292 -0.6217515536728653 0.0010483004683978418 -0.0003976030279896887
-0.020352884370878174 -0.7187306546406099 21 nil_vol 0.6 nil_bias 0.21 Home 0.01 0.01 0.001 0.0 -0.75 -0.020352884370878174 0.03126934535939007
0.13991427679694396 -0.39724911355992765 22 nil_vol 0.6 nil_bias 0.21 Home 0.01 0.01 0.001 0.13245027421793343 -0.39373971367816407 0.007464002579010539 -0.0035093998817635925
0.15808399267622522 -0.34865691344528194 22 nil_vol 0.6 nil_bias 0.21 Home 0.01 0.01 0.001 0.15445041580520513 -0.3469484903697868 0.003633576871020089 -0.0017084230754951378
0.19857908418855438 -0.3035943857179642 22 nil_vol 0.6 nil_bias 0.21 Home 0.01 0.01 0.001 0.17913330662402605 -0.2944514347659291 0.01944577756452833 -0.009142950952035099
0.2849207743725928 -0.07325518444044815 22 nil_vol 0.6 nil_bias 0.21 Home 0.01 0.01 0.001 0.2834579942458247 -0.0725674193506608 0.001462780126768114 -0.0006877650897873441
0.2949738422059275 -0.04906005023409664 22 nil_vol 0.6 nil_bias 0.21 Home 0.01 0.01 0.001 0.29459447583558435 -0.048881681017160505 0.00037936637034316376 -0.00017836921693613233
0.3208770996091675 -0.013569723811960482 22 nil_vol 0.6 nil_bias 0.21 Home 0.01 0.01 0.001 0.3129497930603759 -0.009842489212220973 0.007927306548791604 -0.0037272345997395088
0.35954387832660406 0.06458231754369247 22 nil_vol 0.6 nil_bias 0.21 Home 0.01 0.01 0.001 0.35004293697479955 0.0690494385158138 0.009500941351804534 -0.004467120972121328
0.5007453406877489 0.3895723677555758 22 nil_vol 0.6 nil_bias 0.21 Right 0.01 0.01 0.001 0.4 0.35 0.10074534068774893 0.039572367755575794
0.45298986719888673 0.2802857233689257 23 nil_vol 0.6 nil_bias 0.21 Right 0.01 0.01 0.001 0.45600957135888937 0.2790633006995282 -0.0030197041600026502 0.0012224226693974554
0.30568552859068954 -0.11083874855919236 23 nil_vol 0.6 nil_bias 0.21 Right 0.01 0.01 0.001 0.29922925274945156 -0.10822514883881262 0.0064562758412379925 -0.0026135997203797345
0.23447035173649616 -0.2763778224047603 23 nil_vol 0.6 nil_bias 0.21 Right 0.01 0.01 0.001 0.231624784070594 -0.2752258928653778 0.0028455676659021522 -0.0011519295393824746
0.17144493850387785 -0.42943502456978544 23 nil_vol 0.6 nil_bias 0.21 Right 0.01 0.01 0.001 0.16951485078524914 -0.4286536953877985 0.001930087718628705 -0.0007813291819869121
0.15381634051843254 -0.4587394473838354 23 nil_vol 0.6 nil_bias 0.21 Right 0.01 0.01 0.001 0.15684014792253004 -0.45996353110952637 -0.0030238074040974993 0.0012240837256909996
0.1633644833936044 -0.4727771721131923 23 nil_vol 0.6 nil_bias 0.21 Right 0.01 0.01 0.001 0.15330198574880832 -0.4687037183640852 0.01006249764479607 -0.004073453749107139
0.15646013468023984 -0.5263974943019549 23 nil_vol 0.6 nil_bias 0.21 Right 0.01 0.01 0.001 0.13367979716374223 -0.5171756634466212 0.022780337516497603 -0.009221830855333707
0.03518086507592451 -0.7604938237094803 23 nil_vol 0.6 nil_bias 0.21 Home 0.01 0.01 0.001 0.0 -0.75 0.03518086507592451 -0.010493823709480234
0.06626164594445812 -0.6794572593857259 24 nil_vol 0.6 nil_bias 0.21 Home 0.01 0.01 0.001 0.06567271669621108 -0.6792362640306675 0.000588929248247035 -0.000220995355058365
0.08401102211234654 -0.6379305092655317 24 nil_vol 0.6 nil_bias 0.21 Home 0.01 0.01 0.001 0.08152301807878698 -0.6369968872108965 0.002488004033559567 -0.0009336220546351661
0.1631589272639998 -0.4410836020367244 24 nil_vol 0.6 nil_bias 0.21 Home 0.01 0.01 0.001 0.15604157319046869 -0.4384128190942268 0.007117354073531124 -0.002670782942497592
0.17790850412321585 -0.3919582029846005 24 nil_vol 0.6 nil_bias 0.21 Home 0.01 0.01 0.001 0.17402104238316157 -0.390499435246241 0.003887461740054283 -0.0014587677383595301
0.33429120794776174 0.02320303608282154 24 nil_vol 0.6 nil_bias 0.21 Home 0.01 0.01 0.001 0.3298833342116109 0.024857088117548276 0.004407873736150832 -0.0016540520347267352
0.33662911116719024 0.05073964290408268 24 nil_vol 0.6 nil_bias 0.21 Home 0.01 0.01 0.001 0.33922957139402415 0.04976382172886529 -0.002600460226833906 0.0009758211752173894
0.37008598866542225 0.16258607297666575 24 nil_vol 0.6 nil_bias 0.21 Home 0.01 0.01 0.001 0.38014905349897715 0.15880991379882514 -0.010063064833554902 0.0037761591778406097
0.4315373312376578 0.29575423902845865 24 nil_vol 0.6 nil_bias 0.21 Right 0.01 0.01 0.001 0.4 0.35 0.031537331237657784 -0.054245760971541296
0.35733475252749836 0.18273923039071246 25 nil_vol 0.6 nil_bias 0.21 Right 0.01 0.01 0.001 0.37220782616309844 0.17540701241942291 -0.014873073635600073 0.007332217971289562
0.30060033501672134 0.05148800594759192 25 nil_vol 0.6 nil_bias 0.21 Right 0.01 0.01 0.001 0.30906119591756953 0.047316919468110674 -0.008460860900848204 0.004171086479481242
0.26091602638506833 -0.030785790339277527 25 nil_vol 0.6 nil_bias 0.21 Right 0.01 0.01 0.001 0.26867254198677326 -0.03460964440487424 -0.007756515601704914 0.0038238540655967136
0.2659967195589275 -0.07241885619076031 25 nil_vol 0.6 nil_bias 0.21 Right 0.01 0.01 0.001 0.2531542906312523 -0.06608771775323385 0.012842428927675209 -0.006331138437526465
0.1657941973377953 -0.24314518253514486 25 nil_vol 0.6 nil_bias 0.21 Right 0.01 0.01 0.001 0.1658531106643949 -0.24317422598390503 -5.891332659959018e-05 2.9043448760182134e-05
-0.005454512681456122 -0.6028124128543545 25 nil_vol 0.6 nil_bias 0.21 Right 0.01 0.01 0.001 -0.01027254932946009 -0.6004371879504538 0.004818036648003968 -0.002375224903900713
-0.019527455242872048 -0.6165871170543363 25 nil_vol 0.6 nil_bias 0.21 Right 0.01 0.01 0.001 -0.01848708571986929 -0.6171000047263965 -0.0010403695230027598 0.0005128876720601952
-0.05411774707346131 -0.6893751951356499 25 nil_vol 0.6 nil_bias 0.21 Home 0.01 0.01 0.001 0.0 -0.75 -0.05411774707346131 0.060624804864350075
-0.01904383803754983 -0.641991248127595 26 nil_vol 0.6 nil_bias 0.21 Home 0.01 0.01 0.001 -0.030778763625865267 -0.6367835530767756 0.011734925588315433 -0.005207695050819394
0.011140185690777531 -0.5323691115727395 26 nil_vol 0.6 nil_bias 0.21 Home 0.01 0.01 0.001 0.014831121310832356 -0.5340070654751137 -0.003690935620054824 0.001637953902374234
0.16469547792448186 -0.22871479051933857 26 nil_vol 0.6 nil_bias 0.21 Home 0.01 0.01 0.001 0.15267937318821292 -0.22338231451050022 0.012016104736268947 -0.005332476008838347
0.18730369658383111 -0.09600235044902579 26 nil_vol 0.6 nil_bias 0.21 Home 0.01 0.01 0.001 0.20560374352861974 -0.10412349814501376 -0.01830004694478861 0.008121147695987974
0.22408815012351288 -0.06947225354901682 26 nil_vol 0.6 nil_bias 0.21 Home 0.01 0.01 0.001 0.2214923887068961 -0.06832031323370003 0.002595761416616779 -0.0011519403153167893
0.35611650339626516 0.26120510421109694 26 nil_vol 0.6 nil_bias 0.21 Home 0.01 0.01 0.001 0.3658177764548217 0.2568998982416618 -0.009701273058556533 0.004305205969435106
0.3578085173777945 0.2645090291849027 26 nil_vol 0.6 nil_bias 0.21 Home 0.01 0.01 0.001 0.36732113689623075 0.2602875433975693 -0.00951261951843625 0.004221485787333382
0.3879014373030091 0.30666281911973775 26 nil_vol 0.6 nil_bias 0.21 Right 0.01 0.01 0.001 0.4 0.35 -0.012098562696990965 -0.04333718088026223
0.3912940790642121 0.2834375158768278 27 nil_vol 0.6 nil_bias 0.21 Right 0.01 0.01 0.001 0.3811240285578499 0.28693061772993045 0.010170050506362228 -0.0034931018531026174
0.2557126314635889 -0.093157200554941 27 nil_vol 0.6 nil_bias 0.21 Right 0.01 0.01 0.001 0.2511175543299634 -0.09157893184913907 0.004595077133625478 -0.0015782687058019346
0.21399046079572354 -0.1408946303994175 27 nil_vol 0.6 nil_bias 0.21 Right 0.01 0.01 0.001 0.23204875722469573 -0.14709710389553804 -0.018058296428972193 0.006202473496120555
0.15510758751453577 -0.3733782934706787 27 nil_vol 0.6 nil_bias 0.21 Right 0.01 0.01 0.001 0.15441033306149565 -0.3731388078535252 0.000697254453040116 -0.00023948561715350568
0.11458891702465179 -0.505112179460161 27 nil_vol 0.6 nil_bias 0.21 Right 0.01 0.01 0.001 0.10966266531837643 -0.50342016239955 0.004926251706275362 -0.001692017060610997
0.061817227644305195 -0.5799055648117448 27 nil_vol 0.6 nil_bias 0.21 Right 0.01 0.01 0.001 0.08111560992754902 -0.5865339699384755 -0.01929838228324382 0.006628405126730717
0.06250356972598874 -0.6492312548794726 27 nil_vol 0.6 nil_bias 0.21 Right 0.01 0.01 0.001 0.05988940327729925 -0.6483333685159267 0.0026141664486894938 -0.0008978863635459237
0.031436848870200006 -0.7311720395664723 27 nil_vol 0.6 nil_bias 0.21 Home 0.01 0.01 0.001 0.0 -0.75 0.031436848870200006 0.01882796043352771
-0.04845957603244249 -0.3651038088989934 28 nil_vol 0.6 nil_bias 0.21 Home 0.01 0.01 0.001 -0.04255803119666977 -0.3639147674952128 -0.005901544835772726 -0.0011890414037806366
-0.06635923790450972 -0.32378973806669736 28 nil_vol 0.6 nil_bias 0.21 Home 0.01 0.01 0.001 -0.05125553041927209 -0.32074664781655143 -0.015103707485237632 -0.0030430902501459326
-0.135018323165449 0.11075462463651205 28 nil_vol 0.6 nil_bias 0.21 Home 0.01 0.01 0.001 -0.13807037630613683 0.11013969792633627 0.003052053140687831 0.0006149267101757754
-0.17427367968829519 0.29888820853799275 28 nil_vol 0.6 nil_bias 0.21 Home 0.01 0.01 0.001 -0.17602814614078577 0.2985347191870502 0.001754466452490583 0.0003534893509425123
-0.16696400011091436 0.3053991980603566 28 nil_vol 0.6 nil_bias 0.21 Home 0.01 0.01 0.001 -0.17700364904045077 0.3033764127407772 0.010039648929536408 0.0020227853195794072
-0.20213848706645157 0.41839098939437264 28 nil_vol 0.6 nil_bias 0.21 Home 0.01 0.01 0.001 -0.20025327818556235 0.4187708206888101 -0.0018852088808892175 -0.000379831294437456
-0.1991541728473418 0.4230806207506413 28 nil_vol 0.6 nil_bias 0.21 Home 0.01 0.01 0.001 -0.20104486449332276 0.42269968479041164 0.001890691645980952 0.0003809359602296666
-0.2140515391549471 0.48725544663001047 28 nil_vol 0.6 nil_bias 0.21 Left 0.01 0.01 0.001 -0.4 0.35 0.18594846084505293 0.1372554466300105
-0.22016742219734614 0.43460660412394553 29 nil_vol 0.6 nil_bias 0.21 Left 0.01 0.01 0.001 -0.20590441311955202 0.4369149344855291 -0.014263009077794127 -0.0023083303615835686
-0.20442886428474977 0.39455417636767465 29 nil_vol 0.6 nil_bias 0.21 Left 0.01 0.01 0.001 -0.19918605449641863 0.3954026745315897 -0.005242809788331151 -0.0008484981639150719
-0.20160438265820102 0.3140804658212126 29 nil_vol 0.6 nil_bias 0.21 Left 0.01 0.01 0.001 -0.18642248858823157 0.31653750885027554 -0.015181894069969443 -0.0024570430290629755
-0.09728683584455126 -0.2507541542587025 29 nil_vol 0.6 nil_bias 0.21 Left 0.01 0.01 0.001 -0.09468008485873043 -0.2503322767703802 -0.002606750985820838 -0.00042187748832231317
-0.053819430797101726 -0.5395179991944293 29 nil_vol 0.6 nil_bias 0.21 Left 0.01 0.01 0.001 -0.048029810195094336 -0.5385810049777973 -0.005789620602007389 -0.0009369942166320407
-0.026451432815602353 -0.6256437272968733 29 nil_vol 0.6 nil_bias 0.21 Left 0.01 0.01 0.001 -0.03374842389470456 -0.6268246748770245 0.007296991079102206 0.0011809475801512347
-0.023031719655510867 -0.6836739540591596 29 nil_vol 0.6 nil_bias 0.21 Left 0.01 0.01 0.001 -0.024509217664032495 -0.6839130728519507 0.001477498008521629 0.00023911879279103705
-0.014347437705209267 -0.7467019882565078 29 nil_vol 0.6 nil_bias 0.21 Home 0.01 0.01 0.001 0.0 -0.75 -0.014347437705209267 0.003298011743492163
-0.0001935560249670999 -0.7162273419430983 30 nil_vol 0.6 nil_bias 0.21 Home 0.01 0.01 0.001 -0.0020194784456294915 -0.7155057831153115 0.0018259224206623916 -0.0007215588277868367
0.15792963155651799 -0.3616208599611242 30 nil_vol 0.6 nil_bias 0.21 Home 0.01 0.01 0.001 0.14054225307984589 -0.3547498032886494 0.0173873784766721 -0.006871056672474761
0.1448831802291213 -0.30524439749666304 30 nil_vol 0.6 nil_bias 0.21 Home 0.01 0.01 0.001 0.15804946085064492 -0.31044738197402805 -0.013166280621523616 0.005202984477364986
0.2014069118335983 -0.2430939534408434 30 nil_vol 0.6 nil_bias 0.21 Home 0.01 0.01 0.001 0.18692706894352284 -0.2373718820406192 0.014479842890075445 -0.005722071400224193
0.21753691776407905 -0.1813480281252753 30 nil_vol 0.6 nil_bias 0.21 Home 0.01 0.01 0.001 0.21021042272208829 -0.1784527807070596 0.00732649504199077 -0.0028952474182156887
0.3583661854240153 0.13260132453795104 30 nil_vol 0.6 nil_bias 0.21 Home 0.01 0.01 0.001 0.3365397109670683 0.14122660080689609 0.021826474456947045 -0.008625276268945058
0.3922392179082481 0.2790337675612348 30 nil_vol 0.6 nil_bias 0.21 Home 0.01 0.01 0.001 0.3911653516469099 0.2794581326229497 0.0010738662613382318 -0.00042436506171491747
0.4407102399464924 0.40483269515570375 30 nil_vol 0.6 nil_bias 0.21 Right 0.01 0.01 0.001 0.4 0.35 0.04071023994649234 0.054832695155703784
0.4167582549976494 0.30972897396040916 31 nil_vol 0.6 nil_bias 0.21 Right 0.01 0.01 0.001 0.4073395475546958 0.3131574772799554 0.009418707442953608 -0.003428503319546258
0.40185597184109806 0.25723950570129694 31 nil_vol 0.6 nil_bias 0.21 Right 0.01 0.01 0.001 0.3887247752011776 0.26201939206492564 0.013131196639920448 -0.004779886363628682
0.3413227754645762 0.1023562959711696 31 nil_vol 0.6 nil_bias 0.21 Right 0.01 0.01 0.001 0.33185970551183785 0.10580094768612802 0.009463069952738308 -0.0034446517149584154
0.26783938736162444 -0.07017143005003157 31 nil_vol 0.6 nil_bias 0.21 Right 0.01 0.01 0.001 0.26780814680640275 -0.07016005817677501 3.1240555221665165e-05 -1.1371873256566418e-05
0.1407597778661308 -0.40424902749402836 31 nil_vol 0.6 nil_bias 0.21 Right 0.01 0.01 0.001 0.1455603438499315 -0.4059964813257614 -0.004800565983800689 0.0017474538317330107
0.09778785943405027 -0.5841753286433403 31 nil_vol 0.6 nil_bias 0.21 Right 0.01 0.01 0.001 0.08270058206509151 -0.5786834094117808 0.01508727736895877 -0.00549191923155958
0.05885369023565546 -0.6140211678350321 31 nil_vol 0.6 nil_bias 0.21 Right 0.01 0.01 0.001 0.06855220173208543 -0.6175515226168917 -0.009698511496429967 0.00353035478185958
0.018791648344153797 -0.7542525991153181 31 nil_vol 0.6 nil_bias 0.21 Home 0.01 0.01 0.001 0.0 -0.75 0.018791648344153797 -0.0042525991153180365
-0.04539032381771545 -0.48814052648895606 32 nil_vol 0.6 nil_bias 0.65 Home 0.01 0.01 0.001 -0.05677584481708646 -0.49141392328853567 0.011385520999371016 0.0032733967995795888
-0.05864723708595392 -0.44609408097390474 32 nil_vol 0.6 nil_bias 0.65 Home 0.01 0.01 0.001 -0.06895361855054884 -0.44905721951656036 0.010306381464594914 0.0029631385426556376
-0.07369392760326081 -0.4294121737394681 32 nil_vol 0.6 nil_bias 0.65 Home 0.01 0.01 0.001 -0.07453236711083468 -0.4296532294804294 0.0008384395075738669 0.00024105574096126145
-0.09485523269081443 -0.3662885517674134 32 nil_vol 0.6 nil_bias 0.65 Home 0.01 0.01 0.001 -0.09291077092344317 -0.3657295088455682 -0.0019444617673712598 -0.0005590429218451736
-0.15729499256320806 -0.11738342340868618 32 nil_vol 0.6 nil_bias 0.65 Home 0.01 0.01 0.001 -0.16377586454153154 -0.11924670797805292 0.006480871978323466 0.0018632845693667464
-0.19357697995422565 0.007426327958021249 32 nil_vol 0.6 nil_bias 0.65 Home 0.01 0.01 0.001 -0.19968974766621234 0.005668875289311925 0.006112767711986677 0.0017574526687093234
-0.24895154925410753 0.17373564952179582 32 nil_vol 0.6 nil_bias 0.65 Home 0.01 0.01 0.001 -0.2480817229407103 0.17398572913349053 -0.0008698263133972333 -0.00025007961169470525
-0.30904102466351563 0.3860142280802521 32 nil_vol 0.6 nil_bias 0.65 Left 0.01 0.01 0.001 -0.4 0.35 0.0909589753364844 0.036014228080252106
-0.28545578243758124 0.31783367450216166 33 nil_vol 0.6 nil_bias 0.65 Left 0.01 0.01 0.001 -0.2912199255789512 0.31635893564923534 0.005764143141369946 0.0014747388529263385
-0.17866041665681767 -0.11542463003013703 33 nil_vol 0.6 nil_bias 0.65 Left 0.01 0.01 0.001 -0.18062104804612672 -0.11592625173091142 0.001960631389309051 0.0005016217007743857
-0.15659687238669223 -0.17570963212560473 33 nil_vol 0.6 nil_bias 0.65 Left 0.01 0.01 0.001 -0.1647893852172083 -0.17780566213005533 0.008192512830516068 0.0020960300044506053
-0.1652895814969316 -0.18268333382452137 33 nil_vol 0.6 nil_bias 0.65 Left 0.01 0.01 0.001 -0.16364884619950057 -0.1822635565859717 -0.0016407352974310415 -0.00041977723854965483
-0.1583726785898555 -0.18741484364733088 33 nil_vol 0.6 nil_bias 0.65 Left 0.01 0.01 0.001 -0.16208772627836712 -0.18836532753233381 0.0037150476885116474 0.0009504838850029321
-0.14355358793284878 -0.23717229925647001 33 nil_vol 0.6 nil_bias 0.65 Left 0.01 0.01 0.001 -0.14922910186651608 -0.2386243625906076 0.005675513933667293 0.001452063334137588
-0.11784980238987297 -0.3383969128193562 33 nil_vol 0.6 nil_bias 0.65 Left 0.01 0.01 0.001 -0.12334301878400908 -0.3398023358710188 0.005493216394136114 0.001405423051662644
-0.012363303058425678 -0.7735760619523785 33 nil_vol 0.6 nil_bias 0.65 Home 0.01 0.01 0.001 0.0 -0.75 -0.012363303058425678 -0.023576061952378508
-0.006747942154543068 -0.7186325071148 34 nil_vol 0.6 nil_bias 0.65 Home 0.01 0.01 0.001 -0.0020354738589765716 -0.7195330785601475 -0.004712468295566497 0.0009005714453474528
0.05396021125556087 -0.4035310697313757 34 nil_vol 0.6 nil_bias 0.65 Home 0.01 0.01 0.001 0.058198965218210046 -0.40434111248247634 -0.004238753962649177 0.0008100427511006364
0.08540928937299898 -0.22764124322542442 34 nil_vol 0.6 nil_bias 0.65 Home 0.01 0.01 0.001 0.09173595884601408 -0.22885029493976894 -0.00632666947301511 0.00120905171434451
0.12487960560199189 -0.0693406421881981 34 nil_vol 0.6 nil_bias 0.65 Home 0.01 0.01 0.001 0.12231263589283325 -0.06885008406108772 0.0025669697091586416 -0.0004905581271103764
0.14568209367264134 0.02025223080203545 34 nil_vol 0.6 nil_bias 0.65 Home 0.01 0.01 0.001 0.13956388433848194 0.021421444954242252 0.006118209334159406 -0.0011692141522068017
0.17533216725437956 0.20849843251083056 34 nil_vol 0.6 nil_bias 0.65 Home 0.01 0.01 0.001 0.1753156445850256 0.20850159005869884 1.652266935394241e-05 -3.1575478682958943e-06
0.20146421787932908 0.38966287574084846 34 nil_vol 0.6 nil_bias 0.65 Home 0.01 0.01 0.001 0.20963778267912864 0.38810087497952306 -0.008173564799799558 0.0015620007613253728
0.21429698971191352 0.41248135643705824 34 nil_vol 0.6 nil_bias 0.65 Right 0.01 0.01 0.001 0.4 0.35 -0.1857030102880865 0.06248135643705828
0.21218794331873386 0.40213132232061805 35 nil_vol 0.6 nil_bias 0.65 Right 0.01 0.01 0.001 0.2125855813059983 0.4020659841860306 -0.0003976379872644428 6.53381345874059e-05
0.18506319872906057 0.2313364117231062 35 nil_vol 0.6 nil_bias 0.65 Right 0.01 0.01 0.001 0.18454600875598687 0.23142139411701787 0.0005171899730737016 -8.498239391165956e-05
0.13064862077725578 -0.07398294088247176 35 nil_vol 0.6 nil_bias 0.65 Right 0.01 0.01 0.001 0.13426564610315003 -0.0745772746612316 -0.0036170253258942537 0.0005943337787598425
0.11513693956831407 -0.21249436158535273 35 nil_vol 0.6 nil_bias 0.65 Right 0.01 0.01 0.001 0.11169660153831748 -0.21192906029013064 0.003440338029996596 -0.0005653012952220749
0.03491004174931835 -0.6043835251162765 35 nil_vol 0.6 nil_bias 0.65 Right 0.01 0.01 0.001 0.04688683184394912 -0.6063514988717811 -0.011976790094630768 0.0019679737555045977
0.0310992595638917 -0.7572304210033884 35 nil_vol 0.6 nil_bias 0.65 Right 0.01 0.01 0.001 0.022331785883455774 -0.7557897880818087 0.008767473680435928 -0.0014406329215797397
0.03514280902559837 -0.7649823623201295 35 nil_vol 0.6 nil_bias 0.65 Right 0.01 0.01 0.001 0.021197811985368575 -0.7626909814093072 0.013944997040229789 -0.0022913809108222136
0.016330926037674786 -0.7923101118712839 35 nil_vol 0.6 nil_bias 0.65 Home 0.01 0.01 0.001 0.0 -0.75 0.016330926037674786 -0.04231011187128386
-0.014700632580055908 -0.7380435851495192 36 nil_vol 0.6 nil_bias 0.65 Home 0.01 0.01 0.001 -0.007804808475879173 -0.7351327182943082 -0.006895824104176734 -0.002910866855211049
-0.020398049743369118 -0.7245926317471055 36 nil_vol 0.6 nil_bias 0.65 Home 0.01 0.01 0.001 -0.01348567678262988 -0.7216747792847601 -0.006912372960739236 -0.002917852462345409
-0.2091532327023673 -0.23814932674591818 36 nil_vol 0.6 nil_bias 0.65 Home 0.01 0.01 0.001 -0.21631536403233556 -0.241172607268466 0.007162131329968271 0.003023280522547817
-0.21101558578026627 -0.23846525250081022 36 nil_vol 0.6 nil_bias 0.65 Home 0.01 0.01 0.001 -0.21648383125792933 -0.24077350953820276 0.0054682454776630455 0.0023082570373925424
-0.27096963209623137 -0.09684087236335992 36 nil_vol 0.6 nil_bias 0.65 Home 0.01 0.01 0.001 -0.27629228892507185 -0.09908767348686165 0.0053226568288405034 0.0022468011235017263
-0.37129447475391814 0.11541708730502187 36 nil_vol 0.6 nil_bias 0.65 Home 0.01 0.01 0.001 -0.3675129081299574 0.11701336307716526 -0.003781566623960732 -0.0015962757721433788
-0.4417535482923067 0.32202220792486025 36 nil_vol 0.6 nil_bias 0.65 Home 0.01 0.01 0.001 -0.45219141282904024 0.3176161741484538 0.010437864536733543 0.004406033776406458
-0.4542227530129513 0.3224284054529945 36 nil_vol 0.6 nil_bias 0.65 Left 0.01 0.01 0.001 -0.4 0.35 -0.05422275301295126 -0.027571594547005487
-0.33018448217089397 0.05445775168156406 37 nil_vol 0.6 nil_bias 0.65 Left 0.01 0.01 0.001 -0.33508897076416844 0.05229478406167498 0.004904488593274471 0.002162967619889079
-0.2571563128577871 -0.14936396830490195 37 nil_vol 0.6 nil_bias 0.65 Left 0.01 0.01 0.001 -0.24794534143398472 -0.145301764354682 -0.009210971423802406 -0.004062203950219944
-0.21012260357296475 -0.25411256217204337 37 nil_vol 0.6 nil_bias 0.65 Left 0.01 0.01 0.001 -0.20161292885057513 -0.25035964267182115 -0.008509674722389612 -0.003752919500222242
-0.11063460130530894 -0.44594082445018557 37 nil_vol 0.6 nil_bias 0.65 Left 0.01 0.01 0.001 -0.11458899525296579 -0.4476847832549417 0.003954393947656845 0.0017439588047561472
-0.07228365717161453 -0.5092876951489518 37 nil_vol 0.6 nil_bias 0.65 Left 0.01 0.01 0.001 -0.08495622862899432 -0.5148765269306448 0.0126725714573798 0.00558883178169298
-0.07821033182322942 -0.5399342852622788 37 nil_vol 0.6 nil_bias 0.65 Left 0.01 0.01 0.001 -0.07460628298800048 -0.5383448349489905 -0.0036040488352289362 -0.001589450313288328
-0.04822307093899187 -0.5853354655864001 37 nil_vol 0.6 nil_bias 0.65 Left 0.01 0.01 0.001 -0.05296104856010331 -0.5874249988747997 0.004737977621111437 0.0020895332883995982
0.002206516242584498 -0.7125164194793245 37 nil_vol 0.6 nil_bias 0.65 Home 0.01 0.01 0.001 0.0 -0.75 0.002206516242584498 0.03748358052067543
-0.010668273943791141 -0.6783240436693967 38 nil_vol 0.6 nil_bias 0.65 Home 0.01 0.01 0.001 -0.004841780149034916 -0.677162452517991 -0.005826493794756225 -0.0011615911514056651
-0.013318465192427423 -0.6777437225919111 38 nil_vol 0.6 nil_bias 0.65 Home 0.01 0.01 0.001 -0.005054360069625908 -0.6760961603146506 -0.008264105122801515 -0.0016475622772604535
-0.023571299522700442 -0.5902306363136297 38 nil_vol 0.6 nil_bias 0.65 Home 0.01 0.01 0.001 -0.022226284347852197 -0.5899624891601879 -0.0013450151748482446 -0.00026814715344177794
-0.07819015904809472 -0.2300938565742785 38 nil_vol 0.6 nil_bias 0.65 Home 0.01 0.01 0.001 -0.09336776629894039 -0.23311971996710656 0.015177607250845673 0.0030258633928280754
-0.18395153456521415 0.18882206488536288 38 nil_vol 0.6 nil_bias 0.65 Home 0.01 0.01 0.001 -0.17773471927279208 0.19006147196069523 -0.00621681529242208 -0.0012394070753323522
-0.176559929398358 0.21426062065808205 38 nil_vol 0.6 nil_bias 0.65 Home 0.01 0.01 0.001 -0.1823298208644274 0.21311031395431634 0.0057698914660694114 0.0011503067037656916
-0.20889759493318463 0.2985335606844007 38 nil_vol 0.6 nil_bias 0.65 Home 0.01 0.01 0.001 -0.19972469713474286 0.3003623031993259 -0.009172897798441769 -0.0018287425149251819
-0.24912065945738762 0.5481304336733078 38 nil_vol 0.6 nil_bias 0.65 Left 0.01 0.01 0.001 -0.4 0.35 0.1508793405426124 0.19813043367330782
-0.2338668395665184 0.46729194798482304 39 nil_vol 0.6 nil_bias 0.65 Left 0.01 0.01 0.001 -0.231090626701689 0.4679159651956785 -0.002776212864829409 -0.0006240172108554933
-0.19158786123462818 0.37185494649088885 39 nil_vol 0.6 nil_bias 0.65 Left 0.01 0.01 0.001 -0.2086373326406986 0.36802268862328824 0.01704947140607042 0.0038322578676006163
-0.19739230056874513 0.3634315323091876 39 nil_vol 0.6 nil_bias 0.65 Left 0.01 0.01 0.001 -0.20711418824900904 0.36124631614246494 0.009721887680263922 0.0021852161667226663
-0.1274545015366867 -0.03928622833243761 39 nil_vol 0.6 nil_bias 0.65 Left 0.01 0.01 0.001 -0.11758403995859623 -0.037067616790849356 -0.00987046157809047 -0.0022186115415882566
-0.09819290521037802 -0.15065795011149874 39 nil_vol 0.6 nil_bias 0.65 Left 0.01 0.01 0.001 -0.09234735352095452 -0.1493440289394744 -0.005845551689423491 -0.001313921172024324
-0.06356313794828936 -0.36331678543242707 39 nil_vol 0.6 nil_bias 0.65 Left 0.01 0.01 0.001 -0.045180819033465935 -0.3591849396638249 -0.018382318914823427 -0.004131845768602167
0.01868023062272822 -0.5691227343873467 39 nil_vol 0.6 nil_bias 0.65 Left 0.01 0.01 0.001 0.002809334808368452 -0.5726900804886924 0.015870895814359767 0.0035673461013456765
0.03568304200492738 -0.718943112049478 39 nil_vol 0.6 nil_bias 0.65 Home 0.01 0.01 0.001 0.0 -0.75 0.03568304200492738 0.031056887950521944
0.10380235546604548 -0.5181321796807535 40 nil_vol 0.6 nil_bias 0.65 Home 0.01 0.01 0.001 0.09677491685149447 -0.5160165405256238 0.007027438614551 -0.0021156391551296456
0.10370252040530042 -0.5041523168041722 40 nil_vol 0.6 nil_bias 0.65 Home 0.01 0.01 0.001 0.10062556536739287 -0.5032259868973848 0.0030769550379075583 -0.0009263299067873217
0.10489280896492045 -0.44630625137490487 40 nil_vol 0.6 nil_bias 0.65 Home 0.01 0.01 0.001 0.11669207511857824 -0.44985846873967644 -0.011799266153657782 0.003552217364771577
0.20360946589947942 -0.16493410282325163 40 nil_vol 0.6 nil_bias 0.65 Home 0.01 0.01 0.001 0.2025644363071814 -0.16461949238764328 0.0010450295922980234 -0.0003146104356083555
0.2378706426833729 -0.08721702298477477 40 nil_vol 0.6 nil_bias 0.65 Home 0.01 0.01 0.001 0.22686430970844704 -0.08390352139858759 0.011006332974925866 -0.003313501586187172
0.2520476675886441 0.013059534752431365 40 nil_vol 0.6 nil_bias 0.65 Home 0.01 0.01 0.001 0.25572238210671916 0.011953246907772663 -0.00367471451807506 0.0011062878446587024
0.3179387893444396 0.24256859695389008 40 nil_vol 0.6 nil_bias 0.65 Home 0.01 0.01 0.001 0.3245508063605188 0.24057802217111846 -0.00661201701607924 0.001990574782771616
0.38776283051596017 0.45054701351674226 40 nil_vol 0.6 nil_bias 0.65 Right 0.01 0.01 0.001 0.4 0.35 -0.012237169484039849 0.10054701351674228
0.3372440498362362 0.31927462779228594 41 nil_vol 0.6 nil_bias 0.65 Right 0.01 0.01 0.001 0.34712202964116506 0.31628459517368956 -0.009877979804928874 0.0029900326185963878
0.34108106375617586 0.2943631363514065 41 nil_vol 0.6 nil_bias 0.65 Right 0.01 0.01 0.001 0.3405363814761059 0.29452800992032874 0.000544682280070007 -0.00016487356892227426
0.24304528464957206 0.013483932651216604 41 nil_vol 0.6 nil_bias 0.65 Right 0.01 0.01 0.001 0.25442277921899903 0.010040001751143779 -0.011377494569426962 0.0034439309000728244
0.20728395637369534 -0.14869797158985323 41 nil_vol 0.6 nil_bias 0.65 Right 0.01 0.01 0.001 0.20644974198389013 -0.14844545758540312 0.0008342143898052127 -0.00025251400445012637
0.14205635660162297 -0.2719027416850037 41 nil_vol 0.6 nil_bias 0.65 Right 0.01 0.01 0.001 0.16681142857618714 -0.27939602210684816 -0.02475507197456417 0.007493280421844426
0.11655235007686784 -0.4868127269027148 41 nil_vol 0.6 nil_bias 0.65 Right 0.01 0.01 0.001 0.10507836861891212 -0.4833395897327705 0.011473981457955727 -0.0034731371699443145
0.055931943335457125 -0.651450508796254 41 nil_vol 0.6 nil_bias 0.65 Right 0.01 0.01 0.001 0.05433779972358771 -0.65096796666797 0.0015941436118694166 -0.00048254212828398633
0.0349788234075635 -0.7149229803706469 41 nil_vol 0.6 nil_bias 0.65 Home 0.01 0.01 0.001 0.0 -0.75 0.0349788234075635 0.03507701962935302
-0.016986591072832576 -0.5645067365243579 42 nil_vol 0.6 nil_bias 0.65 Home 0.01 0.01 0.001 -0.026299592960127634 -0.5684016367005934 0.00931300188729506 0.0038949001762355424
-0.040786607482627864 -0.5308285750783264 42 nil_vol 0.6 nil_bias 0.65 Home 0.01 0.01 0.001 -0.0418308224080888 -0.5312652884975252 0.0010442149254609406 0.00043671341919881057
-0.09132096409860098 -0.3884662062380335 42 nil_vol 0.6 nil_bias 0.65 Home 0.01 0.01 0.001 -0.10002933211835974 -0.39210823536519973 0.008708368019758763 0.0036420291271661966
-0.2929720904740093 0.059342941854369315 42 nil_vol 0.6 nil_bias 0.65 Home 0.01 0.01 0.001 -0.289451780155504 0.06081521228294673 -0.0035203103185053207 -0.001472270428577415
-0.2981194009275217 0.0888997938964066 42 nil_vol 0.6 nil_bias 0.65 Home 0.01 0.01 0.001 -0.3007391456085057 0.08780415962690469 0.0026197446809839596 0.0010956342695019226
-0.31212911577676355 0.14861740810775176 42 nil_vol 0.6 nil_bias 0.65 Home 0.01 0.01 0.001 -0.32408191307374035 0.14361848801067612 0.011952797296976785 0.004998920097075635
-0.36128812427568896 0.22836449573515508 42 nil_vol 0.6 nil_bias 0.65 Home 0.01 0.01 0.001 -0.3597870848072384 0.22899226312540766 -0.001501039468450531 -0.00062776739025257
-0.43344888903831735 0.4051232268947117 42 nil_vol 0.6 nil_bias 0.65 Left 0.01 0.01 0.001 -0.4 0.35 -0.033448889038317324 0.05512322689471172
-0.38257797582243813 0.26616298155792384 43 nil_vol 0.6 nil_bias 0.65 Left 0.01 0.01 0.001 -0.38129432389272505 0.26664644388813485 -0.0012836519297130821 -0.00048346233021102583
-0.32721469746063103 0.10596560563883188 43 nil_vol 0.6 nil_bias 0.65 Left 0.01 0.01 0.001 -0.3215767781153166 0.10808901741513544 -0.005637919345314427 -0.0021234117763035487
-0.323082947491754 0.09214308055861026 43 nil_vol 0.6 nil_bias 0.65 Left 0.01 0.01 0.001 -0.31650424551072576 0.0946208196683257 -0.00657870198102822 -0.0024777391097154365
-0.2493050520184554 -0.07745621582439158 43 nil_vol 0.6 nil_bias 0.65 Left 0.01 0.01 0.001 -0.2513979285916671 -0.07824445674976077 0.002092876573211702 0.0007882409253691976
-0.08982019269096546 -0.5200028029459404 43 nil_vol 0.6 nil_bias 0.65 Left 0.01 0.01 0.001 -0.08561484037249234 -0.5184189394513389 -0.0042053523184731245 -0.0015838634946015273
-0.08405408006802098 -0.5287914843198586 43 nil_vol 0.6 nil_bias 0.65 Left 0.01 0.01 0.001 -0.08199964698884499 -0.5280177223827398 -0.0020544330791759905 -0.0007737619371187665
-0.0648884695338019 -0.5944664293119484 43 nil_vol 0.6 nil_bias 0.65 Left 0.01 0.01 0.001 -0.057956366381943236 -0.5918555885805283 -0.006932103151858655 -0.0026108407314199876
0.0009260532976785824 -0.7481956525828889 43 nil_vol 0.6 nil_bias 0.65 Home 0.01 0.01 0.001 0.0 -0.75 0.0009260532976785824 0.0018043474171110852
0.05762961301835851 -0.5906699065962503 44 nil_vol 0.6 nil_bias 0.65 Home 0.01 0.01 0.001 0.05249855983755796 -0.5890075880393777 0.00513105318080055 -0.0016623185568725588
0.07431119727642305 -0.5763770939685999 44 nil_vol 0.6 nil_bias 0.65 Home 0.01 0.01 0.001 0.058273747126518324 -0.5711814060562509 0.016037450149904726 -0.005195687912348985
0.0638617613738812 -0.5552977008254394 44 nil_vol 0.6 nil_bias 0.65 Home 0.01 0.01 0.001 0.06346162361229221 -0.5551680673168873 0.00040013776158899544 -0.00012963350855214813
0.0803950692789748 -0.4701136317271384 44 nil_vol 0.6 nil_bias 0.65 Home 0.01 0.01 0.001 0.09000794742875656 -0.4732279369526484 -0.009612878149781758 0.003114305225510021
0.14680465321729058 -0.2867289566191315 44 nil_vol 0.6 nil_bias 0.65 Home 0.01 0.01 0.001 0.1500842150822489 -0.28779144347210955 -0.0032795618649583006 0.0010624868529780442
0.2115904442813778 -0.07763294395254744 44 nil_vol 0.6 nil_bias 0.65 Home 0.01 0.01 0.001 0.2175447711396398 -0.07956198028902706 -0.005954326858262005 0.001929036336479624
0.24823180750703433 0.02359407806068538 44 nil_vol 0.6 nil_bias 0.65 Home 0.01 0.01 0.001 0.25070489538092056 0.022792866356055153 -0.0024730878738862217 0.0008012117046302294
0.33089837447083864 0.2703248476737204 44 nil_vol 0.6 nil_bias 0.65 Right 0.01 0.01 0.001 0.4 0.35 -0.06910162552916137 -0.07967515232627959
0.21144674154496435 -0.05301815844416998 45 nil_vol 0.6 nil_bias 0.65 Right 0.01 0.01 0.001 0.2090593756504364 -0.052116057420970585 0.002387365894527948 -0.0009021010231993933
0.1967723600968376 -0.1097780786741759 45 nil_vol 0.6 nil_bias 0.65 Right 0.01 0.01 0.001 0.18845806818711966 -0.10663640221137377 0.008314291909717933 -0.003141676462802121
0.1576186437611233 -0.12712726757476345 45 nil_vol 0.6 nil_bias 0.65 Right 0.01 0.01 0.001 0.17782954948844307 -0.13476425308175743 -0.02021090572731977 0.007636985506993976
0.09352116467563269 -0.37045812219981766 45 nil_vol 0.6 nil_bias 0.65 Right 0.01 0.01 0.001 0.08936290638327346 -0.3688868636554686 0.004158258292359231 -0.0015712585443490806
0.01239146914665895 -0.539812020097226 45 nil_vol 0.6 nil_bias 0.65 Right 0.01 0.01 0.001 0.023228949756978312 -0.5439071202114905 -0.010837480610319363 0.004095100114264547
0.01971198429403313 -0.5482612949030009 45 nil_vol 0.6 nil_bias 0.65 Right 0.01 0.01 0.001 0.021349809908797424 -0.5488801711993774 -0.0016378256147642938 0.0006188762963765077
-0.009863573029456228 -0.655441661022935 45 nil_vol 0.6 nil_bias 0.65 Right 0.01 0.01 0.001 -0.01778497275003349 -0.6524484446041685 0.007921399720577262 -0.0029932164187664624
-0.03053656493650708 -0.6861949048165158 45 nil_vol 0.6 nil_bias 0.65 Home 0.01 0.01 0.001 0.0 -0.75 -0.03053656493650708 0.06380509518348419
-0.08194653529340944 -0.4871775299134175 46 nil_vol 0.6 nil_bias 0.65 Home 0.01 0.01 0.001 -0.08015662948440862 -0.48673225736283676 -0.0017899058090008143 -0.00044527255058072855
-0.07517818773105375 -0.48333945296493586 46 nil_vol 0.6 nil_bias 0.65 Home 0.01 0.01 0.001 -0.0806613243676063 -0.4847034857665855 0.005483136636552548 0.0013640328016496647
-0.1351389459369635 -0.3081485785497245 46 nil_vol 0.6 nil_bias 0.65 Home 0.01 0.01 0.001 -0.12519787203159308 -0.3056755504657345 -0.009941073905370414 -0.002473028083989974
-0.12686551654105982 -0.29001266816698024 46 nil_vol 0.6 nil_bias 0.65 Home 0.01 0.01 0.001 -0.12896441483680904 -0.2905348083784138 0.0020988982957492286 0.0005221402114335381
-0.10924573094167805 -0.2748619980415907 46 nil_vol 0.6 nil_bias 0.65 Home 0.01 0.01 0.001 -0.13148690518273876 -0.2803949061602341 0.0222411742410607 0.005532908118643349
-0.19929775950926065 0.06037123045879311 46 nil_vol 0.6 nil_bias 0.65 Home 0.01 0.01 0.001 -0.2152703764964889 0.056397743211817564 0.01597261698722823 0.003973487246975548
-0.2458148728688583 0.19606118826197144 46 nil_vol 0.6 nil_bias 0.65 Home 0.01 0.01 0.001 -0.24976953329317725 0.19507739250860712 0.003954660424318944 0.0009837957533643388
-0.2582738426581034 0.22926300020880958 46 nil_vol 0.6 nil_bias 0.65 Left 0.01 0.01 0.001 -0.4 0.35 0.14172615734189667 -0.1207369997911904
-0.23354175747995146 0.11085852652958499 47 nil_vol 0.6 nil_bias 0.65 Left 0.01 0.01 0.001 -0.22684848582873107 0.11266244983283957 -0.006693271651220378 -0.0018039233032545849
-0.22234408021434687 0.023321395175778994 47 nil_vol 0.6 nil_bias 0.65 Left 0.01 0.01 0.001 -0.2040954458897003 0.028239638215384194 -0.018248634324646563 -0.0049182430396052
-0.2167921324516948 0.019584338763393428 47 nil_vol 0.6 nil_bias 0.65 Left 0.01 0.01 0.001 -0.20278049700487788 0.023360655789852747 -0.014011635446816913 -0.00377631702645932
-0.16991211435142245 -0.12615906404108282 47 nil_vol 0.6 nil_bias 0.65 Left 0.01 0.01 0.001 -0.16298608561680974 -0.12429240969259231 -0.006926028734612709 -0.0018666543484905035
-0.15930431641975945 -0.17788897660102176 47 nil_vol 0.6 nil_bias 0.65 Left 0.01 0.01 0.001 -0.14926998351772872 -0.1751845940661687 -0.010034332902030731 -0.0027043825348530524
-0.10193061067041047 -0.34795867724920776 47 nil_vol 0.6 nil_bias 0.65 Left 0.01 0.01 0.001 -0.10265268349470283 -0.34815328521706906 0.0007220728242923653 0.00019460796786133067
-0.04489323145884277 -0.6323777647029206 47 nil_vol 0.6 nil_bias 0.65 Left 0.01 0.01 0.001 -0.0273265072316152 -0.6276433052566848 -0.01756672422722757 -0.004734459446235814
0.01567417245292429 -0.7871928990761495 47 nil_vol 0.6 nil_bias 0.65 Home 0.01 0.01 0.001 0.0 -0.75 0.01567417245292429 -0.037192899076149484
-0.015913255264710515 -0.7582876653192815 48 nil_vol 0.6 nil_bias 0.65 Home 0.01 0.01 0.001 0.004090671995479099 -0.7517499597798987 -0.020003927260189614 -0.006537705539382767
-0.14106788016564328 -0.29278320043803346 48 nil_vol 0.6 nil_bias 0.65 Home 0.01 0.01 0.001 -0.14544212754361693 -0.2942127967838731 0.004374247377973655 0.0014295963458396338
-0.15570912025033914 -0.25523343390947645 48 nil_vol 0.6 nil_bias 0.65 Home 0.01 0.01 0.001 -0.15794281985546033 -0.25596345407460575 0.0022336996051211862 0.0007300201651292876
-0.2079766685989256 -0.12669707606887157 48 nil_vol 0.6 nil_bias 0.65 Home 0.01 0.01 0.001 -0.20094126558283526 -0.12439775790640151 -0.007035403016090334 -0.0022993181624700637
-0.3270053014827816 0.2662982857197719 48 nil_vol 0.6 nil_bias 0.65 Home 0.01 0.01 0.001 -0.3284722853435203 0.26581884443867787 0.001466983860738659 0.00047944128109398754
-0.367013920221975 0.3359610787056416 48 nil_vol 0.6 nil_bias 0.65 Home 0.01 0.01 0.001 -0.35290341892177157 0.3405726882817971 -0.014110501300203441 -0.0046116095761554645
-0.35905119326735274 0.3891586118786826 48 nil_vol 0.6 nil_bias 0.65 Home 0.01 0.01 0.001 -0.3678432288004654 0.3862851891422546 0.008792035533112617 0.002873422736427988
-0.3689778161562639 0.3897567745171242 48 nil_vol 0.6 nil_bias 0.65 Left 0.01 0.01 0.001 -0.4 0.35 0.031022183843736107 0.039756774517124255
-0.2926782943535453 0.1903001275235686 49 nil_vol 0.6 nil_bias 0.65 Left 0.01 0.01 0.001 -0.3013438190506194 0.1874037825445907 0.008665524697074127 0.002896344978977898
-0.2631530583970591 0.06453373046829301 49 nil_vol 0.6 nil_bias 0.65 Left 0.01 0.01 0.001 -0.2605651267279491 0.06539871477770193 -0.002587931669109967 -0.000864984309408913
-0.24552298489175672 0.04173123901337125 49 nil_vol 0.6 nil_bias 0.65 Left 0.01 0.01 0.001 -0.25193792074092936 0.03958712565766298 0.006414935849172639 0.0021441133557082697
-0.2293012811166665 -0.041114668329443646 49 nil_vol 0.6 nil_bias 0.65 Left 0.01 0.01 0.001 -0.22540015320054074 -0.03981076433664371 -0.003901127916125773 -0.0013039039927999342
-0.15139490885589527 -0.27315742055794695 49 nil_vol 0.6 nil_bias 0.65 Left 0.01 0.01 0.001 -0.14780765477282012 -0.27195842503083933 -0.0035872540830751472 -0.0011989955271076403
-0.10592806894192741 -0.3774914894273142 49 nil_vol 0.6 nil_bias 0.65 Left 0.01 0.01 0.001 -0.11187065214490671 -0.3794777247245166 0.005942583202979308 0.001986235297202371
-0.04638661085610929 -0.5883094093175196 49 nil_vol 0.6 nil_bias 0.65 Left 0.01 0.01 0.001 -0.04250487882151249 -0.5870119881594058 -0.0038817320345967943 -0.0012974211581138503
0.005725789934639348 -0.731312495970573 49 nil_vol 0.6 nil_bias 0.65 Home 0.01 0.01 0.001 0.0 -0.75 0.005725789934639348 0.01868750402942702
-0.011406203847365029 -0.6753172247436713 50 nil_vol 0.6 nil_bias 0.65 Home 0.01 0.01 0.001 -0.015781257538690044 -0.677051328368719 0.004375053691325015 0.00173410362504763
-0.02865334159747977 -0.6205955320821134 50 nil_vol 0.6 nil_bias 0.65 Home 0.01 0.01 0.001 -0.036867678239772356 -0.6238513803422171 0.008214336642292586 0.0032558482601037757
-0.040227674620791486 -0.6014062056901253 50 nil_vol 0.6 nil_bias 0.65 Home 0.01 0.01 0.001 -0.04501239363788196 -0.6033026849513564 0.004784719017090473 0.0018964792612312055
-0.03900936231209227 -0.5965435169391423 50 nil_vol 0.6 nil_bias 0.65 Home 0.01 0.01 0.001 -0.04651267848573507 -0.5995175439327749 0.007503316173642804 0.0029740269936325897
-0.17810220978142174 -0.3157519154071211 50 nil_vol 0.6 nil_bias 0.65 Home 0.01 0.01 0.001 -0.16158188498818873 -0.3092038917410999 -0.01652032479323302 -0.006548023666021202
-0.3494129838435626 0.13701030594053412 50 nil_vol 0.6 nil_bias 0.65 Home 0.01 0.01 0.001 -0.33993336584306627 0.14076766324367362 -0.009479618000496336 -0.0037573573031394977
-0.426554734736798 0.3343385155208106 50 nil_vol 0.6 nil_bias 0.65 Home 0.01 0.01 0.001 -0.4180012139630441 0.337728803372614 -0.008553520773753851 -0.003390287851803386
-0.43552733134838895 0.38194629040960826 50 nil_vol 0.6 nil_bias 0.65 Left 0.01 0.01 0.001 -0.4 0.35 -0.0355273313483889 0.0319462904096083
-0.40117492100779706 0.24326464757812855 51 nil_vol 0.6 nil_bias 0.65 Left 0.01 0.01 0.001 -0.3805948755059657 0.2519619444108998 -0.02058004550183133 -0.008697296832771264
-0.22312720129196031 -0.12472897426983731 51 nil_vol 0.6 nil_bias 0.65 Left 0.01 0.01 0.001 -0.2216635870681743 -0.1241104388369686 -0.001463614223786012 -0.000618535432868713
-0.22204875052335762 -0.13522811953042194 51 nil_vol 0.6 nil_bias 0.65 Left 0.01 0.01 0.001 -0.21773550026931368 -0.1334053044268252 -0.004313250254043937 -0.001822815103596734
-0.17652158780187255 -0.2011506286050423 51 nil_vol 0.6 nil_bias 0.65 Left 0.01 0.01 0.001 -0.18719883576910432 -0.20566292158903277 0.010677247967231773 0.004512292983990478
-0.1709186496411353 -0.2260545810070884 51 nil_vol 0.6 nil_bias 0.65 Left 0.01 0.01 0.001 -0.17742002211190766 -0.22880211459216637 0.006501372470772374 0.0027475335850779925
-0.15626482200063488 -0.29037279377797176 51 nil_vol 0.6 nil_bias 0.65 Left 0.01 0.01 0.001 -0.15213697055316794 -0.28862832973793795 -0.004127851447466943 -0.0017444640400338192
0.042693149485475465 -0.7108249772908161 51 nil_vol 0.6 nil_bias 0.65 Left 0.01 0.01 0.001 0.028772931388582668 -0.7167077761774763 0.013920218096892797 0.005882798886660265
0.03801207881439101 -0.738569979811232 51 nil_vol 0.6 nil_bias 0.65 Home 0.01 0.01 0.001 0.0 -0.75 0.03801207881439101 0.011430020188768063
0.021416646729882485 -0.6860868010314578 52 nil_vol 0.6 nil_bias 0.65 Home 0.01 0.01 0.001 0.0123662139388978 -0.6909621825854863 0.009050432790984683 0.004875381554028419
-0.04692864207170328 -0.5590889848003484 52 nil_vol 0.6 nil_bias 0.65 Home 0.01 0.01 0.001 -0.05603117562339776 -0.5639924325356945 0.00910253355169448 0.004903447735346114
-0.11410751874013929 -0.4776049333981444 52 nil_vol 0.6 nil_bias 0.65 Home 0.01 0.01 0.001 -0.10516290805101164 -0.47278655719792806 -0.008944610689127655 -0.004818376200216367
-0.30832741297583593 -0.09613174276830423 52 nil_vol 0.6 nil_bias 0.65 Home 0.01 0.01 0.001 -0.3081226674797004 -0.09602144832844894 -0.00020474549613553716 -0.00011029443985528892
-0.34310107679624224 -0.043105910854490656 52 nil_vol 0.6 nil_bias 0.65 Home 0.01 0.01 0.001 -0.3380837315317784 -0.040403114964229436 -0.005017345264463834 -0.0027027958902612233
-0.4746172993070253 0.1944392517884196 52 nil_vol 0.6 nil_bias 0.65 Home 0.01 0.01 0.001 -0.4668461555091233 0.19862549260153672 -0.007771143797902016 -0.00418624081311715
-0.46871868562641933 0.20353505443888906 52 nil_vol 0.6 nil_bias 0.65 Home 0.01 0.01 0.001 -0.46931720633958823 0.20321263705708226 0.0005985207131689157 0.00032241738180679714
-0.48183125036261 0.22644312950545276 52 nil_vol 0.6 nil_bias 0.65 Left 0.01 0.01 0.001 -0.4 0.35 -0.08183125036260996 -0.12355687049454721
-0.4118927293791972 0.09849767433011573 53 nil_vol 0.6 nil_bias 0.65 Left 0.01 0.01 0.001 -0.41144066249027356 0.09874686920861087 -0.0004520668889236534 -0.00024919487849513135
-0.30865348146454397 -0.07476716308069331 53 nil_vol 0.6 nil_bias 0.65 Left 0.01 0.01 0.001 -0.3141297273083631 -0.07778585887792178 0.005476245843819137 0.0030186957972284613
-0.15100889727796893 -0.3432749868121201 53 nil_vol 0.6 nil_bias 0.65 Left 0.01 0.01 0.001 -0.1638738230022484 -0.3503665780815973 0.012864925724279462 0.007091591269477224
-0.12328443468709456 -0.3958280173942525 53 nil_vol 0.6 nil_bias 0.65 Left 0.01 0.01 0.001 -0.1351948231680387 -0.40239343477619205 0.011910388480944159 0.006565417381939555
-0.13628294183058745 -0.4158962026929848 53 nil_vol 0.6 nil_bias 0.65 Left 0.01 0.01 0.001 -0.1297398207849556 -0.41228940844661266 -0.006543121045631838 -0.003606794246372088
-0.012229819910032323 -0.6056635744797483 53 nil_vol 0.6 nil_bias 0.65 Left 0.01 0.01 0.001 -0.02060149150082019 -0.610278328924239 0.008371671590787867 0.004614754444490728
0.013266450181210773 -0.6430627333802279 53 nil_vol 0.6 nil_bias 0.65 Left 0.01 0.01 0.001 0.0011516127536491116 -0.6497408500809168 0.012114837427561661 0.006678116700688843
0.034753001107017616 -0.7106974603778637 53 nil_vol 0.6 nil_bias 0.65 Home 0.01 0.01 0.001 0.0 -0.75 0.034753001107017616 0.0393025396221363
0.07915466720583869 -0.5254551224722487 54 nil_vol 0.6 nil_bias 0.65 Home 0.01 0.01 0.001 0.10280682841212169 -0.5345953903514594 -0.023652161206282992 0.009140267879210746
0.10815660539644714 -0.5118599905193553 54 nil_vol 0.6 nil_bias 0.65 Home 0.01 0.01 0.001 0.11114633226310874 -0.5130153565854254 -0.0029897268666616043 0.001155366066070161
0.16017043342549636 -0.40649018660328246 54 nil_vol 0.6 nil_bias 0.65 Home 0.01 0.01 0.001 0.15333351507833606 -0.4038480912524045 0.006836918347160306 -0.0026420953508779444
0.1533033857485556 -0.37073925486544956 54 nil_vol 0.6 nil_bias 0.65 Home 0.01 0.01 0.001 0.16446186389211967 -0.37505139693428513 -0.011158478143564082 0.004312142068835586
0.19633374602037718 -0.3150206971813436 54 nil_vol 0.6 nil_bias 0.65 Home 0.01 0.01 0.001 0.1887874178394052 -0.31210445369403816 0.007546328180971982 -0.0029162434873054362
0.3847407532996282 0.1703380726264809 54 nil_vol 0.6 nil_bias 0.65 Home 0.01 0.01 0.001 0.37646151384949755 0.17353754627078455 0.008279239450130642 -0.003199473644303645
0.37629084972352095 0.20359268141808462 54 nil_vol 0.6 nil_bias 0.65 Home 0.01 0.01 0.001 0.38654484889939694 0.1996300710467408 -0.01025399917587602 0.003962610371343825
0.44834799679515164 0.3595573331799338 54 nil_vol 0.6 nil_bias 0.65 Right 0.01 0.01 0.001 0.4 0.35 0.048347996795151615 0.009557333179933855
0.438254067641814 0.3434232705108595 55 nil_vol 0.6 nil_bias 0.65 Right 0.01 0.01 0.001 0.44069155598501675 0.342339374035741 -0.0024374883432027048 0.0010838964751185213
0.27445707772340183 -0.024259326014552343 55 nil_vol 0.6 nil_bias 0.65 Right 0.01 0.01 0.001 0.2771423447867922 -0.025453404137172786 -0.0026852670633903844 0.0011940781226204434
0.2553062758855713 -0.05870829647280492 55 nil_vol 0.6 nil_bias 0.65 Right 0.01 0.01 0.001 0.2611910036511685 -0.06132510311311157 -0.005884727765597197 0.0026168066403066503
0.2738861747267233 -0.07685687372540331 55 nil_vol 0.6 nil_bias 0.65 Right 0.01 0.01 0.001 0.257520493075011 -0.06957942162817798 0.016365681651712285 -0.007277452097225324
0.14599181653718957 -0.3219159808402278 55 nil_vol 0.6 nil_bias 0.65 Right 0.01 0.01 0.001 0.1454242969279826 -0.3216636175804422 0.0005675196092069849 -0.00025236325978562283
-0.003149106737412687 -0.6339626410599001 55 nil_vol 0.6 nil_bias 0.65 Right 0.01 0.01 0.001 0.004950344837210019 -0.637564285776113 -0.008099451574622706 0.003601644716212962
-0.0019624112693066575 -0.6813827232324388 55 nil_vol 0.6 nil_bias 0.65 Right 0.01 0.01 0.001 -0.01245913079948463 -0.6767150671466999 0.010496719530177973 -0.004667656085738863
-0.042661776134673625 -0.7446353876093703 55 nil_vol 0.6 nil_bias 0.65 Home 0.01 0.01 0.001 0.0 -0.75 -0.042661776134673625 0.005364612390629668
-0.062006880501893194 -0.6927332147054123 56 nil_vol 0.6 nil_bias 0.65 Home 0.01 0.01 0.001 -0.05758122560474205 -0.6914907868084128 -0.0044256548971511435 -0.0012424278969994213
-0.06739557711099652 -0.6307834920571906 56 nil_vol 0.6 nil_bias 0.65 Home 0.01 0.01 0.001 -0.0740957276062596 -0.63266444619457 0.006700150495263083 0.0018809541373792866
-0.0707120004926323 -0.6219789791736242 56 nil_vol 0.6 nil_bias 0.65 Home 0.01 0.01 0.001 -0.07662915474015786 -0.6236401203332539 0.005917154247525567 0.0016611411596296711
-0.11688427247708984 -0.43398712909960846 56 nil_vol 0.6 nil_bias 0.65 Home 0.01 0.01 0.001 -0.12892230023514453 -0.4373666021626998 0.01203802775805469 0.003379473063091336
-0.14387532161257627 -0.40338917427678517 56 nil_vol 0.6 nil_bias 0.65 Home 0.01 0.01 0.001 -0.1388564335048996 -0.40198020617109076 -0.005018888107676665 -0.001408968105694385
-0.2608802592340975 0.06405070508915071 56 nil_vol 0.6 nil_bias 0.65 Home 0.01 0.01 0.001 -0.2690433983178261 0.06175904160421897 0.008163139083728559 0.0022916634849317503
-0.27686298080644 0.14978922126823555 56 nil_vol 0.6 nil_bias 0.65 Home 0.01 0.01 0.001 -0.2925222603206854 0.14539314290976846 0.015659279514245398 0.004396078358467088
-0.37419603528190504 0.43632346007256034 56 nil_vol 0.6 nil_bias 0.65 Left 0.01 0.01 0.001 -0.4 0.35 0.025803964718094985 0.08632346007256038
-0.3574854834904311 0.3676140041931601 57 nil_vol 0.6 nil_bias 0.65 Left 0.01 0.01 0.001 -0.35335090933241026 0.3688921299382674 -0.004134574158020829 -0.0012781257451073163
-0.33856748949637744 0.30938758324908455 57 nil_vol 0.6 nil_bias 0.65 Left 0.01 0.01 0.001 -0.335271199544252 0.31040656921719856 -0.0032962899521254267 -0.0010189859681140217
-0.26932743541794135 0.12023887234466432 57 nil_vol 0.6 nil_bias 0.65 Left 0.01 0.01 0.001 -0.2758601565754161 0.11821940461283564 0.006532721157474772 0.0020194677318286737
-0.19471121142572137 -0.1701623751663686 57 nil_vol 0.6 nil_bias 0.65 Left 0.01 0.01 0.001 -0.18741007180094596 -0.1679053653350307 -0.007301139624775404 -0.0022570098313378956
-0.13516634198334837 -0.3326153303175975 57 nil_vol 0.6 nil_bias 0.65 Left 0.01 0.01 0.001 -0.13637736026186195 -0.33298969381439464 0.001211018278513585 0.00037436349679713675
-0.14190232166953368 -0.36371343632206443 57 nil_vol 0.6 nil_bias 0.65 Left 0.01 0.01 0.001 -0.12819006552568488 -0.359474550542991 -0.013712256143848812 -0.004238885779073465
-0.07035666920751568 -0.5355363418529921 57 nil_vol 0.6 nil_bias 0.65 Left 0.01 0.01 0.001 -0.07346667905328452 -0.5364977428339621 0.003110009845768838 0.0009614009809699877
-0.004550603933772311 -0.7594324770352772 57 nil_vol 0.6 nil_bias 0.65 Home 0.01 0.01 0.001 0.0 -0.75 -0.004550603933772311 -0.009432477035277166
-0.035463011368354766 -0.6820730009916294 58 nil_vol 0.6 nil_bias 0.65 Home 0.01 0.01 0.001 -0.03901435931438914 -0.683688884025698 0.0035513479460343705 0.0016158830340687147
-0.15250697211622982 -0.40160849612722516 58 nil_vol 0.6 nil_bias 0.65 Home 0.01 0.01 0.001 -0.1648144783715666 -0.4072084798100126 0.012307506255336779 0.005599983682787472
-0.15703117954144116 -0.4017541134315454 58 nil_vol 0.6 nil_bias 0.65 Home 0.01 0.01 0.001 -0.16553557907481445 -0.40562366243934256 0.008504399533373279 0.0038695490077971582
-0.26267366062865716 -0.19878907776459204 58 nil_vol 0.6 nil_bias 0.65 Home 0.01 0.01 0.001 -0.26016568902953857 -0.1976479367616477 -0.0025079715991185763 -0.0011411410029443139
-0.38447834356044497 0.10559496778205216 58 nil_vol 0.6 nil_bias 0.65 Home 0.01 0.01 0.001 -0.3957991476625804 0.10044393905756932 0.011320804102135425 0.00515102872448283
-0.4239442214814137 0.159225060556808 58 nil_vol 0.6 nil_bias 0.65 Home 0.01 0.01 0.001 -0.42278489893162907 0.15975255875402128 -0.0011593225497846295 -0.0005274981972132941
-0.4351366630711968 0.2075789846857945 58 nil_vol 0.6 nil_bias 0.65 Home 0.01 0.01 0.001 -0.4429322645071632 0.20403194274787173 0.00779560143596641 0.003547041937922778
-0.48567984537808206 0.2979815234558402 58 nil_vol 0.6 nil_bias 0.65 Left 0.01 0.01 0.001 -0.4 0.35 -0.08567984537808203 -0.05201847654415973
-0.47869784865979803 0.29642188621792037 59 nil_vol 0.6 nil_bias 0.65 Left 0.01 0.01 0.001 -0.4839746943742239 0.29410236041496873 0.005276845714425872 0.002319525802951656
-0.4468904740277158 0.24084711995619662 59 nil_vol 0.6 nil_bias 0.65 Left 0.01 0.01 0.001 -0.4583510605773624 0.2358094274297328 0.011460586549646585 0.005037692526463837
-0.34893041565743016 0.010786472140132662 59 nil_vol 0.6 nil_bias 0.65 Left 0.01 0.01 0.001 -0.35773688088230304 0.006915443039159308 0.008806465224872873 0.003871029100973355
-0.299197490564732 -0.12868977068745896 59 nil_vol 0.6 nil_bias 0.65 Left 0.01 0.01 0.001 -0.2983023071880985 -0.1282962778599544 -0.0008951833766334613 -0.00039349282750455
-0.23107550446755576 -0.266620447275424 59 nil_vol 0.6 nil_bias 0.65 Left 0.01 0.01 0.001 -0.23645934491269563 -0.2689870044020303 0.005383840445139882 0.0023665571266063426
-0.1898619053808558 -0.3456801311202889 59 nil_vol 0.6 nil_bias 0.65 Left 0.01 0.01 0.001 -0.20066100745751353 -0.35042705708157634 0.010799102076657754 0.004746925961287426
-0.09958237036609029 -0.5808607093238382 59 nil_vol 0.6 nil_bias 0.65 Left 0.01 0.01 0.001 -0.09940442366961805 -0.5807824898767755 -0.00017794669647223354 -7.821944706265872e-05
-0.032820866626652026 -0.7322579152358307 59 nil_vol 0.6 nil_bias 0.65 Home 0.01 0.01 0.001 0.0 -0.75 -0.032820866626652026 0.017742084764169233
0.0561142708395562 -0.4729815725247015 60 nil_vol 0.6 nil_bias 0.65 Home 0.01 0.01 0.001 0.06900658980664108 -0.47814780557901776 -0.012892318967084877 0.005166233054316249
0.10319009641915675 -0.4153277890526996 60 nil_vol 0.6 nil_bias 0.65 Home 0.01 0.01 0.001 0.09542658726024021 -0.4122167818136854 0.007763509158916534 -0.003111007239014232
0.11492487566539972 -0.35772377663804683 60 nil_vol 0.6 nil_bias 0.65 Home 0.01 0.01 0.001 0.116939601035231 -0.35853112098219203 -0.0020147253698312917 0.0008073443441452066
0.22344604480719205 -0.10183964685034425 60 nil_vol 0.6 nil_bias 0.65 Home 0.01 0.01 0.001 0.22030573151101346 -0.1005812549044851 0.003140313296178582 -0.0012583919458591375
0.2626618216796139 0.02687367290390078 60 nil_vol 0.6 nil_bias 0.65 Home 0.01 0.01 0.001 0.27017348935914365 0.02386358403175115 -0.007511667679529775 0.003010088872149627
0.3044311608073688 0.07375497131326804 60 nil_vol 0.6 nil_bias 0.65 Home 0.01 0.01 0.001 0.29213977980826855 0.0786803954330767 0.012291380999100264 -0.0049254241198086555
0.3486801481459121 0.21669211242501943 60 nil_vol 0.6 nil_bias 0.65 Home 0.01 0.01 0.001 0.3476151038582937 0.21711889887182179 0.0010650442876183645 -0.00042678644680234996
0.4433325669145995 0.4559815385297572 60 nil_vol 0.6 nil_bias 0.65 Right 0.01 0.01 0.001 0.4 0.35 0.04333256691459947 0.10598153852975721
0.44243229468870887 0.4547482533691516 61 nil_vol 0.6 nil_bias 0.65 Right 0.01 0.01 0.001 0.4428415064558694 0.45460253396854106 -0.0004092117671604975 0.0001457194006105235
0.44865323760222137 0.4423814184458435 61 nil_vol 0.6 nil_bias 0.65 Right 0.01 0.01 0.001 0.4396333649863169 0.4455933750332438 0.00901987261590447 -0.0032119565874002905
0.23892036681886694 -0.0957122596119266 61 nil_vol 0.6 nil_bias 0.65 Right 0.01 0.01 0.001 0.24598038214040077 -0.09822631537355264 -0.007060015321533823 0.002514055761626037
0.16327933095945008 -0.3485925484844118 61 nil_vol 0.6 nil_bias 0.65 Right 0.01 0.01 0.001 0.15755180554269338 -0.34655298941575974 0.0057275254167566845 -0.0020395590686520474
0.11489151590277381 -0.4813320363133591 61 nil_vol 0.6 nil_bias 0.65 Right 0.01 0.01 0.001 0.11015757668514942 -0.4796462910814818 0.004733939217624391 -0.0016857452318772615
0.07006259301026135 -0.6083862250895634 61 nil_vol 0.6 nil_bias 0.65 Right 0.01 0.01 0.001 0.06496054124498446 -0.6065693957977791 0.00510205176527689 -0.001816829291784308
0.03268072217735093 -0.6557332479189352 61 nil_vol 0.6 nil_bias 0.65 Right 0.01 0.01 0.001 0.04579095189846427 -0.6604017715786608 -0.013110229721113342 0.004668523659725602
-0.004821830183033717 -0.8025334706503303 61 nil_vol 0.6 nil_bias 0.65 Home 0.01 0.01 0.001 0.0 -0.75 -0.004821830183033717 -0.05253347065033036
-0.07371979519374147 -0.6160411852916674 62 nil_vol 0.6 nil_bias 0.65 Home 0.01 0.01 0.001 -0.07874311245244513 -0.6180540386980322 0.005023317258703658 0.0020128534063648673
-0.2184577341997599 -0.25672988855179607 62 nil_vol 0.6 nil_bias 0.65 Home 0.01 0.01 0.001 -0.22282518463876205 -0.25847993479425535 0.0043674504390021655 0.0017500462424592915
-0.24195238097142296 -0.21268855817298496 62 nil_vol 0.6 nil_bias 0.65 Home 0.01 0.01 0.001 -0.24128158627186186 -0.21241976937736518 -0.0006707946995611054 -0.0002687887956197915
-0.3117079886827494 -0.04881990442764595 62 nil_vol 0.6 nil_bias 0.65 Home 0.01 0.01 0.001 -0.30751036332812764 -0.04713790744068391 -0.00419762535462177 -0.0016819969869620397
-0.3496612916324606 0.04176637388004233 62 nil_vol 0.6 nil_bias 0.65 Home 0.01 0.01 0.001 -0.3440374628721527 0.044019853462162084 -0.0056238287603079 -0.002253479582119754
-0.35017205383477135 0.04400602012242486 62 nil_vol 0.6 nil_bias 0.65 Home 0.01 0.01 0.001 -0.3448813986128628 0.046125996392462176 -0.005290655221908522 -0.0021199762700373132
-0.39341392520174817 0.09413932512398179 62 nil_vol 0.6 nil_bias 0.65 Home 0.01 0.01 0.001 -0.36817314911705507 0.10425335525682644 -0.02524077608469309 -0.010114030132844648
-0.43446214987443615 0.26968551266770313 62 nil_vol 0.6 nil_bias 0.65 Left 0.01 0.01 0.001 -0.4 0.35 -0.03446214987443613 -0.08031448733229687
-0.38045108656714327 0.13386701904421872 63 nil_vol 0.6 nil_bias 0.65 Left 0.01 0.01 0.001 -0.3783880214111365 0.13472418742469947 -0.002063065156006774 -0.0008571683804807505
-0.3731350700271861 0.1364631726189764 63 nil_vol 0.6 nil_bias 0.65 Left 0.01 0.01 0.001 -0.37823087183099596 0.13434595389386492 0.00509580180380984 0.0021172187251114745
-0.25139232414123147 -0.15161357582821128 63 nil_vol 0.6 nil_bias 0.65 Left 0.01 0.01 0.001 -0.2582378490438002 -0.15445777465401717 0.006845524902568751 0.0028441988258058855
-0.1909679535261516 -0.33833108674423057 63 nil_vol 0.6 nil_bias 0.65 Left 0.01 0.01 0.001 -0.18318514080152754 -0.33509746081665026 -0.007782812724624068 -0.003233625927580294
-0.14212664449311813 -0.3959180556978166 63 nil_vol 0.6 nil_bias 0.65 Left 0.01 0.01 0.001 -0.15559093370768756 -0.40151223819213766 0.013464289214569445 0.005594182494321101
-0.024584892889027238 -0.7112163449276756 63 nil_vol 0.6 nil_bias 0.65 Left 0.01 0.01 0.001 -0.0265712613174931 -0.7120416471261587 0.001986368428465861 0.0008253021984830541
-0.03342997211009211 -0.7596893533418009 63 nil_vol 0.6 nil_bias 0.65 Left 0.01 0.01 0.001 -0.010698497417725383 -0.7502448133614401 -0.022731474692366728 -0.009444539980360744
-0.00012160832879145242 -0.7757016685549196 63 nil_vol 0.6 nil_bias 0.65 Home 0.01 0.01 0.001 0.0 -0.75 -0.00012160832879145242 -0.025701668554919614
