x y trial vol omega bias theta state target_sigma moving_sigma staying_sigma x_mean y_mean x_noise y_noise
0.09812746580068551 -0.5130167811622881 0 nil_vol 0.6 nil_bias 0.1 Home 0.005 0.01 0.001 0.1028345170744268 -0.5150772342779837 -0.004707051273741281 0.002060453115695575
0.32258138772825673 -0.015917302412371024 0 nil_vol 0.6 nil_bias 0.1 Home 0.005 0.01 0.001 0.32153589618121975 -0.01545965149882711 0.0010454915470369825 -0.0004576509135439131
0.36610121395359074 0.04324950630103306 0 nil_vol 0.6 nil_bias 0.1 Home 0.005 0.01 0.001 0.3502688119022051 0.050179943264341054 0.015832402051385645 -0.006930436963307997
0.35860367905121837 0.07583788736530746 0 nil_vol 0.6 nil_bias 0.1 Home 0.005 0.01 0.001 0.36103448144304096 0.07477383386969083 -0.00243080239182258 0.0010640534956166234
0.376811615350898 0.09168939170614473 0 nil_vol 0.6 nil_bias 0.1 Home 0.005 0.01 0.001 0.36978538218652823 0.09476503783217949 0.007026233164369805 -0.0030756461260347573
0.3757245230882727 0.13465328409095798 0 nil_vol 0.6 nil_bias 0.1 Home 0.005 0.01 0.001 0.3853932923983795 0.13042090065356304 -0.00966876931010681 0.004232383437394935
0.42922678882773746 0.2205830529337029 0 nil_vol 0.6 nil_bias 0.1 Home 0.005 0.01 0.001 0.42556273677127054 0.22218694612219103 0.003664052056466921 -0.001603893188488136
0.42769654395319345 0.22706157284243939 0 nil_vol 0.6 nil_bias 0.1 Right 0.005 0.01 0.001 0.4 0.35 0.02769654395319343 -0.12293842715756059
0.39827029452715784 0.1595425279740267 1 nil_vol 0.6 nil_bias 0.1 Right 0.005 0.01 0.001 0.3999290485169918 0.15886711467679632 -0.0016587539898339715 0.0006754132972303791
0.3411656794387467 -0.00418159083428356 1 nil_vol 0.6 nil_bias 0.1 Right 0.005 0.01 0.001 0.3346233843528445 -0.0015176918338865308 0.006542295085902185 -0.0026638990003970296
0.20265507720160947 -0.35764554043984725 1 nil_vol 0.6 nil_bias 0.1 Right 0.005 0.01 0.001 0.1914693965273315 -0.3530909425234097 0.01118568067427796 -0.004554597916437506
0.1897988937282085 -0.3588998450049057 1 nil_vol 0.6 nil_bias 0.1 Right 0.005 0.01 0.001 0.1892029298461424 -0.3586571797675749 0.0005959638820661016 -0.00024266523733080627
0.16604282985434343 -0.4587821150280886 1 nil_vol 0.6 nil_bias 0.1 Right 0.005 0.01 0.001 0.15093823545360302 -0.45263180945531784 0.0151045944007404 -0.006150305572770754
0.10596460456554206 -0.5753664219274635 1 nil_vol 0.6 nil_bias 0.1 Right 0.005 0.01 0.001 0.10167433134589571 -0.5736195036990464 0.004290273219646348 -0.001746918228417086
0.02414629513945267 -0.7920749051162946 1 nil_vol 0.6 nil_bias 0.1 Right 0.005 0.01 0.001 0.014347948796701204 -0.7880852035382895 0.009798346342751464 -0.003989701578005185
0.010525891586004494 -0.7974718304726635 1 nil_vol 0.6 nil_bias 0.1 Home 0.005 0.01 0.001 0.0 -0.75 0.010525891586004494 -0.04747183047266341
0.0716678706931866 -0.5945691338087813 2 nil_vol 0.6 nil_bias 0.1 Home 0.005 0.01 0.001 0.06700616895451869 -0.5932796904094042 0.004661701738667909 -0.0012894433993770726
0.08303065222515309 -0.5338524112212395 2 nil_vol 0.6 nil_bias 0.1 Home 0.005 0.01 0.001 0.08341459217968868 -0.5339586103879572 -0.0003839399545355916 0.00010619916671771432
0.0777274853233864 -0.4806092974381875 2 nil_vol 0.6 nil_bias 0.1 Home 0.005 0.01 0.001 0.09671823006661713 -0.4858622054600145 -0.01899074474323073 0.005252908021827037
0.12849028860540151 -0.4437312150619097 2 nil_vol 0.6 nil_bias 0.1 Home 0.005 0.01 0.001 0.10980167052845038 -0.43856187635820926 0.01868861807695113 -0.005169338703700443
0.15476044857938975 -0.33621643956205494 2 nil_vol 0.6 nil_bias 0.1 Home 0.005 0.01 0.001 0.13929410761082253 -0.33193839424890004 0.015466340968567223 -0.004278045313154881
0.16758681782362622 -0.2382647376793595 2 nil_vol 0.6 nil_bias 0.1 Home 0.005 0.01 0.001 0.165373886893038 -0.23765263305712347 0.0022129309305882086 -0.0006121046222360222
0.2855368936075712 0.23236940477232138 2 nil_vol 0.6 nil_bias 0.1 Home 0.005 0.01 0.001 0.29468383770074535 0.22983932727131318 -0.009146944093174172 0.002530077501008212
0.342253146002662 0.4018157996976358 2 nil_vol 0.6 nil_bias 0.1 Right 0.005 0.01 0.001 0.4 0.35 -0.05774685399733802 0.05181579969763585
0.35671028616307443 0.3881201173030038 3 nil_vol 0.6 nil_bias 0.1 Right 0.005 0.01 0.001 0.33973684304334006 0.3929228169620421 0.016973443119734342 -0.004802699659038357
0.23725333845621854 -0.025263070870383927 3 nil_vol 0.6 nil_bias 0.1 Right 0.005 0.01 0.001 0.222584036891957 -0.021112336742722004 0.014669301564261553 -0.004150734127661923
0.1681191791731126 -0.2722710538552551 3 nil_vol 0.6 nil_bias 0.1 Right 0.005 0.01 0.001 0.15274836302770337 -0.2679218235346922 0.015370816145409224 -0.004349230320562889
0.09893803937956192 -0.44270678598198077 3 nil_vol 0.6 nil_bias 0.1 Right 0.005 0.01 0.001 0.10296952725389544 -0.4438475106601085 -0.004031487874333525 0.0011407246781277654
0.06946425185403096 -0.5441438887042194 3 nil_vol 0.6 nil_bias 0.1 Right 0.005 0.01 0.001 0.07421030672959039 -0.5454868028066695 -0.004746054875559433 0.0013429141024501442
0.04110593397036871 -0.6431866393816825 3 nil_vol 0.6 nil_bias 0.1 Right 0.005 0.01 0.001 0.04616104359450618 -0.6446170016892582 -0.005055109624137463 0.0014303623075756064
0.03464128941407215 -0.6959353016885311 3 nil_vol 0.6 nil_bias 0.1 Right 0.005 0.01 0.001 0.03186279172487183 -0.6951491153025146 0.002778497689200321 -0.0007861863860165398
0.027355358465617544 -0.7110790437747168 3 nil_vol 0.6 nil_bias 0.1 Home 0.005 0.01 0.001 0.0 -0.75 0.027355358465617544 0.03892095622528324
0.05462206132790132 -0.6247623925936081 4 nil_vol 0.6 nil_bias 0.1 Home 0.005 0.01 0.001 0.0649953641901437 -0.6295515914197539 -0.010373302862242391 0.004789198826145816
0.16946954243179435 -0.4300410711783075 4 nil_vol 0.6 nil_bias 0.1 Home 0.005 0.01 0.001 0.1592786156887379 -0.42533607267943657 0.010190926743056446 -0.0047049984988709265
0.17502221519679023 -0.3416067361420744 4 nil_vol 0.6 nil_bias 0.1 Home 0.005 0.01 0.001 0.19390934785724728 -0.3503266428842138 -0.01888713266045704 0.008719906742139382
0.2498967922815776 -0.21788482787369232 4 nil_vol 0.6 nil_bias 0.1 Home 0.005 0.01 0.001 0.25414931516578904 -0.21984815410408265 -0.0042525228842114305 0.001963326230390333
0.2790145731026617 -0.15628746730244136 4 nil_vol 0.6 nil_bias 0.1 Home 0.005 0.01 0.001 0.2827072322066117 -0.1579923127967694 -0.0036926591039500183 0.001704845494328039
0.4090732039045328 0.0897805717090206 4 nil_vol 0.6 nil_bias 0.1 Home 0.005 0.01 0.001 0.3992039335903022 0.09433706624422511 0.009869270314230565 -0.004556494535204512
0.4571082152042543 0.21561708646781533 4 nil_vol 0.6 nil_bias 0.1 Home 0.005 0.01 0.001 0.4555328907661432 0.2163443902060742 0.0015753244381111228 -0.0007273037382588969
0.49783395729252966 0.3079676011862714 4 nil_vol 0.6 nil_bias 0.1 Right 0.005 0.01 0.001 0.4 0.35 0.09783395729252967 -0.042032398813728576
0.33357326825346784 -0.013965579917688056 5 nil_vol 0.6 nil_bias 0.1 Right 0.005 0.01 0.001 0.33699056323851184 -0.015663959773620506 -0.003417294985044026 0.0016983798559324504
0.3123643413069829 -0.08419545064985805 5 nil_vol 0.6 nil_bias 0.1 Right 0.005 0.01 0.001 0.30479932148232064 -0.0804356706671035 0.007565019824662256 -0.003759779982754543
0.2612432997273194 -0.17649673645365926 5 nil_vol 0.6 nil_bias 0.1 Right 0.005 0.01 0.001 0.2578865472596378 -0.17482844594979202 0.0033567524676816575 -0.0016682905038672342
0.2249080001064927 -0.26258926693367657 5 nil_vol 0.6 nil_bias 0.1 Right 0.005 0.01 0.001 0.21637701481386934 -0.2583494065658538 0.00853098529262337 -0.0042398603678227295
0.177778035772202 -0.3258898783906595 5 nil_vol 0.6 nil_bias 0.1 Right 0.005 0.01 0.001 0.1818130462269329 -0.32789525998773683 -0.004035010454730897 0.002005381597077287
0.11466283473012538 -0.5103695517627086 5 nil_vol 0.6 nil_bias 0.1 Right 0.005 0.01 0.001 0.09578666230001986 -0.5009881810725264 0.018876172430105514 -0.009381370690182215
0.03871670828099897 -0.6292280810492034 5 nil_vol 0.6 nil_bias 0.1 Right 0.005 0.01 0.001 0.033372152107558006 -0.62657186126613 0.005344556173440961 -0.002656219783073425
0.002409709101632485 -0.6888711171359364 5 nil_vol 0.6 nil_bias 0.1 Home 0.005 0.01 0.001 0.0 -0.75 0.002409709101632485 0.06112888286406358
0.08805132715071304 -0.4481997836203717 6 nil_vol 0.6 nil_bias 0.1 Home 0.005 0.01 0.001 0.09413628310502654 -0.45054171947947746 -0.006084955954313508 0.002341935859105734
0.08766810795631283 -0.43995419620831766 6 nil_vol 0.6 nil_bias 0.1 Home 0.005 0.01 0.001 0.09685091200732926 -0.44348841046651155 -0.009182804051016432 0.0035342142581939184
0.11031508714250084 -0.4317992000347126 6 nil_vol 0.6 nil_bias 0.1 Home 0.005 0.01 0.001 0.10250644740153962 -0.4287938646538983 0.007808639740961212 -0.0030053353808143233
0.13811669478709765 -0.3254133935608381 6 nil_vol 0.6 nil_bias 0.1 Home 0.005 0.01 0.001 0.141755764211383 -0.3268139734898461 -0.003639069424285354 0.001400579929007985
0.2838326356872544 0.03880883375507177 6 nil_vol 0.6 nil_bias 0.1 Home 0.005 0.01 0.001 0.28264941466170074 0.0392642236986962 0.001183221025553655 -0.00045538994362442973
0.2908674996280051 0.06082433795035809 6 nil_vol 0.6 nil_bias 0.1 Home 0.005 0.01 0.001 0.29093702417759865 0.06079757982145728 -6.952454959353468e-05 2.6758128900810277e-05
0.3890534041886819 0.2971754941406298 6 nil_vol 0.6 nil_bias 0.1 Home 0.005 0.01 0.001 0.38283381561943375 0.2995692464715536 0.006219588569248173 -0.0023937523309237683
0.39094389910823946 0.32064134399434063 6 nil_vol 0.6 nil_bias 0.1 Right 0.005 0.01 0.001 0.4 0.35 -0.009056100891760541 -0.02935865600565936
0.34047198584128197 0.20021631731968753 7 nil_vol 0.6 nil_bias 0.1 Right 0.005 0.01 0.001 0.34717601253534613 0.1978271705965558 -0.006704026694064173 0.002389146723131731
0.32360561632285567 0.10267301138212574 7 nil_vol 0.6 nil_bias 0.1 Right 0.005 0.01 0.001 0.31443070237368304 0.10594272025964108 0.009174913949172645 -0.0032697088775153382
0.32164030702903373 0.10241000266357964 7 nil_vol 0.6 nil_bias 0.1 Right 0.005 0.01 0.001 0.3141260625711435 0.1050878906468233 0.007514244457890242 -0.002677887983243671
0.22541283918895963 -0.1870798744750996 7 nil_vol 0.6 nil_bias 0.1 Right 0.005 0.01 0.001 0.21174115534129825 -0.1822076297548848 0.013671683847661379 -0.004872244720214793
0.20000476487069427 -0.25943645454242664 7 nil_vol 0.6 nil_bias 0.1 Right 0.005 0.01 0.001 0.18599768408253398 -0.2544446827770629 0.0140070807881603 -0.0049917717653637774
0.19418121235404506 -0.30466924250782196 7 nil_vol 0.6 nil_bias 0.1 Right 0.005 0.01 0.001 0.1710381519393096 -0.2964216370795707 0.023143060414735447 -0.008247605428251236
0.12607980320363374 -0.3888606451523286 7 nil_vol 0.6 nil_bias 0.1 Right 0.005 0.01 0.001 0.1367411834505391 -0.3926600932815415 -0.010661380246905367 0.0037994481292128787
0.011610482828258844 -0.7437810809951396 7 nil_vol 0.6 nil_bias 0.1 Home 0.005 0.01 0.001 0.0 -0.75 0.011610482828258844 0.006218919004860356
0.0811278155203255 -0.4879210464612854 8 nil_vol 0.6 nil_bias 0.1 Home 0.005 0.01 0.001 0.08368623522594383 -0.4886437947036605 -0.0025584197056183395 0.0007227482423750462
0.14587128736906418 -0.23895650058893078 8 nil_vol 0.6 nil_bias 0.1 Home 0.005 0.01 0.001 0.15360517287006464 -0.24114130714756654 -0.007733885501000452 0.002184806558635765
0.21066538062310156 -0.04746158911157867 8 nil_vol 0.6 nil_bias 0.1 Home 0.005 0.01 0.001 0.2084926824749817 -0.046847806406451475 0.002172698148119861 -0.0006137827051271955
0.24531983954593437 0.05521139626839988 8 nil_vol 0.6 nil_bias 0.1 Home 0.005 0.01 0.001 0.23791512835547615 0.05730321176936948 0.007404711190458219 -0.0020918155009695964
0.28740673203936995 0.22050470234249023 8 nil_vol 0.6 nil_bias 0.1 Home 0.005 0.01 0.001 0.28426957115237317 0.2213909437641559 0.0031371608869967802 -0.0008862414216656707
0.2966082247802282 0.23682697185270568 8 nil_vol 0.6 nil_bias 0.1 Home 0.005 0.01 0.001 0.28921984699933173 0.2389141731994664 0.007388377780896443 -0.0020872013467607142
0.30348815640396143 0.34056203078350106 8 nil_vol 0.6 nil_bias 0.1 Home 0.005 0.01 0.001 0.3168674219436018 0.33678241611284754 -0.013379265539640382 0.0037796146706535103
0.32041674312935636 0.34934647747031694 8 nil_vol 0.6 nil_bias 0.1 Right 0.005 0.01 0.001 0.4 0.35 -0.07958325687064365 -0.0006535225296830624
0.32090625213040963 0.344785438317517 9 nil_vol 0.6 nil_bias 0.1 Right 0.005 0.01 0.001 0.3192705175673202 0.3452422669197044 0.001635734563089432 -0.0004568286021873942
0.2790385988277059 0.23467127885455932 9 nil_vol 0.6 nil_bias 0.1 Right 0.005 0.01 0.001 0.2877135806009295 0.23224852647963978 -0.008674981773223647 0.0024227523749195293
0.25271039592240363 0.07746711327443892 9 nil_vol 0.6 nil_bias 0.1 Right 0.005 0.01 0.001 0.24508122246572106 0.07959779188495802 0.007629173456682571 -0.0021306786105191066
0.22236112810469083 -0.03513006202010068 9 nil_vol 0.6 nil_bias 0.1 Right 0.005 0.01 0.001 0.2137144047611354 -0.03271520167070696 0.00864672334355542 -0.0024148603493937223
0.1858682489826209 -0.15026716171100826 9 nil_vol 0.6 nil_bias 0.1 Right 0.005 0.01 0.001 0.18124504495229032 -0.14897599144264023 0.004623204030330565 -0.001291170268368027
0.10481865925821832 -0.40673990018979417 9 nil_vol 0.6 nil_bias 0.1 Right 0.005 0.01 0.001 0.10893553162785763 -0.40788966194970594 -0.004116872369639312 0.0011497617599117802
0.09944076561624528 -0.4272891225260918 9 nil_vol 0.6 nil_bias 0.1 Right 0.005 0.01 0.001 0.10322266377049236 -0.4283453325533206 -0.003781898154247083 0.0010562100272288016
0.017143652789181268 -0.7365624904643903 9 nil_vol 0.6 nil_bias 0.1 Home 0.005 0.01 0.001 0.0 -0.75 0.017143652789181268 0.013437509535609758
0.002023353757118946 -0.6576166974031094 10 nil_vol 0.6 nil_bias 0.1 Home 0.005 0.01 0.001 -0.007427101577896909 -0.6606766189958938 0.009450455335015855 0.003059921592784455
-0.04123477463018458 -0.56618901433794 10 nil_vol 0.6 nil_bias 0.1 Home 0.005 0.01 0.001 -0.03832579847778811 -0.5652471296746019 -0.0029089761523964693 -0.0009418846633380832
-0.13329568160886154 -0.2278875036613412 10 nil_vol 0.6 nil_bias 0.1 Home 0.005 0.01 0.001 -0.14620465617424586 -0.23206724406675505 0.012908974565384318 0.004179740405413865
-0.21083649323205253 0.03182723132653695 10 nil_vol 0.6 nil_bias 0.1 Home 0.005 0.01 0.001 -0.22967492666036096 0.025727617373764722 0.018838433428308425 0.006099613952772226
-0.28535996419794174 0.21743629296723632 10 nil_vol 0.6 nil_bias 0.1 Home 0.005 0.01 0.001 -0.29114133752421584 0.21556436738800344 0.005781373326274071 0.001871925579232891
-0.2766375251877645 0.22756996569336765 10 nil_vol 0.6 nil_bias 0.1 Home 0.005 0.01 0.001 -0.2932834650939073 0.2221802496272779 0.01664593990614276 0.005389716066089763
-0.29047498919141357 0.26020274150919376 10 nil_vol 0.6 nil_bias 0.1 Home 0.005 0.01 0.001 -0.3041599132351327 0.2557717598165089 0.013684924043719132 0.004430981692684872
-0.3640421322515795 0.44071579155609314 10 nil_vol 0.6 nil_bias 0.1 Left 0.005 0.01 0.001 -0.4 0.35 0.03595786774842054 0.09071579155609318
-0.35388302722929166 0.40255900753901375 11 nil_vol 0.6 nil_bias 0.1 Left 0.005 0.01 0.001 -0.35400851995921717 0.4025260367748704 0.00012549272992550963 3.297076414331423e-05
-0.34307581291622546 0.37602322814902456 11 nil_vol 0.6 nil_bias 0.1 Left 0.005 0.01 0.001 -0.34678910594916457 0.37504763291847437 0.0037132930329391123 0.0009755952305501672
-0.33161343052234965 0.24884758932797885 11 nil_vol 0.6 nil_bias 0.1 Left 0.005 0.01 0.001 -0.3147935405573443 0.2532666869544459 -0.016819889965005327 -0.0044190976264670365
-0.2973606631627137 0.2179634539686567 11 nil_vol 0.6 nil_bias 0.1 Left 0.005 0.01 0.001 -0.30499156494531815 0.21595858354290065 0.00763090178260446 0.002004870425756068
-0.24087331863160552 0.0021651351967462095 11 nil_vol 0.6 nil_bias 0.1 Left 0.005 0.01 0.001 -0.2483082950363955 0.00021174033794485458 0.0074349764047899995 0.001953394858801355
-0.22199579137412465 -0.05073768316340738 11 nil_vol 0.6 nil_bias 0.1 Left 0.005 0.01 0.001 -0.23408765991373304 -0.05391458549000461 0.012091868539608386 0.0031769023265972316
-0.10540661633673007 -0.5311084664977938 11 nil_vol 0.6 nil_bias 0.1 Left 0.005 0.01 0.001 -0.10850070950688939 -0.5319213790562449 0.0030940931701593168 0.0008129125584511263
-0.05483760369102857 -0.7361729279691457 11 nil_vol 0.6 nil_bias 0.1 Home 0.005 0.01 0.001 0.0 -0.75 -0.05483760369102857 0.013827072030854362
-0.021247922426402253 -0.6612777781278316 12 nil_vol 0.6 nil_bias 0.1 Home 0.005 0.01 0.001 -0.022053938992359065 -0.6609266090974243 0.0008060165659568108 -0.0003511690304073028
0.009890671865339751 -0.5569280143060118 12 nil_vol 0.6 nil_bias 0.1 Home 0.005 0.01 0.001 0.021124275470279848 -0.5618223227514516 -0.011233603604940096 0.004894308445439788
0.11360057774102818 -0.38104695795282717 12 nil_vol 0.6 nil_bias 0.1 Home 0.005 0.01 0.001 0.10207342116018131 -0.37602475298729543 0.011527156580846866 -0.005022204965531761
0.15198461001159413 -0.2298456972577803 12 nil_vol 0.6 nil_bias 0.1 Home 0.005 0.01 0.001 0.1635634760944833 -0.23489043125864706 -0.011578866082889154 0.005044734000866759
0.20289833357634784 -0.1813531499228156 12 nil_vol 0.6 nil_bias 0.1 Home 0.005 0.01 0.001 0.18944296047358003 -0.17549085065275238 0.0134553731027678 -0.005862299270063214
0.24863810644870568 -0.10018818174909375 12 nil_vol 0.6 nil_bias 0.1 Home 0.005 0.01 0.001 0.22646088125251007 -0.09052590556494677 0.02217722519619562 -0.009662276184146973
0.37403435045269645 0.23817269928895748 12 nil_vol 0.6 nil_bias 0.1 Home 0.005 0.01 0.001 0.3703661193851285 0.23977089118936668 0.0036682310675679865 -0.001598191900409178
0.39136806396710877 0.2879753562321672 12 nil_vol 0.6 nil_bias 0.1 Right 0.005 0.01 0.001 0.4 0.35 -0.008631936032891254 -0.062024643767832795
0.2957229734126199 0.0011198063295729198 13 nil_vol 0.6 nil_bias 0.1 Right 0.005 0.01 0.001 0.2943032164313008 0.001601024370427806 0.0014197569813190567 -0.0004812180408548861
0.2660946741325625 -0.0837854421877466 13 nil_vol 0.6 nil_bias 0.1 Right 0.005 0.01 0.001 0.2654374894361071 -0.08356269341012534 0.0006571846964553673 -0.0002227487776212564
0.17600658667295213 -0.32676680040280287 13 nil_vol 0.6 nil_bias 0.1 Right 0.005 0.01 0.001 0.1822837850892875 -0.32889441883589543 -0.006277198416335371 0.0021276184330925787
0.12751894271644099 -0.39343480625230365 13 nil_vol 0.6 nil_bias 0.1 Right 0.005 0.01 0.001 0.15701913995462086 -0.40343371966254127 -0.02950019723817987 0.009998913410237648
0.11445648590618603 -0.506730866357772 13 nil_vol 0.6 nil_bias 0.1 Right 0.005 0.01 0.001 0.12122913469208862 -0.5090264146967013 -0.006772648785902594 0.002295548338929322
0.09594598501672998 -0.5899223340570557 13 nil_vol 0.6 nil_bias 0.1 Right 0.005 0.01 0.001 0.09403005943802056 -0.589272942671388 0.0019159255787094143 -0.0006493913856677951
0.08629879891538618 -0.6346270491089167 13 nil_vol 0.6 nil_bias 0.1 Right 0.005 0.01 0.001 0.07944495012728148 -0.6323039785204113 0.006853848788104706 -0.0023230705885053087
0.05771190191669547 -0.6964238666017225 13 nil_vol 0.6 nil_bias 0.1 Home 0.005 0.01 0.001 0.0 -0.75 0.05771190191669547 0.053576133398277534
0.17927953034595864 -0.3284806182931885 14 nil_vol 0.6 nil_bias 0.1 Home 0.005 0.01 0.001 0.16537877105520954 -0.3244570038762567 0.013900759290749095 -0.004023614416931774
0.18642214591611947 -0.29713026746238397 14 nil_vol 0.6 nil_bias 0.1 Home 0.005 0.01 0.001 0.17430387718068102 -0.293622600019742 0.012118268735438451 -0.003507667442641988
0.1810245322237472 -0.23775611278031958 14 nil_vol 0.6 nil_bias 0.1 Home 0.005 0.01 0.001 0.18974404471606476 -0.2402800005362966 -0.008719512492317573 0.0025238877559770373
0.194135301379608 -0.23065799521372524 14 nil_vol 0.6 nil_bias 0.1 Home 0.005 0.01 0.001 0.19265332587952533 -0.23022903317913762 0.0014819755000826534 -0.0004289620345876018
0.20620104739022377 -0.21139850741100724 14 nil_vol 0.6 nil_bias 0.1 Home 0.005 0.01 0.001 0.19872983546169987 -0.20923594381294774 0.007471211928523901 -0.002162563598059502
0.33465003201177496 0.2586957657729098 14 nil_vol 0.6 nil_bias 0.1 Home 0.005 0.01 0.001 0.3342108030800563 0.2588229018397269 0.0004392289317186418 -0.00012713606681706896
0.3488659688709569 0.26905862776763384 14 nil_vol 0.6 nil_bias 0.1 Home 0.005 0.01 0.001 0.33807745656200683 0.272181393420617 0.010788512308950036 -0.00312276565298312
0.3410674666492574 0.2825112625862306 14 nil_vol 0.6 nil_bias 0.1 Right 0.005 0.01 0.001 0.4 0.35 -0.0589325333507426 -0.06748873741376935
0.30314077422245533 0.21244487266470416 15 nil_vol 0.6 nil_bias 0.1 Right 0.005 0.01 0.001 0.31809681225949354 0.20784380555402454 -0.014956038037038221 0.004601067110679624
0.28081459309121737 0.06520255778154674 15 nil_vol 0.6 nil_bias 0.1 Right 0.005 0.01 0.001 0.27478535819124733 0.06705738820736634 0.006029234899970032 -0.0018548304258196085
0.28518160588769925 0.045080500110948614 15 nil_vol 0.6 nil_bias 0.1 Right 0.005 0.01 0.001 0.269507801296832 0.04990238051962803 0.01567380459086728 -0.0048218804086794164
0.2472617010781707 0.00333648523357509 15 nil_vol 0.6 nil_bias 0.1 Right 0.005 0.01 0.001 0.2544974861827041 0.0011104723829814533 -0.007235785104533434 0.0022260128505936366
0.2537224113090341 -0.03603578822491618 15 nil_vol 0.6 nil_bias 0.1 Right 0.005 0.01 0.001 0.24399084648859104 -0.0330419751094439 0.00973156482044305 -0.0029938131154722838
0.12718161358696956 -0.3426547639113586 15 nil_vol 0.6 nil_bias 0.1 Right 0.005 0.01 0.001 0.146877668225574 -0.3487140470572965 -0.019696054638604434 0.006059283145937891
0.1043547794914074 -0.5317417983189641 15 nil_vol 0.6 nil_bias 0.1 Right 0.005 0.01 0.001 0.091762840573621 -0.5278680213286384 0.012591938917786406 -0.003873776990325647
0.023953194882597496 -0.7482872449211475 15 nil_vol 0.6 nil_bias 0.1 Home 0.005 0.01 0.001 0.0 -0.75 0.023953194882597496 0.0017127550788524851
0.026245690693304922 -0.7065503478518345 16 nil_vol 0.6 nil_bias 0.1 Home 0.005 0.01 0.001 0.009704349204112108 -0.7132838354014379 0.016541341489192816 0.006733487549603477
-0.01502267678643938 -0.6546571661228326 16 nil_vol 0.6 nil_bias 0.1 Home 0.005 0.01 0.001 -0.014283335478284958 -0.6543562022925038 -0.0007393413081544206 -0.00030096383032887083
-0.048254751688628375 -0.5582500414298054 16 nil_vol 0.6 nil_bias 0.1 Home 0.005 0.01 0.001 -0.052673137869463066 -0.5600486348726303 0.00441838618083469 0.0017985934428249469
-0.07516701943782791 -0.45305567811684444 16 nil_vol 0.6 nil_bias 0.1 Home 0.005 0.01 0.001 -0.0932331202246489 -0.4604098497719922 0.018066100786820992 0.007354171655147716
-0.166135463802019 -0.31863114717540664 16 nil_vol 0.6 nil_bias 0.1 Home 0.005 0.01 0.001 -0.1531060605887768 -0.3133272651188969 -0.013029403213242186 -0.005303882056509735
-0.16133476149533507 -0.29032753803092093 16 nil_vol 0.6 nil_bias 0.1 Home 0.005 0.01 0.001 -0.16230739348016976 -0.29072346754876016 0.0009726319848346803 0.0003959295178392466
-0.36492479285309826 0.23833171501044415 16 nil_vol 0.6 nil_bias 0.1 Home 0.005 0.01 0.001 -0.3758582609398677 0.23388102573083835 0.010933468086769453 0.004450689279605797
-0.4032844162113769 0.3012555321422111 16 nil_vol 0.6 nil_bias 0.1 Left 0.005 0.01 0.001 -0.4 0.35 -0.003284416211376852 -0.04874446785778883
-0.23697379009821995 -0.21203576690004364 17 nil_vol 0.6 nil_bias 0.1 Left 0.005 0.01 0.001 -0.23214491975664237 -0.21042066256795544 -0.0048288703415775725 -0.001615104332088185
-0.15041823595511744 -0.44674554488822354 17 nil_vol 0.6 nil_bias 0.1 Left 0.005 0.01 0.001 -0.1528317292348278 -0.4475527820215056 0.002413493279710364 0.0008072371332820783
-0.140774978301442 -0.5099487533775008 17 nil_vol 0.6 nil_bias 0.1 Left 0.005 0.01 0.001 -0.13284893083212934 -0.5072977412983815 -0.007926047469312652 -0.0026510120791193776
-0.14052800716291633 -0.5267527249433357 17 nil_vol 0.6 nil_bias 0.1 Left 0.005 0.01 0.001 -0.12776917342608085 -0.5224852987788088 -0.01275883373683549 -0.0042674261645268595
-0.05176230315958387 -0.7306497825195967 17 nil_vol 0.6 nil_bias 0.1 Left 0.005 0.01 0.001 -0.05750258084732557 -0.7325697237698378 0.005740277687741702 0.0019199412502411332
-0.06114328885222707 -0.7378192339947669 17 nil_vol 0.6 nil_bias 0.1 Left 0.005 0.01 0.001 -0.056289747051121886 -0.7361958778401315 -0.0048535418011051825 -0.001623356154635353
-0.04340525591201565 -0.7588358182852506 17 nil_vol 0.6 nil_bias 0.1 Left 0.005 0.01 0.001 -0.048182929405949204 -0.7604337988917943 0.004777673493933554 0.0015979806065436926
-0.039263298822146936 -0.7871018838744304 17 nil_vol 0.6 nil_bias 0.1 Home 0.005 0.01 0.001 0.0 -0.75 -0.039263298822146936 -0.037101883874430336
-0.007991327523909702 -0.6886179112185311 18 nil_vol 0.6 nil_bias 0.1 Home 0.005 0.01 0.001 0.0022940915204203507 -0.6931683094849688 -0.010285419044330052 0.004550398266437664
0.22907711149265353 -0.1830927060350392 18 nil_vol 0.6 nil_bias 0.1 Home 0.005 0.01 0.001 0.22814112879297863 -0.18267861556039156 0.0009359826996749091 -0.00041409047464762485
0.26181646584836915 -0.08800020002758446 18 nil_vol 0.6 nil_bias 0.1 Home 0.005 0.01 0.001 0.2686838926583477 -0.09103843570046555 -0.0068674268099785584 0.003038235672881078
0.3172722680373277 0.010118766142946769 18 nil_vol 0.6 nil_bias 0.1 Home 0.005 0.01 0.001 0.3140648839012873 0.011537753074790214 0.003207384136040431 -0.0014189869318434452
0.3665052246723604 0.11867263070939707 18 nil_vol 0.6 nil_bias 0.1 Home 0.005 0.01 0.001 0.3622881076676754 0.12053833611476528 0.004217117004685046 -0.0018657054053682024
0.4001358033340214 0.1811822934017838 18 nil_vol 0.6 nil_bias 0.1 Home 0.005 0.01 0.001 0.3909212986482494 0.1852589057369256 0.009214504685771951 -0.004076612335141814
0.41186917987111715 0.23329492532956742 18 nil_vol 0.6 nil_bias 0.1 Home 0.005 0.01 0.001 0.4121232974831296 0.23318250051379774 -0.0002541176120124173 0.00011242481576966234
0.4613033837862457 0.3443459122957444 18 nil_vol 0.6 nil_bias 0.1 Right 0.005 0.01 0.001 0.4 0.35 0.061303383786245697 -0.005654087704255599
0.4617141497427236 0.3165763953379846 19 nil_vol 0.6 nil_bias 0.1 Right 0.005 0.01 0.001 0.4518777627745897 0.32045753135641525 0.009836386968133925 -0.0038811360184306406
0.18045901512107382 -0.38949593030187213 19 nil_vol 0.6 nil_bias 0.1 Right 0.005 0.01 0.001 0.17292489325293225 -0.3865231973416481 0.007534121868141558 -0.002972732960224062
0.09446161722016443 -0.5988050394289157 19 nil_vol 0.6 nil_bias 0.1 Right 0.005 0.01 0.001 0.08987852087235687 -0.5969966904518941 0.0045830963478075614 -0.0018083489770216272
0.09030665693013365 -0.6073427747204981 19 nil_vol 0.6 nil_bias 0.1 Right 0.005 0.01 0.001 0.08640387777696223 -0.6058028580018467 0.00390277915317141 -0.0015399167186513599
0.0824749393491698 -0.6364568300847754 19 nil_vol 0.6 nil_bias 0.1 Right 0.005 0.01 0.001 0.07540884643813411 -0.6336687669681612 0.007066092911035692 -0.0027880631166141254
0.07039004049257677 -0.6505355312183676 19 nil_vol 0.6 nil_bias 0.1 Right 0.005 0.01 0.001 0.06897416936008788 -0.6499768719802184 0.0014158711324888922 -0.0005586592381492411
0.06098998186794296 -0.6629744486244818 19 nil_vol 0.6 nil_bias 0.1 Right 0.005 0.01 0.001 0.06346102146767013 -0.6639494449137229 -0.002471039599727173 0.0009749962892410463
0.03489380298138064 -0.736350467269027 19 nil_vol 0.6 nil_bias 0.1 Home 0.005 0.01 0.001 0.0 -0.75 0.03489380298138064 0.013649532730973073
0.04287763354362161 -0.724373789825274 20 nil_vol 0.6 nil_bias 0.1 Home 0.005 0.01 0.001 0.03857243411629524 -0.7231720352721432 0.004305199427326373 -0.001201754553130773
0.04194351257100939 -0.7224854167621129 20 nil_vol 0.6 nil_bias 0.1 Home 0.005 0.01 0.001 0.03899392664680936 -0.7216620685353713 0.0029495859242000245 -0.0008233482267415296
0.04379683088131861 -0.6928445897056082 20 nil_vol 0.6 nil_bias 0.1 Home 0.005 0.01 0.001 0.046803748707325746 -0.6936839415752005 -0.003006917826007137 0.0008393518695923166
0.08707711929072197 -0.5547018909234784 20 nil_vol 0.6 nil_bias 0.1 Home 0.005 0.01 0.001 0.08570606793323926 -0.5543191752701749 0.001371051357482712 -0.00038271565330347886
0.14302214167405486 -0.4126095885206831 20 nil_vol 0.6 nil_bias 0.1 Home 0.005 0.01 0.001 0.12654667750748072 -0.4080106229184277 0.016475464166574146 -0.004598965602255339
0.15234092440660293 -0.2679107277186661 20 nil_vol 0.6 nil_bias 0.1 Home 0.005 0.01 0.001 0.164691827198679 -0.27135836212357695 -0.012350902792076068 0.003447634404910873
0.25032629818595126 0.06643409538302841 20 nil_vol 0.6 nil_bias 0.1 Home 0.005 0.01 0.001 0.2583575196615125 0.06419225800978245 -0.008031221475561259 0.002241837373245964
0.3440579285467733 0.37120782145679804 20 nil_vol 0.6 nil_bias 0.1 Right 0.005 0.01 0.001 0.4 0.35 -0.05594207145322672 0.021207821456798066
0.30723393140665983 0.24364767304083013 21 nil_vol 0.6 nil_bias 0.1 Right 0.005 0.01 0.001 0.3055233450932507 0.2441665337374735 0.0017105863134091398 -0.0005188606966433586
0.27496552955081155 0.14498644965939925 21 nil_vol 0.6 nil_bias 0.1 Right 0.005 0.01 0.001 0.2753997624419434 0.14485473670306842 -0.0004342328911318963 0.00013171295633081941
0.16490058740147417 -0.20195486455427314 21 nil_vol 0.6 nil_bias 0.1 Right 0.005 0.01 0.001 0.1697574698539733 -0.20342807019906534 -0.004856882452499131 0.0014732056447921877
0.12061123607066718 -0.34945927700931995 21 nil_vol 0.6 nil_bias 0.1 Right 0.005 0.01 0.001 0.12505404096193837 -0.35080688327909143 -0.004442804891271194 0.0013476062697715112
0.13313835574108412 -0.3785608497445193 21 nil_vol 0.6 nil_bias 0.1 Right 0.005 0.01 0.001 0.11802602637552898 -0.3739769280323851 0.015112329365555156 -0.004583921712134247
0.05207117777281285 -0.5710304137815174 21 nil_vol 0.6 nil_bias 0.1 Right 0.005 0.01 0.001 0.05773409468904844 -0.5727481084650061 -0.00566291691623559 0.0017176946834887251
0.031137290311857243 -0.5952811469117366 21 nil_vol 0.6 nil_bias 0.1 Right 0.005 0.01 0.001 0.04923428449996031 -0.6007703870266516 -0.01809699418810307 0.005489240114914975
0.010664752571972446 -0.7279268933055656 21 nil_vol 0.6 nil_bias 0.1 Home 0.005 0.01 0.001 0.0 -0.75 0.010664752571972446 0.02207310669443445
0.1266981974359911 -0.4242101655027559 22 nil_vol 0.6 nil_bias 0.1 Home 0.005 0.01 0.001 0.13631629795335354 -0.42824284322895156 -0.009618100517362461 0.00403267772619562
0.22942010128803866 -0.2547538668695202 22 nil_vol 0.6 nil_bias 0.1 Home 0.005 0.01 0.001 0.2121013320262228 -0.24749245231878114 0.01731876926181586 -0.007261414550739011
0.23609756610891705 -0.21846036736339883 22 nil_vol 0.6 nil_bias 0.1 Home 0.005 0.01 0.001 0.22604168717587717 -0.2142441378784412 0.010055878933039887 -0.0042162294849576185
0.23780674851874697 -0.19334061623204857 22 nil_vol 0.6 nil_bias 0.1 Home 0.005 0.01 0.001 0.23525474782407052 -0.1922706132371662 0.002552000694676448 -0.0010700029948823655
0.3163001341570828 -0.0498864441053393 22 nil_vol 0.6 nil_bias 0.1 Home 0.005 0.01 0.001 0.29814515817300385 -0.04227442475303078 0.018154975984078954 -0.007612019352308518
0.42845920500060225 0.286119732295278 22 nil_vol 0.6 nil_bias 0.1 Home 0.005 0.01 0.001 0.4347316155980989 0.2834898356269684 -0.006272410597496654 0.002629896668309573
0.4509437883299272 0.3039078229314089 22 nil_vol 0.6 nil_bias 0.1 Home 0.005 0.01 0.001 0.4444364355313614 0.30663622617900455 0.006507352798565801 -0.0027284032475956396
0.4627301572796711 0.3502674971503877 22 nil_vol 0.6 nil_bias 0.1 Right 0.005 0.01 0.001 0.4 0.35 0.06273015727967106 0.0002674971503876819
0.40955950003655944 0.2642340608885377 23 nil_vol 0.6 nil_bias 0.1 Right 0.005 0.01 0.001 0.4208668082466256 0.2590449720147286 -0.011307308210066128 0.005189088873809099
0.3824799220444097 0.19018208354278845 23 nil_vol 0.6 nil_bias 0.1 Right 0.005 0.01 0.001 0.3880843217901732 0.18761014265068202 -0.005604399745763482 0.002571940892106429
0.31385713631109696 0.011734087503264348 23 nil_vol 0.6 nil_bias 0.1 Right 0.005 0.01 0.001 0.30850037868231694 0.014192381811227839 0.005356757628780022 -0.002458294307963492
0.3032532794800328 -0.031241799660104024 23 nil_vol 0.6 nil_bias 0.1 Right 0.005 0.01 0.001 0.2903644008083619 -0.025326905003610733 0.012888878671670897 -0.005914894656493291
0.26934349069107855 -0.05019174713483046 23 nil_vol 0.6 nil_bias 0.1 Right 0.005 0.01 0.001 0.27728174459510513 -0.05383472778465348 -0.007938253904026558 0.003642980649823019
0.1932762194555542 -0.23571265383628878 23 nil_vol 0.6 nil_bias 0.1 Right 0.005 0.01 0.001 0.1937215254990775 -0.23591701128307968 -0.00044530604352331583 0.00020435744679089056
0.04994257191329386 -0.5174630403743296 23 nil_vol 0.6 nil_bias 0.1 Right 0.005 0.01 0.001 0.061980683231684486 -0.522987505467474 -0.012038111318390625 0.005524465093144468
-0.02567907317160661 -0.7140029047747003 23 nil_vol 0.6 nil_bias 0.1 Home 0.005 0.01 0.001 0.0 -0.75 -0.02567907317160661 0.03599709522529974
0.010769964521492415 -0.6397410100832639 24 nil_vol 0.6 nil_bias 0.1 Home 0.005 0.01 0.001 0.004732439561809597 -0.6373457949795334 0.006037524959682819 -0.002395215103730513
0.26713462309912556 0.029956462892496514 24 nil_vol 0.6 nil_bias 0.1 Home 0.005 0.01 0.001 0.2691485329008927 0.029157501860127222 -0.0020139098017671274 0.000798961032369291
0.29179682409994906 0.06596784707242036 24 nil_vol 0.6 nil_bias 0.1 Home 0.005 0.01 0.001 0.28484596390503053 0.0687254017714013 0.006950860194918524 -0.0027575546989809397
0.2984007249716149 0.10978075946263127 24 nil_vol 0.6 nil_bias 0.1 Home 0.005 0.01 0.001 0.30076188354185246 0.10884403742711146 -0.0023611585702375598 0.0009367220355198095
0.3663346692001587 0.3178196127794941 24 nil_vol 0.6 nil_bias 0.1 Home 0.005 0.01 0.001 0.38131001967223915 0.31187857139682307 -0.014975350472080432 0.005941041382671038
0.3938998461591206 0.3229547163933292 24 nil_vol 0.6 nil_bias 0.1 Home 0.005 0.01 0.001 0.3868186561373787 0.3257639757182551 0.007081190021741922 -0.002809259324925937
0.41847026318239633 0.3943727316237672 24 nil_vol 0.6 nil_bias 0.1 Home 0.005 0.01 0.001 0.41464004477056793 0.3958922610752993 0.003830218411828401 -0.0015195294515320812
0.4274353374711036 0.4281448545587042 24 nil_vol 0.6 nil_bias 0.1 Right 0.005 0.01 0.001 0.4 0.35 0.027435337471103632 0.07814485455870422
0.41261438123353433 0.32643789523815864 25 nil_vol 0.6 nil_bias 0.1 Right 0.005 0.01 0.001 0.3932721065743868 0.3334133416892092 0.01934227465914749 -0.006975446451050565
0.36854747962616613 0.1842264100312372 25 nil_vol 0.6 nil_bias 0.1 Right 0.005 0.01 0.001 0.3428169043236851 0.19350568319533212 0.02573057530248103 -0.009279273164094924
0.26161556947661646 -0.011567100639459498 25 nil_vol 0.6 nil_bias 0.1 Right 0.005 0.01 0.001 0.26802719417477594 -0.013879338756970339 -0.006411624698159501 0.002312238117510841
0.2495208806505724 -0.08002150077049572 25 nil_vol 0.6 nil_bias 0.1 Right 0.005 0.01 0.001 0.2447895400271487 -0.07831522714229222 0.004731340623423707 -0.0017062736282035032
0.21978638257820685 -0.12716746822303 25 nil_vol 0.6 nil_bias 0.1 Right 0.005 0.01 0.001 0.2263218734650136 -0.1295243764727373 -0.006535490886806733 0.0023569082497073082
0.21359280632273367 -0.1839095467005666 25 nil_vol 0.6 nil_bias 0.1 Right 0.005 0.01 0.001 0.2075010928165064 -0.18171267884988007 0.006091713506227283 -0.0021968678506865307
0.15759142332003592 -0.2628364600304873 25 nil_vol 0.6 nil_bias 0.1 Right 0.005 0.01 0.001 0.17586824536365853 -0.2694276699945324 -0.018276822043622593 0.006591209964045099
-0.005817977379067947 -0.7732269388633506 25 nil_vol 0.6 nil_bias 0.1 Home 0.005 0.01 0.001 0.0 -0.75 -0.005817977379067947 -0.023226938863350557
0.012102083383310825 -0.7124692486562568 26 nil_vol 0.6 nil_bias 0.1 Home 0.005 0.01 0.001 0.008755145781201089 -0.7116767998548248 0.003346937602109737 -0.000792448801432023
0.022733436894209515 -0.6077684395556978 26 nil_vol 0.6 nil_bias 0.1 Home 0.005 0.01 0.001 0.03279340006401611 -0.6101503201594289 -0.010059963169806596 0.002381880603731122
0.13431034361119176 -0.15575886266380234 26 nil_vol 0.6 nil_bias 0.1 Home 0.005 0.01 0.001 0.1400567632845972 -0.1571194328100295 -0.00574641967340545 0.0013605701462271367
0.1436550955091976 -0.1138917165008788 26 nil_vol 0.6 nil_bias 0.1 Home 0.005 0.01 0.001 0.14993942256931408 -0.1153796460766967 -0.006284327060116464 0.0014879295758179003
0.16407472263432496 -0.07428774320604735 26 nil_vol 0.6 nil_bias 0.1 Home 0.005 0.01 0.001 0.15990257111583422 -0.0732999098899626 0.0041721515184907345 -0.0009878333160847426
0.16498608456208738 -0.052045596209537984 26 nil_vol 0.6 nil_bias 0.1 Home 0.005 0.01 0.001 0.16493763533763095 -0.05203412496793891 4.8449224456440416e-05 -1.1471241599071333e-05
0.23585911420268224 0.24340152419867178 26 nil_vol 0.6 nil_bias 0.1 Home 0.005 0.01 0.001 0.23493901826359645 0.243619373770672 0.0009200959390857917 -0.0002178495720002076
0.29034674388465703 0.477636006761207 26 nil_vol 0.6 nil_bias 0.1 Right 0.005 0.01 0.001 0.4 0.35 -0.10965325611534299 0.127636006761207
0.2594216369385424 0.29441551778431607 27 nil_vol 0.6 nil_bias 0.1 Right 0.005 0.01 0.001 0.24849125294528046 0.29694748036836655 0.010930383993261981 -0.002531962584050447
0.2022850773685219 0.12884831654093426 27 nil_vol 0.6 nil_bias 0.1 Right 0.005 0.01 0.001 0.20918193810444027 0.12725069715798148 -0.006896860735918393 0.0015976193829527665
0.17689821765832206 0.0045272335193002776 27 nil_vol 0.6 nil_bias 0.1 Right 0.005 0.01 0.001 0.18055738346270891 0.00367960813749707 -0.003659165804386848 0.0008476253818032076
0.16822931057647514 -0.05695549830979314 27 nil_vol 0.6 nil_bias 0.1 Right 0.005 0.01 0.001 0.16659907571738627 -0.056577863482968005 0.0016302348590888605 -0.0003776348268251379
0.13722578030627627 -0.12344389724013702 27 nil_vol 0.6 nil_bias 0.1 Right 0.005 0.01 0.001 0.15040286052810278 -0.1264962944943655 -0.013177080221826521 0.0030523972542284904
0.0646609401399406 -0.47224179050140697 27 nil_vol 0.6 nil_bias 0.1 Right 0.005 0.01 0.001 0.07002501032310135 -0.47348434748845847 -0.005364070183160747 0.0012425569870515081
0.046914375767400374 -0.5471660732890072 27 nil_vol 0.6 nil_bias 0.1 Right 0.005 0.01 0.001 0.05264931683241039 -0.5484945404505718 -0.005734941065010017 0.0013284671615645912
-0.0063108248144425364 -0.8030231786527467 27 nil_vol 0.6 nil_bias 0.1 Home 0.005 0.01 0.001 0.0 -0.75 -0.0063108248144425364 -0.053023178652746784
0.033797469865466924 -0.6665395401180447 28 nil_vol 0.6 nil_bias 0.1 Home 0.005 0.01 0.001 0.03269905823476861 -0.6662263099275241 0.0010984116306983155 -0.0003132301905206847
0.13253592333728675 -0.3226882302529781 28 nil_vol 0.6 nil_bias 0.1 Home 0.005 0.01 0.001 0.13080533804870026 -0.3221947253186653 0.0017305852885865012 -0.0004935049343128511
0.18096727036939467 -0.20430397940989833 28 nil_vol 0.6 nil_bias 0.1 Home 0.005 0.01 0.001 0.16566796666427394 -0.19994113065588237 0.015299303705120715 -0.004362848754015955
0.1733117376141712 -0.15696218034513296 28 nil_vol 0.6 nil_bias 0.1 Home 0.005 0.01 0.001 0.17757725181016581 -0.15817856206118475 -0.004265514195994598 0.0012163817160518
0.21759580136462545 0.03399636853370886 28 nil_vol 0.6 nil_bias 0.1 Home 0.005 0.01 0.001 0.23126733437216038 0.03009770543785517 -0.013671533007534932 0.0038986630958536914
0.2389874451925223 0.062090171520976435 28 nil_vol 0.6 nil_bias 0.1 Home 0.005 0.01 0.001 0.2402849968593681 0.061720153265108046 -0.001297551666845807 0.0003700182558683893
0.32964270742111074 0.34998347366373606 28 nil_vol 0.6 nil_bias 0.1 Home 0.005 0.01 0.001 0.3230260986035193 0.3518703087832963 0.006616608817591479 -0.0018868351195602462
0.32381037471720536 0.3546205481632222 28 nil_vol 0.6 nil_bias 0.1 Right 0.005 0.01 0.001 0.4 0.35 -0.07618962528279466 0.004620548163222203
0.20281784492727487 -0.06765854685436307 29 nil_vol 0.6 nil_bias 0.1 Right 0.005 0.01 0.001 0.20267338146467218 -0.06761710130938053 0.00014446346260267755 -4.144554498253862e-05
0.16202725474292923 -0.19796860186547446 29 nil_vol 0.6 nil_bias 0.1 Right 0.005 0.01 0.001 0.16502936239355828 -0.19882988530306434 -0.00300210765062906 0.000861283437589872
0.10713893246891946 -0.38055004493752603 29 nil_vol 0.6 nil_bias 0.1 Right 0.005 0.01 0.001 0.11245738585383933 -0.3820758715723789 -0.005318453384919867 0.0015258266348528297
0.0813131170703364 -0.4675140357366509 29 nil_vol 0.6 nil_bias 0.1 Right 0.005 0.01 0.001 0.08744137902176033 -0.4692721907178248 -0.006128261951423932 0.001758154981173855
0.07261789830311076 -0.5431133916828828 29 nil_vol 0.6 nil_bias 0.1 Right 0.005 0.01 0.001 0.06674060655356479 -0.5414272382763895 0.005877291749545973 -0.0016861534064932203
0.048942541356846815 -0.6074561551196148 29 nil_vol 0.6 nil_bias 0.1 Right 0.005 0.01 0.001 0.04788446527863516 -0.6071526005812948 0.0010580760782116548 -0.00030355453832003334
0.0226235284292476 -0.6834239017502031 29 nil_vol 0.6 nil_bias 0.1 Right 0.005 0.01 0.001 0.025745783611031137 -0.6843196546641387 -0.0031222551817835383 0.0008957529139355926
0.015265575728646185 -0.7208496875089972 29 nil_vol 0.6 nil_bias 0.1 Home 0.005 0.01 0.001 0.0 -0.75 0.015265575728646185 0.029150312491002733
0.05791582931555722 -0.5835875828430238 30 nil_vol 0.6 nil_bias 0.1 Home 0.005 0.01 0.001 0.057955363899230505 -0.5835998795669882 -3.9534583673282217e-05 1.2296723964362548e-05
0.1155634345811444 -0.4461491451187937 30 nil_vol 0.6 nil_bias 0.1 Home 0.005 0.01 0.001 0.10201808079774857 -0.4419360369740223 0.013545353783395834 -0.004213108144771419
0.1319227702041381 -0.35734401794104603 30 nil_vol 0.6 nil_bias 0.1 Home 0.005 0.01 0.001 0.12864631815663713 -0.3563249196562747 0.0032764520475009502 -0.0010190982847713083
0.16193631689056612 -0.31991843913383683 30 nil_vol 0.6 nil_bias 0.1 Home 0.005 0.01 0.001 0.14190773324204606 -0.3136888056929404 0.020028583648520056 -0.006229633440896418
0.20988226568573382 -0.1075949271256219 30 nil_vol 0.6 nil_bias 0.1 Home 0.005 0.01 0.001 0.20635210655198535 -0.106496916513528 0.0035301591337484513 -0.001098010612093895
0.2809388965777342 0.1400127428399684 30 nil_vol 0.6 nil_bias 0.1 Home 0.005 0.01 0.001 0.2828416833706164 0.13942090547174235 -0.0019027867928822083 0.0005918373682260322
0.3027187000633503 0.18029570822049895 30 nil_vol 0.6 nil_bias 0.1 Home 0.005 0.01 0.001 0.2961871538378741 0.1823272616993189 0.006531546225476201 -0.0020315534788199517
0.361981780042141 0.39386028158847103 30 nil_vol 0.6 nil_bias 0.1 Right 0.005 0.01 0.001 0.4 0.35 -0.03801821995785906 0.043860281588471044
0.284254798300673 0.21694288252834043 31 nil_vol 0.6 nil_bias 0.1 Right 0.005 0.01 0.001 0.29817420306105114 0.2120575677172111 -0.013919404760378092 0.0048853148111293295
0.28201478705740185 0.17768693521364828 31 nil_vol 0.6 nil_bias 0.1 Right 0.005 0.01 0.001 0.28566184163223163 0.17640692288279564 -0.0036470545748297917 0.0012800123308526448
0.21800659964672384 -0.025587379131823993 31 nil_vol 0.6 nil_bias 0.1 Right 0.005 0.01 0.001 0.21512281905389527 -0.024575254239652233 0.002883780592828573 -0.001012124892171759
0.1887558490655908 -0.07345641013604476 31 nil_vol 0.6 nil_bias 0.1 Right 0.005 0.01 0.001 0.19695673181947126 -0.07633468651866065 -0.008200882753880492 0.0028782763826158903
0.15362830428272556 -0.1726152632321971 31 nil_vol 0.6 nil_bias 0.1 Right 0.005 0.01 0.001 0.1621190870713874 -0.1755952862741023 -0.008490782788661846 0.002980023041905205
0.11508965359020006 -0.29558112188253555 31 nil_vol 0.6 nil_bias 0.1 Right 0.005 0.01 0.001 0.1194681294432764 -0.2971178422598389 -0.004378475853076341 0.0015367203773033289
0.05969871799585558 -0.4724850303050382 31 nil_vol 0.6 nil_bias 0.1 Right 0.005 0.01 0.001 0.05811439707994609 -0.47192897876624634 0.0015843209159094854 -0.0005560515387918323
-0.05317445412006576 -0.78901695058773 31 nil_vol 0.6 nil_bias 0.1 Home 0.005 0.01 0.001 0.0 -0.75 -0.05317445412006576 -0.03901695058772997
-0.05771857081627662 -0.7690079580866681 32 nil_vol 0.6 nil_bias 0.54 Home 0.02 0.01 0.001 -0.058062225050255906 -0.7690922606872743 0.000343654233979288 8.430260060621107e-05
-0.1244155412678659 -0.48581653847900363 32 nil_vol 0.6 nil_bias 0.54 Home 0.02 0.01 0.001 -0.127375133161496 -0.48654256268792145 0.002959591893630107 0.0007260242089178399
-0.1402463565876675 -0.4318500066180962 32 nil_vol 0.6 nil_bias 0.54 Home 0.02 0.01 0.001 -0.1407609226870435 -0.43197623599655866 0.0005145660993759994 0.0001262293784624381
-0.1632903517049395 -0.368750288481685 32 nil_vol 0.6 nil_bias 0.54 Home 0.02 0.01 0.001 -0.15666945643000513 -0.36712610162515996 -0.006620895274934358 -0.0016241868565250426
-0.21359243630237953 -0.1508563621677298 32 nil_vol 0.6 nil_bias 0.54 Home 0.02 0.01 0.001 -0.20994271095824857 -0.1499610397547163 -0.0036497253441309663 -0.0008953224130134914
-0.2495964300142953 0.024819030560340582 32 nil_vol 0.6 nil_bias 0.54 Home 0.02 0.01 0.001 -0.2526355202410111 0.024073504434785842 0.0030390902267157962 0.0007455261255547417
-0.2528548604079371 0.05929353875480347 32 nil_vol 0.6 nil_bias 0.54 Home 0.02 0.01 0.001 -0.2607974564280913 0.057345122486770816 0.007942596020154251 0.0019484162680326559
-0.30902124858006885 0.25392636947552916 32 nil_vol 0.6 nil_bias 0.54 Left 0.02 0.01 0.001 -0.4 0.35 0.09097875141993117 -0.09607363052447082
-0.2997766764548971 0.24115977730334315 33 nil_vol 0.6 nil_bias 0.54 Left 0.02 0.01 0.001 -0.3050476699375117 0.23968870033677908 0.005270993482614594 0.0014710769665640649
-0.2761015073692445 0.14104921577136087 33 nil_vol 0.6 nil_bias 0.54 Left 0.02 0.01 0.001 -0.27741607009309677 0.14068233560910282 0.001314562723852251 0.0003668801622580495
-0.18410587860152525 -0.14914162466464537 33 nil_vol 0.6 nil_bias 0.54 Left 0.02 0.01 0.001 -0.19563160670079657 -0.15235833005152205 0.011525728099271325 0.0032167053868766855
-0.1653752199426326 -0.2712016164751791 33 nil_vol 0.6 nil_bias 0.54 Left 0.02 0.01 0.001 -0.16267412777775933 -0.2704477710224352 -0.002701092164873281 -0.0007538454527439007
-0.13160538753027273 -0.37992464121939673 33 nil_vol 0.6 nil_bias 0.54 Left 0.02 0.01 0.001 -0.13208311329491249 -0.38005796928573066 0.000477725764639745 0.0001333280663339268
-0.09970491675047224 -0.48566537683105554 33 nil_vol 0.6 nil_bias 0.54 Left 0.02 0.01 0.001 -0.10239936185264376 -0.4864173671608766 0.0026944451021715158 0.0007519903298210351
-0.08023926827757691 -0.5969261097423556 33 nil_vol 0.6 nil_bias 0.54 Left 0.02 0.01 0.001 -0.07218493166402967 -0.5946782319727808 -0.008054336613547241 -0.0022478777695747916
-0.036088478910823216 -0.724014882285544 33 nil_vol 0.6 nil_bias 0.54 Home 0.02 0.01 0.001 0.0 -0.75 -0.036088478910823216 0.025985117714455996
-0.02433221543665107 -0.7127037491850604 34 nil_vol 0.6 nil_bias 0.54 Home 0.02 0.01 0.001 -0.0383121484003701 -0.7174113270186598 0.013979932963719032 0.0047075778335994144
-0.038422146108024434 -0.696374743272373 34 nil_vol 0.6 nil_bias 0.54 Home 0.02 0.01 0.001 -0.044685726437007474 -0.698483930204257 0.00626358032898304 0.002109186931883953
-0.1933787987311724 -0.3065774826626822 34 nil_vol 0.6 nil_bias 0.54 Home 0.02 0.01 0.001 -0.1783587692524331 -0.3015196645731659 -0.015020029478739276 -0.00505781808951626
-0.23337238625655127 -0.16392572851554638 34 nil_vol 0.6 nil_bias 0.54 Home 0.02 0.01 0.001 -0.2255759641032764 -0.1613003751461568 -0.0077964221532748675 -0.0026253533693895775
-0.36469543297852997 0.22311088354409297 34 nil_vol 0.6 nil_bias 0.54 Home 0.02 0.01 0.001 -0.3560071202787844 0.22603657055438475 -0.008688312699745593 -0.00292568701029178
-0.36258939042631155 0.22767713231477937 34 nil_vol 0.6 nil_bias 0.54 Home 0.02 0.01 0.001 -0.3571736636558675 0.2295008145429802 -0.005415726770444065 -0.001823682228200835
-0.3622593493593564 0.2358197916543796 34 nil_vol 0.6 nil_bias 0.54 Home 0.02 0.01 0.001 -0.35960274425072664 0.23671437214732394 -0.0026566051086297656 -0.0008945804929443292
-0.3666949252602582 0.25777577964486165 34 nil_vol 0.6 nil_bias 0.54 Left 0.02 0.01 0.001 -0.4 0.35 0.033305074739741834 -0.09222422035513836
-0.34348690167714485 0.20382493063052795 35 nil_vol 0.6 nil_bias 0.54 Left 0.02 0.01 0.001 -0.34842331140053806 0.2022019338585216 0.004936409723393232 0.0016229967720063608
-0.27389797308448016 0.02022285819361136 35 nil_vol 0.6 nil_bias 0.54 Left 0.02 0.01 0.001 -0.2871586473593342 0.015863003005593873 0.013260674274854067 0.0043598551880174845
-0.2520033369619534 -0.10512357801417238 35 nil_vol 0.6 nil_bias 0.54 Left 0.02 0.01 0.001 -0.2478315396476663 -0.10375197112699153 -0.00417179731428707 -0.0013716068871808598
-0.12953501398967227 -0.4539022828597 35 nil_vol 0.6 nil_bias 0.54 Left 0.02 0.01 0.001 -0.13239922547254238 -0.45484398062214715 0.0028642114828701234 0.0009416977624471501
-0.0822662137123482 -0.5960562857728221 35 nil_vol 0.6 nil_bias 0.54 Left 0.02 0.01 0.001 -0.08560988916220258 -0.5971556220852099 0.003343675449854375 0.0010993363123878348
-0.08355444096206086 -0.6116727588562341 35 nil_vol 0.6 nil_bias 0.54 Left 0.02 0.01 0.001 -0.08110203094278451 -0.6108664535112666 -0.002452410019276342 -0.000806305344967512
-0.06383870171674152 -0.6839509136532355 35 nil_vol 0.6 nil_bias 0.54 Left 0.02 0.01 0.001 -0.057733243750605845 -0.6819435562566847 -0.006105457966135673 -0.002007357396550805
-0.0334695658241361 -0.7557425050330521 35 nil_vol 0.6 nil_bias 0.54 Home 0.02 0.01 0.001 0.0 -0.75 -0.0334695658241361 -0.005742505033052083
-0.07009146349712533 -0.6326519209574921 36 nil_vol 0.6 nil_bias 0.54 Home 0.02 0.01 0.001 -0.07885738257152428 -0.635973875376716 0.008765919074398935 0.003321954419223877
-0.09503505308533745 -0.6259846007563511 36 nil_vol 0.6 nil_bias 0.54 Home 0.02 0.01 0.001 -0.08419911906664526 -0.6218781883431974 -0.010835934018692192 -0.004106412413153734
-0.16245658502312704 -0.3970911467588342 36 nil_vol 0.6 nil_bias 0.54 Home 0.02 0.01 0.001 -0.16851492043339486 -0.399387028561811 0.006058335410267828 0.0022958818029767958
-0.17175639210880633 -0.37805018302113114 36 nil_vol 0.6 nil_bias 0.54 Home 0.02 0.01 0.001 -0.1759924352968387 -0.3796554844469228 0.004236043188032363 0.0016053014257917048
-0.2322585202060176 -0.20986316351431913 36 nil_vol 0.6 nil_bias 0.54 Home 0.02 0.01 0.001 -0.2393228304034672 -0.21254027201600756 0.007064310197449603 0.0026771085016884127
-0.3163368089002978 0.00958460399039135 36 nil_vol 0.6 nil_bias 0.54 Home 0.02 0.01 0.001 -0.32260030696974284 0.007210973237586349 0.006263498069445067 0.0023736307528050013
-0.387074823846328 0.24040701296395717 36 nil_vol 0.6 nil_bias 0.54 Home 0.02 0.01 0.001 -0.4079717894441657 0.2324878470867766 0.020896965597837675 0.007919165877180554
-0.4135708428611951 0.24726253781187796 36 nil_vol 0.6 nil_bias 0.54 Left 0.02 0.01 0.001 -0.4 0.35 -0.013570842861195071 -0.102737462188122
-0.29540461621316844 -0.046118953763456524 37 nil_vol 0.6 nil_bias 0.54 Left 0.02 0.01 0.001 -0.2987245949304727 -0.04741287609595052 0.0033199787173042983 0.0012939223324939962
-0.21622333213303677 -0.255951972892874 37 nil_vol 0.6 nil_bias 0.54 Left 0.02 0.01 0.001 -0.21728733716371257 -0.2563666562352405 0.0010640050306758057 0.0004146833423664978
-0.19213279494168978 -0.2931571019926638 37 nil_vol 0.6 nil_bias 0.54 Left 0.02 0.01 0.001 -0.20152244817627557 -0.29681660798626547 0.009389653234585793 0.0036595059936016644
-0.12217815633091246 -0.48131565298030865 37 nil_vol 0.6 nil_bias 0.54 Left 0.02 0.01 0.001 -0.12863531761879404 -0.4838322550149415 0.006457161287881585 0.002516602034632826
-0.09606448314973381 -0.5750529324039562 37 nil_vol 0.6 nil_bias 0.54 Left 0.02 0.01 0.001 -0.09347627796327612 -0.5740442101267984 -0.002588205186457697 -0.001008722277157733
-0.08381154233448679 -0.587885930088776 37 nil_vol 0.6 nil_bias 0.54 Left 0.02 0.01 0.001 -0.08751855242912926 -0.5893306933106719 0.003707010094642466 0.0014447632218959584
-0.05047906593822222 -0.6625564864760914 37 nil_vol 0.6 nil_bias 0.54 Left 0.02 0.01 0.001 -0.057858728122091474 -0.665432622294734 0.007379662183869254 0.0028761358186425506
-0.022106838591144887 -0.7571657266437216 37 nil_vol 0.6 nil_bias 0.54 Home 0.02 0.01 0.001 0.0 -0.75 -0.022106838591144887 -0.007165726643721658
-0.05584789956452299 -0.713426771392682 38 nil_vol 0.6 nil_bias 0.54 Home 0.02 0.01 0.001 -0.03088376591874404 -0.7088882495025515 -0.02496413364577895 -0.004538521890130482
-0.024352517058737082 -0.6580558601396796 38 nil_vol 0.6 nil_bias 0.54 Home 0.02 0.01 0.001 -0.039620543977547884 -0.6608316133612155 0.0152680269188108 0.0027757532215359234
-0.06618979899531888 -0.5275411943635142 38 nil_vol 0.6 nil_bias 0.54 Home 0.02 0.01 0.001 -0.06392773395239862 -0.5271299470973416 -0.002262065042920259 -0.000411247266172541
-0.15180319431703898 -0.06533063661611588 38 nil_vol 0.6 nil_bias 0.54 Home 0.02 0.01 0.001 -0.14800903676589455 -0.06464085233019556 -0.003794157551144422 -0.00068978428592031
-0.17886551597419437 0.16261189168532234 38 nil_vol 0.6 nil_bias 0.54 Home 0.02 0.01 0.001 -0.18898935970176828 0.16077135970364775 0.0101238437275739 0.0018405319816745692
-0.21735638414919553 0.24049352269718513 38 nil_vol 0.6 nil_bias 0.54 Home 0.02 0.01 0.001 -0.2039268551925254 0.2429350338671229 -0.01342952895667013 -0.0024415111699377674
-0.21105614512064755 0.2672580282134674 38 nil_vol 0.6 nil_bias 0.54 Home 0.02 0.01 0.001 -0.2084354361679956 0.2677344775514673 -0.002620708952651966 -0.0004764493379998784
-0.21095466889733724 0.2815915138427029 38 nil_vol 0.6 nil_bias 0.54 Left 0.02 0.01 0.001 -0.4 0.35 0.18904533110266278 -0.06840848615729707
-0.19953880724296846 0.25339173562135825 39 nil_vol 0.6 nil_bias 0.54 Left 0.02 0.01 0.001 -0.2051830160891185 0.2522803365955738 0.005644208846150028 0.001111399025784464
-0.09459390829845322 -0.30304399270056137 39 nil_vol 0.6 nil_bias 0.54 Left 0.02 0.01 0.001 -0.09578801326440717 -0.3032791234570625 0.0011941049659539471 0.0002351307565011267
-0.05744357670972441 -0.4120305086439975 39 nil_vol 0.6 nil_bias 0.54 Left 0.02 0.01 0.001 -0.07374187864146303 -0.41523980110333497 0.016298301931738625 0.0032092924593375106
-0.05785528741478459 -0.5253417621237386 39 nil_vol 0.6 nil_bias 0.54 Left 0.02 0.01 0.001 -0.052277993834080966 -0.5242435393575247 -0.0055772935807036185 -0.0010982227662139174
-0.05546190360553073 -0.5316994162460085 39 nil_vol 0.6 nil_bias 0.54 Left 0.02 0.01 0.001 -0.0509835027627471 -0.5308175760325413 -0.004478400842783627 -0.0008818402134671375
-0.014622554797393425 -0.6871316951370119 39 nil_vol 0.6 nil_bias 0.54 Left 0.02 0.01 0.001 -0.019995424368805997 -0.6881896648489951 0.005372869571412572 0.0010579697119832974
-0.007913916372150932 -0.7756605118090847 39 nil_vol 0.6 nil_bias 0.54 Left 0.02 0.01 0.001 -0.0029635168448257643 -0.7746857305134447 -0.004950399527325167 -0.0009747812956400335
0.00027264104210814136 -0.7911204677673109 39 nil_vol 0.6 nil_bias 0.54 Home 0.02 0.01 0.001 0.0 -0.75 0.00027264104210814136 -0.04112046776731095
0.018825608410831432 -0.7620697576408398 40 nil_vol 0.6 nil_bias 0.54 Home 0.02 0.01 0.001 0.011870802617516354 -0.7595173815599944 0.006954805793315077 -0.002552376080845511
0.03750136366797789 -0.6976533442402896 40 nil_vol 0.6 nil_bias 0.54 Home 0.02 0.01 0.001 0.03492197454670681 -0.6967067223946223 0.0025793891212710744 -0.0009466218456672803
0.03296811370090205 -0.6845665349260026 40 nil_vol 0.6 nil_bias 0.54 Home 0.02 0.01 0.001 0.038616592160829306 -0.686639495946445 -0.005648478459927257 0.0020729610204424406
0.08294269123153768 -0.57417385962219 40 nil_vol 0.6 nil_bias 0.54 Home 0.02 0.01 0.001 0.08025311727365916 -0.5731868005379015 0.0026895739578785167 -0.0009870590842885262
0.20582624429532884 -0.22609863139719255 40 nil_vol 0.6 nil_bias 0.54 Home 0.02 0.01 0.001 0.20741818591327707 -0.2266828653540428 -0.0015919416179482357 0.0005842339568502601
0.31206629196081875 0.06310188942936854 40 nil_vol 0.6 nil_bias 0.54 Home 0.02 0.01 0.001 0.31356567756729703 0.0625516230277362 -0.001499385606478291 0.0005502664016323387
0.32263776770698827 0.09154679631454168 40 nil_vol 0.6 nil_bias 0.54 Home 0.02 0.01 0.001 0.32402051399586157 0.09103933591111957 -0.0013827462888733005 0.0005074604034221118
0.3415648739084869 0.13884483639203263 40 nil_vol 0.6 nil_bias 0.54 Right 0.02 0.01 0.001 0.4 0.35 -0.05843512609151316 -0.21115516360796735
0.3490929852340816 0.10646941520733087 41 nil_vol 0.6 nil_bias 0.54 Right 0.02 0.01 0.001 0.3329940653767008 0.1115188487984787 0.016098919857380812 -0.005049433591147832
0.3058116536389672 0.0390876556428951 41 nil_vol 0.6 nil_bias 0.54 Right 0.02 0.01 0.001 0.3098761382336348 0.03781282818708859 -0.004064484594667653 0.0012748274558065126
0.2683940523525249 -0.13476520297657515 41 nil_vol 0.6 nil_bias 0.54 Right 0.02 0.01 0.001 0.256879702385291 -0.13115372183250776 0.011514349967233897 -0.0036114811440673836
0.2237622101757148 -0.23850906039517125 41 nil_vol 0.6 nil_bias 0.54 Right 0.02 0.01 0.001 0.22325732057335337 -0.23835070154000768 0.0005048896023614202 -0.00015835885516357853
0.19519445688970455 -0.29238733694194835 41 nil_vol 0.6 nil_bias 0.54 Right 0.02 0.01 0.001 0.20531325232352046 -0.29556110176704864 -0.010118795433815908 0.003173764825100262
0.1642569823649169 -0.3992278012662018 41 nil_vol 0.6 nil_bias 0.54 Right 0.02 0.01 0.001 0.17203315137130748 -0.40166680023875145 -0.0077761690063905846 0.0024389989725496697
0.16849158147922558 -0.4268793490598006 41 nil_vol 0.6 nil_bias 0.54 Right 0.02 0.01 0.001 0.16451629872058732 -0.42563249980074447 0.003975282758638251 -0.0012468492590561003
0.03779066125588158 -0.829667099839128 41 nil_vol 0.6 nil_bias 0.54 Home 0.02 0.01 0.001 0.0 -0.75 0.03779066125588158 -0.07966709983912795
0.11558744525574069 -0.7018059683616066 42 nil_vol 0.6 nil_bias 0.54 Home 0.02 0.01 0.001 0.1062860456667122 -0.6970035712943944 0.009301399589028498 -0.004802397067212185
0.28154221930057016 -0.35643590679961995 42 nil_vol 0.6 nil_bias 0.54 Home 0.02 0.01 0.001 0.28200172937073575 -0.3566731560213307 -0.00045951007016556563 0.00023724922171073674
0.5198483896182218 0.13779713848382955 42 nil_vol 0.6 nil_bias 0.54 Home 0.02 0.01 0.001 0.5336279461576415 0.13068262832017086 -0.013779556539419762 0.007114510163658684
0.5724109394757712 0.1937017244119912 42 nil_vol 0.6 nil_bias 0.54 Home 0.02 0.01 0.001 0.5674797972639465 0.1962477179121529 0.004931142211824703 -0.0025459935001616893
0.5646189864043631 0.1997150535680902 42 nil_vol 0.6 nil_bias 0.54 Home 0.02 0.01 0.001 0.5682911159658696 0.1978190997314866 -0.003672129561506425 0.0018959538366035886
0.6302624869986032 0.2943225789832011 42 nil_vol 0.6 nil_bias 0.54 Home 0.02 0.01 0.001 0.6206730447792672 0.29927369507595136 0.009589442219336037 -0.004951116092750308
0.6459048388625686 0.32868765989658183 42 nil_vol 0.6 nil_bias 0.54 Home 0.02 0.01 0.001 0.6379739256260192 0.33278246241559684 0.00793091323654933 -0.004094802519014981
0.6755607320517044 0.405581504424781 42 nil_vol 0.6 nil_bias 0.54 Right 0.02 0.01 0.001 0.4 0.35 0.2755607320517044 0.05558150442478104
0.548944046709597 0.16932870194581845 43 nil_vol 0.6 nil_bias 0.54 Right 0.02 0.01 0.001 0.5347835144775274 0.17809164336991756 0.014160532232069622 -0.008762941424099103
0.501556734374846 0.13773201260798912 43 nil_vol 0.6 nil_bias 0.54 Right 0.02 0.01 0.001 0.5075230356304881 0.1340398951391757 -0.005966301255642019 0.003692117468813434
0.4300167242748562 -0.020516104686990718 43 nil_vol 0.6 nil_bias 0.54 Right 0.02 0.01 0.001 0.4169017396477714 -0.012400177956155722 0.013114984627084809 -0.008115926730834996
0.31693319628620664 -0.17661330421934296 43 nil_vol 0.6 nil_bias 0.54 Right 0.02 0.01 0.001 0.31573920766010555 -0.1758744299863626 0.0011939886261010725 -0.0007388742329803709
0.17160179901425265 -0.41736679383416836 43 nil_vol 0.6 nil_bias 0.54 Right 0.02 0.01 0.001 0.16776582374667204 -0.41499298287683906 0.0038359752675806245 -0.002373810957329321
0.16960974022463646 -0.4190283386704226 43 nil_vol 0.6 nil_bias 0.54 Right 0.02 0.01 0.001 0.16647071589419027 -0.4170858208408861 0.003139024330446187 -0.0019425178295365219
0.1329346060914858 -0.4935867891166221 43 nil_vol 0.6 nil_bias 0.54 Right 0.02 0.01 0.001 0.12295240515961803 -0.4874095183321637 0.009982200931867776 -0.006177270784458374
-0.017978065482168577 -0.7151470296791517 43 nil_vol 0.6 nil_bias 0.54 Home 0.02 0.01 0.001 0.0 -0.75 -0.017978065482168577 0.03485297032084833
0.00570733058770042 -0.6402723006905958 44 nil_vol 0.6 nil_bias 0.54 Home 0.02 0.01 0.001 0.015026973568587114 -0.6446345827245963 -0.009319642980886694 0.004362282034000449
0.026979318267583152 -0.6081072008751219 44 nil_vol 0.6 nil_bias 0.54 Home 0.02 0.01 0.001 0.031199808440770797 -0.6100827023503319 -0.004220490173187644 0.001975501475209969
0.05044902887789621 -0.5637136363166105 44 nil_vol 0.6 nil_bias 0.54 Home 0.02 0.01 0.001 0.05246276423935254 -0.5646562133666679 -0.0020137353614563323 0.0009425770500574024
0.09108316543732962 -0.46119962596252206 44 nil_vol 0.6 nil_bias 0.54 Home 0.02 0.01 0.001 0.09912597252774388 -0.4649642543871731 -0.008042807090414258 0.0037646284246510334
0.12395670901859744 -0.42623580410904044 44 nil_vol 0.6 nil_bias 0.54 Home 0.02 0.01 0.001 0.11845839437755143 -0.4236621862971664 0.0054983146410460156 -0.002573617811874017
0.15405666605107568 -0.31459601799406123 44 nil_vol 0.6 nil_bias 0.54 Home 0.02 0.01 0.001 0.1667322839054901 -0.32052914441849284 -0.01267561785441442 0.0059331264244316
0.18500819796151635 -0.3137401654670063 44 nil_vol 0.6 nil_bias 0.54 Home 0.02 0.01 0.001 0.17262344368972685 -0.3079431847064624 0.012384754271789492 -0.005796980760543839
0.3435652820864539 0.05725945279768602 44 nil_vol 0.6 nil_bias 0.54 Right 0.02 0.01 0.001 0.4 0.35 -0.05643471791354608 -0.29274054720231396
0.29547025738541305 -0.04057792885094825 45 nil_vol 0.6 nil_bias 0.54 Right 0.02 0.01 0.001 0.3024163061017649 -0.04341695343006416 -0.006946048716351822 0.0028390245791159135
0.2989949124255707 -0.06702687091842897 45 nil_vol 0.6 nil_bias 0.54 Right 0.02 0.01 0.001 0.2936579179333586 -0.06484550721645449 0.005336994492212069 -0.0021813637019744833
0.21745342017455221 -0.2397239024845324 45 nil_vol 0.6 nil_bias 0.54 Right 0.02 0.01 0.001 0.22150404342804447 -0.24137949395055985 -0.00405062325349227 0.0016555914660274533
0.19679235515700746 -0.29208864621629055 45 nil_vol 0.6 nil_bias 0.54 Right 0.02 0.01 0.001 0.2002074297424212 -0.29348447297815583 -0.003415074585413746 0.0013958267618652603
0.17098049973806775 -0.35040753638497674 45 nil_vol 0.6 nil_bias 0.54 Right 0.02 0.01 0.001 0.1760882607029874 -0.35249520658652866 -0.005107760964919645 0.0020876702015519234
0.1577356283605471 -0.36220097719756 45 nil_vol 0.6 nil_bias 0.54 Right 0.02 0.01 0.001 0.1700620611732538 -0.3672390998997105 -0.01232643281270669 0.005038122702150463
0.1362973537387169 -0.4131558208347959 45 nil_vol 0.6 nil_bias 0.54 Right 0.02 0.01 0.001 0.1491479688037887 -0.41840818998973867 -0.012850615065071793 0.00525236915494276
0.0015818556373702031 -0.7794481818505415 45 nil_vol 0.6 nil_bias 0.54 Home 0.02 0.01 0.001 0.0 -0.75 0.0015818556373702031 -0.029448181850541513
-0.06037572175033198 -0.6171106070102798 46 nil_vol 0.6 nil_bias 0.54 Home 0.02 0.01 0.001 -0.04808239684676558 -0.613432998849133 -0.012293324903566397 -0.0036776081611466574
-0.14217747572618136 -0.3262605245222482 46 nil_vol 0.6 nil_bias 0.54 Home 0.02 0.01 0.001 -0.13466386492872845 -0.32401279117060006 -0.007513610797452922 -0.0022477333516481126
-0.16454553668367178 -0.26064496215731564 46 nil_vol 0.6 nil_bias 0.54 Home 0.02 0.01 0.001 -0.15451805611184655 -0.25764519238990424 -0.01002748057182522 -0.0029997697674113864
-0.17120560575412289 -0.23630515825313853 46 nil_vol 0.6 nil_bias 0.54 Home 0.02 0.01 0.001 -0.1617483920201172 -0.23347598659431434 -0.009457213734005685 -0.0028291716588241807
-0.2221628233771562 -0.11701017977102464 46 nil_vol 0.6 nil_bias 0.54 Home 0.02 0.01 0.001 -0.1986903443850496 -0.1099882730874494 -0.0234724789921066 -0.00702190668357523
-0.2493241852819831 0.08445209550304877 46 nil_vol 0.6 nil_bias 0.54 Home 0.02 0.01 0.001 -0.25623927347351566 0.08238341311096042 0.00691508819153256 0.00206868239208835
-0.2807513975787602 0.1047382981364414 46 nil_vol 0.6 nil_bias 0.54 Home 0.02 0.01 0.001 -0.26439099821315215 0.10963259147844229 -0.016360399365608076 -0.004894293342000898
-0.33212390918877455 0.33604678374737734 46 nil_vol 0.6 nil_bias 0.54 Left 0.02 0.01 0.001 -0.4 0.35 0.0678760908112255 -0.013953216252622639
-0.19677045419066236 -0.0881938424099756 47 nil_vol 0.6 nil_bias 0.54 Left 0.02 0.01 0.001 -0.19659620886686982 -0.0881381707795384 -0.00017424532379253622 -5.5671630437212176e-05
-0.1287621640886562 -0.3187349122798278 47 nil_vol 0.6 nil_bias 0.54 Left 0.02 0.01 0.001 -0.12346133463358197 -0.3170412896791723 -0.005300829455074248 -0.001693622600655543
-0.1342216917577153 -0.33533605453040566 47 nil_vol 0.6 nil_bias 0.54 Left 0.02 0.01 0.001 -0.11915423464372857 -0.3305219804088117 -0.015067457113986743 -0.0048140741215939855
-0.04712098474986817 -0.5596971529051877 47 nil_vol 0.6 nil_bias 0.54 Left 0.02 0.01 0.001 -0.04604252892379995 -0.5593525847246195 -0.0010784558260682228 -0.00034456818056829974
-0.04741127645134256 -0.5674835330958309 47 nil_vol 0.6 nil_bias 0.54 Left 0.02 0.01 0.001 -0.04381208856906782 -0.5663335874141053 -0.0035991878822747413 -0.0011499456817255181
-0.013756269787516935 -0.6980258755926522 47 nil_vol 0.6 nil_bias 0.54 Left 0.02 0.01 0.001 -0.002849581394827605 -0.6945411730349262 -0.01090668839268933 -0.00348470255772592
0.029956091615942728 -0.7537480599081042 47 nil_vol 0.6 nil_bias 0.54 Left 0.02 0.01 0.001 0.01735358254126229 -0.7577745796018125 0.012602509074680437 0.004026519693708274
0.02697908613923995 -0.7879012164170829 47 nil_vol 0.6 nil_bias 0.54 Home 0.02 0.01 0.001 0.0 -0.75 0.02697908613923995 -0.03790121641708284
-0.011148860309953965 -0.6202255392017462 48 nil_vol 0.6 nil_bias 0.54 Home 0.02 0.01 0.001 0.005967549749989358 -0.6181074283048381 -0.017116410059943323 -0.002118110896908002
-0.0011582306487697798 -0.5586031720759669 48 nil_vol 0.6 nil_bias 0.54 Home 0.02 0.01 0.001 -0.001392360716045319 -0.5586321450583303 0.00023413006727553932 2.89729823633219e-05
-0.0325264386764146 -0.33076573023667266 48 nil_vol 0.6 nil_bias 0.54 Home 0.02 0.01 0.001 -0.029634517683530027 -0.3304078625911457 -0.0028919209928845746 -0.0003578676455269563
-0.034253812049597245 -0.21492312930007218 48 nil_vol 0.6 nil_bias 0.54 Home 0.02 0.01 0.001 -0.04377957882748905 -0.21610191797964906 0.009525766777891805 0.0011787886795768707
-0.053138046512818726 -0.06111808944336731 48 nil_vol 0.6 nil_bias 0.54 Home 0.02 0.01 0.001 -0.06281030620678017 -0.06231500623747055 0.009672259693961443 0.0011969167941032388
-0.0593870605399445 0.09051208375635843 48 nil_vol 0.6 nil_bias 0.54 Home 0.02 0.01 0.001 -0.08138538865361102 0.0877898482917876 0.021998328113666515 0.0027222354645708336
-0.10016750422664836 0.24397860759972523 48 nil_vol 0.6 nil_bias 0.54 Home 0.02 0.01 0.001 -0.10070510585952262 0.24391208080626803 0.000537601632874266 6.652679345719581e-05
-0.11164583118810678 0.33232385440632983 48 nil_vol 0.6 nil_bias 0.54 Left 0.02 0.01 0.001 -0.4 0.35 0.28835416881189324 -0.01767614559367012
-0.058200499327437503 -0.10492170420774811 49 nil_vol 0.6 nil_bias 0.54 Left 0.02 0.01 0.001 -0.05651404646092741 -0.10470895781024675 -0.0016864528665100891 -0.00021274639750136867
-0.06035574272662691 -0.11485845025710059 49 nil_vol 0.6 nil_bias 0.54 Left 0.02 0.01 0.001 -0.05531392071020244 -0.114222423308386 -0.005041822016424467 -0.0006360269487145936
-0.04870656551697791 -0.21932987628194994 49 nil_vol 0.6 nil_bias 0.54 Left 0.02 0.01 0.001 -0.04215879300811108 -0.21850387334965182 -0.0065477725088668275 -0.0008260029322981273
-0.039477045228481 -0.24152708671193648 49 nil_vol 0.6 nil_bias 0.54 Left 0.02 0.01 0.001 -0.03925789710957926 -0.241499441128866 -0.00021914811890173835 -2.7645583070475633e-05
-0.02842621771951344 -0.2824872700702678 49 nil_vol 0.6 nil_bias 0.54 Left 0.02 0.01 0.001 -0.03399859539878254 -0.28319022673174554 0.0055723776792691035 0.0007029566614777648
-0.022967104088980665 -0.3955626383644686 49 nil_vol 0.6 nil_bias 0.54 Left 0.02 0.01 0.001 -0.019872045507990252 -0.3951721960483877 -0.003095058580990415 -0.0003904423160808625
0.008476888238627911 -0.5902450860065118 49 nil_vol 0.6 nil_bias 0.54 Left 0.02 0.01 0.001 0.004795034738215659 -0.590709552629858 0.0036818535004122517 0.0004644666233462294
0.025859764349558688 -0.7576908695994247 49 nil_vol 0.6 nil_bias 0.54 Home 0.02 0.01 0.001 0.0 -0.75 0.025859764349558688 -0.007690869599424704
0.022761337478879998 -0.7555159772738109 50 nil_vol 0.6 nil_bias 0.54 Home 0.02 0.01 0.001 0.025101767403515905 -0.7548839532006717 -0.0023404299246359093 -0.0006320240731392424
-0.050547029318381016 -0.4219475767819768 50 nil_vol 0.6 nil_bias 0.54 Home 0.02 0.01 0.001 -0.06383722996722116 -0.4255365442013814 0.013290200648840143 0.0035889674194045603
-0.07428554630373468 -0.3940865422900267 50 nil_vol 0.6 nil_bias 0.54 Home 0.02 0.01 0.001 -0.07246308454411349 -0.3935943935218317 -0.0018224617596212015 -0.0004921487681950099
-0.09750941480735079 -0.37959946041070575 50 nil_vol 0.6 nil_bias 0.54 Home 0.02 0.01 0.001 -0.07768784837549161 -0.374246722855783 -0.019821566431859165 -0.005352737554922774
-0.12331101261921795 -0.2649663299053549 50 nil_vol 0.6 nil_bias 0.54 Home 0.02 0.01 0.001 -0.10829373099955997 -0.26091097093184845 -0.01501728161965798 -0.0040553589735064744
-0.10018191723671713 -0.24063593577739628 50 nil_vol 0.6 nil_bias 0.54 Home 0.02 0.01 0.001 -0.11284543968352792 -0.24405567116570048 0.012663522446810795 0.003419735388304214
-0.1265318687862659 -0.2151999134009689 50 nil_vol 0.6 nil_bias 0.54 Home 0.02 0.01 0.001 -0.12103843404359954 -0.2137164325391675 -0.005493434742666358 -0.00148348086180138
-0.19061228403191027 0.04392046359358165 50 nil_vol 0.6 nil_bias 0.54 Left 0.02 0.01 0.001 -0.4 0.35 0.20938771596808975 -0.30607953640641833
-0.14797733397778856 -0.04363478214452774 51 nil_vol 0.6 nil_bias 0.54 Left 0.02 0.01 0.001 -0.16517232096858042 -0.048374373725453196 0.01719498699079185 0.004739591580925456
-0.14209627441638448 -0.127710481262647 51 nil_vol 0.6 nil_bias 0.54 Left 0.02 0.01 0.001 -0.14321897727331948 -0.12801994081684495 0.0011227028569349895 0.0003094595541979521
-0.1013178287343017 -0.2737222814926473 51 nil_vol 0.6 nil_bias 0.54 Left 0.02 0.01 0.001 -0.10293501009988053 -0.2741680381070159 0.001617181365578832 0.00044575661436856905
-0.044850405067826574 -0.4817786877109059 51 nil_vol 0.6 nil_bias 0.54 Left 0.02 0.01 0.001 -0.04564895772556213 -0.4819987991570824 0.0007985526577355542 0.00022011144617648732
-0.03676377461465253 -0.5191906509426384 51 nil_vol 0.6 nil_bias 0.54 Left 0.02 0.01 0.001 -0.03549394738296083 -0.5188406383221125 -0.0012698272316917032 -0.00035001262052590347
-0.009413329648870998 -0.6079441754777665 51 nil_vol 0.6 nil_bias 0.54 Left 0.02 0.01 0.001 -0.010826277332863066 -0.6083336375314989 0.0014129476839920677 0.00038946205373247163
0.0049253890528946085 -0.6728059941962765 51 nil_vol 0.6 nil_bias 0.54 Left 0.02 0.01 0.001 0.006802162872160095 -0.6722886840408309 -0.001876773819265486 -0.0005173101554456238
0.018743949835632687 -0.7156128540621695 51 nil_vol 0.6 nil_bias 0.54 Home 0.02 0.01 0.001 0.0 -0.75 0.018743949835632687 0.03438714593783056
-0.09984047691919012 -0.46883478106965604 52 nil_vol 0.6 nil_bias 0.54 Home 0.02 0.01 0.001 -0.10049277907048379 -0.46915036001841437 0.0006523021512936635 0.00031557894875830863
-0.15636235883058017 -0.3599256105054101 52 nil_vol 0.6 nil_bias 0.54 Home 0.02 0.01 0.001 -0.15390910157859744 -0.3587387428198153 -0.0024532572519827224 -0.001186867685594777
-0.17621374381456953 -0.3105782273115358 52 nil_vol 0.6 nil_bias 0.54 Home 0.02 0.01 0.001 -0.17702007593931104 -0.3109683248204453 0.0008063321247415089 0.00039009750890951967
-0.2097460164444877 -0.2004213941299637 52 nil_vol 0.6 nil_bias 0.54 Home 0.02 0.01 0.001 -0.2265652352689897 -0.20855840760607403 0.016819218824501988 0.00813701347611032
-0.2722676980995113 -0.09429523643447169 52 nil_vol 0.6 nil_bias 0.54 Home 0.02 0.01 0.001 -0.28002846309353563 -0.09804983704941261 0.007760764994024339 0.0037546006149409327
-0.31739252383821753 -0.028712172518937283 52 nil_vol 0.6 nil_bias 0.54 Home 0.02 0.01 0.001 -0.3142978388912451 -0.027214986865989665 -0.0030946849469724825 -0.001497185652947616
-0.37089502127124735 0.11620217158318444 52 nil_vol 0.6 nil_bias 0.54 Home 0.02 0.01 0.001 -0.38125677473325836 0.11118923201468978 0.010361753462011002 0.005012939568494661
-0.4583516622951368 0.27054447801010995 52 nil_vol 0.6 nil_bias 0.54 Left 0.02 0.01 0.001 -0.4 0.35 -0.0583516622951368 -0.07945552198989005
-0.32312229848943896 -0.046068308072452116 53 nil_vol 0.6 nil_bias 0.54 Left 0.02 0.01 0.001 -0.3148742902198599 -0.042285413329540555 -0.008248008269579082 -0.00378289474291156
-0.3060364636335912 -0.04356951766850172 53 nil_vol 0.6 nil_bias 0.54 Left 0.02 0.01 0.001 -0.3128517276094004 -0.04669529366471792 0.0068152639758091525 0.0031257759962161962
-0.24751694468704155 -0.22293823743774735 53 nil_vol 0.6 nil_bias 0.54 Left 0.02 0.01 0.001 -0.23471251992397665 -0.21706557223918582 -0.01280442476306491 -0.005872665198561538
-0.204358593631066 -0.2876559367754009 53 nil_vol 0.6 nil_bias 0.54 Left 0.02 0.01 0.001 -0.20268810676753768 -0.2868897789627989 -0.0016704868635283368 -0.0007661578126020302
-0.09832187852231214 -0.5083315425765778 53 nil_vol 0.6 nil_bias 0.54 Left 0.02 0.01 0.001 -0.10063807721233314 -0.5093938518713363 0.00231619869002101 0.0010623092947585353
-0.020669467771925187 -0.6782955149698819 53 nil_vol 0.6 nil_bias 0.54 Left 0.02 0.01 0.001 -0.022737435506541503 -0.6792439747696428 0.0020679677346163174 0.0009484597997608481
0.027233172402839644 -0.7922264553204849 53 nil_vol 0.6 nil_bias 0.54 Left 0.02 0.01 0.001 0.028760051310448287 -0.7915261623523074 -0.0015268789076086444 -0.0007002929681774014
0.038672521375250415 -0.8131387475873691 53 nil_vol 0.6 nil_bias 0.54 Home 0.02 0.01 0.001 0.0 -0.75 0.038672521375250415 -0.06313874758736913
-0.21695105808982448 -0.2581561090044106 54 nil_vol 0.6 nil_bias 0.54 Home 0.02 0.01 0.001 -0.2002637634608927 -0.2510624103052571 -0.016687294628931797 -0.007093698699153512
-0.2642297304504575 -0.12175131985644191 54 nil_vol 0.6 nil_bias 0.54 Home 0.02 0.01 0.001 -0.2566102523501604 -0.11851231179131216 -0.007619478100297124 -0.003239008065129746
-0.2701994955064046 -0.09762614965819934 54 nil_vol 0.6 nil_bias 0.54 Home 0.02 0.01 0.001 -0.2662098301389402 -0.09593015970556962 -0.003989665367464419 -0.0016959899526297168
-0.2935918526196979 -0.01431827597425522 54 nil_vol 0.6 nil_bias 0.54 Home 0.02 0.01 0.001 -0.29978377767783954 -0.016950437250657813 0.006191925058141621 0.0026321612764025927
-0.33043976554788146 0.05133175897138492 54 nil_vol 0.6 nil_bias 0.54 Home 0.02 0.01 0.001 -0.32905964796980797 0.051918441144017335 -0.0013801175780735115 -0.0005866821726324167
-0.33616786088308187 0.11672242552622801 54 nil_vol 0.6 nil_bias 0.54 Home 0.02 0.01 0.001 -0.3534792665886097 0.1093634198357003 0.017311405705527826 0.0073590056905277
-0.3658306148011261 0.17572453830752735 54 nil_vol 0.6 nil_bias 0.54 Home 0.02 0.01 0.001 -0.3792619669789189 0.17001492703798748 0.013431352177792762 0.005709611269539875
-0.46560007434300077 0.3731176378228005 54 nil_vol 0.6 nil_bias 0.54 Left 0.02 0.01 0.001 -0.4 0.35 -0.06560007434300075 0.02311763782280051
-0.46233065061315404 0.3241274172886155 55 nil_vol 0.6 nil_bias 0.54 Left 0.02 0.01 0.001 -0.4486970165477139 0.3293985757655819 -0.013633634065440187 -0.0052711584769664
-0.2076015096707899 -0.27418615108704886 55 nil_vol 0.6 nil_bias 0.54 Left 0.02 0.01 0.001 -0.21432813953858043 -0.2767868613510055 0.00672662986779053 0.0026007102639566577
-0.1475889364557058 -0.47507331728734975 55 nil_vol 0.6 nil_bias 0.54 Left 0.02 0.01 0.001 -0.13895540096214498 -0.4717353419841668 -0.00863353549356082 -0.003337975303182972
-0.12842746867322308 -0.5026774136620125 55 nil_vol 0.6 nil_bias 0.54 Left 0.02 0.01 0.001 -0.12717893208008607 -0.5021946931918042 -0.001248536593136999 -0.0004827204702082749
-0.11224070029270454 -0.5522401150887879 55 nil_vol 0.6 nil_bias 0.54 Left 0.02 0.01 0.001 -0.10840351076601668 -0.5507565462908987 -0.0038371895266878695 -0.0014835687978892811
-0.04469204679089134 -0.7108210109787708 55 nil_vol 0.6 nil_bias 0.54 Left 0.02 0.01 0.001 -0.046280499720023405 -0.7114351529663339 0.0015884529291320703 0.0006141419875630411
-0.01415763749438704 -0.788873768294384 55 nil_vol 0.6 nil_bias 0.54 Left 0.02 0.01 0.001 -0.016056620563501434 -0.7896079702433532 0.0018989830691143936 0.0007342019489691225
-0.011447454435539673 -0.8015293883927117 55 nil_vol 0.6 nil_bias 0.54 Home 0.02 0.01 0.001 0.0 -0.75 -0.011447454435539673 -0.05152938839271168
0.04412381282371702 -0.6595687421928282 56 nil_vol 0.6 nil_bias 0.54 Home 0.02 0.01 0.001 0.049524895153841966 -0.6619277159372035 -0.005401082330124947 0.002358973744375199
0.10451303473361313 -0.5453571839475213 56 nil_vol 0.6 nil_bias 0.54 Home 0.02 0.01 0.001 0.10109096624983449 -0.5438625632009235 0.0034220684837786472 -0.0014946207465978262
0.17418417423300328 -0.3556254149329677 56 nil_vol 0.6 nil_bias 0.54 Home 0.02 0.01 0.001 0.1818441177191371 -0.3589709676319893 -0.007659943486133834 0.003345552699021629
0.21047385709485494 -0.3060913569026858 56 nil_vol 0.6 nil_bias 0.54 Home 0.02 0.01 0.001 0.20582634188449722 -0.304061510718585 0.004647515210357731 -0.0020298461841007785
0.2459237132271375 -0.22153623552098456 56 nil_vol 0.6 nil_bias 0.54 Home 0.02 0.01 0.001 0.242519432247847 -0.22004938363505222 0.0034042809792904985 -0.0014868518859323513
0.30072699490510746 -0.0787679367426532 56 nil_vol 0.6 nil_bias 0.54 Home 0.02 0.01 0.001 0.3036649906112515 -0.0800511341294482 -0.0029379957061440864 0.0012831973867949982
0.4183198812553573 0.20851773312046296 56 nil_vol 0.6 nil_bias 0.54 Home 0.02 0.01 0.001 0.42787705501350887 0.2043435471725532 -0.009557173758151584 0.004174185947909755
0.42845577166025467 0.20566857093016863 56 nil_vol 0.6 nil_bias 0.54 Right 0.02 0.01 0.001 0.4 0.35 0.028455771660254647 -0.14433142906983135
0.3848758853446798 0.09493605375105975 57 nil_vol 0.6 nil_bias 0.54 Right 0.02 0.01 0.001 0.38268003074665624 0.09585136451560061 0.002195854598023566 -0.0009153107645408687
0.3588209635577584 0.024045809913323092 57 nil_vol 0.6 nil_bias 0.54 Right 0.02 0.01 0.001 0.3536477610111739 0.026202185832885777 0.005173202546584488 -0.002156375919562684
0.3232305051257705 -0.02280289774493942 57 nil_vol 0.6 nil_bias 0.54 Right 0.02 0.01 0.001 0.33174182869621804 -0.026350721945837374 -0.00851132357044754 0.0035478242008979526
0.26308962501959426 -0.2079371556534808 57 nil_vol 0.6 nil_bias 0.54 Right 0.02 0.01 0.001 0.2570921752318167 -0.20543720399206974 0.005997449787777537 -0.0024999516614110594
0.2553102203118707 -0.2135371398807085 57 nil_vol 0.6 nil_bias 0.54 Right 0.02 0.01 0.001 0.25395185152207295 -0.21297092316643365 0.001358368789797702 -0.0005662167142748335
0.24148792927915855 -0.26072729261332533 57 nil_vol 0.6 nil_bias 0.54 Right 0.02 0.01 0.001 0.2351470320151817 -0.25808417975522 0.006340897263976857 -0.002643112858105312
0.1919040818637802 -0.3984462385139602 57 nil_vol 0.6 nil_bias 0.54 Right 0.02 0.01 0.001 0.17889879860120467 -0.3930251711186723 0.013005283262575518 -0.005421067395287894
0.02349755530455266 -0.7658368410466466 57 nil_vol 0.6 nil_bias 0.54 Home 0.02 0.01 0.001 0.0 -0.75 0.02349755530455266 -0.015836841046646618
0.04182832137530436 -0.7130594118143301 58 nil_vol 0.6 nil_bias 0.54 Home 0.02 0.01 0.001 0.03922534844336634 -0.712294797372848 0.002602972931938022 -0.0007646144414821148
0.09805382096293919 -0.46874865499256835 58 nil_vol 0.6 nil_bias 0.54 Home 0.02 0.01 0.001 0.10975641644214963 -0.4721862525935413 -0.011702595479210444 0.0034375976009729287
0.16028911858793868 -0.3535992391061322 58 nil_vol 0.6 nil_bias 0.54 Home 0.02 0.01 0.001 0.14583790123921708 -0.3493542431838725 0.014451217348721604 -0.0042449959222597535
0.14007889867713647 -0.31567608450484336 58 nil_vol 0.6 nil_bias 0.54 Home 0.02 0.01 0.001 0.1544874722513052 -0.3199085539634344 -0.014408573574168746 0.004232469458591095
0.22615698874956405 -0.09497455522404209 58 nil_vol 0.6 nil_bias 0.54 Home 0.02 0.01 0.001 0.22100556979960434 -0.09346134343649914 0.005151418949959719 -0.0015132117875429445
0.22316101183206413 -0.050353736582624646 58 nil_vol 0.6 nil_bias 0.54 Home 0.02 0.01 0.001 0.23283365836389897 -0.053195043587721424 -0.00967264653183483 0.0028413070050967793
0.3458973578273804 0.33674531841554606 58 nil_vol 0.6 nil_bias 0.54 Home 0.02 0.01 0.001 0.3472597555342158 0.33634511872506645 -0.0013623977068353663 0.0004001996904796247
0.37493248606037477 0.43055125008296036 58 nil_vol 0.6 nil_bias 0.54 Right 0.02 0.01 0.001 0.4 0.35 -0.02506751393962523 0.0805512500829604
0.26122593013332407 0.1243281210811253 59 nil_vol 0.6 nil_bias 0.54 Right 0.02 0.01 0.001 0.2694391109053965 0.1215243645121668 -0.008213180772072476 0.0028037565689584894
0.2629081244707001 0.02930822934817443 59 nil_vol 0.6 nil_bias 0.54 Right 0.02 0.01 0.001 0.24056302500244853 0.03693623866110379 0.022345099468251587 -0.0076280093129293645
0.2306668330373328 0.024613049855708342 59 nil_vol 0.6 nil_bias 0.54 Right 0.02 0.01 0.001 0.2357624085614453 0.022873558939237315 -0.0050955755241125136 0.0017394909164710256
0.22072976870524816 -0.02824923284068483 59 nil_vol 0.6 nil_bias 0.54 Right 0.02 0.01 0.001 0.21856298469112873 -0.027509551701100143 0.002166784014119436 -0.0007396811395846875
0.14622925910503876 -0.23184088927435195 59 nil_vol 0.6 nil_bias 0.54 Right 0.02 0.01 0.001 0.1485404831615681 -0.2326298783165588 -0.0023112240565293513 0.000788989042206835
-0.018158518454108298 -0.687748116399825 59 nil_vol 0.6 nil_bias 0.54 Right 0.02 0.01 0.001 -0.008007464088183425 -0.6912134103158062 -0.010151054365924873 0.0034652939159812114
-0.01741286225926042 -0.7203001648242138 59 nil_vol 0.6 nil_bias 0.54 Right 0.02 0.01 0.001 -0.01788219699371929 -0.7201399467088091 0.0004693347344588701 -0.0001602181154046847
-0.02682152066885939 -0.7463263432515252 59 nil_vol 0.6 nil_bias 0.54 Home 0.02 0.01 0.001 0.0 -0.75 -0.02682152066885939 0.0036736567484747305
-0.009645012610077788 -0.7466013671110348 60 nil_vol 0.6 nil_bias 0.54 Home 0.02 0.01 0.001 -0.024076778334738032 -0.7401685880804001 0.014431765724660244 -0.006432779030634697
0.06679758078573798 -0.5165218957853213 60 nil_vol 0.6 nil_bias 0.54 Home 0.02 0.01 0.001 0.07415012033800109 -0.5197991983106035 -0.0073525395522630954 0.00327730252528221
0.21035381789811725 -0.2504086336993003 60 nil_vol 0.6 nil_bias 0.54 Home 0.02 0.01 0.001 0.19690052113842713 -0.24441199496917165 0.01345329675969013 -0.005996638730128622
0.2054216183907196 -0.22474246314141622 60 nil_vol 0.6 nil_bias 0.54 Home 0.02 0.01 0.001 0.20562713621190254 -0.22483407013918422 -0.00020551782118295045 9.160699776801143e-05
0.3082997420279208 -0.008496595127476272 60 nil_vol 0.6 nil_bias 0.54 Home 0.02 0.01 0.001 0.3030916191260936 -0.006175139497511695 0.005208122901827199 -0.002321455629964576
0.3088675998911643 0.0011262735220835367 60 nil_vol 0.6 nil_bias 0.54 Home 0.02 0.01 0.001 0.30676406664261663 0.002063897152460137 0.0021035332485476992 -0.0009376236303766
0.4120993744514095 0.24251366583210496 60 nil_vol 0.6 nil_bias 0.54 Home 0.02 0.01 0.001 0.4136362029815211 0.24182864374050528 -0.0015368285301116374 0.0006850220915996767
0.4537041740684451 0.3317200528865605 60 nil_vol 0.6 nil_bias 0.54 Right 0.02 0.01 0.001 0.4 0.35 0.05370417406844508 -0.018279947113439516
0.4229595445203998 0.24714211097583885 61 nil_vol 0.6 nil_bias 0.54 Right 0.02 0.01 0.001 0.41749583164138354 0.2495496943222312 0.005463712879016253 -0.0024075833463923454
0.35567327854607195 0.09981772294354486 61 nil_vol 0.6 nil_bias 0.54 Right 0.02 0.01 0.001 0.35219237957799737 0.10135157996926755 0.0034808989680745746 -0.0015338570257226937
0.26092538401057797 -0.12195145608077163 61 nil_vol 0.6 nil_bias 0.54 Right 0.02 0.01 0.001 0.25495353443076496 -0.1193199624584152 0.005971849579813031 -0.002631493622356434
0.14041976024040626 -0.38447087678373737 61 nil_vol 0.6 nil_bias 0.54 Right 0.02 0.01 0.001 0.13848964314365758 -0.38362037129752014 0.0019301170967486658 -0.0008505054862172612
0.1009505302164077 -0.4268283982440524 61 nil_vol 0.6 nil_bias 0.54 Right 0.02 0.01 0.001 0.1164420233607305 -0.4336547197823354 -0.01549149314432281 0.006826321538282985
0.09752534129523455 -0.4364880023904099 61 nil_vol 0.6 nil_bias 0.54 Right 0.02 0.01 0.001 0.11232069311210086 -0.44300756947364883 -0.014795351816866307 0.006519567083238945
-0.013262842419230904 -0.6823805870558496 61 nil_vol 0.6 nil_bias 0.54 Right 0.02 0.01 0.001 0.0035721603163929028 -0.6897989256692167 -0.016835002735623807 0.007418338613367111
-0.017467734114310428 -0.7375463660003824 61 nil_vol 0.6 nil_bias 0.54 Home 0.02 0.01 0.001 0.0 -0.75 -0.017467734114310428 0.012453633999617662
-0.029486913303577555 -0.7306898327301706 62 nil_vol 0.6 nil_bias 0.54 Home 0.02 0.01 0.001 -0.02070808393715687 -0.7277777925664173 -0.008778829366420682 -0.0029120401637533523
-0.040674211560641646 -0.6657772326754186 62 nil_vol 0.6 nil_bias 0.54 Home 0.02 0.01 0.001 -0.04121489993294403 -0.6659565853192051 0.0005406883723023817 0.00017935264378659652
-0.06120344552177481 -0.5815851194927938 62 nil_vol 0.6 nil_bias 0.54 Home 0.02 0.01 0.001 -0.06840904843541575 -0.5839753020801034 0.00720560291364093 0.0023901825873095636
-0.08397287905638208 -0.48831026417838014 62 nil_vol 0.6 nil_bias 0.54 Home 0.02 0.01 0.001 -0.09853945893212177 -0.49314216873833516 0.014566579875739689 0.004831904559955038
-0.3071319776609784 0.16392294185796338 62 nil_vol 0.6 nil_bias 0.54 Home 0.02 0.01 0.001 -0.31556744809007925 0.16112479786126432 0.008435470429100863 0.0027981439966990596
-0.38231132393327594 0.33855111738653776 62 nil_vol 0.6 nil_bias 0.54 Home 0.02 0.01 0.001 -0.37520387990499404 0.3409087395259033 -0.007107444028281882 -0.00235762213936554
-0.4280131462908767 0.47701265617319544 62 nil_vol 0.6 nil_bias 0.54 Home 0.02 0.01 0.001 -0.4211106386921173 0.47930229850695405 -0.006902507598759448 -0.0022896423337586272
-0.42345078094183114 0.4863570465008522 62 nil_vol 0.6 nil_bias 0.54 Left 0.02 0.01 0.001 -0.4 0.35 -0.023450780941831128 0.13635704650085226
-0.37200365912543626 0.3355628283664242 63 nil_vol 0.6 nil_bias 0.54 Left 0.02 0.01 0.001 -0.37183309908411477 0.3356212346193291 -0.0001705600413214794 -5.840625290485627e-05
-0.2708379521017076 0.028613965192615384 63 nil_vol 0.6 nil_bias 0.54 Left 0.02 0.01 0.001 -0.26713620103839747 0.029881585715683834 -0.0037017510633100955 -0.0012676205230684493
-0.2410501636284435 -0.021555024363851955 63 nil_vol 0.6 nil_bias 0.54 Left 0.02 0.01 0.001 -0.24863313837092518 -0.024151723667798164 0.007582974742481683 0.0025966993039462107
-0.2321347704808706 -0.12460271930416321 63 nil_vol 0.6 nil_bias 0.54 Left 0.02 0.01 0.001 -0.21611359671545652 -0.11911645933655624 -0.01602117376541409 -0.005486259967606973
-0.1519527909515184 -0.29831176696550604 63 nil_vol 0.6 nil_bias 0.54 Left 0.02 0.01 0.001 -0.15445668372781973 -0.299169195197853 0.0025038927763013346 0.0008574282323469477
-0.11276699316959765 -0.45287450137742546 63 nil_vol 0.6 nil_bias 0.54 Left 0.02 0.01 0.001 -0.10297086547732665 -0.44951993422881287 -0.009796127692271003 -0.003354567148612622
-0.023897683416402814 -0.6754196646503152 63 nil_vol 0.6 nil_bias 0.54 Left 0.02 0.01 0.001 -0.02543403702394581 -0.675945770628352 0.0015363536075429947 0.0005261059780368616
0.005092937134259461 -0.7650917389945286 63 nil_vol 0.6 nil_bias 0.54 Home 0.02 0.01 0.001 0.0 -0.75 0.005092937134259461 -0.01509173899452868
