x y trial vol omega bias theta state target_sigma moving_sigma staying_sigma x_mean y_mean x_noise y_noise
0.026133919906223855 -0.5402454725121747 0 nil_vol 0.6 nil_bias 0.1 Home 0.04 0.01 0.001 0.009198004713839712 -0.539505421964429 0.016935915192384143 -0.0007400505477457694
0.027608561771009787 -0.30232315157244444 0 nil_vol 0.6 nil_bias 0.1 Home 0.04 0.01 0.001 0.019577519227187475 -0.30197221822364034 0.008031042543822314 -0.0003509333488040811
0.006854852295926996 -0.28983046430110976 0 nil_vol 0.6 nil_bias 0.1 Home 0.04 0.01 0.001 0.02008282080495399 -0.29040848829505794 -0.013227968509026994 0.0005780239939481607
0.0261124257421029 -0.22461179209972396 0 nil_vol 0.6 nil_bias 0.1 Home 0.04 0.01 0.001 0.022963958072897573 -0.2244742131619053 0.0031484676692053286 -0.00013757893781866782
0.050137160554301605 -0.11349639041088695 0 nil_vol 0.6 nil_bias 0.1 Home 0.04 0.01 0.001 0.027855912840299528 -0.11252276428038877 0.022281247714002073 -0.0009736261304981856
0.04085108564914736 0.005040834458112802 0 nil_vol 0.6 nil_bias 0.1 Home 0.04 0.01 0.001 0.03300807806900782 0.005383551222440164 0.007843007580139548 -0.0003427167643273613
0.06857972926721548 0.20574522842955864 0 nil_vol 0.6 nil_bias 0.1 Home 0.04 0.01 0.001 0.041814411001673796 0.2069147954838334 0.026765318265541682 -0.0011695670542747655
0.04202362786052638 0.2117026832695223 0 nil_vol 0.6 nil_bias 0.1 Right 0.04 0.01 0.001 0.4 0.35 -0.35797637213947364 -0.13829731673047768
0.03591217695673431 0.20485135652057845 1 nil_vol 0.6 nil_bias 0.1 Right 0.04 0.01 0.001 0.041598955959049645 0.20451534675568944 -0.005686779002315338 0.00033600976488901743
0.009783358958358471 -0.03464016432208432 1 nil_vol 0.6 nil_bias 0.1 Right 0.04 0.01 0.001 0.027406656338160116 -0.035681456766672975 -0.017623297379801645 0.0010412924445886579
0.03139707924703902 -0.20441445855521728 1 nil_vol 0.6 nil_bias 0.1 Right 0.04 0.01 0.001 0.017485444109589465 -0.2035924738693603 0.01391163513744956 -0.000821984685856976
0.018432093038276226 -0.3934267301897056 1 nil_vol 0.6 nil_bias 0.1 Right 0.04 0.01 0.001 0.006311188660191237 -0.3927105528547565 0.01212090437808499 -0.0007161773349490822
-0.0067303672266259005 -0.5070737841582857 1 nil_vol 0.6 nil_bias 0.1 Right 0.04 0.01 0.001 -0.0004679552712188728 -0.5074438058468229 -0.006262411955407028 0.0003700216885371775
-0.002331779323932642 -0.749559507966571 1 nil_vol 0.6 nil_bias 0.1 Right 0.04 0.01 0.001 -0.014730349658012162 -0.7488269244247774 0.01239857033407952 -0.0007325835417936633
-0.019149696417068457 -0.7706155450045767 1 nil_vol 0.6 nil_bias 0.1 Right 0.04 0.01 0.001 -0.016028651034241587 -0.7707999554986129 -0.0031210453828268707 0.00018441049403619122
-0.01671283435603319 -0.7823793789400239 1 nil_vol 0.6 nil_bias 0.1 Home 0.04 0.01 0.001 0.0 -0.75 -0.01671283435603319 -0.03237937894002382
0.047036360617631646 -0.631897076623179 2 nil_vol 0.6 nil_bias 0.1 Home 0.04 0.01 0.001 0.05266325022839077 -0.6345375441893559 -0.005626889610759128 0.002640467566177023
0.13177417637951372 -0.47799276315940886 2 nil_vol 0.6 nil_bias 0.1 Home 0.04 0.01 0.001 0.1271430589309329 -0.47581957046077256 0.0046311174485808414 -0.002173192698636302
0.1542655900354477 -0.38681164808070795 2 nil_vol 0.6 nil_bias 0.1 Home 0.04 0.01 0.001 0.16626786446121553 -0.39244382118767607 -0.012002274425767815 0.00563217310696812
0.41015117990305316 0.1014291405240692 2 nil_vol 0.6 nil_bias 0.1 Home 0.04 0.01 0.001 0.4002109773335436 0.1060936682297191 0.00994020256950958 -0.004664527705649903
0.41347273527172235 0.14261133070366036 2 nil_vol 0.6 nil_bias 0.1 Home 0.04 0.01 0.001 0.41664800571384286 0.14112130705005455 -0.003175270442120533 0.001490023653605802
0.46860406185809644 0.23399164835974098 2 nil_vol 0.6 nil_bias 0.1 Home 0.04 0.01 0.001 0.4617397746633884 0.23721277565320953 0.006864287194708057 -0.003221127293468557
0.48110286294214344 0.23500186754328664 2 nil_vol 0.6 nil_bias 0.1 Home 0.04 0.01 0.001 0.4643838724185349 0.24284740126984106 0.016718990523608538 -0.007845533726554409
0.5806205838325441 0.4905501764231285 2 nil_vol 0.6 nil_bias 0.1 Right 0.04 0.01 0.001 0.4 0.35 0.1806205838325441 0.14055017642312848
0.5125825968167083 0.33535105397506043 3 nil_vol 0.6 nil_bias 0.1 Right 0.04 0.01 0.001 0.5114685602828122 0.33584903271510547 0.001114036533896125 -0.0004979787400450311
0.36011603358495836 -0.006338806353334345 3 nil_vol 0.6 nil_bias 0.1 Right 0.04 0.01 0.001 0.3587768312471158 -0.005740177607711561 0.0013392023378425483 -0.0005986287456227848
0.31021768446774733 -0.06508828978371176 3 nil_vol 0.6 nil_bias 0.1 Right 0.04 0.01 0.001 0.32857914096869145 -0.07329593351488617 -0.018361456500944135 0.008207643731174417
0.18385642894058113 -0.3893952317050275 3 nil_vol 0.6 nil_bias 0.1 Right 0.04 0.01 0.001 0.18671110372996574 -0.3906712826347797 -0.0028546747893846178 0.0012760509297521981
0.11343087800132681 -0.533554398267653 3 nil_vol 0.6 nil_bias 0.1 Right 0.04 0.01 0.001 0.12127452624026924 -0.5370605400758796 -0.007843648238942427 0.003506141808226531
0.06802528763100418 -0.6731326196870392 3 nil_vol 0.6 nil_bias 0.1 Right 0.04 0.01 0.001 0.061711368321405224 -0.6703102727649469 0.006313919309598956 -0.00282234692209228
0.020272474831874436 -0.7110239069821018 3 nil_vol 0.6 nil_bias 0.1 Right 0.04 0.01 0.001 0.03964194889793027 -0.719682138554648 -0.019369474066055832 0.008658231572546221
0.013885921998179968 -0.7773013753351954 3 nil_vol 0.6 nil_bias 0.1 Home 0.04 0.01 0.001 0.0 -0.75 0.013885921998179968 -0.027301375335195333
0.13458631264579338 -0.35086970201837553 4 nil_vol 0.6 nil_bias 0.1 Home 0.04 0.01 0.001 0.11163536372462758 -0.3456720879781577 0.022950948921165802 -0.0051976140402178695
0.11462304439444944 -0.3462367028382787 4 nil_vol 0.6 nil_bias 0.1 Home 0.04 0.01 0.001 0.11165948921374197 -0.3455655577771697 0.0029635551807074634 -0.0006711450611090068
0.11324268932978973 -0.2747400176203797 4 nil_vol 0.6 nil_bias 0.1 Home 0.04 0.01 0.001 0.12699382601964504 -0.27785418520332583 -0.013751136689855307 0.003114167582946131
0.17123536476659235 -0.10254787182745306 4 nil_vol 0.6 nil_bias 0.1 Home 0.04 0.01 0.001 0.1669162915479864 -0.10156974775603167 0.004319073218605941 -0.0009781240714213974
0.18480812898047913 -0.03332345178784569 4 nil_vol 0.6 nil_bias 0.1 Home 0.04 0.01 0.001 0.1824906279478672 -0.03279861615047408 0.0023175010326119475 -0.0005248356373716077
0.21617938809217957 0.05125064314688503 4 nil_vol 0.6 nil_bias 0.1 Home 0.04 0.01 0.001 0.2022398594929638 0.05440747512843702 0.013939528599215772 -0.0031568319815519935
0.2965716508924285 0.4185015794788188 4 nil_vol 0.6 nil_bias 0.1 Home 0.04 0.01 0.001 0.2852742732856226 0.4210600535823721 0.011297377606805903 -0.002558474103553303
0.2976181255913125 0.4755664331569564 4 nil_vol 0.6 nil_bias 0.1 Right 0.04 0.01 0.001 0.4 0.35 -0.10238187440868754 0.12556643315695643
0.25785380008952286 0.2625394118432556 5 nil_vol 0.6 nil_bias 0.1 Right 0.04 0.01 0.001 0.2529337656900945 0.2635764826444844 0.004920034399428362 -0.0010370708012288328
0.2321054028415344 0.15810423336721577 5 nil_vol 0.6 nil_bias 0.1 Right 0.04 0.01 0.001 0.23076147976135963 0.15838751256252154 0.0013439230801747448 -0.0002832791953057638
0.2024692233563326 -0.004981833047491321 5 nil_vol 0.6 nil_bias 0.1 Right 0.04 0.01 0.001 0.1965869781060262 -0.0037419423679732056 0.005882245250306385 -0.001239890679518116
0.17546888038773256 -0.08824109513941493 5 nil_vol 0.6 nil_bias 0.1 Right 0.04 0.01 0.001 0.17863512345070728 -0.08890849255244643 -0.0031662430629747352 0.0006673974130314925
0.15555282041482538 -0.1483419031429143 5 nil_vol 0.6 nil_bias 0.1 Right 0.04 0.01 0.001 0.16565843870198638 -0.1504720186671465 -0.010105618287161005 0.0021301155242322008
0.1728836088731843 -0.20303843207266556 5 nil_vol 0.6 nil_bias 0.1 Right 0.04 0.01 0.001 0.15535693070623466 -0.19934406640489905 0.017526678166949635 -0.003694365667766507
0.14727492410055787 -0.20908408320098587 5 nil_vol 0.6 nil_bias 0.1 Right 0.04 0.01 0.001 0.153047404782637 -0.2103008371258644 -0.005772480682079126 0.001216753924878513
0.03752271844087022 -0.758368944058564 5 nil_vol 0.6 nil_bias 0.1 Home 0.04 0.01 0.001 0.0 -0.75 0.03752271844087022 -0.008368944058563985
0.09981014384031292 -0.6453957583011319 6 nil_vol 0.6 nil_bias 0.1 Home 0.04 0.01 0.001 0.08772340494926492 -0.6402585102980582 0.012086738891048006 -0.005137248003073669
0.1523944553206818 -0.4849275549656512 6 nil_vol 0.6 nil_bias 0.1 Home 0.04 0.01 0.001 0.15353750190069007 -0.48541338607472867 -0.0011430465800082823 0.0004858311090774778
0.1680790780843422 -0.4442281648077891 6 nil_vol 0.6 nil_bias 0.1 Home 0.04 0.01 0.001 0.17058909054066007 -0.4452949998403932 -0.0025100124563178765 0.00106683503260415
0.21352320730275567 -0.3150321354262552 6 nil_vol 0.6 nil_bias 0.1 Home 0.04 0.01 0.001 0.2240527611367029 -0.319507530311038 -0.010529553833947203 0.004475394884782833
0.28879616645637923 -0.1734967924001692 6 nil_vol 0.6 nil_bias 0.1 Home 0.04 0.01 0.001 0.2865226741870207 -0.17253048596085196 0.002273492269358529 -0.0009663064393172173
0.3716325869188973 0.057999397898755294 6 nil_vol 0.6 nil_bias 0.1 Home 0.04 0.01 0.001 0.38253555527246735 0.05336528998041201 -0.010902968353570077 0.004634107918343284
0.47039427333310224 0.29745608984378635 6 nil_vol 0.6 nil_bias 0.1 Home 0.04 0.01 0.001 0.48385092792867024 0.29173658414648573 -0.013456654595567994 0.0057195056973006
0.6158886595848971 0.6023903788124687 6 nil_vol 0.6 nil_bias 0.1 Right 0.04 0.01 0.001 0.4 0.35 0.2158886595848971 0.2523903788124688
0.6142593540609212 0.5987174117283076 7 nil_vol 0.6 nil_bias 0.1 Right 0.04 0.01 0.001 0.6143251168177126 0.5986896274025473 -6.576275679140939e-05 2.7784325760346836e-05
0.6155521667966364 0.5981394549002076 7 nil_vol 0.6 nil_bias 0.1 Right 0.04 0.01 0.001 0.6143137336749912 0.5986626846272297 0.0012384331216452307 -0.0005232297270221676
0.5250719479365269 0.3967207266272428 7 nil_vol 0.6 nil_bias 0.1 Right 0.04 0.01 0.001 0.5284004625496896 0.39531445142190846 -0.003328514613162769 0.0014062752053343053
0.4827302877299898 0.31563980248800705 7 nil_vol 0.6 nil_bias 0.1 Right 0.04 0.01 0.001 0.49291964817540546 0.3113348657165303 -0.010189360445415657 0.0043049367714767615
0.41139692633566627 0.1476105536306707 7 nil_vol 0.6 nil_bias 0.1 Right 0.04 0.01 0.001 0.4218765924369462 0.14318296465745933 -0.010479666101279912 0.0044275889732113645
0.32249035954234356 -0.12288647534018333 7 nil_vol 0.6 nil_bias 0.1 Right 0.04 0.01 0.001 0.31143705221673457 -0.11821652677890182 0.011053307325608991 -0.004669948561281513
0.28542018049879353 -0.21643516012514188 7 nil_vol 0.6 nil_bias 0.1 Right 0.04 0.01 0.001 0.27228497707920146 -0.21088562436136682 0.01313520341959206 -0.005549535763775059
0.05680477560007856 -0.720905993596289 7 nil_vol 0.6 nil_bias 0.1 Home 0.04 0.01 0.001 0.0 -0.75 0.05680477560007856 0.029094006403710907
0.2959655872068434 -0.38246766000604876 8 nil_vol 0.6 nil_bias 0.1 Home 0.04 0.01 0.001 0.30200897410627586 -0.38690435634421616 -0.006043386899432474 0.004436696338167414
0.31237787628709984 -0.35381881727254194 8 nil_vol 0.6 nil_bias 0.1 Home 0.04 0.01 0.001 0.32142328069789194 -0.3604594168724738 -0.009045404410792107 0.0066405995999318556
0.34990723644743993 -0.33876713123233826 8 nil_vol 0.6 nil_bias 0.1 Home 0.04 0.01 0.001 0.3417466963695738 -0.3327761465604257 0.008160540077866154 -0.005990984671912569
0.46047576912721533 -0.14877991424421855 8 nil_vol 0.6 nil_bias 0.1 Home 0.04 0.01 0.001 0.47109984261448207 -0.15657947907793857 -0.010624073487266737 0.007799564833720027
0.5069571555741853 -0.12802757503028878 8 nil_vol 0.6 nil_bias 0.1 Home 0.04 0.01 0.001 0.49727777928426503 -0.12092155086604628 0.009679376289920254 -0.007106024164242493
0.5816747295621261 0.03150240998173918 8 nil_vol 0.6 nil_bias 0.1 Home 0.04 0.01 0.001 0.5995463039920822 0.018382159673403176 -0.017871574429956117 0.013120250308336003
0.6331462316713562 0.06925529880308923 8 nil_vol 0.6 nil_bias 0.1 Home 0.04 0.01 0.001 0.6355817130527645 0.06746731277697804 -0.0024354813814082103 0.0017879860261111942
0.6425431102798584 0.07694968740831082 8 nil_vol 0.6 nil_bias 0.1 Right 0.04 0.01 0.001 0.4 0.35 0.24254311027985842 -0.27305031259168916
0.5624008738199128 -0.012616957833488743 9 nil_vol 0.6 nil_bias 0.1 Right 0.04 0.01 0.001 0.5692195532721677 -0.01788876298689568 -0.006818679452254845 0.005271805153406936
0.48262920380598373 -0.16563903544095057 9 nil_vol 0.6 nil_bias 0.1 Right 0.04 0.01 0.001 0.4653288904682127 -0.1522634424616595 0.017300313337771066 -0.013375592979291077
0.2663672887380819 -0.38527993448763037 9 nil_vol 0.6 nil_bias 0.1 Right 0.04 0.01 0.001 0.27813813361967865 -0.3943804650436217 -0.011770844881596723 0.009100530555991302
0.1572713907375133 -0.5638037193157421 9 nil_vol 0.6 nil_bias 0.1 Right 0.04 0.01 0.001 0.15093657882488742 -0.5589060123153344 0.006334811912625883 -0.0048977070004077115
0.08188227021834348 -0.6492877877682437 9 nil_vol 0.6 nil_bias 0.1 Right 0.04 0.01 0.001 0.08136679010352632 -0.6488892486163742 0.0005154801148171524 -0.00039853915186953377
0.06487218959146188 -0.6657150936593353 9 nil_vol 0.6 nil_bias 0.1 Right 0.04 0.01 0.001 0.06705390953668611 -0.6674018722402995 -0.0021817199452242287 0.0016867785809641428
0.06339422227199219 -0.6885881426704711 9 nil_vol 0.6 nil_bias 0.1 Right 0.04 0.01 0.001 0.055432828599153994 -0.6824328575472072 0.007961393672838202 -0.006155285123263947
0.0038431431486856695 -0.7491601962657224 9 nil_vol 0.6 nil_bias 0.1 Home 0.04 0.01 0.001 0.0 -0.75 0.0038431431486856695 0.0008398037342776511
0.021793281153863153 -0.6678290360115514 10 nil_vol 0.6 nil_bias 0.1 Home 0.04 0.01 0.001 0.03247179508134455 -0.6717797969414178 -0.010678513927481394 0.003950760929866297
0.057700367183385295 -0.6168955971663366 10 nil_vol 0.6 nil_bias 0.1 Home 0.04 0.01 0.001 0.05337017852381472 -0.6152935446437328 0.004330188659570577 -0.0016020525226038158
0.07103300606155698 -0.5777308906069358 10 nil_vol 0.6 nil_bias 0.1 Home 0.04 0.01 0.001 0.06772072767477783 -0.57650543731557 0.0033122783867791574 -0.001225453291365805
0.13673292596104664 -0.43001291877010145 10 nil_vol 0.6 nil_bias 0.1 Home 0.04 0.01 0.001 0.1237025844459855 -0.4251920453311453 0.013030341515061142 -0.00482087343895615
0.16799722199586364 -0.31689453423091263 10 nil_vol 0.6 nil_bias 0.1 Home 0.04 0.01 0.001 0.16427871890538717 -0.3155187888016133 0.0037185030904764846 -0.0013757454292993123
0.20135820633077126 -0.20158896053490352 10 nil_vol 0.6 nil_bias 0.1 Home 0.04 0.01 0.001 0.20581906717448964 -0.2032393582264379 -0.004460860843718392 0.0016503976915343808
0.3432378257115564 0.15450029828549863 10 nil_vol 0.6 nil_bias 0.1 Home 0.04 0.01 0.001 0.33878284800900443 0.15614851937414398 0.004454977702551991 -0.0016482210886453509
0.40844213756483283 0.344430652083588 10 nil_vol 0.6 nil_bias 0.1 Right 0.04 0.01 0.001 0.4 0.35 0.008442137564832808 -0.005569347916411982
0.3538880054613894 0.16598281899885964 11 nil_vol 0.6 nil_bias 0.1 Right 0.04 0.01 0.001 0.34379884326186927 0.16971573834371267 0.010089162199520083 -0.0037329193448530458
0.27379051080979 -0.036526527657212496 11 nil_vol 0.6 nil_bias 0.1 Right 0.04 0.01 0.001 0.2682492230292226 -0.034476289992041276 0.005541287780567384 -0.00205023766517122
0.1869378240660718 -0.29727745639448605 11 nil_vol 0.6 nil_bias 0.1 Right 0.04 0.01 0.001 0.17293196213846726 -0.2920953855845448 0.014005861927604524 -0.005182070809941252
0.13417144840477727 -0.38088471146992176 11 nil_vol 0.6 nil_bias 0.1 Right 0.04 0.01 0.001 0.13936901372817134 -0.38280777423352347 -0.005197565323394065 0.0019230627636017182
0.09026026674341281 -0.5637998357111551 11 nil_vol 0.6 nil_bias 0.1 Right 0.04 0.01 0.001 0.07455340648687109 -0.5579884074340542 0.01570686025654172 -0.005811428277100854
0.04929097130406725 -0.6122603364125689 11 nil_vol 0.6 nil_bias 0.1 Right 0.04 0.01 0.001 0.05384917803439093 -0.6139468409750859 -0.004558206730323677 0.0016865045625169934
0.04776697081295971 -0.6429693978081495 11 nil_vol 0.6 nil_bias 0.1 Right 0.04 0.01 0.001 0.04367166186151178 -0.6414541621814751 0.004095308951447932 -0.0015152356266744345
-0.007235506883171906 -0.779043709432642 11 nil_vol 0.6 nil_bias 0.1 Home 0.04 0.01 0.001 0.0 -0.75 -0.007235506883171906 -0.02904370943264198
0.06405907634131129 -0.5206184269792883 12 nil_vol 0.6 nil_bias 0.1 Home 0.04 0.01 0.001 0.0567633085385505 -0.5188240945376045 0.0072957678027607865 -0.0017943324416838078
0.07226119105272608 -0.4625038186444932 12 nil_vol 0.6 nil_bias 0.1 Home 0.04 0.01 0.001 0.07070870980215999 -0.46212199899941864 0.001552481250566096 -0.00038181964507456943
0.11035011984346052 -0.3263170860569227 12 nil_vol 0.6 nil_bias 0.1 Home 0.04 0.01 0.001 0.10446476923577244 -0.3248696338063094 0.005885350607688083 -0.0014474522506133123
0.12205464414465182 -0.27561162451055177 12 nil_vol 0.6 nil_bias 0.1 Home 0.04 0.01 0.001 0.11689165536329571 -0.2743418310471508 0.0051629887813561155 -0.0012697934634009595
0.21856695434357454 0.07503421272461411 12 nil_vol 0.6 nil_bias 0.1 Home 0.04 0.01 0.001 0.20371603245882672 0.0786866714715374 0.014850921884747821 -0.0036524587469233052
0.2778365497776073 0.36910713190553324 12 nil_vol 0.6 nil_bias 0.1 Home 0.04 0.01 0.001 0.2752961522907566 0.3697319212010072 0.002540397486850695 -0.0006247892954739195
0.29065967793074027 0.4055695004089944 12 nil_vol 0.6 nil_bias 0.1 Home 0.04 0.01 0.001 0.28448367167812616 0.4070884369594304 0.006176006252614119 -0.0015189365504360071
0.2941295452637114 0.44630862397738025 12 nil_vol 0.6 nil_bias 0.1 Right 0.04 0.01 0.001 0.4 0.35 -0.10587045473628867 0.0963086239773803
0.30195031360607477 0.3922338699499486 13 nil_vol 0.6 nil_bias 0.1 Right 0.04 0.01 0.001 0.2828052172589108 0.3965949508581931 0.019145096347163968 -0.004361080908244484
0.2314573821872752 0.18143011613262344 13 nil_vol 0.6 nil_bias 0.1 Right 0.04 0.01 0.001 0.2336774070914971 0.18092441440879464 -0.0022200249042218746 0.0005057017238288013
0.22019358944018147 0.09508118149109722 13 nil_vol 0.6 nil_bias 0.1 Right 0.04 0.01 0.001 0.2144225424212377 0.0963957741428404 0.005771047018943765 -0.001314592651743177
0.21799746668084677 0.050754658746934904 13 nil_vol 0.6 nil_bias 0.1 Right 0.04 0.01 0.001 0.20471511123750988 0.05378025996042968 0.013282355443336884 -0.0030256012134947745
0.17068004347794472 -0.05600211334452914 13 nil_vol 0.6 nil_bias 0.1 Right 0.04 0.01 0.001 0.17926234808918312 -0.05795708521357146 -0.008582304611238403 0.001954971869042318
0.16653119343182182 -0.20321622241613346 13 nil_vol 0.6 nil_bias 0.1 Right 0.04 0.01 0.001 0.14717784303028014 -0.1988077031056923 0.019353350401541684 -0.004408519310441174
0.1379601313529029 -0.2478711865618031 13 nil_vol 0.6 nil_bias 0.1 Right 0.04 0.01 0.001 0.13609823391150763 -0.24744706305583908 0.0018618974413952684 -0.00042412350596402116
0.011350691483474234 -0.7950873772590481 13 nil_vol 0.6 nil_bias 0.1 Home 0.04 0.01 0.001 0.0 -0.75 0.011350691483474234 -0.04508737725904806
0.0040059644837609635 -0.7675662514242896 14 nil_vol 0.6 nil_bias 0.1 Home 0.04 0.01 0.001 7.654783928477508e-05 -0.7692830489788157 0.003929416644476188 0.0017167975545261693
-0.07543751349050444 -0.5796955198492179 14 nil_vol 0.6 nil_bias 0.1 Home 0.04 0.01 0.001 -0.08158286896028437 -0.5823804810525668 0.006145355469779923 0.0026849612033489527
-0.09993344322599172 -0.5336408836945868 14 nil_vol 0.6 nil_bias 0.1 Home 0.04 0.01 0.001 -0.10240570889394111 -0.5347210388516739 0.002472265667949386 0.0010801551570870159
-0.20252852490531412 -0.2987575176132257 14 nil_vol 0.6 nil_bias 0.1 Home 0.04 0.01 0.001 -0.20502394836206822 -0.2998477906170023 0.0024954234567541086 0.0010902730037765673
-0.23586811352296383 -0.24127177195686011 14 nil_vol 0.6 nil_bias 0.1 Home 0.04 0.01 0.001 -0.2314581538926662 -0.23934502083987252 -0.004409959630297631 -0.0019267511169875845
-0.2583326231099947 -0.2199757134719295 14 nil_vol 0.6 nil_bias 0.1 Home 0.04 0.01 0.001 -0.24287204140324292 -0.2132208459515773 -0.015460581706751797 -0.006754867520352195
-0.2770439342271544 -0.12823084034424023 14 nil_vol 0.6 nil_bias 0.1 Home 0.04 0.01 0.001 -0.27953031673219664 -0.12931716327471232 0.00248638250504224 0.0010863229304720872
-0.4700163682764905 0.3066684656105062 14 nil_vol 0.6 nil_bias 0.1 Left 0.04 0.01 0.001 -0.4 0.35 -0.07001636827649048 -0.04333153438949377
-0.4393701880480935 0.21581694409826904 15 nil_vol 0.6 nil_bias 0.1 Left 0.04 0.01 0.001 -0.43121517177977564 0.21944467437912224 -0.008155016268317881 -0.003627730280853193
-0.396972935272164 0.1785474958013482 15 nil_vol 0.6 nil_bias 0.1 Left 0.04 0.01 0.001 -0.41037090348185834 0.17258745680485432 0.013397968209694374 0.005960038996493899
-0.2840661231243891 -0.0952517296778734 15 nil_vol 0.6 nil_bias 0.1 Left 0.04 0.01 0.001 -0.2900411881762101 -0.09790971633361673 0.005975065051820979 0.0026579866557433205
-0.2599716135739781 -0.1658265994145355 15 nil_vol 0.6 nil_bias 0.1 Left 0.04 0.01 0.001 -0.25985222702157446 -0.16577349072694603 -0.00011938655240360407 -5.310868758947996e-05
-0.2039990361148006 -0.28009241504421 15 nil_vol 0.6 nil_bias 0.1 Left 0.04 0.01 0.001 -0.20817206247677245 -0.28194877113204975 0.004173026361971849 0.0018563560878397274
-0.03807873390438814 -0.6970371595879433 15 nil_vol 0.6 nil_bias 0.1 Left 0.04 0.01 0.001 -0.025926282965775094 -0.6916311845652003 -0.01215245093861304 -0.005405975022743005
-0.03484107720207535 -0.6992123025645048 15 nil_vol 0.6 nil_bias 0.1 Left 0.04 0.01 0.001 -0.024583670929893997 -0.694649331490962 -0.010257406272181349 -0.0045629710735428375
0.015956321285753923 -0.7857818773092073 15 nil_vol 0.6 nil_bias 0.1 Home 0.04 0.01 0.001 0.0 -0.75 0.015956321285753923 -0.03578187730920734
0.03662806333381043 -0.7623734126388227 16 nil_vol 0.6 nil_bias 0.1 Home 0.04 0.01 0.001 0.02988895887261992 -0.7588828249792287 0.006739104461190511 -0.0034905876595940927
0.09162737007447001 -0.6693434344059294 16 nil_vol 0.6 nil_bias 0.1 Home 0.04 0.01 0.001 0.07951605350556107 -0.6630702548758701 0.012111316568908948 -0.006273179530059214
0.06906923495907658 -0.645985632370747 16 nil_vol 0.6 nil_bias 0.1 Home 0.04 0.01 0.001 0.08428348643748187 -0.6538660085789385 -0.0152142514784053 0.007880376208191472
0.1277639785593719 -0.6065631691189233 16 nil_vol 0.6 nil_bias 0.1 Home 0.04 0.01 0.001 0.11279925098337545 -0.5988120363524291 0.01496472757599645 -0.007751132766494143
0.19052745209926839 -0.47907809617873526 16 nil_vol 0.6 nil_bias 0.1 Home 0.04 0.01 0.001 0.1781400015045917 -0.4726618902230894 0.012387450594676696 -0.006416205955645836
0.4387814840409797 -0.012657029011385285 16 nil_vol 0.6 nil_bias 0.1 Home 0.04 0.01 0.001 0.42113771417569223 -0.003518259058320816 0.017643769865287467 -0.009138769953064469
0.44233878915128766 0.033453805868505125 16 nil_vol 0.6 nil_bias 0.1 Home 0.04 0.01 0.001 0.44072162756120364 0.034291431152758345 0.001617161590084015 -0.0008376252842532169
0.5464811938006071 0.2384761800154805 16 nil_vol 0.6 nil_bias 0.1 Right 0.04 0.01 0.001 0.4 0.35 0.14648119380060715 -0.11152381998451949
0.5049789327055912 0.2041839409633692 17 nil_vol 0.6 nil_bias 0.1 Right 0.04 0.01 0.001 0.5208660584359096 0.19485478351372804 -0.015887125730318415 0.009329157449641154
0.416080875760389 0.01396649455571006 17 nil_vol 0.6 nil_bias 0.1 Right 0.04 0.01 0.001 0.41501372916038914 0.014593138973475889 0.0010671465999998549 -0.0006266444177658271
0.31000904635942333 -0.1791703209582735 17 nil_vol 0.6 nil_bias 0.1 Right 0.04 0.01 0.001 0.3034831878077388 -0.17533823937497178 0.006525858551684518 -0.0038320815833017175
0.2626180678913308 -0.2058523939254326 17 nil_vol 0.6 nil_bias 0.1 Right 0.04 0.01 0.001 0.27968111667138945 -0.2158720709483376 -0.01706304878005863 0.010019677022905007
0.18922050525107906 -0.35627541531758 17 nil_vol 0.6 nil_bias 0.1 Right 0.04 0.01 0.001 0.19517941644796433 -0.35977457694869136 -0.005958911196885276 0.003499161631111367
0.015023536927021672 -0.6288968071755011 17 nil_vol 0.6 nil_bias 0.1 Right 0.04 0.01 0.001 0.03147426257139874 -0.638556918910147 -0.016450725644377065 0.009660111734645857
-0.005523917211210415 -0.7173096863727664 17 nil_vol 0.6 nil_bias 0.1 Right 0.04 0.01 0.001 -0.012399641634276537 -0.7132721583257191 0.006875724423066122 -0.004037528047047269
-0.02821326530999444 -0.7402020315692814 17 nil_vol 0.6 nil_bias 0.1 Home 0.04 0.01 0.001 0.0 -0.75 -0.02821326530999444 0.009797968430718562
0.07911573518089872 -0.559980834120701 18 nil_vol 0.6 nil_bias 0.1 Home 0.04 0.01 0.001 0.07343833492627411 -0.5568335279601266 0.005677400254624615 -0.0031473061605743363
0.19178702489294236 -0.33816613494648406 18 nil_vol 0.6 nil_bias 0.1 Home 0.04 0.01 0.001 0.19398320683828563 -0.33938360362163883 -0.0021961819453432756 0.0012174686751547416
0.21883229456442987 -0.31327088459636954 18 nil_vol 0.6 nil_bias 0.1 Home 0.04 0.01 0.001 0.2108974448935451 -0.3088721457137156 0.00793484967088478 -0.004398738882653984
0.2804785803911888 -0.17281565333007937 18 nil_vol 0.6 nil_bias 0.1 Home 0.04 0.01 0.001 0.2849478465976191 -0.17529322201185182 -0.0044692662064303446 0.002477568681772457
0.34390410480161937 -0.05711631592039636 18 nil_vol 0.6 nil_bias 0.1 Home 0.04 0.01 0.001 0.34891892171880845 -0.05989631441790677 -0.0050148169171891 0.0027799984975104114
0.43699954942631003 0.06833580876110937 18 nil_vol 0.6 nil_bias 0.1 Home 0.04 0.01 0.001 0.42400015289790677 0.0755421142781928 0.012999396528403264 -0.007206305517083431
0.44515619236817705 0.12929562553305765 18 nil_vol 0.6 nil_bias 0.1 Home 0.04 0.01 0.001 0.4517671578371314 0.12563079102877273 -0.006610965468954359 0.003664834504284917
0.4778255444187602 0.17263730487445714 18 nil_vol 0.6 nil_bias 0.1 Right 0.04 0.01 0.001 0.4 0.35 0.07782554441876016 -0.17736269512554284
0.46566888144788326 0.16150609170653576 19 nil_vol 0.6 nil_bias 0.1 Right 0.04 0.01 0.001 0.47051090571183524 0.15892346935726198 -0.004842024263951992 0.0025826223492737893
0.3627719128860942 -0.03150970092831295 19 nil_vol 0.6 nil_bias 0.1 Right 0.04 0.01 0.001 0.36757257049206643 -0.03407025927096688 -0.004800657605972209 0.0025605583426539305
0.331934324330411 -0.06895207349305775 19 nil_vol 0.6 nil_bias 0.1 Right 0.04 0.01 0.001 0.34519491466320046 -0.07602496183295923 -0.01326059033278949 0.0070728883399014805
0.26398645611632604 -0.19608640938083238 19 nil_vol 0.6 nil_bias 0.1 Right 0.04 0.01 0.001 0.27735400772537777 -0.20321634836061567 -0.013367551609051717 0.007129938979783284
0.1500596356188474 -0.44952823005677733 19 nil_vol 0.6 nil_bias 0.1 Right 0.04 0.01 0.001 0.14688124147752457 -0.4478329490551325 0.003178394141322812 -0.0016952810016448436
0.13253714403005418 -0.4768038992029096 19 nil_vol 0.6 nil_bias 0.1 Right 0.04 0.01 0.001 0.13167428919608043 -0.47634367264126476 0.0008628548339737577 -0.0004602265616448481
0.09555723176041495 -0.5660243392164819 19 nil_vol 0.6 nil_bias 0.1 Right 0.04 0.01 0.001 0.08643570908871445 -0.5611591326361014 0.009121522671700487 -0.004865206580380493
-0.01483080622074968 -0.7510184531024362 19 nil_vol 0.6 nil_bias 0.1 Home 0.04 0.01 0.001 0.0 -0.75 -0.01483080622074968 -0.0010184531024362187
-0.0004752728805053237 -0.6924423991391859 20 nil_vol 0.6 nil_bias 0.1 Home 0.04 0.01 0.001 0.014295743901947698 -0.7010529078026211 -0.014771016782453022 0.008610508663435195
0.029842672917675003 -0.6416860579650846 20 nil_vol 0.6 nil_bias 0.1 Home 0.04 0.01 0.001 0.04406852686813294 -0.6499787733880806 -0.014225853950457935 0.008292715422996063
0.1949153889329068 -0.3775907975910168 20 nil_vol 0.6 nil_bias 0.1 Home 0.04 0.01 0.001 0.2008393575520502 -0.3810440726003342 -0.005923968619143415 0.0034532750093173785
0.20141394593505188 -0.3782310610360868 20 nil_vol 0.6 nil_bias 0.1 Home 0.04 0.01 0.001 0.2022089897216603 -0.37869451805554766 -0.000795043786608421 0.0004634570194608676
0.22372734186079452 -0.38239954662316844 20 nil_vol 0.6 nil_bias 0.1 Home 0.04 0.01 0.001 0.20605459343627214 -0.3720975237050962 0.017672748424522385 -0.010302022918072239
0.22010058720588402 -0.3424405291084858 20 nil_vol 0.6 nil_bias 0.1 Home 0.04 0.01 0.001 0.22252036076968473 -0.34385109424029237 -0.002419773563800702 0.001410565131806536
0.4842158876514133 0.09037291168524629 20 nil_vol 0.6 nil_bias 0.1 Home 0.04 0.01 0.001 0.47781785193708537 0.09410253590533602 0.006398035714327959 -0.003729624220089731
0.5482252901356266 0.21488395450567085 20 nil_vol 0.6 nil_bias 0.1 Right 0.04 0.01 0.001 0.4 0.35 0.14822529013562655 -0.13511604549432912
0.5049965511918906 0.1298324033988671 21 nil_vol 0.6 nil_bias 0.1 Right 0.04 0.01 0.001 0.5013599911930781 0.13188580423875046 0.003636559998812461 -0.0020534008398833633
0.4516720822064871 0.08550601286214818 21 nil_vol 0.6 nil_bias 0.1 Right 0.04 0.01 0.001 0.4694903387718438 0.0754448498376116 -0.017818256565356724 0.010061163024536586
0.36045327342352207 -0.07932211249757959 21 nil_vol 0.6 nil_bias 0.1 Right 0.04 0.01 0.001 0.376867128765055 -0.08859027371450826 -0.016413855341532967 0.00926816121692867
0.3013566897089974 -0.2541410644014593 21 nil_vol 0.6 nil_bias 0.1 Right 0.04 0.01 0.001 0.2877320892695152 -0.24644786918547387 0.013624600439482215 -0.007693195215985433
0.2478135060142612 -0.33057741259419327 21 nil_vol 0.6 nil_bias 0.1 Right 0.04 0.01 0.001 0.2420617915616014 -0.3273296797665436 0.005751714452659784 -0.0032477328276496707
0.1767154679971274 -0.4178760793918001 21 nil_vol 0.6 nil_bias 0.1 Right 0.04 0.01 0.001 0.18749685468479432 -0.42396384048656877 -0.010781386687666917 0.006087761094768686
0.10705032835405685 -0.5584863703333326 21 nil_vol 0.6 nil_bias 0.1 Right 0.04 0.01 0.001 0.11045313638374898 -0.5604077820159155 -0.003402808029692137 0.0019214116825828358
0.00542382255064791 -0.7464140375748014 21 nil_vol 0.6 nil_bias 0.1 Home 0.04 0.01 0.001 0.0 -0.75 0.00542382255064791 0.0035859624251985567
-0.0074433376341827805 -0.7190398162506219 22 nil_vol 0.6 nil_bias 0.1 Home 0.04 0.01 0.001 -0.011036340970136137 -0.7214045784003323 0.003593003335953356 0.0023647621497105134
-0.02006088103056472 -0.7136105425747437 22 nil_vol 0.6 nil_bias 0.1 Home 0.04 0.01 0.001 -0.01734324583828506 -0.7118219105478494 -0.00271763519227966 -0.0017886320268942892
-0.04661688499196228 -0.6898962584887485 22 nil_vol 0.6 nil_bias 0.1 Home 0.04 0.01 0.001 -0.03626005862936486 -0.6830798353787777 -0.010356826362597422 -0.006816423109970734
-0.13267458702402501 -0.5219185306102253 22 nil_vol 0.6 nil_bias 0.1 Home 0.04 0.01 0.001 -0.13941139195709287 -0.5263524094091369 0.006736804933067845 0.004433878798911509
-0.15430445920174626 -0.5134144328492702 22 nil_vol 0.6 nil_bias 0.1 Home 0.04 0.01 0.001 -0.14985429984966214 -0.5104855270253639 -0.004450159352084117 -0.002928905823906365
-0.24731783316458553 -0.38005522837319566 22 nil_vol 0.6 nil_bias 0.1 Home 0.04 0.01 0.001 -0.23921004322488373 -0.374719025488173 -0.008107789939701796 -0.0053362028850227035
-0.3018234540994081 -0.25680147041345713 22 nil_vol 0.6 nil_bias 0.1 Home 0.04 0.01 0.001 -0.3122862048363878 -0.26368760844652983 0.010462750736979732 0.006886138033072689
-0.417726183265791 -0.10348283085988219 22 nil_vol 0.6 nil_bias 0.1 Left 0.04 0.01 0.001 -0.4 0.35 -0.017726183265790972 -0.45348283085988217
-0.3999428299226815 -0.1383722328324832 23 nil_vol 0.6 nil_bias 0.1 Left 0.04 0.01 0.001 -0.3976427751678677 -0.1369937900979643 -0.002300054754813767 -0.0013784427345189094
-0.3860889843225086 -0.1997250936913396 23 nil_vol 0.6 nil_bias 0.1 Left 0.04 0.01 0.001 -0.3669290514158754 -0.1882423799630063 -0.019159932906633217 -0.011482713728333298
-0.361380080813194 -0.19581114548527292 23 nil_vol 0.6 nil_bias 0.1 Left 0.04 0.01 0.001 -0.36212534684015885 -0.19625778986971787 0.0007452660269648372 0.0004466443844449404
-0.22222602652307075 -0.4124229608828707 23 nil_vol 0.6 nil_bias 0.1 Left 0.04 0.01 0.001 -0.22984071384597982 -0.4169865089435981 0.00761468732290907 0.004563548060727422
-0.22812329181528326 -0.4475370344570381 23 nil_vol 0.6 nil_bias 0.1 Left 0.04 0.01 0.001 -0.21591601688455014 -0.4402211088681682 -0.01220727493073311 -0.00731592558886988
-0.1979341031752762 -0.4758894671597749 23 nil_vol 0.6 nil_bias 0.1 Left 0.04 0.01 0.001 -0.1954366671287804 -0.47439273210770155 -0.0024974360464958094 -0.0014967350520733664
-0.1572771319974445 -0.529291347438954 23 nil_vol 0.6 nil_bias 0.1 Left 0.04 0.01 0.001 -0.16114590200946122 -0.5316099348132015 0.003868770012016713 0.0023185873742474746
-0.03746583529032972 -0.7379811669357357 23 nil_vol 0.6 nil_bias 0.1 Home 0.04 0.01 0.001 0.0 -0.75 -0.03746583529032972 0.012018833064264363
-0.03541820922151982 -0.6903260720082482 24 nil_vol 0.6 nil_bias 0.1 Home 0.04 0.01 0.001 -0.0322245246529945 -0.6906799549682198 -0.00319368456852532 0.00035388295997152585
-0.026783805342911613 -0.6724598598255295 24 nil_vol 0.6 nil_bias 0.1 Home 0.04 0.01 0.001 -0.03016410450834465 -0.6720852986412341 0.0033802991654330395 -0.00037456118429537966
0.0036580492100162128 -0.4947382797169678 24 nil_vol 0.6 nil_bias 0.1 Home 0.04 0.01 0.001 -0.010340911464998177 -0.4931870953298113 0.01399896067501439 -0.001551184387156488
-0.005905001932950383 -0.4924646703876195 24 nil_vol 0.6 nil_bias 0.1 Home 0.04 0.01 0.001 -0.01020802815969597 -0.49198786448356646 0.0043030262267455864 -0.00047680590405300115
0.027919914578748532 0.028123214762045785 24 nil_vol 0.6 nil_bias 0.1 Home 0.04 0.01 0.001 0.04718740741203699 0.025988239548065062 -0.019267492833288456 0.0021349752139807237
0.05246894908197905 0.06257840079051706 24 nil_vol 0.6 nil_bias 0.1 Home 0.04 0.01 0.001 0.0512567412142801 0.0627127220420739 0.0012122078676989495 -0.0001343212515568364
0.08124590081032355 0.34022421866014146 24 nil_vol 0.6 nil_bias 0.1 Home 0.04 0.01 0.001 0.08199775692765215 0.3401409076560131 -0.0007518561173286013 8.331100412831357e-05
0.09896392431318446 0.4932553355746444 24 nil_vol 0.6 nil_bias 0.1 Right 0.04 0.01 0.001 0.4 0.35 -0.30103607568681556 0.14325533557464445
0.07656196809389486 0.4328347028683299 25 nil_vol 0.6 nil_bias 0.1 Right 0.04 0.01 0.001 0.09313571879289267 0.43127619111162957 -0.01657375069899782 0.0015585117567003645
0.08040904299758549 0.4010553490150992 25 nil_vol 0.6 nil_bias 0.1 Right 0.04 0.01 0.001 0.09020726208057998 0.4001339740099535 -0.009798219082994494 0.0009213750051457072
0.04858930762427225 0.18340683065997365 25 nil_vol 0.6 nil_bias 0.1 Right 0.04 0.01 0.001 0.06964118408258957 0.18142721858804384 -0.02105187645831732 0.0019796120719298075
0.03699592181839571 -0.00879236023385727 25 nil_vol 0.6 nil_bias 0.1 Right 0.04 0.01 0.001 0.051624541595155116 -0.010167961708770101 -0.014628619776759402 0.0013756014749128325
0.03557112361745875 -0.022570998577574882 25 nil_vol 0.6 nil_bias 0.1 Right 0.04 0.01 0.001 0.05032773629233575 -0.023958635857786903 -0.014756612674877004 0.0013876372802120215
0.027296467962080996 -0.4300263052964077 25 nil_vol 0.6 nil_bias 0.1 Right 0.04 0.01 0.001 0.012276004327097953 -0.42861385680533515 0.015020463634983041 -0.001412448491072506
0.009503233954785147 -0.6402836066222675 25 nil_vol 0.6 nil_bias 0.1 Right 0.04 0.01 0.001 -0.007478189779695138 -0.6386867593535742 0.016981423734480285 -0.0015968472686932877
-0.01612816065449162 -0.7306735282798427 25 nil_vol 0.6 nil_bias 0.1 Home 0.04 0.01 0.001 0.0 -0.75 -0.01612816065449162 0.019326471720157314
-0.004166501134933194 -0.642532005781469 26 nil_vol 0.6 nil_bias 0.1 Home 0.04 0.01 0.001 0.007817096045328539 -0.6459176138858755 -0.011983597180261733 0.0033856081044066153
0.08713727756214915 -0.4368966122230747 26 nil_vol 0.6 nil_bias 0.1 Home 0.04 0.01 0.001 0.06836787779885936 -0.43159387791070075 0.01876939976328978 -0.00530273431237394
0.11196924442075597 -0.23583072744311723 26 nil_vol 0.6 nil_bias 0.1 Home 0.04 0.01 0.001 0.12280966270988126 -0.2388933644345601 -0.010840418289125292 0.0030626369914428892
0.14217500427502872 -0.23896833025145012 26 nil_vol 0.6 nil_bias 0.1 Home 0.04 0.01 0.001 0.12422149071382303 -0.23389610026064994 0.017953513561205697 -0.005072229990800184
0.12137597456917527 -0.2324444801387868 26 nil_vol 0.6 nil_bias 0.1 Home 0.04 0.01 0.001 0.12439095410289673 -0.23329627271746262 -0.0030149795337214612 0.0008517925786758225
0.16026129079695656 -0.11864743653383146 26 nil_vol 0.6 nil_bias 0.1 Home 0.04 0.01 0.001 0.15703877804011612 -0.11773701163035732 0.003222512756840433 -0.0009104249034741324
0.19523687466547512 0.03664122397229208 26 nil_vol 0.6 nil_bias 0.1 Home 0.04 0.01 0.001 0.20025334312662085 0.035223970369548385 -0.0050164684611457315 0.0014172536027436985
0.2177685798570509 0.0972203784066169 26 nil_vol 0.6 nil_bias 0.1 Right 0.04 0.01 0.001 0.4 0.35 -0.18223142014294913 -0.2527796215933831
0.2111689736731826 0.07099023747662947 27 nil_vol 0.6 nil_bias 0.1 Right 0.04 0.01 0.001 0.21161406170943153 0.0708862166075665 -0.0004450880362489282 0.00010402086906297758
0.15688663144037876 -0.14980834744791874 27 nil_vol 0.6 nil_bias 0.1 Right 0.04 0.01 0.001 0.1598727590429484 -0.1505062309295105 -0.0029861276025696334 0.0006978834815917545
0.12775469959621188 -0.25504099665127117 27 nil_vol 0.6 nil_bias 0.1 Right 0.04 0.01 0.001 0.135043956163291 -0.25674455806199964 -0.007289256567079131 0.0017035614107284683
0.11865035964418794 -0.26417400031361127 27 nil_vol 0.6 nil_bias 0.1 Right 0.04 0.01 0.001 0.1325485192005113 -0.26742211870297217 -0.013898159556323368 0.0032481183893609206
0.1338093757081157 -0.27011440296070155 27 nil_vol 0.6 nil_bias 0.1 Right 0.04 0.01 0.001 0.13201719760036357 -0.26969555565612074 0.001792178107752144 -0.0004188473045807904
0.11190912234130103 -0.30610717068673154 27 nil_vol 0.6 nil_bias 0.1 Right 0.04 0.01 0.001 0.12290680296359614 -0.3086774224186123 -0.010997680622295114 0.0025702517318807417
0.10445730409427498 -0.4085813148519966 27 nil_vol 0.6 nil_bias 0.1 Right 0.04 0.01 0.001 0.09981212941562494 -0.40749569792305207 0.004645174678650042 -0.0010856169289445343
0.021629367125340557 -0.7420267631771932 27 nil_vol 0.6 nil_bias 0.1 Home 0.04 0.01 0.001 0.0 -0.75 0.021629367125340557 0.007973236822806786
0.09756386540138821 -0.5568326101588171 28 nil_vol 0.6 nil_bias 0.1 Home 0.04 0.01 0.001 0.10678239221498964 -0.5611730544356328 -0.009218526813601425 0.0043404442768157315
0.18267353422212929 -0.42294004647183486 28 nil_vol 0.6 nil_bias 0.1 Home 0.04 0.01 0.001 0.1738287214252025 -0.4187755614233904 0.008844812796926779 -0.004164485048444449
0.22421871270614294 -0.32645481972377915 28 nil_vol 0.6 nil_bias 0.1 Home 0.04 0.01 0.001 0.21855298367797368 -0.3237871721015992 0.0056657290281692495 -0.0026676476221799525
0.26624617006569146 -0.22401363304938837 28 nil_vol 0.6 nil_bias 0.1 Home 0.04 0.01 0.001 0.26566018831534266 -0.2237377298399008 0.0005859817503487948 -0.0002759032094875739
0.2957990022357306 -0.15958814859567486 28 nil_vol 0.6 nil_bias 0.1 Home 0.04 0.01 0.001 0.29585247488529026 -0.15961332561803865 -5.3472649559657004e-05 2.51770223638058e-05
0.30142901261622485 -0.11997796808311408 28 nil_vol 0.6 nil_bias 0.1 Home 0.04 0.01 0.001 0.3121398710650788 -0.12502106067199914 -0.010710858448853966 0.005043092588885067
0.42902107225079417 0.1534455208027817 28 nil_vol 0.6 nil_bias 0.1 Home 0.04 0.01 0.001 0.4406703454721674 0.14796058570358894 -0.011649273221373222 0.005484935099192773
0.4662719750676022 0.2023350445943619 28 nil_vol 0.6 nil_bias 0.1 Right 0.04 0.01 0.001 0.4 0.35 0.06627197506760216 -0.14766495540563807
0.33575649206391983 -0.07705392495813106 29 nil_vol 0.6 nil_bias 0.1 Right 0.04 0.01 0.001 0.3387317274104866 -0.0784055721027575 -0.0029752353465667685 0.0013516471446264483
0.2464056782734408 -0.27739389703203216 29 nil_vol 0.6 nil_bias 0.1 Right 0.04 0.01 0.001 0.2480020183321817 -0.2781191131009861 -0.0015963400587409005 0.0007252160689539366
0.18298273231442277 -0.4019818879121081 29 nil_vol 0.6 nil_bias 0.1 Right 0.04 0.01 0.001 0.19023456467955896 -0.4052763898146069 -0.007251832365136176 0.0032945019024988274
0.18372121522859566 -0.4539146147509377 29 nil_vol 0.6 nil_bias 0.1 Right 0.04 0.01 0.001 0.17080417559266353 -0.44804641351398977 0.01291703963593213 -0.005868201236947933
0.12901102164478376 -0.5472106087848291 29 nil_vol 0.6 nil_bias 0.1 Right 0.04 0.01 0.001 0.1263111732165209 -0.5459840697067704 0.0026998484282628383 -0.001226539078058703
0.12132018636876012 -0.5769789920421274 29 nil_vol 0.6 nil_bias 0.1 Right 0.04 0.01 0.001 0.11378531017177757 -0.573555903543089 0.00753487619698255 -0.0034230884990384077
0.06457598001747067 -0.6512752617732432 29 nil_vol 0.6 nil_bias 0.1 Right 0.04 0.01 0.001 0.07609921089154975 -0.6565102567546632 -0.011523230874079082 0.005234994981419965
0.022570628806930813 -0.7743369618255147 29 nil_vol 0.6 nil_bias 0.1 Home 0.04 0.01 0.001 0.0 -0.75 0.022570628806930813 -0.024336961825514734
0.14662453290838565 -0.5154932424447579 30 nil_vol 0.6 nil_bias 0.1 Home 0.04 0.01 0.001 0.15122899986571275 -0.5178024963582414 -0.0046044669573271114 0.0023092539134834745
0.16513157065514264 -0.46884696080714516 30 nil_vol 0.6 nil_bias 0.1 Home 0.04 0.01 0.001 0.17364104693208793 -0.4731146733515822 -0.008509476276945285 0.004267712544437022
0.26236399474472616 -0.3232635844068794 30 nil_vol 0.6 nil_bias 0.1 Home 0.04 0.01 0.001 0.2515220992237392 -0.31782610599874855 0.01084189552098695 -0.005437478408130838
0.3331745829215861 -0.11866317555667683 30 nil_vol 0.6 nil_bias 0.1 Home 0.04 0.01 0.001 0.3477429022990982 -0.12596954757480205 -0.014568319377512129 0.007306372018125228
0.36823959172238246 -0.1002997079300394 30 nil_vol 0.6 nil_bias 0.1 Home 0.04 0.01 0.001 0.3621489275833404 -0.09724508941954824 0.006090664139042054 -0.003054618510491163
0.47818290849165196 0.12902260941463223 30 nil_vol 0.6 nil_bias 0.1 Home 0.04 0.01 0.001 0.47614128982938236 0.13004653160353719 0.0020416186622695914 -0.0010239221889049629
0.5683132076603482 0.30999936514839704 30 nil_vol 0.6 nil_bias 0.1 Home 0.04 0.01 0.001 0.5667781814278667 0.3107692187204847 0.0015350262324814877 -0.000769853572087615
0.5688305981762909 0.3148615729850395 30 nil_vol 0.6 nil_bias 0.1 Right 0.04 0.01 0.001 0.4 0.35 0.16883059817629092 -0.03513842701496049
0.2445325986943543 -0.24988428065257812 31 nil_vol 0.6 nil_bias 0.1 Right 0.04 0.01 0.001 0.24381434755235515 -0.2494706177479763 0.0007182511419991483 -0.0004136629046018123
0.24033027434127166 -0.2595210244668059 31 nil_vol 0.6 nil_bias 0.1 Right 0.04 0.01 0.001 0.238599951120348 -0.2585244781508822 0.001730323220923676 -0.0009965463159237135
0.15887995591396215 -0.41206742738381985 31 nil_vol 0.6 nil_bias 0.1 Right 0.04 0.01 0.001 0.15233934431829088 -0.40830048817226916 0.006540611595671265 -0.003766939211550712
0.0915775023950687 -0.4929585665102741 31 nil_vol 0.6 nil_bias 0.1 Right 0.04 0.01 0.001 0.10059206067409304 -0.4981503276413799 -0.009014558279024342 0.00519176113110579
0.0705186224895354 -0.5172932707553065 31 nil_vol 0.6 nil_bias 0.1 Right 0.04 0.01 0.001 0.08482250718705187 -0.5255313175123155 -0.014303884697516464 0.008238046757008975
0.04060807836188026 -0.5900197112905574 31 nil_vol 0.6 nil_bias 0.1 Right 0.04 0.01 0.001 0.045919786154376196 -0.5930788870375311 -0.0053117077924959375 0.0030591757469736894
0.02774418976816457 -0.6145201390038283 31 nil_vol 0.6 nil_bias 0.1 Right 0.04 0.01 0.001 0.032119752649162 -0.6170401601284496 -0.004375562880997435 0.0025200211246213643
-0.03906423783453495 -0.7406383408891516 31 nil_vol 0.6 nil_bias 0.1 Home 0.04 0.01 0.001 0.0 -0.75 -0.03906423783453495 0.009361659110848458
-0.018732490489985494 -0.734343011321075 32 nil_vol 0.6 nil_bias 0.76 Home 0.01 0.01 0.001 -0.03937013572403652 -0.7393866669994207 0.020637645234051025 0.005043655678345599
-0.058547773083491295 -0.6326176019485764 32 nil_vol 0.6 nil_bias 0.76 Home 0.01 0.01 0.001 -0.06507376147474585 -0.6342124950690406 0.006525988391254556 0.0015948931204641872
-0.10210554564143592 -0.4461237261223812 32 nil_vol 0.6 nil_bias 0.76 Home 0.01 0.01 0.001 -0.11053736507532844 -0.4481843872823264 0.00843181943389251 0.0020606611599451818
-0.12829911397337626 -0.38343132584449785 32 nil_vol 0.6 nil_bias 0.76 Home 0.01 0.01 0.001 -0.1264715861298354 -0.3829846944056455 -0.0018275278435408659 -0.0004466314388523996
-0.16058865557182914 -0.29228857506738626 32 nil_vol 0.6 nil_bias 0.76 Home 0.01 0.01 0.001 -0.14931051480158075 -0.28953229846257333 -0.011278140770248387 -0.0027562766048129486
-0.17919060132677478 -0.1968068177977415 32 nil_vol 0.6 nil_bias 0.76 Home 0.01 0.01 0.001 -0.17237864923399876 -0.19514203770952387 -0.00681195209277601 -0.0016647800882176444
-0.2633161658133633 0.19538178079946533 32 nil_vol 0.6 nil_bias 0.76 Home 0.01 0.01 0.001 -0.26756538044059697 0.19434331079767486 0.004249214627233636 0.0010384700017904726
-0.3156940441532723 0.39127631943972085 32 nil_vol 0.6 nil_bias 0.76 Left 0.01 0.01 0.001 -0.4 0.35 0.08430595584672772 0.04127631943972087
-0.27365228032597866 0.18502244390441308 33 nil_vol 0.6 nil_bias 0.76 Left 0.01 0.01 0.001 -0.2577886640118185 0.18957668484254958 -0.015863616314160167 -0.004554240938136509
-0.24083605199534203 0.13150418638462044 33 nil_vol 0.6 nil_bias 0.76 Left 0.01 0.01 0.001 -0.241095417309585 0.13142972592688712 0.0002593653142429691 7.446045773331e-05
-0.19456226499546025 -0.0011536388986537827 33 nil_vol 0.6 nil_bias 0.76 Left 0.01 0.01 0.001 -0.20238748520979458 -0.003400159335374353 0.007825220214334312 0.0022465204367205704
-0.1920317271587739 -0.020963581481650888 33 nil_vol 0.6 nil_bias 0.76 Left 0.01 0.01 0.001 -0.19694066204542754 -0.022372873775457103 0.004908934886653632 0.0014092922938062147
-0.18903699283818837 -0.037535100395198806 33 nil_vol 0.6 nil_bias 0.76 Left 0.01 0.01 0.001 -0.19231741205954728 -0.03847686671230438 0.0032804192213588966 0.0009417663171055775
-0.16431898252925745 -0.12345520713083594 33 nil_vol 0.6 nil_bias 0.76 Left 0.01 0.01 0.001 -0.16764693306845266 -0.12441061908013828 0.0033279505391952215 0.0009554119493023513
-0.11506744461912985 -0.3132598814508867 33 nil_vol 0.6 nil_bias 0.76 Left 0.01 0.01 0.001 -0.11355535508935086 -0.31282577992559324 -0.0015120895297789944 -0.0004341015252934559
0.02341570933552269 -0.7899319413460714 33 nil_vol 0.6 nil_bias 0.76 Home 0.01 0.01 0.001 0.0 -0.75 0.02341570933552269 -0.03993194134607139
0.0758708360361571 -0.6765329839408857 34 nil_vol 0.6 nil_bias 0.76 Home 0.01 0.01 0.001 0.07125633192692292 -0.6746185424991807 0.004614504109234183 -0.0019144414417049402
0.07844487796384646 -0.6583921362819514 34 nil_vol 0.6 nil_bias 0.76 Home 0.01 0.01 0.001 0.07805531147421618 -0.6582305149648189 0.0003895664896302712 -0.00016162131713248846
0.266274373300751 -0.23501368291356967 34 nil_vol 0.6 nil_bias 0.76 Home 0.01 0.01 0.001 0.2554930079012801 -0.2305407661644856 0.01078136539947089 -0.0044729167490840625
0.2698843354686849 -0.20357332598715228 34 nil_vol 0.6 nil_bias 0.76 Home 0.01 0.01 0.001 0.26715149805642185 -0.20243954062871938 0.002732837412263059 -0.0011337853584328828
0.26728693279999227 -0.19832061989855698 34 nil_vol 0.6 nil_bias 0.76 Home 0.01 0.01 0.001 0.26862928697564903 -0.19887752881065013 -0.0013423541756567808 0.0005569089120931577
0.38664440033657543 0.09328241455146898 34 nil_vol 0.6 nil_bias 0.76 Home 0.01 0.01 0.001 0.3893699574222058 0.09215164961704803 -0.002725557085630396 0.0011307649344209447
0.4127132781591756 0.1499847293321877 34 nil_vol 0.6 nil_bias 0.76 Home 0.01 0.01 0.001 0.4132679702459029 0.1497546015669764 -0.0005546920867272937 0.00023012776521132145
0.5001059867394613 0.3590659835805247 34 nil_vol 0.6 nil_bias 0.76 Right 0.01 0.01 0.001 0.4 0.35 0.10010598673946121 0.00906598358052475
0.4808222500229766 0.3190457550126537 35 nil_vol 0.6 nil_bias 0.76 Right 0.01 0.01 0.001 0.48348803540666063 0.31796784982045273 -0.002665785383683991 0.0010779051922009783
0.2532536180699999 -0.2854171620146177 35 nil_vol 0.6 nil_bias 0.76 Right 0.01 0.01 0.001 0.24144168624614848 -0.2806410301021311 0.011811931823851454 -0.004776131912486603
0.23778152937541516 -0.28742229348004267 35 nil_vol 0.6 nil_bias 0.76 Right 0.01 0.01 0.001 0.23857067260328113 -0.28774138202629745 -0.0007891432278659816 0.00031908854625478585
0.19571929986787512 -0.38640724899486134 35 nil_vol 0.6 nil_bias 0.76 Right 0.01 0.01 0.001 0.19825993235781547 -0.38743454885521117 -0.0025406324899403423 0.001027299860349835
0.17518054191784652 -0.41571558340940085 35 nil_vol 0.6 nil_bias 0.76 Right 0.01 0.01 0.001 0.18518830716755463 -0.4197622040379832 -0.010007765249708126 0.004046620628582334
0.09305044568012612 -0.5886291069792441 35 nil_vol 0.6 nil_bias 0.76 Right 0.01 0.01 0.001 0.11355487893422117 -0.5969200351248489 -0.02050443325409505 0.008290928145604786
0.03916297875428115 -0.7821233637868582 35 nil_vol 0.6 nil_bias 0.76 Right 0.01 0.01 0.001 0.038737786969341936 -0.781951438306483 0.00042519178493921524 -0.00017192548037524684
0.03228137457584764 -0.7979188999294012 35 nil_vol 0.6 nil_bias 0.76 Home 0.01 0.01 0.001 0.0 -0.75 0.03228137457584764 -0.0479188999294012
-0.003291227645939688 -0.704194902794393 36 nil_vol 0.6 nil_bias 0.76 Home 0.01 0.01 0.001 -0.0062202542290837465 -0.705413998129557 0.0029290265831440586 0.0012190953351639458
-0.11690626313684428 -0.44556391735345485 36 nil_vol 0.6 nil_bias 0.76 Home 0.01 0.01 0.001 -0.11474697440048273 -0.4446651959690471 -0.0021592887363615456 -0.0008987213844077776
-0.1166553425903452 -0.4097296979874578 36 nil_vol 0.6 nil_bias 0.76 Home 0.01 0.01 0.001 -0.12742234747417452 -0.4142110521353174 0.010767004883829322 0.004481354147859631
-0.23739288857919 -0.147146968353233 36 nil_vol 0.6 nil_bias 0.76 Home 0.01 0.01 0.001 -0.23840264058222163 -0.1475672390205094 0.0010097520030316227 0.0004202706672764117
-0.2663312539290824 -0.06927545203646043 36 nil_vol 0.6 nil_bias 0.76 Home 0.01 0.01 0.001 -0.27030092818009727 -0.07092767717821313 0.003969674251014827 0.0016522251417526955
-0.30166000479002775 -0.001816646752792812 36 nil_vol 0.6 nil_bias 0.76 Home 0.01 0.01 0.001 -0.2994488037088498 -0.0008963188395241239 -0.0022112010811779297 -0.0009203279132686881
-0.3816988296299712 0.17651394787630545 36 nil_vol 0.6 nil_bias 0.76 Home 0.01 0.01 0.001 -0.37453078161843645 0.17949737381835107 -0.007168048011534742 -0.002983425942045611
-0.3973461404507425 0.23431408141801385 36 nil_vol 0.6 nil_bias 0.76 Left 0.01 0.01 0.001 -0.4 0.35 0.002653859549257492 -0.11568591858198612
-0.39190206971417196 0.19762470424306056 37 nil_vol 0.6 nil_bias 0.76 Left 0.01 0.01 0.001 -0.3837024859434336 0.20098088685763235 -0.00819958377073835 -0.0033561826145717963
-0.3659729091731248 0.1482503921852168 37 nil_vol 0.6 nil_bias 0.76 Left 0.01 0.01 0.001 -0.36267227144122777 0.1496013806356702 -0.003300637731897037 -0.0013509884504533842
-0.3486657505455246 0.08851115098678103 37 nil_vol 0.6 nil_bias 0.76 Left 0.01 0.01 0.001 -0.33924556567657516 0.0923669394715633 -0.009420184868949463 -0.0038557884847822666
-0.14682150128570565 -0.38247807598506006 37 nil_vol 0.6 nil_bias 0.76 Left 0.01 0.01 0.001 -0.14516383488089135 -0.38179957432885997 -0.0016576664048142933 -0.0006785016562001041
-0.10229759791757814 -0.48051198001504425 37 nil_vol 0.6 nil_bias 0.76 Left 0.01 0.01 0.001 -0.10440642408674111 -0.48137514647860996 0.002108826169162973 0.0008631664635656859
-0.031340856870479085 -0.6260106611137809 37 nil_vol 0.6 nil_bias 0.76 Left 0.01 0.01 0.001 -0.043215962836092414 -0.6308712766404152 0.01187510596561333 0.004860615526634281
-0.011736072439375739 -0.6972241140036826 37 nil_vol 0.6 nil_bias 0.76 Left 0.01 0.01 0.001 -0.01543696261666977 -0.6987389303186033 0.0037008901772940302 0.0015148163149207381
-0.009141358393283743 -0.7141198973711528 37 nil_vol 0.6 nil_bias 0.76 Home 0.01 0.01 0.001 0.0 -0.75 -0.009141358393283743 0.035880102628847235
-0.03074688798078864 -0.6158746492712271 38 nil_vol 0.6 nil_bias 0.76 Home 0.01 0.01 0.001 -0.04417296782587572 -0.620921259342949 0.013426079845087082 0.00504661007172178
-0.038481968324879295 -0.6135731429208381 38 nil_vol 0.6 nil_bias 0.76 Home 0.01 0.01 0.001 -0.04588853704235909 -0.6163571323442445 0.0074065687174797905 0.002783989423406452
-0.09927732444795159 -0.5292049500943559 38 nil_vol 0.6 nil_bias 0.76 Home 0.01 0.01 0.001 -0.0812012985250399 -0.5224105130336638 -0.01807602592291169 -0.00679443706069204
-0.08878857377431162 -0.5148440099106969 38 nil_vol 0.6 nil_bias 0.76 Home 0.01 0.01 0.001 -0.08463258929193748 -0.5132818537646985 -0.004155984482374139 -0.0015621561459984539
-0.10648020646973673 -0.4187913485787275 38 nil_vol 0.6 nil_bias 0.76 Home 0.01 0.01 0.001 -0.11845754892787394 -0.42329340560349743 0.011977342458137207 0.004502057024769919
-0.22605497453318435 -0.14532140363476378 38 nil_vol 0.6 nil_bias 0.76 Home 0.01 0.01 0.001 -0.22332735540294008 -0.14429614307223637 -0.0027276191302442786 -0.0010252605625274006
-0.2580896659614985 -0.026203445596208682 38 nil_vol 0.6 nil_bias 0.76 Home 0.01 0.01 0.001 -0.26652444989677554 -0.02937392171818276 0.008434783935277013 0.00317047612197408
-0.3767802145617704 0.26395222766436893 38 nil_vol 0.6 nil_bias 0.76 Left 0.01 0.01 0.001 -0.4 0.35 0.023219785438229595 -0.08604777233563105
-0.3307880817961176 0.1405319189188637 39 nil_vol 0.6 nil_bias 0.76 Left 0.01 0.01 0.001 -0.3290799508142607 0.14119565771822581 -0.0017081309818568469 -0.0006637387993621128
-0.2825966663010278 -0.0004641100819018527 39 nil_vol 0.6 nil_bias 0.76 Left 0.01 0.01 0.001 -0.2751575927691986 0.002426535768345117 -0.0074390735318291875 -0.00289064585024697
-0.24182918408014023 -0.053856860071435204 39 nil_vol 0.6 nil_bias 0.76 Left 0.01 0.01 0.001 -0.2517841057471447 -0.05772510426651367 0.009954921667004478 0.0038682441950784697
-0.1664621587316374 -0.2813136835021846 39 nil_vol 0.6 nil_bias 0.76 Left 0.01 0.01 0.001 -0.1651074820195308 -0.2807872885687937 -0.0013546767121065954 -0.0005263949333908875
-0.14729243929682437 -0.32723776236526286 39 nil_vol 0.6 nil_bias 0.76 Left 0.01 0.01 0.001 -0.14708870260910475 -0.32715859516676965 -0.00020373668771962397 -7.916719849319491e-05
-0.07784659023597512 -0.542379326355697 39 nil_vol 0.6 nil_bias 0.76 Left 0.01 0.01 0.001 -0.06534648724096237 -0.5375220856394181 -0.012500102995012745 -0.004857240716278887
-0.05780924965013593 -0.5704755850735898 39 nil_vol 0.6 nil_bias 0.76 Left 0.01 0.01 0.001 -0.05323258342867837 -0.5686972021655008 -0.004576666221457559 -0.0017783829080889294
0.013669807588222862 -0.7408704229657572 39 nil_vol 0.6 nil_bias 0.76 Home 0.01 0.01 0.001 0.0 -0.75 0.013669807588222862 0.00912957703424282
0.021174695034395667 -0.7266345637175444 40 nil_vol 0.6 nil_bias 0.76 Home 0.01 0.01 0.001 0.009554359461768993 -0.7320666600543414 0.011620335572626674 0.005432096336797026
0.013323870031971765 -0.7243379178533046 40 nil_vol 0.6 nil_bias 0.76 Home 0.01 0.01 0.001 0.007265368736269948 -0.7271700531637845 0.006058501295701817 0.0028321353104799173
-0.04921581481209584 -0.5812643712736456 40 nil_vol 0.6 nil_bias 0.76 Home 0.01 0.01 0.001 -0.05883776353918993 -0.5857622923626389 0.009621948727094091 0.004497921088993306
-0.17087151245972096 -0.3193535176636372 40 nil_vol 0.6 nil_bias 0.76 Home 0.01 0.01 0.001 -0.18113224521807025 -0.3241500477191701 0.010260732758349293 0.0047965300555329405
-0.30555375551362773 -0.07470625389376054 40 nil_vol 0.6 nil_bias 0.76 Home 0.01 0.01 0.001 -0.2991399676178702 -0.07170803464993691 -0.006413787895757503 -0.0029982192438236174
-0.319913979623816 -0.023213191845486085 40 nil_vol 0.6 nil_bias 0.76 Home 0.01 0.01 0.001 -0.321469644437709 -0.02394041018475146 0.0015556648138929498 0.000727218339265374
-0.3518391697159934 0.07861246475294661 40 nil_vol 0.6 nil_bias 0.76 Home 0.01 0.01 0.001 -0.36625852613875054 0.0718719250573856 0.01441935642275716 0.006740539695561014
-0.4143409484028047 0.17472979929429522 40 nil_vol 0.6 nil_bias 0.76 Left 0.01 0.01 0.001 -0.4 0.35 -0.01434094840280472 -0.17527020070570476
-0.36128597540619645 0.04041153690411927 41 nil_vol 0.6 nil_bias 0.76 Left 0.01 0.01 0.001 -0.3545939479072407 0.043457328359472885 -0.006692027498955755 -0.003045791455353616
-0.2655088561920138 -0.17285013210157196 41 nil_vol 0.6 nil_bias 0.76 Left 0.01 0.01 0.001 -0.2577513230721513 -0.1693193892744113 -0.007757533119862492 -0.0035307428271606498
-0.1617998751276158 -0.35659374013130524 41 nil_vol 0.6 nil_bias 0.76 Left 0.01 0.01 0.001 -0.1706769012964365 -0.36063400602354245 0.00887702616882071 0.004040265892237232
-0.11919012101864453 -0.43878061295745435 41 nil_vol 0.6 nil_bias 0.76 Left 0.01 0.01 0.001 -0.13237766471504642 -0.44478275624121566 0.01318754369640189 0.006002143283761315
-0.12588849764015847 -0.4610823077734342 41 nil_vol 0.6 nil_bias 0.76 Left 0.01 0.01 0.001 -0.1251186122669085 -0.4607319042086233 -0.0007698853732499529 -0.0003504035648108653
-0.08467702102759009 -0.5910625252002307 41 nil_vol 0.6 nil_bias 0.76 Left 0.01 0.01 0.001 -0.06903957868615695 -0.5839453416150536 -0.01563744234143314 -0.007117183585177134
-0.06865366355086182 -0.5853299888515284 41 nil_vol 0.6 nil_bias 0.76 Left 0.01 0.01 0.001 -0.06845129474827788 -0.5852378832572468 -0.00020236880258394478 -9.210559428162878e-05
-0.010169733940222877 -0.7132905793550117 41 nil_vol 0.6 nil_bias 0.76 Home 0.01 0.01 0.001 0.0 -0.75 -0.010169733940222877 0.03670942064498823
-0.04573273009251842 -0.6362736656860938 42 nil_vol 0.6 nil_bias 0.76 Home 0.01 0.01 0.001 -0.05548050823687439 -0.6425141527613838 0.009747778144355968 0.006240487075289994
-0.1538141327522525 -0.48352739245858833 42 nil_vol 0.6 nil_bias 0.76 Home 0.01 0.01 0.001 -0.1562605186995186 -0.4850935585796263 0.0024463859472661025 0.0015661661210380204
-0.37059532427124714 -0.15249765758856834 42 nil_vol 0.6 nil_bias 0.76 Home 0.01 0.01 0.001 -0.36959643030677114 -0.1518581698219631 -0.0009988939644760039 -0.0006394877666052518
-0.3859304748679319 -0.12187589338890216 42 nil_vol 0.6 nil_bias 0.76 Home 0.01 0.01 0.001 -0.38795940191711603 -0.1231748040575319 0.002028927049184112 0.0012989106686297335
-0.45531362874261944 -0.0343448765250549 42 nil_vol 0.6 nil_bias 0.76 Home 0.01 0.01 0.001 -0.44787619152646907 -0.02958346011473778 -0.007437437216150346 -0.004761416410317115
-0.44911848244871955 -0.008018001994494966 42 nil_vol 0.6 nil_bias 0.76 Home 0.01 0.01 0.001 -0.45802994065752134 -0.01372308052115534 0.0089114582088018 0.005705078526660374
-0.5243394623573778 0.07267891041373052 42 nil_vol 0.6 nil_bias 0.76 Home 0.01 0.01 0.001 -0.5165405331118135 0.07767175251962366 -0.0077989292455643375 -0.0049928421058931406
-0.5331046220897986 0.10354522402477345 42 nil_vol 0.6 nil_bias 0.76 Left 0.01 0.01 0.001 -0.4 0.35 -0.1331046220897986 -0.24645477597522653
-0.5079430861617648 0.045682682496690184 43 nil_vol 0.6 nil_bias 0.76 Left 0.01 0.01 0.001 -0.4990183268183258 0.05153135276132977 -0.00892475934343892 -0.00584867026463959
-0.510117670896764 0.03918580933468921 43 nil_vol 0.6 nil_bias 0.76 Left 0.01 0.01 0.001 -0.49669317542769176 0.04798329556892279 -0.0134244954690722 -0.008797486234233586
-0.3168966484110671 -0.19037477955908488 43 nil_vol 0.6 nil_bias 0.76 Left 0.01 0.01 0.001 -0.33340158551684085 -0.2011909742771253 0.01650493710577378 0.010816194718040396
-0.2888027536151928 -0.23451041904996808 43 nil_vol 0.6 nil_bias 0.76 Left 0.01 0.01 0.001 -0.3047273646711871 -0.2449463081955522 0.015924611055994273 0.010435889145584106
-0.15179436326975954 -0.4755622185416334 43 nil_vol 0.6 nil_bias 0.76 Left 0.01 0.01 0.001 -0.15305587399485865 -0.4763889254569112 0.0012615107250991142 0.0008267069152778004
-0.10871821367438825 -0.5312394803811216 43 nil_vol 0.6 nil_bias 0.76 Left 0.01 0.01 0.001 -0.11458924696194589 -0.5350869497066548 0.005871033287557637 0.003847469325533256
-0.00016550663635317572 -0.7080942470428354 43 nil_vol 0.6 nil_bias 0.76 Left 0.01 0.01 0.001 -0.0008977548255362233 -0.708574111882391 0.0007322481891830476 0.0004798648395555345
0.002721064234057888 -0.7140962370412655 43 nil_vol 0.6 nil_bias 0.76 Home 0.01 0.01 0.001 0.0 -0.75 0.002721064234057888 0.03590376295873455
0.13443578020863356 -0.06451699322494321 44 nil_vol 0.6 nil_bias 0.76 Home 0.01 0.01 0.001 0.13653331656515036 -0.06494937005441892 -0.002097536356516792 0.0004323768294757133
0.14847399172423625 -0.06398699959558846 44 nil_vol 0.6 nil_bias 0.76 Home 0.01 0.01 0.001 0.13721031021357216 -0.061665154310440395 0.01126368151066409 -0.0023218452851480596
0.13598592091855538 -0.01403296062949749 44 nil_vol 0.6 nil_bias 0.76 Home 0.01 0.01 0.001 0.1465788842784347 -0.016216547053669372 -0.01059296335987932 0.002183586424171882
0.17666540734897399 0.08263415400636093 44 nil_vol 0.6 nil_bias 0.76 Home 0.01 0.01 0.001 0.16735130252316396 0.08455412221166814 0.009314104825810025 -0.001919968205307215
0.1725384153437003 0.09517828869329631 44 nil_vol 0.6 nil_bias 0.76 Home 0.01 0.01 0.001 0.16966348229780176 0.09577091462394038 0.0028749330458985247 -0.0005926259306440814
0.17162291226731055 0.1986665929245237 44 nil_vol 0.6 nil_bias 0.76 Home 0.01 0.01 0.001 0.19008927040266033 0.19486001986669854 -0.018466358135349786 0.0038065730578251676
0.17795382944247273 0.22720247957315948 44 nil_vol 0.6 nil_bias 0.76 Home 0.01 0.01 0.001 0.19598981853479977 0.2234846208786151 -0.01803598909232703 0.0037178586945443874
0.24926715712127248 0.4819423990141535 44 nil_vol 0.6 nil_bias 0.76 Right 0.01 0.01 0.001 0.4 0.35 -0.15073284287872754 0.13194239901415347
0.22323604335577793 0.3473980499469227 45 nil_vol 0.6 nil_bias 0.76 Right 0.01 0.01 0.001 0.22121036502741287 0.3478218031770156 0.0020256783283650655 -0.00042375323009293106
0.1791688299692071 0.11587122139247216 45 nil_vol 0.6 nil_bias 0.76 Right 0.01 0.01 0.001 0.17296013901393392 0.1171700222978801 0.00620869095527317 -0.0012988009054079313
0.18275159006360336 0.05884889082012326 45 nil_vol 0.6 nil_bias 0.76 Right 0.01 0.01 0.001 0.16168192121078878 0.0632564712875387 0.021069668852814586 -0.0044075804674154305
0.09703662776283538 -0.19625436862512116 45 nil_vol 0.6 nil_bias 0.76 Right 0.01 0.01 0.001 0.1069603751678557 -0.19833032508801018 -0.009923747405020321 0.00207595646288903
0.07688774353535935 -0.2957951756742668 45 nil_vol 0.6 nil_bias 0.76 Right 0.01 0.01 0.001 0.08616561989462357 -0.2977360218691383 -0.00927787635926422 0.0019408461948715288
0.052274910063892815 -0.3975274070299823 45 nil_vol 0.6 nil_bias 0.76 Right 0.01 0.01 0.001 0.06474450302233914 -0.40013593091064725 -0.012469592958446327 0.0026085238806649353
-0.029852919181733745 -0.7338166487066771 45 nil_vol 0.6 nil_bias 0.76 Right 0.01 0.01 0.001 -0.006097962202377544 -0.7387859666925417 -0.0237549569793562 0.004969317985864675
-0.01249329464910659 -0.7693577368173095 45 nil_vol 0.6 nil_bias 0.76 Home 0.01 0.01 0.001 0.0 -0.75 -0.01249329464910659 -0.01935773681730948
-0.01199383415340715 -0.7132174792853045 46 nil_vol 0.6 nil_bias 0.76 Home 0.01 0.01 0.001 0.0061793546349976705 -0.7201076517642827 -0.01817318878840482 0.006890172478978162
0.17675421616867276 -0.2695646536903931 46 nil_vol 0.6 nil_bias 0.76 Home 0.01 0.01 0.001 0.17696733586351981 -0.2696454557704937 -0.00021311969484706468 8.080208010057011e-05
0.22996334064336704 -0.1626723208768157 46 nil_vol 0.6 nil_bias 0.76 Home 0.01 0.01 0.001 0.21908831818064858 -0.15854917103485178 0.010875022462718466 -0.004123149841963936
0.2487825277139658 -0.08739389999410496 46 nil_vol 0.6 nil_bias 0.76 Home 0.01 0.01 0.001 0.24640749096021863 -0.08649342990777253 0.002375036753747182 -0.0009004700863324318
0.34088847914299275 0.16640893568849593 46 nil_vol 0.6 nil_bias 0.76 Home 0.01 0.01 0.001 0.3421162607024608 0.16594343528514122 -0.0012277815594680594 0.00046550040335470867
0.3702120576679879 0.21801172471707106 46 nil_vol 0.6 nil_bias 0.76 Home 0.01 0.01 0.001 0.3629074200178312 0.22078120088837072 0.00730463765015672 -0.0027694761712996744
0.4083332126360545 0.37627906172357145 46 nil_vol 0.6 nil_bias 0.76 Home 0.01 0.01 0.001 0.42016238595211264 0.371794155668814 -0.011829173316058173 0.004484906054757444
0.42430283732201285 0.3827148118126156 46 nil_vol 0.6 nil_bias 0.76 Right 0.01 0.01 0.001 0.4 0.35 0.02430283732201284 0.03271481181261559
0.4090570462787098 0.3443811605410605 47 nil_vol 0.6 nil_bias 0.76 Right 0.01 0.01 0.001 0.4087092553233451 0.3445231629668467 0.0003477909553647109 -0.00014200242578621823
0.36106122560826126 0.2436100479136575 47 nil_vol 0.6 nil_bias 0.76 Right 0.01 0.01 0.001 0.3665856483865418 0.24135443596204184 -0.005524422778280546 0.002255611951615678
0.3485982838195818 0.1733306468410376 47 nil_vol 0.6 nil_bias 0.76 Right 0.01 0.01 0.001 0.34021003947288714 0.17675555202314355 0.008388244346694683 -0.003424905182105947
0.19706533902059034 -0.15290751513061998 47 nil_vol 0.6 nil_bias 0.76 Right 0.01 0.01 0.001 0.20438839089325117 -0.15589750412842374 -0.00732305187266083 0.002989988997803765
0.18976545729646493 -0.17707452131813087 47 nil_vol 0.6 nil_bias 0.76 Right 0.01 0.01 0.001 0.19488790286298016 -0.17916600669226956 -0.005122445566515224 0.0020914853741387067
0.07885324069327962 -0.4789614194024961 47 nil_vol 0.6 nil_bias 0.76 Right 0.01 0.01 0.001 0.07339234354057295 -0.4767317448503209 0.005460897152706679 -0.002229674552175211
0.05223740778866972 -0.5474642824846861 47 nil_vol 0.6 nil_bias 0.76 Right 0.01 0.01 0.001 0.04561618227686853 -0.544760847936288 0.006621225511801185 -0.002703434548398162
-0.007406187090188819 -0.6746227175189353 47 nil_vol 0.6 nil_bias 0.76 Home 0.01 0.01 0.001 0.0 -0.75 -0.007406187090188819 0.07537728248106472
-0.009483559136645819 -0.6272944082166368 48 nil_vol 0.6 nil_bias 0.76 Home 0.01 0.01 0.001 -0.018634733013082556 -0.6295754424398983 0.009151173876436738 0.002281034223261436
-0.0058317032912459064 -0.620861580484229 48 nil_vol 0.6 nil_bias 0.76 Home 0.01 0.01 0.001 -0.01993076984311122 -0.6243759332607242 0.014099066551865314 0.003514352776495156
-0.03984247650274446 -0.5859979542877539 48 nil_vol 0.6 nil_bias 0.76 Home 0.01 0.01 0.001 -0.030102099475636964 -0.5835700544744293 -0.009740377027107491 -0.0024278998133245955
-0.19055246671836487 0.05880635462695071 48 nil_vol 0.6 nil_bias 0.76 Home 0.01 0.01 0.001 -0.1902410763489121 0.05888397221996189 -0.0003113903694527652 -7.76175930111768e-05
-0.1867455538685645 0.09489834712787838 48 nil_vol 0.6 nil_bias 0.76 Home 0.01 0.01 0.001 -0.1984884673928517 0.09197129230503542 0.011742913524287182 0.002927054822842956
-0.2488701121948897 0.2560085631659698 48 nil_vol 0.6 nil_bias 0.76 Home 0.01 0.01 0.001 -0.23993196210124185 0.2582364987872955 -0.008938150093647852 -0.002227935621325652
-0.2695960313225417 0.3837091806450031 48 nil_vol 0.6 nil_bias 0.76 Home 0.01 0.01 0.001 -0.2711131927408962 0.3833310108971427 0.0015171614183545226 0.00037816974786037446
-0.29203587855071056 0.46726974967411117 48 nil_vol 0.6 nil_bias 0.76 Left 0.01 0.01 0.001 -0.4 0.35 0.10796412144928949 0.11726974967411122
-0.26352617365848885 0.2942410702462785 49 nil_vol 0.6 nil_bias 0.76 Left 0.01 0.01 0.001 -0.2529776504494581 0.2966559191739526 -0.010548523209030793 -0.002414848927674114
-0.19886358246531946 0.07178175226556399 49 nil_vol 0.6 nil_bias 0.76 Left 0.01 0.01 0.001 -0.2013665540705573 0.071208752787141 0.0025029716052378456 0.0005729994784229821
-0.16732308197174203 -0.09106988314072154 49 nil_vol 0.6 nil_bias 0.76 Left 0.01 0.01 0.001 -0.16437118535985415 -0.09039411230279804 -0.002951896611887872 -0.0006757708379235049
-0.06758093276988654 -0.5480723530605327 49 nil_vol 0.6 nil_bias 0.76 Left 0.01 0.01 0.001 -0.05999360412116561 -0.5463354035285273 -0.007587328648720929 -0.0017369495320054649
-0.04346127970351001 -0.6109141253499516 49 nil_vol 0.6 nil_bias 0.76 Left 0.01 0.01 0.001 -0.04512267695639105 -0.6112944651657777 0.0016613972528810369 0.00038033981582613575
-0.017768672213003572 -0.7002122266419549 49 nil_vol 0.6 nil_bias 0.76 Left 0.01 0.01 0.001 -0.024418440016891363 -0.7017345425464934 0.006649767803887791 0.001522315904538425
-0.020422628069807713 -0.7306946513485971 49 nil_vol 0.6 nil_bias 0.76 Left 0.01 0.01 0.001 -0.017919835597941747 -0.730121692878761 -0.0025027924718659653 -0.0005729584698360527
-0.015126300363924025 -0.7423243904941614 49 nil_vol 0.6 nil_bias 0.76 Home 0.01 0.01 0.001 0.0 -0.75 -0.015126300363924025 0.007675609505838596
-0.08840180593197 -0.5374488794464676 50 nil_vol 0.6 nil_bias 0.76 Home 0.01 0.01 0.001 -0.0931818600872561 -0.5392865159139002 0.00478005415528609 0.001837636467432602
-0.11667864116651332 -0.5202071533779155 50 nil_vol 0.6 nil_bias 0.76 Home 0.01 0.01 0.001 -0.10259775505393305 -0.5147939197672402 -0.014080886112580269 -0.005413233610675299
-0.1262107018338182 -0.42147230567869276 50 nil_vol 0.6 nil_bias 0.76 Home 0.01 0.01 0.001 -0.1368950919476401 -0.4255797957337422 0.010684390113821903 0.0041074900550494686
-0.22459510993708584 -0.15535574999323742 50 nil_vol 0.6 nil_bias 0.76 Home 0.01 0.01 0.001 -0.2386956390859558 -0.16077653514174983 0.01410052914886996 0.005420785148512401
-0.2939516674414221 -0.03674553148539421 50 nil_vol 0.6 nil_bias 0.76 Home 0.01 0.01 0.001 -0.28735313797283824 -0.034208803241533414 -0.006598529468583864 -0.0025367282438607947
-0.3794505369150018 0.20882238844168102 50 nil_vol 0.6 nil_bias 0.76 Home 0.01 0.01 0.001 -0.38061200813857843 0.208375874279502 0.0011614712235766523 0.00044651416217904294
-0.4450876957861471 0.3936039601480009 50 nil_vol 0.6 nil_bias 0.76 Home 0.01 0.01 0.001 -0.45095382812407575 0.39134879349993223 0.005866132337928647 0.0022551666480686914
-0.4529799114564493 0.3966190350430809 50 nil_vol 0.6 nil_bias 0.76 Left 0.01 0.01 0.001 -0.4 0.35 -0.05297991145644927 0.0466190350430809
-0.42605611988035297 0.31258740236017213 51 nil_vol 0.6 nil_bias 0.76 Left 0.01 0.01 0.001 -0.42161504572508945 0.31427909281828004 -0.0044410741552635274 -0.0016916904581079167
-0.4143105743616392 0.2967631549967466 51 nil_vol 0.6 nil_bias 0.76 Left 0.01 0.01 0.001 -0.4148627658518766 0.2965528146505995 0.0005521914902374079 0.00021034034614708736
-0.347545052431703 0.14832714429654792 51 nil_vol 0.6 nil_bias 0.76 Left 0.01 0.01 0.001 -0.3570251969223944 0.14471597514789059 0.009480144490691424 0.00361116914865732
-0.3430841512179291 0.126772845276369 51 nil_vol 0.6 nil_bias 0.76 Left 0.01 0.01 0.001 -0.3492898680105796 0.12440896853916017 0.006205716792650472 0.002363876737208844
-0.3017536125615305 -0.04450891959143428 51 nil_vol 0.6 nil_bias 0.76 Left 0.01 0.01 0.001 -0.2870755746767926 -0.038917772998232625 -0.01467803788473788 -0.0055911465932016536
-0.16334010503686622 -0.36661174309215244 51 nil_vol 0.6 nil_bias 0.76 Left 0.01 0.01 0.001 -0.16238869550983165 -0.36624933292687073 -0.000951409527034561 -0.0003624101652816981
-0.06741147290698919 -0.6283715809104765 51 nil_vol 0.6 nil_bias 0.76 Left 0.01 0.01 0.001 -0.06315841261005378 -0.6267515085427238 -0.004253060296935406 -0.0016200723677527327
-0.02158229039972595 -0.7358983332111563 51 nil_vol 0.6 nil_bias 0.76 Home 0.01 0.01 0.001 0.0 -0.75 -0.02158229039972595 0.014101666788843748
-0.02346440618402366 -0.6121313599158694 52 nil_vol 0.6 nil_bias 0.76 Home 0.01 0.01 0.001 -0.04262873286570115 -0.6154808818868913 0.01916432668167749 0.003349521971021844
-0.08813465242383374 -0.4038526973587252 52 nil_vol 0.6 nil_bias 0.76 Home 0.01 0.01 0.001 -0.07986938165173672 -0.4024081015475897 -0.008265270772097011 -0.001444595811135501
-0.16386329304865488 0.11530344836096955 52 nil_vol 0.6 nil_bias 0.76 Home 0.01 0.01 0.001 -0.17016207840712544 0.11420255291604275 0.00629878535847056 0.0011008954449267976
-0.17211413048087904 0.11633828435961702 52 nil_vol 0.6 nil_bias 0.76 Home 0.01 0.01 0.001 -0.17058215767349172 0.11660604104434613 -0.0015319728073873095 -0.00026775668472912135
-0.17298437131930283 0.12681153901143521 52 nil_vol 0.6 nil_bias 0.76 Home 0.01 0.01 0.001 -0.1723841983692998 0.12691643664315688 -0.0006001729500030255 -0.0001048976317216569
-0.17410531412543942 0.13350508865477426 52 nil_vol 0.6 nil_bias 0.76 Home 0.01 0.01 0.001 -0.17355263936316437 0.13360168460045074 -0.000552674762275038 -9.659594567647369e-05
-0.17975222029506557 0.15794357017332805 52 nil_vol 0.6 nil_bias 0.76 Home 0.01 0.01 0.001 -0.1778647478746209 0.15827346072711523 -0.0018874724204446835 -0.00032989055378719194
-0.24983646935444526 0.5700604542786986 52 nil_vol 0.6 nil_bias 0.76 Left 0.01 0.01 0.001 -0.4 0.35 0.15016353064555477 0.22006045427869858
-0.23735918675177714 0.545546530566677 53 nil_vol 0.6 nil_bias 0.76 Left 0.01 0.01 0.001 -0.24459154309874012 0.5440861206031844 0.007232356346962976 0.0014604099634925806
-0.24998692552949175 0.5361521682639975 53 nil_vol 0.6 nil_bias 0.76 Left 0.01 0.01 0.001 -0.24326360271800831 0.537509790475988 -0.0067233228114834355 -0.0013576222119904933
-0.20813004304192162 0.39520421671777944 53 nil_vol 0.6 nil_bias 0.76 Left 0.01 0.01 0.001 -0.21427756404244225 0.39396286459279595 0.006147521000520634 0.001241352124983475
-0.13736769869968382 0.02975049005528573 53 nil_vol 0.6 nil_bias 0.76 Left 0.01 0.01 0.001 -0.1406013049490223 0.029097536777267452 0.0032336062493384644 0.0006529532780182772
-0.11111401768520619 -0.04370721974012595 53 nil_vol 0.6 nil_bias 0.76 Left 0.01 0.01 0.001 -0.12532076458374058 -0.04657594933862663 0.014206746898534397 0.0028687295985006813
-0.015853722030637892 -0.5895664245636703 53 nil_vol 0.6 nil_bias 0.76 Left 0.01 0.01 0.001 -0.01568313654375375 -0.5895319787022218 -0.00017058548688414095 -3.44458614483847e-05
-0.026818177036637355 -0.6025884795347243 53 nil_vol 0.6 nil_bias 0.76 Left 0.01 0.01 0.001 -0.013586201779157758 -0.5999165829113194 -0.013231975257479597 -0.00267189662340478
0.015266931372901135 -0.7428053236749137 53 nil_vol 0.6 nil_bias 0.76 Home 0.01 0.01 0.001 0.0 -0.75 0.015266931372901135 0.00719467632508625
0.025741153175480834 -0.7000552356412689 54 nil_vol 0.6 nil_bias 0.76 Home 0.01 0.01 0.001 0.023476013681857207 -0.6996246101369434 0.0022651394936236257 -0.0004306255043255011
0.033624709975598764 -0.6349995057011611 54 nil_vol 0.6 nil_bias 0.76 Home 0.01 0.01 0.001 0.035687340438578824 -0.6353916322284052 -0.0020626304629800603 0.0003921265272440288
0.07857235668805541 -0.38828600298545657 54 nil_vol 0.6 nil_bias 0.76 Home 0.01 0.01 0.001 0.08252183253048341 -0.3890368375505041 -0.0039494758424280015 0.0007508345650475584
0.1541199767707258 0.07057190703646496 54 nil_vol 0.6 nil_bias 0.76 Home 0.01 0.01 0.001 0.16934766181337543 0.06767697294094455 -0.01522768504264961 0.0028949340955204137
0.2023680292845168 0.21791095916437156 54 nil_vol 0.6 nil_bias 0.76 Home 0.01 0.01 0.001 0.19806418269910428 0.21872916312558455 0.004303846585412538 -0.0008182039612130002
0.20836310162725089 0.3009735491420297 54 nil_vol 0.6 nil_bias 0.76 Home 0.01 0.01 0.001 0.21351351192211057 0.29999440501560803 -0.005150410294859691 0.0009791441264216162
0.22315043960729133 0.30680216528243476 54 nil_vol 0.6 nil_bias 0.76 Home 0.01 0.01 0.001 0.2150987376090788 0.3083328737634883 0.008051701998212531 -0.001530708481053501
0.24224425887178214 0.45112142592660265 54 nil_vol 0.6 nil_bias 0.76 Right 0.01 0.01 0.001 0.4 0.35 -0.15775574112821789 0.10112142592660266
0.17930575893357664 0.15132161982841777 55 nil_vol 0.6 nil_bias 0.76 Right 0.01 0.01 0.001 0.1856226246682094 0.15013329635053435 -0.006316865734632748 0.0011883234778834178
0.20120205049027118 0.1434998021165302 55 nil_vol 0.6 nil_bias 0.76 Right 0.01 0.01 0.001 0.18494988233177778 0.14655714634396294 0.016252168158493407 -0.0030573442274327268
0.1705868221124827 0.11704879535564996 55 nil_vol 0.6 nil_bias 0.76 Right 0.01 0.01 0.001 0.17909760941432978 0.11544775319472378 -0.008510787301847107 0.001601042160926184
0.15182693719652238 -0.06017528611826579 55 nil_vol 0.6 nil_bias 0.76 Right 0.01 0.01 0.001 0.1462566756981457 -0.05912741320240178 0.005570261498376658 -0.0010478729158640064
0.11436474371944731 -0.23502256857081255 55 nil_vol 0.6 nil_bias 0.76 Right 0.01 0.01 0.001 0.11320835016658082 -0.23480502878664233 0.0011563935528664897 -0.00021753978417022042
0.0037441038441149814 -0.7388175951454506 55 nil_vol 0.6 nil_bias 0.76 Right 0.01 0.01 0.001 0.017893209266562127 -0.7414793129768681 -0.014149105422447145 0.002661717831417393
0.0032407003337599632 -0.7678302054970458 55 nil_vol 0.6 nil_bias 0.76 Right 0.01 0.01 0.001 0.012604719903064665 -0.7695917569956882 -0.009364019569304702 0.0017615514986423055
0.011586012364795815 -0.7750069817740155 55 nil_vol 0.6 nil_bias 0.76 Home 0.01 0.01 0.001 0.0 -0.75 0.011586012364795815 -0.025006981774015453
0.03555019012489444 -0.6945993741952183 56 nil_vol 0.6 nil_bias 0.76 Home 0.01 0.01 0.001 0.03564452115870188 -0.6946276086030877 -9.433103380744456e-05 2.8234407869399646e-05
0.12994310414390003 -0.381498131964892 56 nil_vol 0.6 nil_bias 0.76 Home 0.01 0.01 0.001 0.12941521504742176 -0.381340128437758 0.0005278890964782739 -0.00015800352713403823
0.15871182722547097 -0.28421647252721227 56 nil_vol 0.6 nil_bias 0.76 Home 0.01 0.01 0.001 0.1585040981135901 -0.2841542967168298 0.00020772911188088756 -6.217581038246036e-05
0.17001071875980217 -0.26112225706669734 56 nil_vol 0.6 nil_bias 0.76 Home 0.01 0.01 0.001 0.16577713977325578 -0.25985509618624447 0.004233578986546382 -0.001267160880452862
0.20672277784387416 -0.1253044305407666 56 nil_vol 0.6 nil_bias 0.76 Home 0.01 0.01 0.001 0.20610510121446846 -0.12511955252997708 0.0006176766294057178 -0.000184878010789496
0.2157225456337084 -0.08200909923083086 56 nil_vol 0.6 nil_bias 0.76 Home 0.01 0.01 0.001 0.21873839332994535 -0.08291177855586995 -0.003015847696236959 0.0009026793250390895
0.30079696287415353 0.2296213058279814 56 nil_vol 0.6 nil_bias 0.76 Home 0.01 0.01 0.001 0.31133886336020616 0.22646598879149682 -0.010541900486052623 0.003155317036484574
0.36567199348526896 0.40799274006600694 56 nil_vol 0.6 nil_bias 0.76 Right 0.01 0.01 0.001 0.4 0.35 -0.034328006514731044 0.057992740066006944
0.357983467447073 0.3570984085208707 57 nil_vol 0.6 nil_bias 0.76 Right 0.01 0.01 0.001 0.3497743561805054 0.3598067798586799 0.008209111266567596 -0.0027083713378092174
0.22483688930096732 -0.046728330775047136 57 nil_vol 0.6 nil_bias 0.76 Right 0.01 0.01 0.001 0.21655113109104687 -0.043994671878357705 0.008285758209920448 -0.0027336588966894305
0.2111985785479351 -0.1600240666656177 57 nil_vol 0.6 nil_bias 0.76 Right 0.01 0.01 0.001 0.18150276835426113 -0.15022674773913203 0.029695810193673972 -0.00979731892648566
0.17770313117741957 -0.19852843079549856 57 nil_vol 0.6 nil_bias 0.76 Right 0.01 0.01 0.001 0.16675828606272797 -0.19491747903192402 0.010944845114691593 -0.003610951763574547
0.1535786200869266 -0.25806388582157685 57 nil_vol 0.6 nil_bias 0.76 Right 0.01 0.01 0.001 0.14667618223702586 -0.2557866155755497 0.006902437849900757 -0.0022772702460271566
0.11879890190682899 -0.33968084723926634 57 nil_vol 0.6 nil_bias 0.76 Right 0.01 0.01 0.001 0.11897807621907175 -0.339739960894325 -0.0001791743122427601 5.911365505865199e-05
0.0015390685105062677 -0.6858485249153509 57 nil_vol 0.6 nil_bias 0.76 Right 0.01 0.01 0.001 0.004470008971155182 -0.6868155084143778 -0.002930940460648914 0.0009669834990269223
-0.01236382229372094 -0.7378390855608462 57 nil_vol 0.6 nil_bias 0.76 Home 0.01 0.01 0.001 0.0 -0.75 -0.01236382229372094 0.012160914439153793
-0.014263885508336922 -0.7299721465469442 58 nil_vol 0.6 nil_bias 0.76 Home 0.01 0.01 0.001 -0.014304588677538817 -0.7299822008299339 4.070316920189559e-05 1.0054282989680345e-05
-0.027183336307647153 -0.7205944526369755 58 nil_vol 0.6 nil_bias 0.76 Home 0.01 0.01 0.001 -0.017230769555530063 -0.7181360218916171 -0.00995256675211709 -0.002458430745358493
-0.015388627823037553 -0.6661617021746951 58 nil_vol 0.6 nil_bias 0.76 Home 0.01 0.01 0.001 -0.02922495183952187 -0.6695794782330804 0.013836324016484318 0.0034177760583852823
-0.08651395752714161 -0.4648405877713537 58 nil_vol 0.6 nil_bias 0.76 Home 0.01 0.01 0.001 -0.08018466661768972 -0.4632771595868801 -0.006329290909451897 -0.0015634281844735822
-0.12278920785817299 -0.25724707632380067 58 nil_vol 0.6 nil_bias 0.76 Home 0.01 0.01 0.001 -0.13060051811239845 -0.25917658513984926 0.0078113102542254655 0.001929508816048584
-0.1705577857136114 -0.039041228482877915 58 nil_vol 0.6 nil_bias 0.76 Home 0.01 0.01 0.001 -0.18414797443440722 -0.042398205493790364 0.01359018872079582 0.003356977010912449
-0.265614123106386 0.3105137536091839 58 nil_vol 0.6 nil_bias 0.76 Home 0.01 0.01 0.001 -0.27099416226694834 0.3091848046040696 0.005380039160562334 0.0013289490051142468
-0.2740318055710774 0.32148222148699157 58 nil_vol 0.6 nil_bias 0.76 Left 0.01 0.01 0.001 -0.4 0.35 0.12596819442892257 -0.028517778513008425
-0.2595811347173293 0.20822011892368003 59 nil_vol 0.6 nil_bias 0.76 Left 0.01 0.01 0.001 -0.24435818800149525 0.21235968451348536 -0.015222946715834044 -0.004139565589805331
-0.21833760706637495 0.09211667062875603 59 nil_vol 0.6 nil_bias 0.76 Left 0.01 0.01 0.001 -0.21212032691815935 0.09380733140844352 -0.0062172801482156086 -0.001690660779687491
-0.195109531910087 0.022665461288286937 59 nil_vol 0.6 nil_bias 0.76 Left 0.01 0.01 0.001 -0.19293552454584897 0.023256637638370492 -0.002174007364238044 -0.0005911763500835537
-0.1492283604116054 -0.0950700812879721 59 nil_vol 0.6 nil_bias 0.76 Left 0.01 0.01 0.001 -0.15996508680344634 -0.09798971202362922 0.010736726391840952 0.0029196307356571106
-0.13606996007129307 -0.203146818332754 59 nil_vol 0.6 nil_bias 0.76 Left 0.01 0.01 0.001 -0.13169341236450904 -0.20195670667912125 -0.004376547706784031 -0.0011901116536327573
-0.10404779985711213 -0.33427978945031556 59 nil_vol 0.6 nil_bias 0.76 Left 0.01 0.01 0.001 -0.09628491679822859 -0.33216883391798013 -0.007762883058883537 -0.00211095553233541
-0.01961502047805452 -0.6123188741797406 59 nil_vol 0.6 nil_bias 0.76 Left 0.01 0.01 0.001 -0.020070244317684116 -0.6124426628901242 0.00045522383962959457 0.00012378871038349321
0.014953995543517923 -0.7412417181539744 59 nil_vol 0.6 nil_bias 0.76 Home 0.01 0.01 0.001 0.0 -0.75 0.014953995543517923 0.008758281846025572
-0.09313330419211902 -0.48489715677419515 60 nil_vol 0.6 nil_bias 0.76 Home 0.01 0.01 0.001 -0.08487893476797899 -0.48172183975200866 -0.008254369424140023 -0.003175317022186459
-0.11125002351077364 -0.42462248933364677 60 nil_vol 0.6 nil_bias 0.76 Home 0.01 0.01 0.001 -0.10741204283923382 -0.42314608275054394 -0.003837980671539815 -0.0014764065831028234
-0.11056598010537733 -0.39480446529427926 60 nil_vol 0.6 nil_bias 0.76 Home 0.01 0.01 0.001 -0.11731574782668774 -0.3974009873591388 0.006749767721310415 0.00259652206485956
-0.15305635097014847 -0.33378544704131474 60 nil_vol 0.6 nil_bias 0.76 Home 0.01 0.01 0.001 -0.14324018343442904 -0.3300093325657924 -0.009816167535719419 -0.0037761144755223196
-0.20568176291330276 -0.20725824111248706 60 nil_vol 0.6 nil_bias 0.76 Home 0.01 0.01 0.001 -0.19242257290100043 -0.20215765382554785 -0.013259190012302328 -0.005100587286939202
-0.22767046896805712 -0.10029002216955755 60 nil_vol 0.6 nil_bias 0.76 Home 0.01 0.01 0.001 -0.23110159476512343 -0.10160991852854839 0.003431125797066321 0.0013198963589908445
-0.3153950616569721 0.11532579908405927 60 nil_vol 0.6 nil_bias 0.76 Home 0.01 0.01 0.001 -0.314661646581205 0.11560793152261972 -0.000733415075767108 -0.00028213243856045335
-0.3386520745746632 0.17797205262221233 60 nil_vol 0.6 nil_bias 0.76 Left 0.01 0.01 0.001 -0.4 0.35 0.061347925425336874 -0.17202794737778765
-0.30750864768424313 0.16484996522865622 61 nil_vol 0.6 nil_bias 0.76 Left 0.01 0.01 0.001 -0.3302759627480692 0.15612216098463327 0.02276731506382604 0.008727804244022959
-0.31090989556700016 0.13465294954768042 61 nil_vol 0.6 nil_bias 0.76 Left 0.01 0.01 0.001 -0.32061897900740793 0.13093099202132275 0.009709083440407754 0.0037219575263576763
-0.24449174010512326 -0.04027454299950834 61 nil_vol 0.6 nil_bias 0.76 Left 0.01 0.01 0.001 -0.2536428721791401 -0.043782610996516896 0.009151132074016854 0.0035080679970085553
-0.19196723815560715 -0.2638858707897979 61 nil_vol 0.6 nil_bias 0.76 Left 0.01 0.01 0.001 -0.17217527359471124 -0.25629866115142474 -0.019791964560895912 -0.007587209638373159
-0.10560002191669852 -0.40399459635503004 61 nil_vol 0.6 nil_bias 0.76 Left 0.01 0.01 0.001 -0.11428066534709835 -0.4073223034808066 0.00868064343039983 0.0033277071257765477
-0.04362496179977129 -0.5504384261593106 61 nil_vol 0.6 nil_bias 0.76 Left 0.01 0.01 0.001 -0.057393956840599725 -0.5557167425974316 0.013768995040828439 0.005278316438121029
-0.047537507309816825 -0.5724289064096911 61 nil_vol 0.6 nil_bias 0.76 Left 0.01 0.01 0.001 -0.05054536137710408 -0.5735819611910862 0.003007854067287259 0.001153054781395019
0.007897593194769391 -0.7260360175374965 61 nil_vol 0.6 nil_bias 0.76 Home 0.01 0.01 0.001 0.0 -0.75 0.007897593194769391 0.02396398246250353
-0.05641947047989192 -0.64824094916549 62 nil_vol 0.6 nil_bias 0.76 Home 0.01 0.01 0.001 -0.029179216535570852 -0.6369090111439234 -0.02724025394432106 -0.011331938021566628
-0.04604534172470902 -0.5673423527395031 62 nil_vol 0.6 nil_bias 0.76 Home 0.01 0.01 0.001 -0.056337763948434275 -0.5716239975057174 0.01029242222372526 0.00428164476621426
-0.07710646439042931 -0.4742896253617587 62 nil_vol 0.6 nil_bias 0.76 Home 0.01 0.01 0.001 -0.09391928070734665 -0.48128375224694553 0.01681281631691734 0.00699412688518679
-0.12426062237196257 -0.36264732507783054 62 nil_vol 0.6 nil_bias 0.76 Home 0.01 0.01 0.001 -0.1404673359695514 -0.36938931340130743 0.01620671359758884 0.006741988323476889
-0.2796256184325387 -0.04173780085910338 62 nil_vol 0.6 nil_bias 0.76 Home 0.01 0.01 0.001 -0.27719151003696246 -0.040725212447379144 -0.0024341083955762358 -0.001012588411724235
-0.28507463589451615 -0.0016245347001481018 62 nil_vol 0.6 nil_bias 0.76 Home 0.01 0.01 0.001 -0.2922207114540727 -0.004597300134121185 0.007146075559556524 0.002972765433973083
-0.3897812952581332 0.21486703933219847 62 nil_vol 0.6 nil_bias 0.76 Home 0.01 0.01 0.001 -0.38444183898817946 0.21708825164701961 -0.005339456269953765 -0.002221212314821152
-0.4499064429173937 0.37445519382428166 62 nil_vol 0.6 nil_bias 0.76 Left 0.01 0.01 0.001 -0.4 0.35 -0.04990644291739366 0.0244551938242817
-0.4228578326210421 0.28625329260281757 63 nil_vol 0.6 nil_bias 0.76 Left 0.01 0.01 0.001 -0.4205086162958492 0.28704336709050515 -0.002349216325192912 -0.0007900744876875708
-0.35329292446983296 0.06680613925437248 63 nil_vol 0.6 nil_bias 0.76 Left 0.01 0.01 0.001 -0.34713611814317463 0.06887675980649499 -0.006156806326658325 -0.002070620552122514
-0.3394524571038402 0.01719156566032343 63 nil_vol 0.6 nil_bias 0.76 Left 0.01 0.01 0.001 -0.3307391929589241 0.020121958928732087 -0.008713264144916057 -0.0029303932684086576
-0.3015647179980513 -0.05295078156818285 63 nil_vol 0.6 nil_bias 0.76 Left 0.01 0.01 0.001 -0.30569647179915177 -0.054340348477219025 0.004131753801100472 0.0013895669090361717
-0.30089600378701137 -0.079472839891017 63 nil_vol 0.6 nil_bias 0.76 Left 0.01 0.01 0.001 -0.2976151495612872 -0.07836944247556027 -0.0032808542257241695 -0.0011033974154567338
-0.17153074500334017 -0.44033310422184174 63 nil_vol 0.6 nil_bias 0.76 Left 0.01 0.01 0.001 -0.1754395643337499 -0.44164769513321006 0.003908819330409738 0.001314590911368346
-0.14764859810147837 -0.5108816708500258 63 nil_vol 0.6 nil_bias 0.76 Left 0.01 0.01 0.001 -0.1516972708193534 -0.5122432964223864 0.004048672717875033 0.0013616255723606417
-0.09371164603115412 -0.6846584022153178 63 nil_vol 0.6 nil_bias 0.76 Home 0.01 0.01 0.001 0.0 -0.75 -0.09371164603115412 0.06534159778468218
