x y trial vol omega bias theta state target_sigma moving_sigma staying_sigma x_mean y_mean x_noise y_noise
-0.021661479136109427 -0.6503077087047142 0 nil_vol 0.6 nil_bias 0.98 Home 0.01 0.01 0.001 -0.03405681598998696 -0.654739181287811 0.012395336853877531 0.004431472583096699
-0.05826003384720646 -0.5657846398485009 0 nil_vol 0.6 nil_bias 0.98 Home 0.01 0.01 0.001 -0.06499787438941816 -0.5681934937573601 0.006737840542211699 0.0024088539088591315
-0.09616769020587518 -0.503977585853887 0 nil_vol 0.6 nil_bias 0.98 Home 0.01 0.01 0.001 -0.0888864337270468 -0.5013744546250386 -0.007281256478828381 -0.0026031312288483277
-0.1587386144721106 -0.36550216850906286 0 nil_vol 0.6 nil_bias 0.98 Home 0.01 0.01 0.001 -0.13987353404452507 -0.35875768970398647 -0.018865080427585522 -0.0067444788050764
-0.17885930245595535 -0.26573120273885936 0 nil_vol 0.6 nil_bias 0.98 Home 0.01 0.01 0.001 -0.17378067278735865 -0.26391553541158963 -0.00507862966859672 -0.001815667327269733
-0.2735068634612727 -0.010940679155831206 0 nil_vol 0.6 nil_bias 0.98 Home 0.01 0.01 0.001 -0.2652742765416096 -0.007997436575777006 -0.008232586919663071 -0.0029432425800541995
-0.3306000325174548 0.20351578806545284 0 nil_vol 0.6 nil_bias 0.98 Home 0.01 0.01 0.001 -0.33972618466042914 0.2002530858502961 0.009126152142974357 0.003262702215156728
-0.41221422577818145 0.40301044713005096 0 nil_vol 0.6 nil_bias 0.98 Left 0.01 0.01 0.001 -0.4 0.35 -0.012214225778181459 0.053010447130050965
-0.39762912009308926 0.36865571792139556 1 nil_vol 0.6 nil_bias 0.98 Left 0.01 0.01 0.001 -0.39953636083050037 0.3679657493379858 0.0019072407374111004 0.0006899685834097406
-0.35493424505220245 0.27411175994515913 1 nil_vol 0.6 nil_bias 0.98 Left 0.01 0.01 0.001 -0.3643510840063172 0.2707050987377293 0.009416838954114744 0.0034066612074298056
-0.3788269790002148 0.26451932481689866 1 nil_vol 0.6 nil_bias 0.98 Left 0.01 0.01 0.001 -0.36404752252818495 0.269865981086109 -0.014779456472029849 -0.005346656269210311
-0.34878871263283906 0.22216613554630182 1 nil_vol 0.6 nil_bias 0.98 Left 0.01 0.01 0.001 -0.3470226284303111 0.22280503895870196 -0.0017660842025279287 -0.0006389034124001425
-0.3059324286370284 0.07848375909715757 1 nil_vol 0.6 nil_bias 0.98 Left 0.01 0.01 0.001 -0.2960994365882472 0.08204096897711538 -0.00983299204878117 -0.0035572098799578106
-0.2260003768467732 -0.18415176823846555 1 nil_vol 0.6 nil_bias 0.98 Left 0.01 0.01 0.001 -0.20283282030113525 -0.17577061013015205 -0.023167556545637947 -0.008381158108313507
-0.14787265305741207 -0.33382735166019906 1 nil_vol 0.6 nil_bias 0.98 Left 0.01 0.01 0.001 -0.14591056728577867 -0.3331175421884174 -0.0019620857716334053 -0.0007098094717816974
0.0023708383217201203 -0.7430033604348022 1 nil_vol 0.6 nil_bias 0.98 Home 0.01 0.01 0.001 0.0 -0.75 0.0023708383217201203 0.006996639565197859
-0.04524253358298032 -0.5399394311169868 2 nil_vol 0.6 nil_bias 0.98 Home 0.01 0.01 0.001 -0.04542657158581475 -0.5399827594285791 0.00018403800283442999 4.3328311592239236e-05
-0.06642058495370612 -0.4820464698605244 2 nil_vol 0.6 nil_bias 0.98 Home 0.01 0.01 0.001 -0.05945279905028182 -0.4804060347651534 -0.006967785903424303 -0.0016404350953709665
-0.07641003596377954 -0.4508316752014718 2 nil_vol 0.6 nil_bias 0.98 Home 0.01 0.01 0.001 -0.06694041133446818 -0.44860222888994306 -0.00946962462931136 -0.002229446311528793
-0.08030940482805422 -0.3585877298797013 2 nil_vol 0.6 nil_bias 0.98 Home 0.01 0.01 0.001 -0.08772179136606235 -0.36033283789334275 0.007412386538008126 0.001745108013641471
-0.08417180857091121 -0.3418633804259335 2 nil_vol 0.6 nil_bias 0.98 Home 0.01 0.01 0.001 -0.09165528672474846 -0.3436252256331698 0.007483478153837256 0.0017618452072362717
-0.1444195389609349 -0.1737262025488726 2 nil_vol 0.6 nil_bias 0.98 Home 0.01 0.01 0.001 -0.13232520328149225 -0.1708788170265929 -0.012094335679442656 -0.0028473855222797082
-0.17329269510031645 0.10770216126805819 2 nil_vol 0.6 nil_bias 0.98 Home 0.01 0.01 0.001 -0.1966189667328102 0.10221042613720499 0.023326271632493754 0.005491735130853202
-0.2400417300250126 0.28664961474571093 2 nil_vol 0.6 nil_bias 0.98 Left 0.01 0.01 0.001 -0.4 0.35 0.1599582699749874 -0.06335038525428907
-0.21771027580900493 0.19813990037706466 3 nil_vol 0.6 nil_bias 0.98 Left 0.01 0.01 0.001 -0.22287132834741774 0.19714976082618452 0.0051610525384128084 0.0009901395508801459
-0.20046134073465327 0.062513878085316 3 nil_vol 0.6 nil_bias 0.98 Left 0.01 0.01 0.001 -0.19716304907742346 0.06314664998520556 -0.0032982916572298067 -0.000632771899889549
-0.1968004583247368 -0.007497459010884026 3 nil_vol 0.6 nil_bias 0.98 Left 0.01 0.01 0.001 -0.1840783392185899 -0.0050567411138564 -0.012722119106146887 -0.002440717897027626
-0.17721687260808452 -0.059502281003426895 3 nil_vol 0.6 nil_bias 0.98 Left 0.01 0.01 0.001 -0.17376027366725683 -0.05883913810818009 -0.0034565989408277082 -0.0006631428952468036
-0.09180087129568307 -0.5307519240849052 3 nil_vol 0.6 nil_bias 0.98 Left 0.01 0.01 0.001 -0.08352902375833615 -0.5291649835636416 -0.008271847537346921 -0.001586940521263614
-0.09182746950363965 -0.5317343694321537 3 nil_vol 0.6 nil_bias 0.98 Left 0.01 0.01 0.001 -0.08334817834186634 -0.5301076311883144 -0.00847929116177331 -0.001626738243839339
-0.059339753779934765 -0.717061050981871 3 nil_vol 0.6 nil_bias 0.98 Left 0.01 0.01 0.001 -0.047902428174608686 -0.7148668186322018 -0.011437325605326083 -0.0021942323496691677
-0.03049502318827063 -0.8056020403613606 3 nil_vol 0.6 nil_bias 0.98 Home 0.01 0.01 0.001 0.0 -0.75 -0.03049502318827063 -0.055602040361360676
-0.07613420623447412 -0.41459645063194794 4 nil_vol 0.6 nil_bias 0.98 Home 0.01 0.01 0.001 -0.11288834828322436 -0.4225011462911915 0.03675414204875024 0.007904695659243545
-0.11869586227041948 -0.35084349197785086 4 nil_vol 0.6 nil_bias 0.98 Home 0.01 0.01 0.001 -0.12787513903261644 -0.3528176746177528 0.009179276762196951 0.0019741826399019605
-0.12405939625425057 -0.337067786592445 4 nil_vol 0.6 nil_bias 0.98 Home 0.01 0.01 0.001 -0.130944012648069 -0.3385484577301794 0.0068846163938184445 0.0014806711377343686
-0.15209392529738644 -0.2566998663875794 4 nil_vol 0.6 nil_bias 0.98 Home 0.01 0.01 0.001 -0.14870395267401432 -0.2559707866053502 -0.0033899726233721185 -0.0007290797822292036
-0.16045513635004233 -0.15762735820119958 4 nil_vol 0.6 nil_bias 0.98 Home 0.01 0.01 0.001 -0.16943907535481256 -0.15955952964352904 0.00898393900477024 0.0019321714423294733
-0.15968899370358658 -0.12244064796921889 4 nil_vol 0.6 nil_bias 0.98 Home 0.01 0.01 0.001 -0.17663823018383973 -0.12608591210993103 0.016949236480253153 0.00364526414071214
-0.1958568271088332 -0.015527878837093704 4 nil_vol 0.6 nil_bias 0.98 Home 0.01 0.01 0.001 -0.20021433706519542 -0.016465046408342676 0.004357509956362224 0.0009371675712489727
-0.2387869864547633 0.1628846333232217 4 nil_vol 0.6 nil_bias 0.98 Left 0.01 0.01 0.001 -0.4 0.35 0.16121301354523673 -0.18711536667677828
-0.2033321791209056 0.03910424775725016 5 nil_vol 0.6 nil_bias 0.98 Left 0.01 0.01 0.001 -0.20300879414489073 0.03919779149796859 -0.00032338497601486275 -9.354374071843279e-05
-0.18654740690785318 -0.042141487208410516 5 nil_vol 0.6 nil_bias 0.98 Left 0.01 0.01 0.001 -0.18002591960320083 -0.040255053506255745 -0.00652148730465234 -0.0018864337021547721
-0.18258012644135146 -0.07867972341442223 5 nil_vol 0.6 nil_bias 0.98 Left 0.01 0.01 0.001 -0.16996646650758807 -0.07503104143514494 -0.012613659933763413 -0.0036486819792772916
-0.09629294944502202 -0.34224104978472936 5 nil_vol 0.6 nil_bias 0.98 Left 0.01 0.01 0.001 -0.09295171458039914 -0.34127454969648374 -0.0033412348646228796 -0.0009665000882456139
-0.06693600973040027 -0.4462105876040409 5 nil_vol 0.6 nil_bias 0.98 Left 0.01 0.01 0.001 -0.06293245407810447 -0.44505250173219457 -0.004003555652295804 -0.0011580858718463235
-0.034258293104460755 -0.5189398914679472 5 nil_vol 0.6 nil_bias 0.98 Left 0.01 0.01 0.001 -0.040995720712965006 -0.5208887889989511 0.006737427608504252 0.0019488975310039344
-0.007870420376751761 -0.6297996000336388 5 nil_vol 0.6 nil_bias 0.98 Left 0.01 0.01 0.001 -0.009366522518589077 -0.630232369027947 0.0014961021418373154 0.00043276899430816373
0.02604946434024777 -0.7526670500972154 5 nil_vol 0.6 nil_bias 0.98 Home 0.01 0.01 0.001 0.0 -0.75 0.02604946434024777 -0.0026670500972153007
-0.04383603335664057 -0.5920522478126824 6 nil_vol 0.6 nil_bias 0.98 Home 0.01 0.01 0.001 -0.04206880960535722 -0.5913062165178337 -0.0017672237512833444 -0.0007460312948487425
-0.08650255905856699 -0.4771450485577883 6 nil_vol 0.6 nil_bias 0.98 Home 0.01 0.01 0.001 -0.08969320088716816 -0.4784919740125086 0.0031906418286011665 0.001346925454720331
-0.19980239687163456 -0.2286174412027721 6 nil_vol 0.6 nil_bias 0.98 Home 0.01 0.01 0.001 -0.19587697068127569 -0.22696032744934957 -0.003925426190358887 -0.0016571137534225414
-0.31593759097312435 0.05991769305025481 6 nil_vol 0.6 nil_bias 0.98 Home 0.01 0.01 0.001 -0.3168241709605406 0.05954342441815952 0.0008865799874162468 0.0003742686320952901
-0.3733068692877862 0.18060179720577846 6 nil_vol 0.6 nil_bias 0.98 Home 0.01 0.01 0.001 -0.36874226726736326 0.18252873823590687 -0.004564602020422962 -0.0019269410301284142
-0.431130902677408 0.33076039631430826 6 nil_vol 0.6 nil_bias 0.98 Home 0.01 0.01 0.001 -0.4312897653576738 0.33069333263265743 0.000158862680265836 6.706368165083657e-05
-0.44647553790682243 0.36364305293233706 6 nil_vol 0.6 nil_bias 0.98 Home 0.01 0.01 0.001 -0.4453924628753281 0.36410027170136805 -0.0010830750314943323 -0.0004572187690309674
-0.46911209376520324 0.42028812249221226 6 nil_vol 0.6 nil_bias 0.98 Left 0.01 0.01 0.001 -0.4 0.35 -0.06911209376520319 0.07028812249221228
-0.3473401210479306 0.08249467403058824 7 nil_vol 0.6 nil_bias 0.98 Left 0.01 0.01 0.001 -0.33539588235515533 0.08729092565475677 -0.011944238692775262 -0.004796251624168523
-0.3344691851969125 0.06271597985803802 7 nil_vol 0.6 nil_bias 0.98 Left 0.01 0.01 0.001 -0.32676929595308984 0.06580789783134011 -0.00769988924382265 -0.003091917973302093
-0.27633254649667427 -0.07447608513331944 7 nil_vol 0.6 nil_bias 0.98 Left 0.01 0.01 0.001 -0.2712562855695533 -0.07243769446291748 -0.005076260927120983 -0.002038390670401963
-0.26318770720401335 -0.12277638271712951 7 nil_vol 0.6 nil_bias 0.98 Left 0.01 0.01 0.001 -0.2527290197018748 -0.11857665946903795 -0.01045868750213856 -0.004199723248091568
-0.2564872055119899 -0.12501586931410943 7 nil_vol 0.6 nil_bias 0.98 Left 0.01 0.01 0.001 -0.2510242136130343 -0.12282218544340495 -0.005462991898955632 -0.0021936838707044782
-0.13950203067999364 -0.4093323599189615 7 nil_vol 0.6 nil_bias 0.98 Left 0.01 0.01 0.001 -0.13646477486260117 -0.4081127390187198 -0.0030372558173924844 -0.0012196209002416738
-0.047842877084447545 -0.6149616429061304 7 nil_vol 0.6 nil_bias 0.98 Left 0.01 0.01 0.001 -0.05263168720364958 -0.6168846066799497 0.004788810119202037 0.001922963773819284
0.0008166325154687822 -0.7499884424411914 7 nil_vol 0.6 nil_bias 0.98 Home 0.01 0.01 0.001 0.0 -0.75 0.0008166325154687822 1.1557558808527664e-05
-0.09164904203535816 -0.6039305702173499 8 nil_vol 0.6 nil_bias 0.98 Home 0.01 0.01 0.001 -0.08628992320021965 -0.6008015133604496 -0.005359118835138506 -0.003129056856900257
-0.20467565966317045 -0.4020894365968449 8 nil_vol 0.6 nil_bias 0.98 Home 0.01 0.01 0.001 -0.20291366806723984 -0.40106065331088797 -0.0017619915959306133 -0.0010287832859569015
-0.2334984615410414 -0.360568344525859 8 nil_vol 0.6 nil_bias 0.98 Home 0.01 0.01 0.001 -0.22832113054677722 -0.3575454290902423 -0.005177330994264188 -0.003022915435616739
-0.2420856499901416 -0.3505552778318338 8 nil_vol 0.6 nil_bias 0.98 Home 0.01 0.01 0.001 -0.23486432947799743 -0.3463389275027008 -0.007221320512144169 -0.0042163503291330175
-0.2884091878640063 -0.2802944961718059 8 nil_vol 0.6 nil_bias 0.98 Home 0.01 0.01 0.001 -0.2772353238553455 -0.2737703535151582 -0.011173864008660814 -0.006524142656647674
-0.4177371847201815 -0.06404150482493193 8 nil_vol 0.6 nil_bias 0.98 Home 0.01 0.01 0.001 -0.40427888217997526 -0.05618353504647633 -0.013458302540206251 -0.007857969778455594
-0.4012255884956768 -0.04930407562400247 8 nil_vol 0.6 nil_bias 0.98 Home 0.01 0.01 0.001 -0.40649815574761305 -0.05238259715350546 0.005272567251936258 0.003078521529502994
-0.5632741448619368 0.21612679547937624 8 nil_vol 0.6 nil_bias 0.98 Left 0.01 0.01 0.001 -0.4 0.35 -0.16327414486193678 -0.13387320452062373
-0.5200887197984214 0.11302216078045382 9 nil_vol 0.6 nil_bias 0.98 Left 0.01 0.01 0.001 -0.5094485681902046 0.11891345396364572 -0.010640151608216816 -0.005891293183191899
-0.46901024885711706 0.0874810829064723 9 nil_vol 0.6 nil_bias 0.98 Left 0.01 0.01 0.001 -0.4866401764037788 0.07771965508098835 0.017629927546661744 0.009761427825483948
-0.3123820205569579 -0.24928314756094114 9 nil_vol 0.6 nil_bias 0.98 Left 0.01 0.01 0.001 -0.3071787543774227 -0.24640217671554865 -0.005203266179535215 -0.0028809708453924996
-0.24613914640219045 -0.3124674243774933 9 nil_vol 0.6 nil_bias 0.98 Left 0.01 0.01 0.001 -0.2648601633788479 -0.32283297214016143 0.018721016976657436 0.010365547762668154
-0.23687531904205184 -0.3650505145380826 9 nil_vol 0.6 nil_bias 0.98 Left 0.01 0.01 0.001 -0.24040335890021652 -0.36700393756547484 0.003528039858164682 0.0019534230273922024
-0.16586617559590358 -0.523979650870649 9 nil_vol 0.6 nil_bias 0.98 Left 0.01 0.01 0.001 -0.1563925509513981 -0.5187342462614521 -0.009473624644505482 -0.005245404609196865
-0.04818544286252096 -0.7356739303147042 9 nil_vol 0.6 nil_bias 0.98 Left 0.01 0.01 0.001 -0.039070597252856776 -0.7306271763037375 -0.009114845609664184 -0.0050467540109666266
-0.017436575507209416 -0.7696999679831411 9 nil_vol 0.6 nil_bias 0.98 Home 0.01 0.01 0.001 0.0 -0.75 -0.017436575507209416 -0.019699967983141053
-0.06180127885336442 -0.6805537646285542 10 nil_vol 0.6 nil_bias 0.98 Home 0.01 0.01 0.001 -0.052477135646336055 -0.6770281699209554 -0.009324143207028367 -0.0035255947075987976
-0.13026828007662317 -0.41465690170030445 10 nil_vol 0.6 nil_bias 0.98 Home 0.01 0.01 0.001 -0.14900477471030732 -0.4217414439314531 0.018736494633684143 0.007084542231148631
-0.23737785343253684 -0.19038781572192334 10 nil_vol 0.6 nil_bias 0.98 Home 0.01 0.01 0.001 -0.23659489944947562 -0.19009176938740402 -0.0007829539830612131 -0.000296046334519325
-0.2718469264490221 -0.1583741915059756 10 nil_vol 0.6 nil_bias 0.98 Home 0.01 0.01 0.001 -0.2514971934380457 -0.1506796602861562 -0.02034973301097634 -0.007694531219819398
-0.3139871104408392 -0.03545277189680805 10 nil_vol 0.6 nil_bias 0.98 Home 0.01 0.01 0.001 -0.29743292526802645 -0.029193392741210578 -0.016554185172812767 -0.006259379155597478
-0.323561736008858 0.027430587100722173 10 nil_vol 0.6 nil_bias 0.98 Home 0.01 0.01 0.001 -0.31943349608716753 0.02899153490004802 -0.004128239921690464 -0.0015609477993258473
-0.39000614881458834 0.21730859098104113 10 nil_vol 0.6 nil_bias 0.98 Home 0.01 0.01 0.001 -0.3905597729871407 0.21709925759679216 0.0005536241725523568 0.00020933338424897646
-0.44797725148880746 0.3689513099561065 10 nil_vol 0.6 nil_bias 0.98 Left 0.01 0.01 0.001 -0.4 0.35 -0.04797725148880742 0.01895130995610647
-0.40521600878559233 0.25784339830775527 11 nil_vol 0.6 nil_bias 0.98 Left 0.01 0.01 0.001 -0.40540048384168476 0.2577727520271572 0.00018447505609241045 7.064628059806239e-05
-0.35900092731587374 0.15014689884913088 11 nil_vol 0.6 nil_bias 0.98 Left 0.01 0.01 0.001 -0.3635213082096121 0.14841578081185441 0.004520380893738345 0.0017311180372764638
-0.31193022848038304 0.0019749340709638973 11 nil_vol 0.6 nil_bias 0.98 Left 0.01 0.01 0.001 -0.30801477814411926 0.0034743888426968517 -0.003915450336263787 -0.0014994547717329541
-0.1644927598929695 -0.408576062533337 11 nil_vol 0.6 nil_bias 0.98 Left 0.01 0.01 0.001 -0.15204249822605032 -0.4038081296871756 -0.01245026166691917 -0.004767932846161407
-0.1350353806918278 -0.4914427345771484 11 nil_vol 0.6 nil_bias 0.98 Left 0.01 0.01 0.001 -0.12059924851825332 -0.4859142958500493 -0.014436132173574473 -0.0055284387270990885
-0.1132778889619593 -0.5383347683140453 11 nil_vol 0.6 nil_bias 0.98 Left 0.01 0.01 0.001 -0.1021555558131208 -0.5340753769080637 -0.011122333148838493 -0.004259391405981537
-0.012962686320984351 -0.7231758252499121 11 nil_vol 0.6 nil_bias 0.98 Left 0.01 0.01 0.001 -0.027592391086249723 -0.7287783942356941 0.014629704765265372 0.005602568985782079
-0.00959572864859238 -0.7757721677869387 11 nil_vol 0.6 nil_bias 0.98 Home 0.01 0.01 0.001 0.0 -0.75 -0.00959572864859238 -0.02577216778693864
-0.06646186410259373 -0.6608519282776765 12 nil_vol 0.6 nil_bias 0.98 Home 0.01 0.01 0.001 -0.05696226033976659 -0.6570615080763031 -0.009499603762827144 -0.0037904202013733426
-0.13476901627590307 -0.44399913197091206 12 nil_vol 0.6 nil_bias 0.98 Home 0.01 0.01 0.001 -0.14098609803540127 -0.44647979883693495 0.006217081759498193 0.0024806668660228913
-0.261719756877116 -0.15077840796280959 12 nil_vol 0.6 nil_bias 0.98 Home 0.01 0.01 0.001 -0.25935058104327 -0.1498330872772926 -0.0023691758338460138 -0.0009453206855169827
-0.28890420465236694 -0.07510414672980004 12 nil_vol 0.6 nil_bias 0.98 Home 0.01 0.01 0.001 -0.2891318080807698 -0.07519496237374257 0.0002276034284028643 9.08156439425321e-05
-0.33484558497804784 -0.007772969953627676 12 nil_vol 0.6 nil_bias 0.98 Home 0.01 0.01 0.001 -0.3186173903356747 -0.0012977865312442383 -0.0162281946423731 -0.006475183422383438
-0.34952139494053225 0.09804578873793984 12 nil_vol 0.6 nil_bias 0.98 Home 0.01 0.01 0.001 -0.3570566292947418 0.09503916812182078 0.007535234354209542 0.0030066206161190575
-0.4326955981396275 0.30536844234791694 12 nil_vol 0.6 nil_bias 0.98 Home 0.01 0.01 0.001 -0.43984198448169337 0.30251697529370336 0.0071463863420658785 0.00285146705421359
-0.4461996249577032 0.31845058217104194 12 nil_vol 0.6 nil_bias 0.98 Left 0.01 0.01 0.001 -0.4 0.35 -0.0461996249577032 -0.031549417828958023
-0.3764812157176565 0.12559674783649918 13 nil_vol 0.6 nil_bias 0.98 Left 0.01 0.01 0.001 -0.37354028135297435 0.12671121044581984 -0.0029409343646821704 -0.0011144626093206695
-0.36516228250380167 0.12060811458653307 13 nil_vol 0.6 nil_bias 0.98 Left 0.01 0.01 0.001 -0.3704659110437342 0.11859831260915382 0.005303628539932574 0.002009801977379255
-0.3371659748105774 0.03873321926488964 13 nil_vol 0.6 nil_bias 0.98 Left 0.01 0.01 0.001 -0.3398200280386745 0.037727469826418 0.002654053228097096 0.0010057494384716377
-0.26811805467888206 -0.10962239988451025 13 nil_vol 0.6 nil_bias 0.98 Left 0.01 0.01 0.001 -0.2819899828336315 -0.11487914598306581 0.01387192815474947 0.005256746098555554
-0.12234747310503304 -0.5192043739882223 13 nil_vol 0.6 nil_bias 0.98 Left 0.01 0.01 0.001 -0.12796488121067645 -0.5213330822553008 0.0056174081056434115 0.0021287082670785828
-0.10610919228332102 -0.566799056303971 13 nil_vol 0.6 nil_bias 0.98 Left 0.01 0.01 0.001 -0.1101546795563641 -0.5683320875597625 0.004045487273043078 0.0015330312557915217
-0.04070172306181781 -0.7417560222354794 13 nil_vol 0.6 nil_bias 0.98 Left 0.01 0.01 0.001 -0.0439670374744609 -0.7429934081711427 0.003265314412643092 0.0012373859356633033
-0.03513577132749686 -0.7662980698780907 13 nil_vol 0.6 nil_bias 0.98 Home 0.01 0.01 0.001 0.0 -0.75 -0.03513577132749686 -0.016298069878090696
-0.13949374343926355 -0.4365323311132267 14 nil_vol 0.6 nil_bias 0.98 Home 0.01 0.01 0.001 -0.15663522275888012 -0.44297379087769195 0.017141479319616564 0.006441459764465275
-0.16253539414275522 -0.42835586502482265 14 nil_vol 0.6 nil_bias 0.98 Home 0.01 0.01 0.001 -0.1621787403406198 -0.42822184093778426 -0.0003566538021354272 -0.0001340240870383819
-0.2018948482273532 -0.3489058060465809 14 nil_vol 0.6 nil_bias 0.98 Home 0.01 0.01 0.001 -0.19321060132334594 -0.34564242218257396 -0.008684246904007254 -0.003263383864006911
-0.25310188003533524 -0.20874458721424002 14 nil_vol 0.6 nil_bias 0.98 Home 0.01 0.01 0.001 -0.24569963357706487 -0.20596295607036097 -0.007402246458270359 -0.00278163114387905
-0.2945175180292764 -0.06965227064386763 14 nil_vol 0.6 nil_bias 0.98 Home 0.01 0.01 0.001 -0.2966251196950661 -0.07044426946010562 0.002107601665789708 0.0007919988162379951
-0.35166985318363786 0.1102931452291902 14 nil_vol 0.6 nil_bias 0.98 Home 0.01 0.01 0.001 -0.3629500853112889 0.10605423678790182 0.011280232127651058 0.004238908441288377
-0.3848573347790101 0.24535427055859632 14 nil_vol 0.6 nil_bias 0.98 Home 0.01 0.01 0.001 -0.4115300261904856 0.23533115263898952 0.026672691411475553 0.010023117919606807
-0.4455266880440534 0.3258002539619107 14 nil_vol 0.6 nil_bias 0.98 Left 0.01 0.01 0.001 -0.4 0.35 -0.04552668804405338 -0.024199746038089304
-0.37890996571745794 0.12423950147023098 15 nil_vol 0.6 nil_bias 0.98 Left 0.01 0.01 0.001 -0.36359585057766125 0.13066954142736042 -0.015314115139796696 -0.006430039957129446
-0.2922878223074512 -0.044606314981846536 15 nil_vol 0.6 nil_bias 0.98 Left 0.01 0.01 0.001 -0.2903442493410443 -0.04379025400022857 -0.001943572966406923 -0.0008160609816179708
-0.2555468420939689 -0.1412226417774045 15 nil_vol 0.6 nil_bias 0.98 Left 0.01 0.01 0.001 -0.25035071895606803 -0.13904091079955377 -0.005196123137900858 -0.0021817309778507325
-0.23848560144996234 -0.1531516613862909 15 nil_vol 0.6 nil_bias 0.98 Left 0.01 0.01 0.001 -0.24353563994552294 -0.15527205482822815 0.0050500384955605914 0.002120393441937224
-0.07913004298449322 -0.5913934703666514 15 nil_vol 0.6 nil_bias 0.98 Left 0.01 0.01 0.001 -0.06322281213563075 -0.5847143949495114 -0.015907230848862478 -0.0066790754171400174
-0.0063424541210250224 -0.7158144211467458 15 nil_vol 0.6 nil_bias 0.98 Left 0.01 0.01 0.001 -0.00790202112961036 -0.7164692469783058 0.0015595670085853373 0.0006548258315601047
-0.008976745760385764 -0.7306385882853437 15 nil_vol 0.6 nil_bias 0.98 Left 0.01 0.01 0.001 -0.0030053761807199986 -0.728131349398504 -0.005971369579665766 -0.0025072388868396522
0.014649925559168891 -0.7701801275515431 15 nil_vol 0.6 nil_bias 0.98 Home 0.01 0.01 0.001 0.0 -0.75 0.014649925559168891 -0.02018012755154311
0.27746365104787285 -0.39674789914955555 16 nil_vol 0.6 nil_bias 0.98 Home 0.01 0.01 0.001 0.2567630204130322 -0.3837772560261175 0.020700630634840664 -0.012970643123438019
0.3158860351434538 -0.3079318644608224 16 nil_vol 0.6 nil_bias 0.98 Home 0.01 0.01 0.001 0.3075565697483074 -0.3027127711416249 0.008329465395146412 -0.0052190933191974395
0.4185028198459439 -0.11884752214229774 16 nil_vol 0.6 nil_bias 0.98 Home 0.01 0.01 0.001 0.4215621298283293 -0.1207644307952499 -0.0030593099823854005 0.0019169086529521526
0.4482017239675953 -0.08079743712886465 16 nil_vol 0.6 nil_bias 0.98 Home 0.01 0.01 0.001 0.447054956468846 -0.08007889322388817 0.0011467674987492478 -0.0007185439049764794
0.46472748704741423 -0.05922734703296992 16 nil_vol 0.6 nil_bias 0.98 Home 0.01 0.01 0.001 0.46141906408830174 -0.05715434866586644 0.0033084229591124896 -0.0020729983671034756
0.4999093631220337 0.015553078203670433 16 nil_vol 0.6 nil_bias 0.98 Home 0.01 0.01 0.001 0.5049839303905531 0.012373445553490958 -0.005074567268519403 0.003179632650179475
0.5406354358799891 0.0710548634567824 16 nil_vol 0.6 nil_bias 0.98 Home 0.01 0.01 0.001 0.54143768512817 0.07055218849591971 -0.0008022492481809506 0.0005026749608626918
0.6043696361498336 0.17098907977660727 16 nil_vol 0.6 nil_bias 0.98 Right 0.01 0.01 0.001 0.4 0.35 0.20436963614983356 -0.1790109202233927
0.5692027021838503 0.1088210967971011 17 nil_vol 0.6 nil_bias 0.98 Right 0.01 0.01 0.001 0.5664006842659899 0.11058231823636042 0.0028020179178603606 -0.001761221439259322
0.5631677730235598 0.10036244161996744 17 nil_vol 0.6 nil_bias 0.98 Right 0.01 0.01 0.001 0.5608805653482619 0.10180007667865011 0.002287207675297876 -0.0014376350586826775
0.5176488562551481 0.015227842199389803 17 nil_vol 0.6 nil_bias 0.98 Right 0.01 0.01 0.001 0.5096323517182179 0.020266653539019824 0.00801650453693031 -0.005038811339630021
0.5024136355048506 -0.007308719245805109 17 nil_vol 0.6 nil_bias 0.98 Right 0.01 0.01 0.001 0.495163939418106 -0.002751888936226271 0.007249696086744645 -0.004556830309578838
0.461345368549568 -0.06746587838664934 17 nil_vol 0.6 nil_bias 0.98 Right 0.01 0.01 0.001 0.4564297332778662 -0.064376132895403 0.004915635271701787 -0.003089745491246341
0.27770449052524854 -0.3276603154231899 17 nil_vol 0.6 nil_bias 0.98 Right 0.01 0.01 0.001 0.28719264309176934 -0.3336241379999849 -0.009488152566520816 0.00596382257679503
0.09497871245943758 -0.6403118459640879 17 nil_vol 0.6 nil_bias 0.98 Right 0.01 0.01 0.001 0.09458012662175797 -0.6400613129756184 0.00039858583767961455 -0.0002505329884694397
0.04416669241264425 -0.7202666425304398 17 nil_vol 0.6 nil_bias 0.98 Home 0.01 0.01 0.001 0.0 -0.75 0.04416669241264425 0.029733357469560222
0.043902983624792224 -0.6915094778444285 18 nil_vol 0.6 nil_bias 0.98 Home 0.01 0.01 0.001 0.03492558985080144 -0.6947622966814497 0.008977393773990785 0.0032528188370211856
0.0313886747645478 -0.6022482353959301 18 nil_vol 0.6 nil_bias 0.98 Home 0.01 0.01 0.001 0.004884229307893478 -0.6118517084769466 0.02650444545665432 0.009603473081016514
-0.018114770518474467 -0.5848594617339622 18 nil_vol 0.6 nil_bias 0.98 Home 0.01 0.01 0.001 -0.006430035828333035 -0.5806256800749907 -0.011684734690141434 -0.004233781658971483
-0.21661380075600442 -0.02227182442943189 18 nil_vol 0.6 nil_bias 0.98 Home 0.01 0.01 0.001 -0.2096545186383823 -0.019750236924834463 -0.006959282117622111 -0.0025215875045974255
-0.31341378117993457 0.3412744388420534 18 nil_vol 0.6 nil_bias 0.98 Home 0.01 0.01 0.001 -0.3373267449426516 0.332609948797991 0.023912963762716993 0.008664490044062391
-0.3953621283617902 0.5087789721964051 18 nil_vol 0.6 nil_bias 0.98 Home 0.01 0.01 0.001 -0.40048613561355667 0.5069223679603441 0.005124007251766475 0.0018566042360610231
-0.4099343706140165 0.5446507749120402 18 nil_vol 0.6 nil_bias 0.98 Home 0.01 0.01 0.001 -0.41366646387834444 0.5432985090342866 0.0037320932643279633 0.0013522658777536595
-0.4259543985100594 0.5772117496373154 18 nil_vol 0.6 nil_bias 0.98 Left 0.01 0.01 0.001 -0.4 0.35 -0.02595439851005938 0.22721174963731536
-0.38891314213043815 0.4195919895236275 19 nil_vol 0.6 nil_bias 0.98 Left 0.01 0.01 0.001 -0.380287291347645 0.42213208826106996 -0.008625850782793147 -0.002540098737442496
-0.37388573932065516 0.40726827153938705 19 nil_vol 0.6 nil_bias 0.98 Left 0.01 0.01 0.001 -0.3757487173425106 0.4067196707995461 0.001862978021855405 0.0005486007398409587
-0.21928794845992888 -0.15206154267411312 19 nil_vol 0.6 nil_bias 0.98 Left 0.01 0.01 0.001 -0.2118467974605657 -0.14987030858781225 -0.007441150999363194 -0.0021912340863008734
-0.18013396000992213 -0.21916747111260276 19 nil_vol 0.6 nil_bias 0.98 Left 0.01 0.01 0.001 -0.19053828721045363 -0.22223128696700256 0.010404327200531492 0.003063815854399811
-0.18783666322889525 -0.2406784758244718 19 nil_vol 0.6 nil_bias 0.98 Left 0.01 0.01 0.001 -0.1853239407128114 -0.23993854147464744 -0.00251272251608384 -0.0007399343498243483
-0.16490480630274124 -0.2735171020399494 19 nil_vol 0.6 nil_bias 0.98 Left 0.01 0.01 0.001 -0.17459555009922056 -0.2763707853115658 0.009690743796479323 0.0028536832716163766
-0.1287965497197841 -0.4596374090208331 19 nil_vol 0.6 nil_bias 0.98 Left 0.01 0.01 0.001 -0.12127989427328562 -0.45742394075083614 -0.007516655446498479 -0.0022134682699969576
-0.05102579150915343 -0.6959978978925863 19 nil_vol 0.6 nil_bias 0.98 Home 0.01 0.01 0.001 0.0 -0.75 -0.05102579150915343 0.05400210210741378
-0.07137843486138508 -0.6021293017594673 20 nil_vol 0.6 nil_bias 0.98 Home 0.01 0.01 0.001 -0.08070459754857141 -0.6051769394208925 0.009326162687186335 0.0030476376614251162
-0.14243671815058614 -0.4096870993038494 20 nil_vol 0.6 nil_bias 0.98 Home 0.01 0.01 0.001 -0.14437996967064032 -0.41032212216553243 0.001943251520054174 0.0006350228616830452
-0.15239448541428402 -0.3601435554098179 20 nil_vol 0.6 nil_bias 0.98 Home 0.01 0.01 0.001 -0.15996867640175524 -0.3626186773310728 0.00757419098747122 0.002475121921254855
-0.1709780523848487 -0.3379697763241834 20 nil_vol 0.6 nil_bias 0.98 Home 0.01 0.01 0.001 -0.1683085991285689 -0.33709744259463886 -0.0026694532562797826 -0.0008723337295445179
-0.22330676729998694 -0.24389044151386635 20 nil_vol 0.6 nil_bias 0.98 Home 0.01 0.01 0.001 -0.20113481387461649 -0.236645009222688 -0.022171953425370466 -0.007245432291178362
-0.2712645038548569 0.036345040153611584 20 nil_vol 0.6 nil_bias 0.98 Home 0.01 0.01 0.001 -0.28850268086263736 0.03071188542263037 0.01723817700778044 0.005633154730981215
-0.3838874589485561 0.3296997436339144 20 nil_vol 0.6 nil_bias 0.98 Home 0.01 0.01 0.001 -0.38598322809469987 0.3290148805027773 0.0020957691461438114 0.0006848631311371229
-0.4146352190839818 0.41669365303536493 20 nil_vol 0.6 nil_bias 0.98 Left 0.01 0.01 0.001 -0.4 0.35 -0.014635219083981785 0.06669365303536495
-0.38527746503906224 0.34650148197345 21 nil_vol 0.6 nil_bias 0.98 Left 0.01 0.01 0.001 -0.39357013703937493 0.3440952870983857 0.008292672000312699 0.0024061948750642922
-0.3936162409175236 0.3376394585950212 21 nil_vol 0.6 nil_bias 0.98 Left 0.01 0.01 0.001 -0.3918459630124474 0.33815312097338046 -0.0017702779050762236 -0.0005136623783592718
-0.36880412449867694 0.3073106120185951 21 nil_vol 0.6 nil_bias 0.98 Left 0.01 0.01 0.001 -0.38180237297405467 0.3035390509505718 0.012998248475377734 0.003771561068023285
-0.38070126729743553 0.2975669872280763 21 nil_vol 0.6 nil_bias 0.98 Left 0.01 0.01 0.001 -0.3801185815645554 0.29773605884023896 -0.0005826857328801311 -0.00016907161216268824
-0.33143313458308715 0.1421806281485834 21 nil_vol 0.6 nil_bias 0.98 Left 0.01 0.01 0.001 -0.3347071028844005 0.14123065620378128 0.003273968301313341 0.0009499719448021159
-0.16160633681511594 -0.39705100487966105 21 nil_vol 0.6 nil_bias 0.98 Left 0.01 0.01 0.001 -0.1772063388194523 -0.4015774886079951 0.015600002004336352 0.0045264837283340515
-0.09490564252215139 -0.6573406952279315 21 nil_vol 0.6 nil_bias 0.98 Left 0.01 0.01 0.001 -0.10236617755849892 -0.6595054379271508 0.007460535036347521 0.0021647426992192726
-0.07235064581074362 -0.76295049230682 21 nil_vol 0.6 nil_bias 0.98 Home 0.01 0.01 0.001 0.0 -0.75 -0.07235064581074362 -0.012950492306819985
-0.09765815676591556 -0.6022841631374342 22 nil_vol 0.6 nil_bias 0.98 Home 0.01 0.01 0.001 -0.1002454043996918 -0.6027346219339695 0.002587247633776236 0.0004504587965353354
-0.11296325995585697 -0.4812623851408258 22 nil_vol 0.6 nil_bias 0.98 Home 0.01 0.01 0.001 -0.12114654907815839 -0.48268715582052774 0.008183289122301417 0.0014247706797019376
-0.13597859531450263 -0.35242746593577706 22 nil_vol 0.6 nil_bias 0.98 Home 0.01 0.01 0.001 -0.14359484275767487 -0.35375351049856957 0.007616247443172248 0.0013260445627924836
-0.14123555489342504 -0.33766306826788484 22 nil_vol 0.6 nil_bias 0.98 Home 0.01 0.01 0.001 -0.14624446974717492 -0.338535157095994 0.005008914853749886 0.0008720888281091694
-0.21363778722423357 0.02796105707140756 22 nil_vol 0.6 nil_bias 0.98 Home 0.01 0.01 0.001 -0.21015958572928178 0.02856663747239785 -0.0034782014949517864 -0.0006055804009902877
-0.21781201088287355 0.03966639142343761 22 nil_vol 0.6 nil_bias 0.98 Home 0.01 0.01 0.001 -0.2122604216839704 0.0406329638368198 -0.0055515891989031335 -0.000966572413382196
-0.274490405231919 0.34667202639224953 22 nil_vol 0.6 nil_bias 0.98 Home 0.01 0.01 0.001 -0.26580728264853515 0.34818382174497 -0.008683122583383822 -0.0015117953527204403
-0.2791798545935469 0.4249903030221538 22 nil_vol 0.6 nil_bias 0.98 Left 0.01 0.01 0.001 -0.4 0.35 0.12082014540645314 0.07499030302215383
-0.2636004472995359 0.3765415625124295 23 nil_vol 0.6 nil_bias 0.98 Left 0.01 0.01 0.001 -0.268199158026722 0.37552079142606554 0.004598710727186099 0.001020771086363952
-0.2435801736016545 0.26139026922783326 23 nil_vol 0.6 nil_bias 0.98 Left 0.01 0.01 0.001 -0.2428992716861363 0.26154140832512457 -0.0006809019155181948 -0.00015113909729131712
-0.23342339671079024 0.2376255519181491 23 nil_vol 0.6 nil_bias 0.98 Left 0.01 0.01 0.001 -0.23739501131663948 0.2367439767123278 0.003971614605849236 0.0008815752058212909
-0.1936465247576328 0.05625902486063101 23 nil_vol 0.6 nil_bias 0.98 Left 0.01 0.01 0.001 -0.1971598500166849 0.055479175669371494 0.0035133252590521095 0.0007798491912595148
-0.13873811962078503 -0.14936719112278013 23 nil_vol 0.6 nil_bias 0.98 Left 0.01 0.01 0.001 -0.15108212112325106 -0.15210717642980565 0.012344001502466024 0.002739985307025508
-0.09637978359249022 -0.39059700683250514 23 nil_vol 0.6 nil_bias 0.98 Left 0.01 0.01 0.001 -0.09806190067633852 -0.39097038463009537 0.0016821170838482982 0.00037337779759020383
-0.009504916750351373 -0.7109499565850818 23 nil_vol 0.6 nil_bias 0.98 Left 0.01 0.01 0.001 -0.026213146255968933 -0.7146586650895854 0.01670822950561756 0.0037087085045036986
-0.02027683941181043 -0.7414025240495233 23 nil_vol 0.6 nil_bias 0.98 Home 0.01 0.01 0.001 0.0 -0.75 -0.02027683941181043 0.008597475950476644
-0.17924902668202095 -0.4820514739314993 24 nil_vol 0.6 nil_bias 0.98 Home 0.01 0.01 0.001 -0.18021918504008327 -0.48265115928411584 0.0009701583580623377 0.0005996853526165776
-0.17267832218232027 -0.4705385619567178 24 nil_vol 0.6 nil_bias 0.98 Home 0.01 0.01 0.001 -0.1835517663381074 -0.4772597793111127 0.01087344415578713 0.0067212173543949255
-0.27501184951271423 -0.33755507236300664 24 nil_vol 0.6 nil_bias 0.98 Home 0.01 0.01 0.001 -0.27131872604940926 -0.3352722367538057 -0.0036931234633049968 -0.0022828356092009327
-0.2943978085191356 -0.2996162378748795 24 nil_vol 0.6 nil_bias 0.98 Home 0.01 0.01 0.001 -0.2936460540543025 -0.2991515548284695 -0.000751754464833128 -0.0004646830464100107
-0.30322273057992644 -0.3034499614489102 24 nil_vol 0.6 nil_bias 0.98 Home 0.01 0.01 0.001 -0.2943711448003351 -0.2979785182609631 -0.008851585779591314 -0.005471443187947079
-0.2964465420584241 -0.2947422393985537 24 nil_vol 0.6 nil_bias 0.98 Home 0.01 0.01 0.001 -0.2963923112639185 -0.2947087176411463 -5.4230794505567227e-05 -3.35217574074217e-05
-0.3929066376046055 -0.17390365080351727 24 nil_vol 0.6 nil_bias 0.98 Home 0.01 0.01 0.001 -0.37710377638064774 -0.16413540593227016 -0.015802861223957736 -0.009768244871247098
-0.59994790489899 0.1963771409956786 24 nil_vol 0.6 nil_bias 0.98 Left 0.01 0.01 0.001 -0.4 0.35 -0.19994790489898995 -0.15362285900432138
-0.5698267217098254 0.14346154954989562 25 nil_vol 0.6 nil_bias 0.98 Left 0.01 0.01 0.001 -0.5635816275881811 0.14817298627054407 -0.006245094121644294 -0.0047114367206484535
-0.5178513919963088 0.11289684871777608 25 nil_vol 0.6 nil_bias 0.98 Left 0.01 0.01 0.001 -0.530034489503452 0.1037056512997167 0.01218309750714314 0.009191197418059375
-0.4154984664877054 -0.06035646707514338 25 nil_vol 0.6 nil_bias 0.98 Left 0.01 0.01 0.001 -0.4096124508418264 -0.055915927074922545 -0.005886015645878972 -0.004440540000220839
-0.3676596520552738 -0.08294700685156758 25 nil_vol 0.6 nil_bias 0.98 Left 0.01 0.01 0.001 -0.381399523931518 -0.0933126691832824 0.013739871876244205 0.01036566233171482
-0.30619400464152996 -0.17867632348221316 25 nil_vol 0.6 nil_bias 0.98 Left 0.01 0.01 0.001 -0.3130800754080156 -0.18387132711838927 0.0068860707664856295 0.005195003636176122
-0.16695549247611838 -0.3794871411000377 25 nil_vol 0.6 nil_bias 0.98 Left 0.01 0.01 0.001 -0.16602996058208058 -0.37878889942957383 -0.0009255318940377962 -0.0006982416704638667
-0.05429887710996818 -0.5275849467657238 25 nil_vol 0.6 nil_bias 0.98 Left 0.01 0.01 0.001 -0.053964979794062895 -0.5273330472675833 -0.00033389731590528575 -0.0002518994981404577
0.09226757682265804 -0.7211669314663735 25 nil_vol 0.6 nil_bias 0.98 Home 0.01 0.01 0.001 0.0 -0.75 0.09226757682265804 0.02883306853362659
0.020733435410281113 -0.5550767257668773 26 nil_vol 0.6 nil_bias 0.98 Home 0.01 0.01 0.001 0.02821249353483024 -0.5522407433975404 -0.007479058124549127 -0.0028359823693368965
0.01307588642052003 -0.4716820598366829 26 nil_vol 0.6 nil_bias 0.98 Home 0.01 0.01 0.001 -0.0003972956375062203 -0.47679095271318156 0.01347318205802625 0.005108892876498685
-0.03848326166546066 -0.3885442132368963 26 nil_vol 0.6 nil_bias 0.98 Home 0.01 0.01 0.001 -0.03444080160387181 -0.3870113537146813 -0.00404246006158885 -0.001532859522214991
-0.0474356744097408 -0.3461982232288876 26 nil_vol 0.6 nil_bias 0.98 Home 0.01 0.01 0.001 -0.04960483139148217 -0.34702074537727823 0.0021691569817413672 0.0008225221483906313
-0.16766961199667366 -0.02060479476716454 26 nil_vol 0.6 nil_bias 0.98 Home 0.01 0.01 0.001 -0.17266076935204303 -0.022497390602989387 0.004991157355369356 0.0018925958358248466
-0.20373097821829503 0.014193894322159409 26 nil_vol 0.6 nil_bias 0.98 Home 0.01 0.01 0.001 -0.18873056249590073 0.019881898588605562 -0.015000415722394292 -0.0056880042664461524
-0.20770188369685263 0.13164586824804697 26 nil_vol 0.6 nil_bias 0.98 Home 0.01 0.01 0.001 -0.22816764926951758 0.12388545920020866 0.020465765572664933 0.0077604090478383255
-0.32010295247953025 0.36633741653254714 26 nil_vol 0.6 nil_bias 0.98 Left 0.01 0.01 0.001 -0.4 0.35 0.07989704752046975 0.016337416532547163
-0.30040938352106983 0.29294668838351706 27 nil_vol 0.6 nil_bias 0.98 Left 0.01 0.01 0.001 -0.3029369262258956 0.29236018543142744 0.002527542704825744 0.0005865029520896032
-0.30475844725167966 0.280909494979538 27 nil_vol 0.6 nil_bias 0.98 Left 0.01 0.01 0.001 -0.30050868150118637 0.28189563070479984 -0.00424976575049332 -0.0009861357252618447
-0.2722951999486381 0.0927486971271461 27 nil_vol 0.6 nil_bias 0.98 Left 0.01 0.01 0.001 -0.25741913154799456 0.0962006103295645 -0.014876068400643564 -0.0034519132024184046
-0.14919962221539038 -0.36930118156117725 27 nil_vol 0.6 nil_bias 0.98 Left 0.01 0.01 0.001 -0.14939156130743272 -0.36934572001502386 0.0001919390920423479 4.453845384661708e-05
-0.1103879895345173 -0.5871335887692821 27 nil_vol 0.6 nil_bias 0.98 Left 0.01 0.01 0.001 -0.0994442956829549 -0.5845941623380485 -0.0109436938515624 -0.0025394264312336105
-0.0798179820486214 -0.6610467567701483 27 nil_vol 0.6 nil_bias 0.98 Left 0.01 0.01 0.001 -0.08160751733749655 -0.6614620089942908 0.0017895352888751615 0.000415252224142406
-0.061717513750244354 -0.7052020658525158 27 nil_vol 0.6 nil_bias 0.98 Left 0.01 0.01 0.001 -0.07096019781466756 -0.7073467819353206 0.009242684064423207 0.0021447160828048095
-0.060514198385090257 -0.7523639631085338 27 nil_vol 0.6 nil_bias 0.98 Home 0.01 0.01 0.001 0.0 -0.75 -0.060514198385090257 -0.002363963108533871
-0.08368800222000161 -0.6181837610461003 28 nil_vol 0.6 nil_bias 0.98 Home 0.01 0.01 0.001 -0.09477620602369063 -0.6210774639465922 0.011088203803689026 0.0028937029004920014
-0.1331261616922105 -0.5120022528660049 28 nil_vol 0.6 nil_bias 0.98 Home 0.01 0.01 0.001 -0.12387197111553132 -0.5095871747715228 -0.009254190576679198 -0.002415078094482089
-0.1541454548331329 -0.42478059994909795 28 nil_vol 0.6 nil_bias 0.98 Home 0.01 0.01 0.001 -0.14652317579284868 -0.4227914039208024 -0.0076222790402842204 -0.0019891960282955516
-0.1734444944054347 -0.3426619583440425 28 nil_vol 0.6 nil_bias 0.98 Home 0.01 0.01 0.001 -0.16781786804204973 -0.34119357037823916 -0.005626626363384962 -0.0014683879658033438
-0.1697120276556301 -0.2747661244017254 28 nil_vol 0.6 nil_bias 0.98 Home 0.01 0.01 0.001 -0.18416892305253096 -0.2785389591081188 0.014456895396900865 0.0037728347063934213
-0.19989654983838384 -0.12477886653640402 28 nil_vol 0.6 nil_bias 0.98 Home 0.01 0.01 0.001 -0.22274010959648707 -0.13074037989780107 0.02284355975810323 0.005961513361397046
-0.2408088174498188 -0.034437250373586 28 nil_vol 0.6 nil_bias 0.98 Home 0.01 0.01 0.001 -0.2474220603441603 -0.03616311693266272 0.0066132428943415185 0.0017258665590767195
-0.3144101467444642 0.22052444912652325 28 nil_vol 0.6 nil_bias 0.98 Left 0.01 0.01 0.001 -0.4 0.35 0.0855898532555358 -0.12947555087347673
-0.2661207936230516 0.08088884501791656 29 nil_vol 0.6 nil_bias 0.98 Left 0.01 0.01 0.001 -0.2696846545217644 0.07975651728655955 0.0035638608987128046 0.0011323277313570052
-0.2541459946333712 -0.03953623247274047 29 nil_vol 0.6 nil_bias 0.98 Left 0.01 0.01 0.001 -0.2338329499085595 -0.03308227018187021 -0.020313044724811706 -0.006453962290870256
-0.22157587300538154 -0.09326649764583025 29 nil_vol 0.6 nil_bias 0.98 Left 0.01 0.01 0.001 -0.21534038334729 -0.09128532664642425 -0.006235489658091526 -0.0019811709994060093
-0.2023420796565423 -0.10720161965496207 29 nil_vol 0.6 nil_bias 0.98 Left 0.01 0.01 0.001 -0.2095552185673285 -0.10949341427067322 0.007213138910786205 0.0022917946157111437
-0.2147349830704947 -0.13010579426854468 29 nil_vol 0.6 nil_bias 0.98 Left 0.01 0.01 0.001 -0.20408160024069957 -0.12672094812730034 -0.010653382829795147 -0.0033848461412443365
-0.15882901930671223 -0.3119605299135155 29 nil_vol 0.6 nil_bias 0.98 Left 0.01 0.01 0.001 -0.14647362012053047 -0.30803491061239396 -0.012355399186181747 -0.003925619301121546
-0.06293127627364024 -0.544445485507006 29 nil_vol 0.6 nil_bias 0.98 Left 0.01 0.01 0.001 -0.07058720833297044 -0.5468779665792318 0.0076559320593301925 0.002432481072225855
0.000660955114472217 -0.7711227119685711 29 nil_vol 0.6 nil_bias 0.98 Home 0.01 0.01 0.001 0.0 -0.75 0.000660955114472217 -0.021122711968571073
-0.046599746833203316 -0.6663487153525741 30 nil_vol 0.6 nil_bias 0.98 Home 0.01 0.01 0.001 -0.038810773324364 -0.663492235865629 -0.007788973508839316 -0.002856479486945156
-0.036066013042874275 -0.6586358186641772 30 nil_vol 0.6 nil_bias 0.98 Home 0.01 0.01 0.001 -0.04005525741239041 -0.6600988092234598 0.0039892443695161385 0.0014629905592826158
-0.04858075014922688 -0.6448509661193498 30 nil_vol 0.6 nil_bias 0.98 Home 0.01 0.01 0.001 -0.04599493221939729 -0.6439026594053584 -0.002585817929829591 -0.0009483067139913665
-0.10163169304303618 -0.4889456753294135 30 nil_vol 0.6 nil_bias 0.98 Home 0.01 0.01 0.001 -0.10268167292202181 -0.4893307383910126 0.001049979878985631 0.00038506306159905636
-0.11483853400356246 -0.4348348032003995 30 nil_vol 0.6 nil_bias 0.98 Home 0.01 0.01 0.001 -0.12173909072751517 -0.43736547026559147 0.006900556723952705 0.0025306670651919667
-0.1335445771462042 -0.4051695855270218 30 nil_vol 0.6 nil_bias 0.98 Home 0.01 0.01 0.001 -0.1335461912784446 -0.4051701774837962 1.6141322404095402e-06 5.919567743700996e-07
-0.31368030467938535 0.11305647274448202 30 nil_vol 0.6 nil_bias 0.98 Home 0.01 0.01 0.001 -0.3224217295278022 0.10985069720321994 0.008741424848416855 0.003205775541262087
-0.33033447445572683 0.131426962990348 30 nil_vol 0.6 nil_bias 0.98 Left 0.01 0.01 0.001 -0.4 0.35 0.06966552554427319 -0.21857303700965197
-0.3171223099893512 0.11040153186084375 31 nil_vol 0.6 nil_bias 0.98 Left 0.01 0.01 0.001 -0.32026347866924815 0.10899150088441492 0.00314116867989693 0.001410030976428829
-0.30757708493520197 0.07497165888320158 31 nil_vol 0.6 nil_bias 0.98 Left 0.01 0.01 0.001 -0.30542587041718416 0.07593731193034964 -0.002151214518017793 -0.0009656530471480541
-0.30343022314867335 0.06085785730487531 31 nil_vol 0.6 nil_bias 0.98 Left 0.01 0.01 0.001 -0.29945741409474935 0.06264120114926049 -0.003972809053923971 -0.0017833438443851791
-0.18424887483975205 -0.2176487684424813 31 nil_vol 0.6 nil_bias 0.98 Left 0.01 0.01 0.001 -0.1754181701496627 -0.21368477655741963 -0.00883070469008933 -0.003963991885061666
-0.05008023516634835 -0.46551352857638606 31 nil_vol 0.6 nil_bias 0.98 Left 0.01 0.01 0.001 -0.0603134334280116 -0.4701070821251742 0.010233198261663246 0.004593553548788178
0.043440904138466636 -0.6826459231751486 31 nil_vol 0.6 nil_bias 0.98 Left 0.01 0.01 0.001 0.03649264357853288 -0.6857649096480836 0.006948260559933757 0.0031189864729349046
0.05351377356945789 -0.7148223070418156 31 nil_vol 0.6 nil_bias 0.98 Left 0.01 0.01 0.001 0.05020321890652524 -0.7163083732482471 0.0033105546629326552 0.0014860662064315226
0.06176332980809863 -0.7420611821632151 31 nil_vol 0.6 nil_bias 0.98 Home 0.01 0.01 0.001 0.0 -0.75 0.06176332980809863 0.007938817836784825
0.041697631355529424 -0.7023775696226504 32 nil_vol 0.6 nil_bias 0.43 Home 0.01 0.01 0.001 0.04193477782261673 -0.702259427317893 -0.0002371464670873078 -0.00011814230475736708
-0.13980878112048573 -0.3509767865242593 32 nil_vol 0.6 nil_bias 0.43 Home 0.01 0.01 0.001 -0.13440848974261532 -0.34828645393116164 -0.005400291377870402 -0.0026903325930976653
-0.2572993204292396 -0.11196359522355331 32 nil_vol 0.6 nil_bias 0.43 Home 0.01 0.01 0.001 -0.2531662562511839 -0.10990457349869731 -0.004133064178055728 -0.0020590217248560067
-0.31590581386905225 -0.011658317094740672 32 nil_vol 0.6 nil_bias 0.43 Home 0.01 0.01 0.001 -0.3048538111727248 -0.006152398803965342 -0.01105200269632743 -0.00550591829077533
-0.35564021307854504 0.10180561122669486 32 nil_vol 0.6 nil_bias 0.43 Home 0.01 0.01 0.001 -0.35804083902666933 0.10060966053067488 0.002400625948124317 0.0011959506960199857
-0.3889782845381381 0.16612173660225665 32 nil_vol 0.6 nil_bias 0.43 Home 0.01 0.01 0.001 -0.39033989856578843 0.16544340383435863 0.0013616140276503162 0.000678332767898018
-0.5106843568330968 0.4015444497673091 32 nil_vol 0.6 nil_bias 0.43 Home 0.01 0.01 0.001 -0.5085028197390384 0.40263125415183676 -0.0021815370940582893 -0.0010868043845276806
-0.5554687872889856 0.49690580974545956 32 nil_vol 0.6 nil_bias 0.43 Left 0.01 0.01 0.001 -0.4 0.35 -0.15546878728898558 0.14690580974545958
-0.52299421543179 0.400184237341486 33 nil_vol 0.6 nil_bias 0.43 Left 0.01 0.01 0.001 -0.5151161896826182 0.40359097101107766 -0.00787802574917185 -0.0034067336695916424
-0.3656792781599673 0.03954895043848946 33 nil_vol 0.6 nil_bias 0.43 Left 0.01 0.01 0.001 -0.35895006040554955 0.0424588993805069 -0.006729217754417738 -0.0029099489420174405
-0.19545461443871673 -0.34146109641470707 33 nil_vol 0.6 nil_bias 0.43 Left 0.01 0.01 0.001 -0.19332742136103614 -0.3405412237828845 -0.0021271930776805793 -0.0009198726318225722
-0.11564550979419802 -0.5029233032013455 33 nil_vol 0.6 nil_bias 0.43 Left 0.01 0.01 0.001 -0.12193213598586705 -0.5056418600831312 0.006286626191669034 0.002718556881785637
-0.09998633350552152 -0.5353741686399278 33 nil_vol 0.6 nil_bias 0.43 Left 0.01 0.01 0.001 -0.10764304220793841 -0.5386851970835098 0.007656708702416888 0.0033110284435819443
-0.08798463511020414 -0.5560697738267613 33 nil_vol 0.6 nil_bias 0.43 Left 0.01 0.01 0.001 -0.09821269633250646 -0.5604927449682715 0.010228061222302309 0.004422971141510272
-0.0940389196803744 -0.5645833551779086 33 nil_vol 0.6 nil_bias 0.43 Left 0.01 0.01 0.001 -0.0960649128228015 -0.5654594654208072 0.002025993142427098 0.0008761102428985743
-0.018936419857025603 -0.7438180670933694 33 nil_vol 0.6 nil_bias 0.43 Home 0.01 0.01 0.001 0.0 -0.75 -0.018936419857025603 0.00618193290663057
0.03589414416887731 -0.5926796295362291 34 nil_vol 0.6 nil_bias 0.43 Home 0.01 0.01 0.001 0.03122853662160231 -0.5911465991494292 0.0046656075472750035 -0.0015330303867999086
0.026679564881986872 -0.5895147663204156 34 nil_vol 0.6 nil_bias 0.43 Home 0.01 0.01 0.001 0.031269203284134614 -0.5910228346831362 -0.004589638402147741 0.001508068362720681
0.08516846283376166 -0.4245855134968346 34 nil_vol 0.6 nil_bias 0.43 Home 0.01 0.01 0.001 0.08588048490761238 -0.4248194704819057 -0.0007120220738507286 0.00023395698507110559
0.13443931160095823 -0.2805803650929232 34 nil_vol 0.6 nil_bias 0.43 Home 0.01 0.01 0.001 0.13338820936375526 -0.2802349927801134 0.0010511022372029842 -0.0003453723128098673
0.2115067571730083 -0.029394888986470108 34 nil_vol 0.6 nil_bias 0.43 Home 0.01 0.01 0.001 0.21539024033978282 -0.030670928096268035 -0.00388348316677453 0.0012760391097979284
0.25370374160369685 0.09661908086473352 34 nil_vol 0.6 nil_bias 0.43 Home 0.01 0.01 0.001 0.2568731433668478 0.09557767539681639 -0.003169401763150972 0.0010414054679171363
0.29715168352895244 0.21865619754140486 34 nil_vol 0.6 nil_bias 0.43 Home 0.01 0.01 0.001 0.2972985600281758 0.21860793670203194 -0.00014687649922333733 4.82608393729301e-05
0.31153583309160937 0.2619374944389984 34 nil_vol 0.6 nil_bias 0.43 Right 0.01 0.01 0.001 0.4 0.35 -0.08846416690839065 -0.08806250556100159
0.3196892538367401 0.24678643295458672 35 nil_vol 0.6 nil_bias 0.43 Right 0.01 0.01 0.001 0.30768724196729774 0.2510156478612075 0.012002011869442303 -0.00422921490662078
0.2582695516660831 0.1639641941429449 35 nil_vol 0.6 nil_bias 0.43 Right 0.01 0.01 0.001 0.27494222227506826 0.15808915353810885 -0.016672670608985127 0.005875040604836075
0.21249833818798683 -0.03767063409255688 35 nil_vol 0.6 nil_bias 0.43 Right 0.01 0.01 0.001 0.20668331261964576 -0.03562156156342333 0.005815025568341062 -0.0020490725291335476
0.10980953575634078 -0.3236960039967827 35 nil_vol 0.6 nil_bias 0.43 Right 0.01 0.01 0.001 0.10568506667846181 -0.3222426421524678 0.004124469077878971 -0.0014533618443149186
0.06021893774546939 -0.4348456371093381 35 nil_vol 0.6 nil_bias 0.43 Right 0.01 0.01 0.001 0.06536726967250533 -0.43665978313476306 -0.00514833192703595 0.0018141460254249746
0.024540605272431088 -0.5514855100255018 35 nil_vol 0.6 nil_bias 0.43 Right 0.01 0.01 0.001 0.024865193387145657 -0.5515998869239915 -0.0003245881147145675 0.00011437689848965066
-0.040178052158486695 -0.7495562102933827 35 nil_vol 0.6 nil_bias 0.43 Right 0.01 0.01 0.001 -0.04436933884942845 -0.7480793035594057 0.004191286690941755 -0.0014769067339770777
-0.051302136186522594 -0.7677537627120917 35 nil_vol 0.6 nil_bias 0.43 Home 0.01 0.01 0.001 0.0 -0.75 -0.051302136186522594 -0.017753762712091704
-0.08107452538838102 -0.7105724400394908 36 nil_vol 0.6 nil_bias 0.43 Home 0.01 0.01 0.001 -0.07160049775672779 -0.7073868027549569 -0.00947402763165323 -0.0031856372845338763
-0.19497324782801967 -0.37708128897258286 36 nil_vol 0.6 nil_bias 0.43 Home 0.01 0.01 0.001 -0.1839157695267046 -0.37336321715359166 -0.011057478301315076 -0.0037180718189911794
-0.2518968695523947 -0.18105171962470842 36 nil_vol 0.6 nil_bias 0.43 Home 0.01 0.01 0.001 -0.2489173003386348 -0.1800498408939044 -0.002979569213759903 -0.0010018787308040075
-0.30896770721435146 -0.08179560550624655 36 nil_vol 0.6 nil_bias 0.43 Home 0.01 0.01 0.001 -0.2846991357657743 -0.07363530990074696 -0.024268571448577112 -0.008160295605499591
-0.33817140861083234 0.06707847416605611 36 nil_vol 0.6 nil_bias 0.43 Home 0.01 0.01 0.001 -0.33263953325481965 0.06893856462311054 -0.005531875356012704 -0.0018600904570544327
-0.3406470345055117 0.10904184252433849 36 nil_vol 0.6 nil_bias 0.43 Home 0.01 0.01 0.001 -0.34556787296030855 0.10738721293465958 0.004920838454796863 0.001654629589678901
-0.3548584770273758 0.15728777309664074 36 nil_vol 0.6 nil_bias 0.43 Home 0.01 0.01 0.001 -0.3615862458550193 0.15502556402861356 0.00672776882764355 0.0022622090680271857
-0.3713153864908395 0.18395985220495498 36 nil_vol 0.6 nil_bias 0.43 Left 0.01 0.01 0.001 -0.4 0.35 0.028684613509160517 -0.166040147795045
-0.34094353778269787 0.11371287887436227 37 nil_vol 0.6 nil_bias 0.43 Left 0.01 0.01 0.001 -0.34231946912849165 0.11314945327302857 0.0013759313457937566 0.0005634256013337001
-0.3340264793258272 0.09142159880450401 37 nil_vol 0.6 nil_bias 0.43 Left 0.01 0.01 0.001 -0.3335089760815155 0.09163350950594258 -0.0005175032443117246 -0.00021191070143857256
-0.22834660149666383 -0.1384461454492542 37 nil_vol 0.6 nil_bias 0.43 Left 0.01 0.01 0.001 -0.237722303188776 -0.14228537069835723 0.009375701692112161 0.003839225249103016
-0.21637097871991162 -0.22411635968345983 37 nil_vol 0.6 nil_bias 0.43 Left 0.01 0.01 0.001 -0.20595940648823197 -0.21985295921410047 -0.010411572231679664 -0.004263400469359367
-0.15979945344682514 -0.27592804400730403 37 nil_vol 0.6 nil_bias 0.43 Left 0.01 0.01 0.001 -0.17966616657640214 -0.2840631990248668 0.019866713129577003 0.008135155017562816
-0.08608517209968435 -0.49249197970352243 37 nil_vol 0.6 nil_bias 0.43 Left 0.01 0.01 0.001 -0.09313520555735122 -0.4953788747164543 0.007050033457666879 0.0028868950129318943
-0.05014136307652699 -0.6047766658433233 37 nil_vol 0.6 nil_bias 0.43 Left 0.01 0.01 0.001 -0.048597189865298374 -0.6041443474338624 -0.0015441732112286145 -0.0006323184094610228
0.026891829385740168 -0.788494699290193 37 nil_vol 0.6 nil_bias 0.43 Home 0.01 0.01 0.001 0.0 -0.75 0.026891829385740168 -0.038494699290193016
-0.10395701513961468 -0.4817784316091563 38 nil_vol 0.6 nil_bias 0.43 Home 0.01 0.01 0.001 -0.11481423447881328 -0.4868794125093379 0.010857219339198598 0.005100980900181613
-0.14371750433933714 -0.4449979252027428 38 nil_vol 0.6 nil_bias 0.43 Home 0.01 0.01 0.001 -0.13615947494821956 -0.44144698252003306 -0.007558029391117571 -0.0035509426827097447
-0.18281697925834936 -0.3273555261030429 38 nil_vol 0.6 nil_bias 0.43 Home 0.01 0.01 0.001 -0.18850649355036814 -0.3300285957747698 0.00568951429201879 0.002673069671726864
-0.28250943960844915 -0.1273872941534698 38 nil_vol 0.6 nil_bias 0.43 Home 0.01 0.01 0.001 -0.2834947285851499 -0.1278502064419933 0.0009852889767007515 0.0004629122885234994
-0.2743490238411128 -0.11284732675352484 38 nil_vol 0.6 nil_bias 0.43 Home 0.01 0.01 0.001 -0.28761514860101756 -0.11908006894151635 0.013266124759904734 0.0062327421879915116
-0.3605597136175808 0.011828996630608902 38 nil_vol 0.6 nil_bias 0.43 Home 0.01 0.01 0.001 -0.3511880113273762 0.016232046149183943 -0.009371702290204615 -0.0044030495185750414
-0.38345309908632264 0.06318442035830898 38 nil_vol 0.6 nil_bias 0.43 Home 0.01 0.01 0.001 -0.375092770616436 0.06711230230596099 -0.008360328469886661 -0.003927881947652007
-0.4006530138617937 0.12151618514901125 38 nil_vol 0.6 nil_bias 0.43 Left 0.01 0.01 0.001 -0.4 0.35 -0.0006530138617936573 -0.22848381485098873
-0.34854904844669204 -0.005986606532430235 39 nil_vol 0.6 nil_bias 0.43 Left 0.01 0.01 0.001 -0.34166078747031386 -0.00271567547727615 -0.006888260976378177 -0.003270931055154085
-0.2444164670505274 -0.18997033126275054 39 nil_vol 0.6 nil_bias 0.43 Left 0.01 0.01 0.001 -0.2512099649770222 -0.19319626352883323 0.0067934979264948105 0.0032259322660827105
-0.24608928847249167 -0.22982073609914744 39 nil_vol 0.6 nil_bias 0.43 Left 0.01 0.01 0.001 -0.23607640552345435 -0.2250660600057266 -0.010012882949037316 -0.004754676093420834
-0.17589960615832773 -0.34052859816497116 39 nil_vol 0.6 nil_bias 0.43 Left 0.01 0.01 0.001 -0.18026418315047948 -0.34260114310413614 0.004364576992151768 0.0020725449391649814
-0.1856309962868741 -0.3629829828086917 39 nil_vol 0.6 nil_bias 0.43 Left 0.01 0.01 0.001 -0.17335405188910447 -0.3571532038803417 -0.01227694439776963 -0.005829778928349934
-0.17400916537240635 -0.3707984147095778 39 nil_vol 0.6 nil_bias 0.43 Left 0.01 0.01 0.001 -0.16818730399587173 -0.36803386974814084 -0.005821861376534612 -0.0027645449614369664
-0.10083028520467062 -0.4927943075422959 39 nil_vol 0.6 nil_bias 0.43 Left 0.01 0.01 0.001 -0.10745115288127666 -0.495938265323475 0.006620867676606037 0.003143957781179106
-0.009318304043921938 -0.7025964497208609 39 nil_vol 0.6 nil_bias 0.43 Home 0.01 0.01 0.001 0.0 -0.75 -0.009318304043921938 0.047403550279139124
0.009560289982597255 -0.6772071969118051 40 nil_vol 0.6 nil_bias 0.43 Home 0.01 0.01 0.001 0.007232501041868945 -0.6757709945865878 0.0023277889407283107 -0.0014362023252172454
0.05180605603409761 -0.6117025552992126 40 nil_vol 0.6 nil_bias 0.43 Home 0.01 0.01 0.001 0.04815236716472511 -0.6094482974676708 0.003653688869372502 -0.002254257831541787
0.24551928049286034 -0.3071192613001067 40 nil_vol 0.6 nil_bias 0.43 Home 0.01 0.01 0.001 0.23767122626124848 -0.30227715833335517 0.007848054231611865 -0.004842102966751551
0.3155115147113076 -0.14149773029188054 40 nil_vol 0.6 nil_bias 0.43 Home 0.01 0.01 0.001 0.33098058399963315 -0.15104185729245334 -0.015469069288325558 0.009544127000572807
0.4060060904770084 -0.029404069434849096 40 nil_vol 0.6 nil_bias 0.43 Home 0.01 0.01 0.001 0.4060225594156233 -0.02941423046256031 -1.64689386149118e-05 1.0161027711213381e-05
0.42782095280815635 0.023786384615076542 40 nil_vol 0.6 nil_bias 0.43 Home 0.01 0.01 0.001 0.43580651435748397 0.018859442200047538 -0.007985561549327619 0.004926942415029005
0.5640197068531628 0.2297896075348235 40 nil_vol 0.6 nil_bias 0.43 Home 0.01 0.01 0.001 0.5654152523919875 0.22892858198704358 -0.0013955455388247396 0.0008610255477799248
0.5688624105285182 0.23451571720209335 40 nil_vol 0.6 nil_bias 0.43 Right 0.01 0.01 0.001 0.4 0.35 0.1688624105285181 -0.11548428279790662
0.521642687812526 0.12747108870057464 41 nil_vol 0.6 nil_bias 0.43 Right 0.01 0.01 0.001 0.5157730596730397 0.130465951253582 0.005869628139486321 -0.0029948625530073795
0.4486429746678615 -0.010138131537578707 41 nil_vol 0.6 nil_bias 0.43 Right 0.01 0.01 0.001 0.44498490880919206 -0.008271675231281472 0.00365806585866946 -0.001866456306297235
0.3321567388208299 -0.19396732019348367 41 nil_vol 0.6 nil_bias 0.43 Right 0.01 0.01 0.001 0.3465026162114881 -0.2012870225607068 -0.014345877390658197 0.007319702367223118
0.32326695328891536 -0.2607498077627668 41 nil_vol 0.6 nil_bias 0.43 Right 0.01 0.01 0.001 0.31763031228186295 -0.257873822321167 0.005636641007052409 -0.0028759854415997804
0.23024507174635608 -0.4097074159892367 41 nil_vol 0.6 nil_bias 0.43 Right 0.01 0.01 0.001 0.23811213026197653 -0.4137214281874288 -0.007867058515620452 0.004014012198192069
0.09061927762214056 -0.6640895048575438 41 nil_vol 0.6 nil_bias 0.43 Right 0.01 0.01 0.001 0.10628769519154913 -0.6720840073930334 -0.015668417569408566 0.00799450253548962
0.029848301245402244 -0.8190933016886435 41 nil_vol 0.6 nil_bias 0.43 Right 0.01 0.01 0.001 0.030983544569593624 -0.8196725373130096 -0.0011352433241913794 0.0005792356243661322
0.03055364250730176 -0.8205151019373922 41 nil_vol 0.6 nil_bias 0.43 Home 0.01 0.01 0.001 0.0 -0.75 0.03055364250730176 -0.07051510193739224
0.05546863721507961 -0.6993937968323564 42 nil_vol 0.6 nil_bias 0.43 Home 0.01 0.01 0.001 0.057809405550596736 -0.6999228476196815 -0.002340768335517129 0.0005290507873251774
0.10720342981530041 -0.4944308053704566 42 nil_vol 0.6 nil_bias 0.43 Home 0.01 0.01 0.001 0.10439721806240033 -0.49379655698510966 0.0028062117529000807 -0.0006342483853469275
0.14852969906133182 -0.2866669692570372 42 nil_vol 0.6 nil_bias 0.43 Home 0.01 0.01 0.001 0.15108144058498896 -0.2872437033326214 -0.0025517415236571387 0.0005767340755841654
0.192433597490915 -0.12593605870431812 42 nil_vol 0.6 nil_bias 0.43 Home 0.01 0.01 0.001 0.18777738216480977 -0.12488368015542284 0.004656215326105208 -0.0010523785488952722
0.20269498450757378 -0.019587740306828243 42 nil_vol 0.6 nil_bias 0.43 Home 0.01 0.01 0.001 0.21114431671903497 -0.021497423461294685 -0.008449332211461175 0.0019096831544664435
0.261290255080727 0.09484997584415508 42 nil_vol 0.6 nil_bias 0.43 Home 0.01 0.01 0.001 0.23859977679123973 0.09997838399189518 0.02269047828948726 -0.0051284081477401015
0.2666119258506583 0.2544684454783365 42 nil_vol 0.6 nil_bias 0.43 Home 0.01 0.01 0.001 0.2731813929270606 0.25298364167424303 -0.006569467076402343 0.00148480380409352
0.2968926380485196 0.35789328949200905 42 nil_vol 0.6 nil_bias 0.43 Right 0.01 0.01 0.001 0.4 0.35 -0.1031073619514804 0.007893289492009063
0.2969891752956554 0.3314238512108248 43 nil_vol 0.6 nil_bias 0.43 Right 0.01 0.01 0.001 0.2901179534354942 0.3333180487707471 0.00687122186016118 -0.0018941975599223214
0.20779767756118725 0.07516817207381671 43 nil_vol 0.6 nil_bias 0.43 Right 0.01 0.01 0.001 0.2181655785165792 0.07231004100325933 -0.010367900955391954 0.00285813107055738
0.19053101176991985 -0.005003112406694767 43 nil_vol 0.6 nil_bias 0.43 Right 0.01 0.01 0.001 0.1964060986730754 -0.006622704307927274 -0.00587508690315554 0.0016195919012325075
0.15415798719501353 -0.1156792543105087 43 nil_vol 0.6 nil_bias 0.43 Right 0.01 0.01 0.001 0.16548180641125695 -0.1188009044573003 -0.01132381921624342 0.0031216501467915972
0.12922821850204655 -0.2001019124307359 43 nil_vol 0.6 nil_bias 0.43 Right 0.01 0.01 0.001 0.1420918952276527 -0.20364805685179543 -0.012863676725606142 0.0035461444210595095
0.07907234172489343 -0.42635522799512454 43 nil_vol 0.6 nil_bias 0.43 Right 0.01 0.01 0.001 0.08058314288895749 -0.42677171227357436 -0.0015108011640640598 0.0004164842784498325
0.06017532235098016 -0.508406354401693 43 nil_vol 0.6 nil_bias 0.43 Right 0.01 0.01 0.001 0.058226897773040215 -0.5078692299780698 0.0019484245779399403 -0.0005371244236232448
-0.005190221443435876 -0.7379155066117321 43 nil_vol 0.6 nil_bias 0.43 Home 0.01 0.01 0.001 0.0 -0.75 -0.005190221443435876 0.012084493388267895
-0.11019197229852558 -0.324623482808041 44 nil_vol 0.6 nil_bias 0.43 Home 0.01 0.01 0.001 -0.11420641193555213 -0.3256851195284334 0.004014439637026552 0.0010616367203923655
-0.11705726187738219 -0.2998988740646879 44 nil_vol 0.6 nil_bias 0.43 Home 0.01 0.01 0.001 -0.12076630483538715 -0.3008797472519224 0.003709042958004963 0.0009808731872345108
-0.15360133559586095 -0.23073478967275265 44 nil_vol 0.6 nil_bias 0.43 Home 0.01 0.01 0.001 -0.14025018483310675 -0.22720401746272811 -0.013351150762754204 -0.0035307722100245526
-0.16036019771350266 -0.1495808679659573 44 nil_vol 0.6 nil_bias 0.43 Home 0.01 0.01 0.001 -0.1607506697026032 -0.14968413004968384 0.00039047198910054223 0.00010326208372654161
-0.23269767168127647 0.06767523137014732 44 nil_vol 0.6 nil_bias 0.43 Home 0.01 0.01 0.001 -0.21917786017650226 0.07125060667629657 -0.013519811504774222 -0.0035753753061492457
-0.27789820199578014 0.30136564496187124 44 nil_vol 0.6 nil_bias 0.43 Home 0.01 0.01 0.001 -0.2798932937939918 0.3008380339115021 0.001995091798211657 0.0005276110503691505
-0.28729808557536374 0.3364913341271734 44 nil_vol 0.6 nil_bias 0.43 Home 0.01 0.01 0.001 -0.2891896794290312 0.3359910935763878 0.0018915938536674338 0.0005002405507856358
-0.2906845582019037 0.3416437810570459 44 nil_vol 0.6 nil_bias 0.43 Left 0.01 0.01 0.001 -0.4 0.35 0.10931544179809634 -0.00835621894295408
-0.29211972372455963 0.3360441497365058 45 nil_vol 0.6 nil_bias 0.43 Left 0.01 0.01 0.001 -0.2894356554818201 0.336725752092539 -0.0026840682427395138 -0.0006816023560331869
-0.270337149421728 0.2871191764935147 45 nil_vol 0.6 nil_bias 0.43 Left 0.01 0.01 0.001 -0.27644452657990715 0.2855682462325354 0.00610737715817918 0.0015509302609792825
-0.25730434046577694 0.25899253750811607 45 nil_vol 0.6 nil_bias 0.43 Left 0.01 0.01 0.001 -0.2689451082561459 0.25603643727727676 0.011640767790368996 0.0029561002308393118
-0.2626107699091849 0.16448373569897576 45 nil_vol 0.6 nil_bias 0.43 Left 0.01 0.01 0.001 -0.24672058877152858 0.16851894789245045 -0.015890181137656337 -0.004035212193474688
-0.21733776676102362 0.10317163947332766 45 nil_vol 0.6 nil_bias 0.43 Left 0.01 0.01 0.001 -0.2293513247302642 0.10012087150633364 0.012013557969240588 0.003050767966994026
-0.15914186415765333 -0.23082180100644567 45 nil_vol 0.6 nil_bias 0.43 Left 0.01 0.01 0.001 -0.1461484153847508 -0.2275221958937353 -0.012993448772902542 -0.0032996051127103907
-0.02448197134851204 -0.7039738363716823 45 nil_vol 0.6 nil_bias 0.43 Left 0.01 0.01 0.001 -0.025115635519427137 -0.7041347514277723 0.0006336641709150972 0.0001609150560898993
-0.013144222698770483 -0.7512767377901032 45 nil_vol 0.6 nil_bias 0.43 Home 0.01 0.01 0.001 0.0 -0.75 -0.013144222698770483 -0.0012767377901031515
-0.031513725183461995 -0.6464047327664024 46 nil_vol 0.6 nil_bias 0.43 Home 0.01 0.01 0.001 -0.038733087934258774 -0.648196890055891 0.007219362750796779 0.0017921572894885954
-0.13272596643997125 -0.23471079912067888 46 nil_vol 0.6 nil_bias 0.43 Home 0.01 0.01 0.001 -0.1408759351217202 -0.23673397295004328 0.00814996868174895 0.0020231738293643876
-0.15550390628068303 -0.19284809641203735 46 nil_vol 0.6 nil_bias 0.43 Home 0.01 0.01 0.001 -0.15198702932214792 -0.19197505582728802 -0.0035168769585351236 -0.0008730405847493369
-0.1851525939172298 -0.07833438086378053 46 nil_vol 0.6 nil_bias 0.43 Home 0.01 0.01 0.001 -0.18048517554464494 -0.07717572626388558 -0.004667418372584871 -0.0011586545998949537
-0.17492647383861679 -0.04030544112952579 46 nil_vol 0.6 nil_bias 0.43 Home 0.01 0.01 0.001 -0.18878400532783135 -0.043745478281000505 0.013857531489214564 0.003440037151474717
-0.1809188701830048 -0.03769065762825592 46 nil_vol 0.6 nil_bias 0.43 Home 0.01 0.01 0.001 -0.18974327227331872 -0.03988125492575134 0.008824402090313928 0.002190597297495417
-0.26373576012480837 0.19326697073980795 46 nil_vol 0.6 nil_bias 0.43 Home 0.01 0.01 0.001 -0.24855615804399 0.19703520284833753 -0.015179602080818339 -0.003768232108529577
-0.2848642665059356 0.343295471028737 46 nil_vol 0.6 nil_bias 0.43 Left 0.01 0.01 0.001 -0.4 0.35 0.11513573349406443 -0.006704528971262998
-0.2823040027018144 0.3359834216238702 47 nil_vol 0.6 nil_bias 0.43 Left 0.01 0.01 0.001 -0.28284500829065834 0.3358369541692325 0.0005410055888439331 0.00014646745463770333
-0.2392639850732813 0.20497410608270317 47 nil_vol 0.6 nil_bias 0.43 Left 0.01 0.01 0.001 -0.24685954268508475 0.2029177465683178 0.007595557611803433 0.00205635951438537
-0.17857328189588373 -0.08250726953747854 47 nil_vol 0.6 nil_bias 0.43 Left 0.01 0.01 0.001 -0.17019964625371908 -0.08024025950308644 -0.008373635642164633 -0.002267010034392102
-0.15347088580319732 -0.12739254448913728 47 nil_vol 0.6 nil_bias 0.43 Left 0.01 0.01 0.001 -0.15716337614276346 -0.128392219302971 0.0036924903395661357 0.0009996748138337195
-0.10907455598285773 -0.2821234767815359 47 nil_vol 0.6 nil_bias 0.43 Left 0.01 0.01 0.001 -0.1151016639862763 -0.2837552070007627 0.0060271080034185786 0.0016317302192268262
-0.03853478745463366 -0.5433600333294644 47 nil_vol 0.6 nil_bias 0.43 Left 0.01 0.01 0.001 -0.04438925628956222 -0.5449450246238059 0.005854468834928563 0.0015849912943415299
-0.038557021602389545 -0.622643417421753 47 nil_vol 0.6 nil_bias 0.43 Left 0.01 0.01 0.001 -0.024392056781283422 -0.618808510010143 -0.014164964821106124 -0.003834907411609987
0.005243348541980071 -0.7282725540682529 47 nil_vol 0.6 nil_bias 0.43 Home 0.01 0.01 0.001 0.0 -0.75 0.005243348541980071 0.02172744593174718
0.021824797439514224 -0.7292729607998107 48 nil_vol 0.6 nil_bias 0.43 Home 0.01 0.01 0.001 0.00870077661662111 -0.7220180878305367 0.013124020822893111 -0.007254872969274038
0.0482675158415707 -0.656624677121785 48 nil_vol 0.6 nil_bias 0.43 Home 0.01 0.01 0.001 0.04564976174209855 -0.6551775997578616 0.0026177540994721427 -0.0014470773639233066
0.0855043390838715 -0.6129276903411274 48 nil_vol 0.6 nil_bias 0.43 Home 0.01 0.01 0.001 0.07286697052287852 -0.6059418355628438 0.012637368560992991 -0.006985854778283623
0.15134548598783334 -0.45696297487203 48 nil_vol 0.6 nil_bias 0.43 Home 0.01 0.01 0.001 0.1543142995321852 -0.45860411560354747 -0.002968813544351856 0.0016411407315174412
0.32092838043712035 -0.12152084521502264 48 nil_vol 0.6 nil_bias 0.43 Home 0.01 0.01 0.001 0.33603533628742116 -0.12987187171257153 -0.015106955850300821 0.008351026497548887
0.46808012047403497 0.09488436189929594 48 nil_vol 0.6 nil_bias 0.43 Home 0.01 0.01 0.001 0.4621049960595658 0.09818737163903712 0.005975124414469202 -0.003303009739741178
0.5055144857083551 0.1780156180863349 48 nil_vol 0.6 nil_bias 0.43 Home 0.01 0.01 0.001 0.5060652318250232 0.1777111692311656 -0.0005507461166680927 0.00030444885516930985
0.6445179593290873 0.4281713063617967 48 nil_vol 0.6 nil_bias 0.43 Right 0.01 0.01 0.001 0.4 0.35 0.2445179593290872 0.07817130636179671
0.5797986224974175 0.3379521589437914 49 nil_vol 0.6 nil_bias 0.43 Right 0.01 0.01 0.001 0.5897722477706997 0.33225930305921564 -0.009973625273282112 0.005692855884575752
0.5392576794615084 0.22295678071240438 49 nil_vol 0.6 nil_bias 0.43 Right 0.01 0.01 0.001 0.5303013437204791 0.22806897685277291 0.00895633574102933 -0.005112196140368542
0.4153531578472015 0.003336422982847819 49 nil_vol 0.6 nil_bias 0.43 Right 0.01 0.01 0.001 0.4053010257017605 0.009074089886175862 0.010052132145441 -0.005737666903328043
0.3552382778820502 -0.0920070144457219 49 nil_vol 0.6 nil_bias 0.43 Right 0.01 0.01 0.001 0.3494806776288939 -0.08872062784264578 0.005757600253156318 -0.003286386603076125
0.20376684693896757 -0.34473370398209546 49 nil_vol 0.6 nil_bias 0.43 Right 0.01 0.01 0.001 0.20345297074601504 -0.3445545462653057 0.00031387619295252835 -0.00017915771678977664
0.15302977050069802 -0.4291968037976402 49 nil_vol 0.6 nil_bias 0.43 Right 0.01 0.01 0.001 0.15462137911665158 -0.4301052797256004 -0.001591608615953553 0.0009084759279602383
0.0316524055673395 -0.6372285165980532 49 nil_vol 0.6 nil_bias 0.43 Right 0.01 0.01 0.001 0.03523128500569128 -0.6392713088939888 -0.0035788794383517786 0.002042792295935479
-0.014690641841703496 -0.7267322601970312 49 nil_vol 0.6 nil_bias 0.43 Home 0.01 0.01 0.001 0.0 -0.75 -0.014690641841703496 0.023267739802968816
0.015168454981226605 -0.6557138839241781 50 nil_vol 0.6 nil_bias 0.43 Home 0.01 0.01 0.001 0.019641926569529913 -0.6579467039780298 -0.004473471588303308 0.0022328200538517372
0.07572737422333095 -0.5477500726743653 50 nil_vol 0.6 nil_bias 0.43 Home 0.01 0.01 0.001 0.0748598954239344 -0.5473170926003108 0.0008674787993965519 -0.0004329800740544064
0.1465534066110684 -0.40385765424209935 50 nil_vol 0.6 nil_bias 0.43 Home 0.01 0.01 0.001 0.14648186407508362 -0.4038219455970578 7.154253598476406e-05 -3.5708645041552016e-05
0.2238617451233384 -0.23470021894937795 50 nil_vol 0.6 nil_bias 0.43 Home 0.01 0.01 0.001 0.22949204101900642 -0.2375104385599902 -0.00563029589566803 0.0028102196106122544
0.41540399849994225 0.09060179450746633 50 nil_vol 0.6 nil_bias 0.43 Home 0.01 0.01 0.001 0.39767715941459675 0.09944969730954367 0.017726839085345492 -0.00884790280207734
0.42095199199763256 0.17191304999553225 50 nil_vol 0.6 nil_bias 0.43 Home 0.01 0.01 0.001 0.43127394555609305 0.1667611082774899 -0.010321953558460512 0.005151941718042338
0.5350099782535054 0.3922739840595245 50 nil_vol 0.6 nil_bias 0.43 Home 0.01 0.01 0.001 0.5420733266604236 0.3887484925795863 -0.0070633484069182444 0.003525491479938168
0.5435207937917604 0.39164850374522775 50 nil_vol 0.6 nil_bias 0.43 Right 0.01 0.01 0.001 0.4 0.35 0.14352079379176041 0.04164850374522777
0.40095075352583764 0.14646057451298075 51 nil_vol 0.6 nil_bias 0.43 Right 0.01 0.01 0.001 0.4192795728960862 0.13750046258095883 -0.018328819370248575 0.008960111932021928
0.2579695671944519 -0.19722469734122727 51 nil_vol 0.6 nil_bias 0.43 Right 0.01 0.01 0.001 0.25609573146970005 -0.19630866573565364 0.001873835724751853 -0.00091603160557364
0.21565349955608 -0.2566039029579868 51 nil_vol 0.6 nil_bias 0.43 Right 0.01 0.01 0.001 0.2245048913916895 -0.2609309389770106 -0.008851391835609491 0.004327036019023766
0.1967296345609756 -0.29530509939558963 51 nil_vol 0.6 nil_bias 0.43 Right 0.01 0.01 0.001 0.20558477166430317 -0.2996339663027514 -0.00885513710332755 0.004328866907161802
0.1815232850600914 -0.35944366371904046 51 nil_vol 0.6 nil_bias 0.43 Right 0.01 0.01 0.001 0.17734507700967322 -0.35740113107955196 0.004178208050418197 -0.0020425326394885213
0.06317461802318265 -0.6023701838059096 51 nil_vol 0.6 nil_bias 0.43 Right 0.01 0.01 0.001 0.05866801729944027 -0.600167115179285 0.004506600723742384 -0.00220306862662454
0.040359208117778794 -0.6508242559711894 51 nil_vol 0.6 nil_bias 0.43 Right 0.01 0.01 0.001 0.03514916908298049 -0.6482773088940759 0.0052100390347983045 -0.0025469470771135212
-0.019980711798769053 -0.7610510818392189 51 nil_vol 0.6 nil_bias 0.43 Home 0.01 0.01 0.001 0.0 -0.75 -0.019980711798769053 -0.011051081839218838
0.18943734668271603 -0.28136856165611085 52 nil_vol 0.6 nil_bias 0.43 Home 0.01 0.01 0.001 0.19194284716110654 -0.2824780570745316 -0.002505500478390509 0.0011094954184207642
0.23985484960045325 -0.18927712284134476 52 nil_vol 0.6 nil_bias 0.43 Home 0.01 0.01 0.001 0.23430310391259326 -0.1868186773299415 0.005551745687859984 -0.002458445511403268
0.3169931203260135 -0.012044173125988315 52 nil_vol 0.6 nil_bias 0.43 Home 0.01 0.01 0.001 0.31256562668392573 -0.010083573256480793 0.00442749364208779 -0.0019605998695075223
0.3233185816262078 0.03340429119357492 52 nil_vol 0.6 nil_bias 0.43 Home 0.01 0.01 0.001 0.33042882275227947 0.030255706700663132 -0.007110241126071679 0.0031485844929117885
0.36684840868327395 0.08172201499404233 52 nil_vol 0.6 nil_bias 0.43 Home 0.01 0.01 0.001 0.35545374594350043 0.08676784364714629 0.011394662739773536 -0.005045828653103969
0.40241811286789714 0.2003771165473291 52 nil_vol 0.6 nil_bias 0.43 Home 0.01 0.01 0.001 0.40521432607081076 0.19913888659514278 -0.0027962132029135966 0.0012382299521863217
0.4255874439093436 0.19487027264366702 52 nil_vol 0.6 nil_bias 0.43 Home 0.01 0.01 0.001 0.40697403979959146 0.2031127322875983 0.018613404109752173 -0.00824245964393127
0.47089606965009134 0.347463645063862 52 nil_vol 0.6 nil_bias 0.43 Right 0.01 0.01 0.001 0.4 0.35 0.07089606965009133 -0.0025363549361379707
0.30421707312549284 -0.08905343875993751 53 nil_vol 0.6 nil_bias 0.43 Right 0.01 0.01 0.001 0.3007641559784277 -0.08770349445433046 0.003452917147065157 -0.0013499443056070588
0.25195221148543384 -0.24432063243576482 53 nil_vol 0.6 nil_bias 0.43 Right 0.01 0.01 0.001 0.24118000035411624 -0.2401091542982488 0.010772211131317573 -0.004211478137516029
0.23038251009664792 -0.32339418132010767 53 nil_vol 0.6 nil_bias 0.43 Right 0.01 0.01 0.001 0.21150454090324367 -0.3160136952184582 0.018877969193404266 -0.007380486101649482
0.19112528441167492 -0.3755135477775609 53 nil_vol 0.6 nil_bias 0.43 Right 0.01 0.01 0.001 0.18862481149653026 -0.3745359688119048 0.0025004729151446546 -0.0009775789656561117
0.16665483936111858 -0.4296343986591663 53 nil_vol 0.6 nil_bias 0.43 Right 0.01 0.01 0.001 0.16702680566996408 -0.4297798217258421 -0.0003719663088455151 0.00014542306667580292
0.08821541276758738 -0.5825780179207948 53 nil_vol 0.6 nil_bias 0.43 Right 0.01 0.01 0.001 0.10476032967625643 -0.5890463794297245 -0.016544916908669043 0.00646836150892973
0.0883015304755736 -0.6072980146943294 53 nil_vol 0.6 nil_bias 0.43 Right 0.01 0.01 0.001 0.09638861931057441 -0.6104597237816809 -0.008087088835000816 0.0031617090873515144
0.03175362524680844 -0.7757845289430836 53 nil_vol 0.6 nil_bias 0.43 Home 0.01 0.01 0.001 0.0 -0.75 0.03175362524680844 -0.025784528943083564
0.010950916530179064 -0.6878319839517651 54 nil_vol 0.6 nil_bias 0.43 Home 0.01 0.01 0.001 0.006352230388205284 -0.689180806370163 0.004598686141973779 0.0013488224183978395
0.009267252878287922 -0.6467242263618038 54 nil_vol 0.6 nil_bias 0.43 Home 0.01 0.01 0.001 -0.004883199681526833 -0.6508746395567694 0.014150452559814754 0.00415041319496556
-0.004438291486111414 -0.6505029062208525 54 nil_vol 0.6 nil_bias 0.43 Home 0.01 0.01 0.001 -0.004948351638476636 -0.6506525099439598 0.0005100601523652221 0.0001496037231073884
-0.14855583313422163 -0.15755598242446045 54 nil_vol 0.6 nil_bias 0.43 Home 0.01 0.01 0.001 -0.14949568697674015 -0.15783164723255327 0.0009398538425185185 0.0002756648080928239
-0.14746754207632384 -0.15373061954578093 54 nil_vol 0.6 nil_bias 0.43 Home 0.01 0.01 0.001 -0.1504426033096084 -0.15460322297286289 0.002975061233284563 0.0008726034270819397
-0.24645594761095377 0.1478183701730397 54 nil_vol 0.6 nil_bias 0.43 Home 0.01 0.01 0.001 -0.23972383601110017 0.14979293916268188 -0.0067321115998535954 -0.001974568989642183
-0.2809996315109218 0.3082994430017041 54 nil_vol 0.6 nil_bias 0.43 Home 0.01 0.01 0.001 -0.2858016414687621 0.30689098448017416 0.0048020099578403065 0.0014084585215299525
-0.3462527245519731 0.5129933996315158 54 nil_vol 0.6 nil_bias 0.43 Left 0.01 0.01 0.001 -0.4 0.35 0.053747275448026925 0.1629933996315158
-0.2696830691161777 0.23324251230256196 55 nil_vol 0.6 nil_bias 0.43 Left 0.01 0.01 0.001 -0.2612854488121128 0.23581676580322375 -0.008397620304064869 -0.002574253500661779
-0.21238605547655875 0.07593562858524126 55 nil_vol 0.6 nil_bias 0.43 Left 0.01 0.01 0.001 -0.21228416534002612 0.0759668625576233 -0.00010189013653264276 -3.123397238204498e-05
-0.21922481464335733 0.07222592494516229 55 nil_vol 0.6 nil_bias 0.43 Left 0.01 0.01 0.001 -0.2118320929427797 0.0744921312069432 -0.007392721700577651 -0.00226620626178091
-0.1434659412978168 -0.09736506993006853 55 nil_vol 0.6 nil_bias 0.43 Left 0.01 0.01 0.001 -0.15780278877337242 -0.10175996734934556 0.014336847475555622 0.004394897419277026
-0.0587792702653733 -0.43663076502414094 55 nil_vol 0.6 nil_bias 0.43 Left 0.01 0.01 0.001 -0.055461402072575494 -0.4356136871496019 -0.00331786819279781 -0.001017077874539034
-0.042601795207161605 -0.48897059910366253 55 nil_vol 0.6 nil_bias 0.43 Left 0.01 0.01 0.001 -0.03940543814234587 -0.4879907699299758 -0.003196357064815733 -0.0009798291736867447
-0.008054805358159821 -0.5610569974030947 55 nil_vol 0.6 nil_bias 0.43 Left 0.01 0.01 0.001 -0.016238303140882926 -0.5635656125883556 0.008183497782723105 0.0025086151852609564
0.038222727506067 -0.7412260709012426 55 nil_vol 0.6 nil_bias 0.43 Home 0.01 0.01 0.001 0.0 -0.75 0.038222727506067 0.008773929098757361
0.049712740758749596 -0.6865136712321082 56 nil_vol 0.6 nil_bias 0.43 Home 0.01 0.01 0.001 0.06535630544921284 -0.6958727660897229 -0.015643564690463237 0.009359094857614759
0.08588521570367307 -0.6331880164423811 56 nil_vol 0.6 nil_bias 0.43 Home 0.01 0.01 0.001 0.09838482299213719 -0.6406661720041366 -0.012499607288464125 0.007478155561755432
0.2734037439498718 -0.352744780035543 56 nil_vol 0.6 nil_bias 0.43 Home 0.01 0.01 0.001 0.2713684139728197 -0.3515271006447715 0.00203532997705213 -0.0012176793907714954
0.2736874008751735 -0.33645107813686886 56 nil_vol 0.6 nil_bias 0.43 Home 0.01 0.01 0.001 0.27862180198708636 -0.33940318841260836 -0.004934401111912841 0.002952110275739492
0.31478241714468247 -0.2782218115639036 56 nil_vol 0.6 nil_bias 0.43 Home 0.01 0.01 0.001 0.3151082392256955 -0.27841674154458534 -0.0003258220810129897 0.00019492998068176953
0.37247992652225914 -0.18308405651085316 56 nil_vol 0.6 nil_bias 0.43 Home 0.01 0.01 0.001 0.3722318401613523 -0.18293563357589238 0.00024808636090682803 -0.0001484229349607847
0.5259557292646915 0.038584380563774084 56 nil_vol 0.6 nil_bias 0.43 Home 0.01 0.01 0.001 0.5103475173916497 0.047922324847444964 0.01560821187304176 -0.009337944283670876
0.5617628603513748 0.13386217863772895 56 nil_vol 0.6 nil_bias 0.43 Right 0.01 0.01 0.001 0.4 0.35 0.16176286035137477 -0.21613782136227103
0.5201926811720291 0.0663431561251984 57 nil_vol 0.6 nil_bias 0.43 Right 0.01 0.01 0.001 0.5174855806419354 0.06816770921820048 0.0027071005300937172 -0.001824553093002079
0.41488772085093834 -0.10078908733751658 57 nil_vol 0.6 nil_bias 0.43 Right 0.01 0.01 0.001 0.4071332722072132 -0.09556268251798641 0.007754448643725143 -0.0052264048195301725
0.3462940263824083 -0.17672708146802818 57 nil_vol 0.6 nil_bias 0.43 Right 0.01 0.01 0.001 0.3505129565547367 -0.17957058949793317 -0.004218930172328393 0.002843508029904999
0.3070724545550813 -0.24007341957363168 57 nil_vol 0.6 nil_bias 0.43 Right 0.01 0.01 0.001 0.30890316230338 -0.24130729450639068 -0.0018307077482986808 0.0012338749327589968
0.23738612719780836 -0.33832575844176016 57 nil_vol 0.6 nil_bias 0.43 Right 0.01 0.01 0.001 0.2415997906205778 -0.3411657167460118 -0.004213663422769448 0.00283995830425166
0.02822868966939777 -0.6646117939502844 57 nil_vol 0.6 nil_bias 0.43 Right 0.01 0.01 0.001 0.025046553614664346 -0.6624670726455251 0.0031821360547334256 -0.002144721304759343
0.0032025245744799983 -0.6699927146480859 57 nil_vol 0.6 nil_bias 0.43 Right 0.01 0.01 0.001 0.014735428039119758 -0.6777657524255098 -0.01153290346463976 0.007773037777423951
-0.007937164208520432 -0.7114052155508044 57 nil_vol 0.6 nil_bias 0.43 Home 0.01 0.01 0.001 0.0 -0.75 -0.007937164208520432 0.03859478444919558
0.060705338562898635 -0.5617036547503566 58 nil_vol 0.6 nil_bias 0.43 Home 0.01 0.01 0.001 0.05996094922129472 -0.5613667901650198 0.0007443893416039139 -0.00033686458533679485
0.2822527264335173 -0.0643546809206737 58 nil_vol 0.6 nil_bias 0.43 Home 0.01 0.01 0.001 0.2844316688730174 -0.06534073552991004 -0.002178942439500096 0.0009860546092363403
0.3283515392907584 0.03964219107386744 58 nil_vol 0.6 nil_bias 0.43 Home 0.01 0.01 0.001 0.3313304053185302 0.03829414051331392 -0.0029788660277718262 0.0013480505605535193
0.35539677621530846 0.1018611675872344 58 nil_vol 0.6 nil_bias 0.43 Home 0.01 0.01 0.001 0.35929798032159915 0.10009572384680121 -0.003901204106290691 0.0017654437404331918
0.39713161056833557 0.16478136803830395 58 nil_vol 0.6 nil_bias 0.43 Home 0.01 0.01 0.001 0.3900258892117872 0.1679969781290327 0.007105721356548335 -0.0032156100907287308
0.409730309608518 0.20880458960486056 58 nil_vol 0.6 nil_bias 0.43 Home 0.01 0.01 0.001 0.4087032276727598 0.20926938337749923 0.0010270819357581656 -0.00046479377263865414
0.4407922297293704 0.32327583911299157 58 nil_vol 0.6 nil_bias 0.43 Home 0.01 0.01 0.001 0.45698032660729354 0.3159501074865505 -0.016188096877923157 0.007325731626441082
0.5225876002724767 0.46092633049683307 58 nil_vol 0.6 nil_bias 0.43 Right 0.01 0.01 0.001 0.4 0.35 0.12258760027247671 0.11092633049683308
0.5015216893912338 0.38021477867099984 59 nil_vol 0.6 nil_bias 0.43 Right 0.01 0.01 0.001 0.48833550682620097 0.38626407863379325 0.01318618256503284 -0.006049299962793385
0.2777421080022803 -0.03993117890724019 59 nil_vol 0.6 nil_bias 0.43 Right 0.01 0.01 0.001 0.29019342897024025 -0.0456433533820535 -0.012451320967959988 0.005712174474813308
0.27302092945661527 -0.07396645168215504 59 nil_vol 0.6 nil_bias 0.43 Right 0.01 0.01 0.001 0.2764733161805494 -0.07555027040888984 -0.0034523867239341097 0.0015838187267348041
0.1798170008812214 -0.3154278223864892 59 nil_vol 0.6 nil_bias 0.43 Right 0.01 0.01 0.001 0.16875507267743078 -0.31035304645785433 0.011061928203790625 -0.0050747759286348905
0.14683973075682338 -0.3525312358463881 59 nil_vol 0.6 nil_bias 0.43 Right 0.01 0.01 0.001 0.1489592979252452 -0.3535036095815337 -0.0021195671684218244 0.0009723737351455585
0.09050353496665033 -0.4547943073087897 59 nil_vol 0.6 nil_bias 0.43 Right 0.01 0.01 0.001 0.10040685918360204 -0.4593375614706122 -0.009903324216951713 0.004543254161822507
-0.010577339810116824 -0.693963448381708 59 nil_vol 0.6 nil_bias 0.43 Right 0.01 0.01 0.001 -0.0078121911179104275 -0.6952319894320375 -0.0027651486922063966 0.0012685410503294268
-0.009939835913535507 -0.6998698008947208 59 nil_vol 0.6 nil_bias 0.43 Home 0.01 0.01 0.001 0.0 -0.75 -0.009939835913535507 0.05013019910527912
-0.042552855626343554 -0.5843201593006372 60 nil_vol 0.6 nil_bias 0.43 Home 0.01 0.01 0.001 -0.050520096363690724 -0.587189450194584 0.00796724073734717 0.002869290893946803
-0.13817338077275804 -0.34860306135251434 60 nil_vol 0.6 nil_bias 0.43 Home 0.01 0.01 0.001 -0.13664224926620303 -0.34805164564486546 -0.0015311315065550074 -0.0005514157076488873
-0.16447270875783818 -0.2263115483116166 60 nil_vol 0.6 nil_bias 0.43 Home 0.01 0.01 0.001 -0.17864688862280884 -0.2314161819679188 0.014174179864970668 0.005104633656302217
-0.24252070437439807 -0.10119490772113016 60 nil_vol 0.6 nil_bias 0.43 Home 0.01 0.01 0.001 -0.2274932937310455 -0.09578299487199893 -0.015027410643352593 -0.005411912849131222
-0.23817732397038688 -0.06630688248280757 60 nil_vol 0.6 nil_bias 0.43 Home 0.01 0.01 0.001 -0.23811658340234051 -0.06628500761238076 -6.074056804636469e-05 -2.1874870426799815e-05
-0.2986819123298553 0.06306819367918738 60 nil_vol 0.6 nil_bias 0.43 Home 0.01 0.01 0.001 -0.2863064161158008 0.0675250564458173 -0.012375496214054486 -0.004456862766629915
-0.38600958910960365 0.3282701873336556 60 nil_vol 0.6 nil_bias 0.43 Home 0.01 0.01 0.001 -0.3808759674184849 0.33011898975558407 -0.005133621691118743 -0.0018488024219284922
-0.40841177063348455 0.40657842911495484 60 nil_vol 0.6 nil_bias 0.43 Left 0.01 0.01 0.001 -0.4 0.35 -0.008411770633484505 0.056578429114954844
-0.4108271759573464 0.4055795442308152 61 nil_vol 0.6 nil_bias 0.43 Left 0.01 0.01 0.001 -0.40836030152571057 0.4064289508524148 -0.0024668744316358655 -0.000849406621599629
-0.3156273232095431 0.135984437123465 61 nil_vol 0.6 nil_bias 0.43 Left 0.01 0.01 0.001 -0.3152805934329775 0.13610382486543665 -0.00034672977656565764 -0.00011938774197166054
-0.2741341300350219 -0.02664446511261751 61 nil_vol 0.6 nil_bias 0.43 Left 0.01 0.01 0.001 -0.26082071758452385 -0.022060323923055236 -0.013313412450498064 -0.0045841411895622755
-0.20390781078723635 -0.15118555604901107 61 nil_vol 0.6 nil_bias 0.43 Left 0.01 0.01 0.001 -0.21503985549125557 -0.155018597715938 0.01113204470401922 0.003833041666926949
-0.1896417835828666 -0.20931577622438716 61 nil_vol 0.6 nil_bias 0.43 Left 0.01 0.01 0.001 -0.1956335906547621 -0.21137890539583853 0.005991807071895494 0.002063129171451388
-0.06009567760791263 -0.5904144750997179 61 nil_vol 0.6 nil_bias 0.43 Left 0.01 0.01 0.001 -0.06458938289478472 -0.5919617703236808 0.004493705286872088 0.0015472952239629178
-0.01782353107850232 -0.7682392957397925 61 nil_vol 0.6 nil_bias 0.43 Left 0.01 0.01 0.001 -0.005369200129508533 -0.7639509578171146 -0.012454330948993788 -0.0042883379226778765
-0.0034585545237067966 -0.7694999171412055 61 nil_vol 0.6 nil_bias 0.43 Home 0.01 0.01 0.001 0.0 -0.75 -0.0034585545237067966 -0.0194999171412055
-0.020894036989263176 -0.7247522080927826 62 nil_vol 0.6 nil_bias 0.43 Home 0.01 0.01 0.001 -0.018910670028755055 -0.7240774925608443 -0.001983366960508123 -0.0006747155319383511
-0.07366477686119907 -0.5801820883559153 62 nil_vol 0.6 nil_bias 0.43 Home 0.01 0.01 0.001 -0.0684638906365536 -0.5784128147996423 -0.005200886224645476 -0.0017692735562729685
-0.15008067194985053 -0.3350637404600609 62 nil_vol 0.6 nil_bias 0.43 Home 0.01 0.01 0.001 -0.15112698062041116 -0.33541968100222264 0.0010463086705606358 0.00035594054216178276
-0.1630828323404617 -0.26433570533063416 62 nil_vol 0.6 nil_bias 0.43 Home 0.01 0.01 0.001 -0.1740406980092409 -0.26806342809239947 0.010957865668779203 0.0037277227617652834
-0.21169912316073947 -0.19747346421530265 62 nil_vol 0.6 nil_bias 0.43 Home 0.01 0.01 0.001 -0.19946975193519814 -0.19331319187235774 -0.012229371225541321 -0.004160272342944922
-0.23885584082067063 -0.0585904942281781 62 nil_vol 0.6 nil_bias 0.43 Home 0.01 0.01 0.001 -0.24463217511908758 -0.060555527702271905 0.005776334298416961 0.0019650334740938026
-0.33576058267339676 0.19561118413578826 62 nil_vol 0.6 nil_bias 0.43 Home 0.01 0.01 0.001 -0.33218996202973683 0.19682586263699708 -0.003570620643659946 -0.0012146785012088093
-0.3825935581248052 0.3449902703816363 62 nil_vol 0.6 nil_bias 0.43 Left 0.01 0.01 0.001 -0.4 0.35 0.017406441875194786 -0.005009729618363677
-0.2883091460028736 0.11435074780514035 63 nil_vol 0.6 nil_bias 0.43 Left 0.01 0.01 0.001 -0.28804659315882036 0.11445842739606774 -0.0002625528440532443 -0.00010767959092738326
-0.2212126148820008 -0.06749442600921866 63 nil_vol 0.6 nil_bias 0.43 Left 0.01 0.01 0.001 -0.21454467271280744 -0.06475973354113562 -0.006667942169193365 -0.0027346924680830475
-0.1502672049747425 -0.24477303253079769 63 nil_vol 0.6 nil_bias 0.43 Left 0.01 0.01 0.001 -0.142091776320008 -0.2414200815605949 -0.008175428654734513 -0.0033529509702027614
-0.12663222231945853 -0.27111486676048824 63 nil_vol 0.6 nil_bias 0.43 Left 0.01 0.01 0.001 -0.12944078272495507 -0.27226672872812085 0.00280856040549654 0.0011518619676326302
-0.03779567595485727 -0.5049465234694422 63 nil_vol 0.6 nil_bias 0.43 Left 0.01 0.01 0.001 -0.03455755015522871 -0.5036184858215061 -0.003238125799628556 -0.0013280376479361173
-0.017560635712648084 -0.5604142986669943 63 nil_vol 0.6 nil_bias 0.43 Left 0.01 0.01 0.001 -0.012170740284623283 -0.5582037656334485 -0.005389895428024802 -0.0022105330335457562
-0.017853099046122277 -0.5674955845744786 63 nil_vol 0.6 nil_bias 0.43 Left 0.01 0.01 0.001 -0.009726796512449454 -0.564162781474465 -0.008126302533672821 -0.00333280310001363
0.060872122681605474 -0.7363026165336873 63 nil_vol 0.6 nil_bias 0.43 Home 0.01 0.01 0.001 0.0 -0.75 0.060872122681605474 0.013697383466312678
