x y trial vol omega bias theta state target_sigma moving_sigma staying_sigma x_mean y_mean x_noise y_noise
0.0035180274790368414 -0.678996958291412 0 nil_vol 0.6 nil_bias 0.21 Home 0.01 0.01 0.001 0.020338371833161815 -0.6841956811704059 -0.016820344354124973 0.005198722878993864
0.0474433160499295 -0.5836415580197072 0 nil_vol 0.6 nil_bias 0.21 Home 0.01 0.01 0.001 0.051070496101203414 -0.5847626232917248 -0.003627180051273918 0.0011210652720176617
0.060638700049821866 -0.5648384620169262 0 nil_vol 0.6 nil_bias 0.21 Home 0.01 0.01 0.001 0.057525882897358986 -0.5638763726917654 0.003112817152462881 -0.000962089325160856
0.16325555307105621 -0.2433529697091052 0 nil_vol 0.6 nil_bias 0.21 Home 0.01 0.01 0.001 0.15717228883164383 -0.24147279387473575 0.006083264239412397 -0.0018801758343694526
0.2536519435682396 0.0965179394615751 0 nil_vol 0.6 nil_bias 0.21 Home 0.01 0.01 0.001 0.26094006324335706 0.0942653747279294 -0.007288119675117466 0.0022525647336457013
0.29959246849287163 0.22275802747750378 0 nil_vol 0.6 nil_bias 0.21 Home 0.01 0.01 0.001 0.30056119913045787 0.22245861849852133 -0.0009687306375862352 0.00029940897898245584
0.3208136654872187 0.3195178692340988 0 nil_vol 0.6 nil_bias 0.21 Home 0.01 0.01 0.001 0.32970982416776684 0.3167683022398664 -0.008896158680548185 0.002749566994232423
0.35487346947360304 0.3981846787425396 0 nil_vol 0.6 nil_bias 0.21 Right 0.01 0.01 0.001 0.4 0.35 -0.045126530526397 0.04818467874253963
0.25807439042228386 0.15534436835549917 1 nil_vol 0.6 nil_bias 0.21 Right 0.01 0.01 0.001 0.2725226839262237 0.1505397937727704 -0.014448293503939818 0.004804574582728765
0.2688740216431354 0.0980439602461096 1 nil_vol 0.6 nil_bias 0.21 Right 0.01 0.01 0.001 0.25644080638049715 0.10217844920954172 0.012433215262638244 -0.004134488963432111
0.15748972581257634 -0.13143867227469777 1 nil_vol 0.6 nil_bias 0.21 Right 0.01 0.01 0.001 0.1766374030933849 -0.13780596011783164 -0.019147677280808566 0.006367287843133855
0.15095431882917257 -0.17321403451565062 1 nil_vol 0.6 nil_bias 0.21 Right 0.01 0.01 0.001 0.16347807395140063 -0.1773786312221176 -0.012523755122228069 0.004164596706466989
0.12752675909060301 -0.29651048207670455 1 nil_vol 0.6 nil_bias 0.21 Right 0.01 0.01 0.001 0.12422732257774943 -0.29541330137486865 0.003299436512853574 -0.0010971807018358825
0.030179038363986853 -0.5644630137039844 1 nil_vol 0.6 nil_bias 0.21 Right 0.01 0.01 0.001 0.034302674179955805 -0.5658342701658242 -0.004123635815968951 0.001371256461839726
-0.007589233392595721 -0.7008600859239451 1 nil_vol 0.6 nil_bias 0.21 Right 0.01 0.01 0.001 -0.01029863530025732 -0.6999591128411102 0.002709401907661599 -0.0009009730828348743
-0.029031340986147004 -0.7562920149976498 1 nil_vol 0.6 nil_bias 0.21 Home 0.01 0.01 0.001 0.0 -0.75 -0.029031340986147004 -0.006292014997649806
0.006830298553397026 -0.6167843219269941 2 nil_vol 0.6 nil_bias 0.21 Home 0.01 0.01 0.001 0.019680511043925226 -0.6214256392756863 -0.0128502124905282 0.004641317348692243
0.043820263387212996 -0.5658084384517638 2 nil_vol 0.6 nil_bias 0.21 Home 0.01 0.01 0.001 0.04023622456145694 -0.5645139336649652 0.0035840388257560563 -0.0012945047867986192
0.08017331580104173 -0.44119586825480184 2 nil_vol 0.6 nil_bias 0.21 Home 0.01 0.01 0.001 0.08424572106111032 -0.4426667641795497 -0.00407240526006859 0.0014708959247478534
0.28252382159615774 0.10695809125562014 2 nil_vol 0.6 nil_bias 0.21 Home 0.01 0.01 0.001 0.2827349965786733 0.10688181780016703 -0.00021117498251557528 7.627345545311158e-05
0.28719658490046124 0.13534208967710953 2 nil_vol 0.6 nil_bias 0.21 Home 0.01 0.01 0.001 0.2923430637239785 0.1334832533764745 -0.005146478823517254 0.0018588363006350598
0.2812942260714665 0.1435877558028772 2 nil_vol 0.6 nil_bias 0.21 Home 0.01 0.01 0.001 0.294296458134776 0.13889153110685426 -0.013002232063309508 0.004696224696022938
0.313380792469242 0.15672143052921866 2 nil_vol 0.6 nil_bias 0.21 Home 0.01 0.01 0.001 0.3021955443874365 0.160761385978187 0.011185248081805493 -0.004039955448968343
0.3166172451622631 0.20069011860052174 2 nil_vol 0.6 nil_bias 0.21 Right 0.01 0.01 0.001 0.4 0.35 -0.08338275483773692 -0.14930988139947823
0.3007702189181773 0.18648874749800257 3 nil_vol 0.6 nil_bias 0.21 Right 0.01 0.01 0.001 0.3121775725198985 0.18353634143497716 -0.011407353601721225 0.0029524060630254077
0.2508690647660901 -0.04343599705269031 3 nil_vol 0.6 nil_bias 0.21 Right 0.01 0.01 0.001 0.2532724955485028 -0.04405804348535164 -0.0024034307824126844 0.0006220464326613341
0.192710196335298 -0.22180858109352916 3 nil_vol 0.6 nil_bias 0.21 Right 0.01 0.01 0.001 0.20635387380385278 -0.2253397836394068 -0.013643677468554768 0.003531202545877622
0.21109104606090143 -0.26651043368630667 3 nil_vol 0.6 nil_bias 0.21 Right 0.01 0.01 0.001 0.19666461449363767 -0.2627766418258892 0.014426431567263755 -0.0037337918604174723
0.14933473116978757 -0.35289299966223603 3 nil_vol 0.6 nil_bias 0.21 Right 0.01 0.01 0.001 0.1718339302663356 -0.3587161532301101 -0.022499199096548014 0.005823153567874076
0.10152431457477101 -0.6734727738715732 3 nil_vol 0.6 nil_bias 0.21 Right 0.01 0.01 0.001 0.09107014882861514 -0.6707670681127752 0.01045416574615588 -0.0027057057587980817
0.06429687370071308 -0.7469080919982302 3 nil_vol 0.6 nil_bias 0.21 Right 0.01 0.01 0.001 0.07091997719987714 -0.7486222574050101 -0.00662310349916406 0.0017141654067799126
0.06917773699740973 -0.7553538348453824 3 nil_vol 0.6 nil_bias 0.21 Home 0.01 0.01 0.001 0.0 -0.75 0.06917773699740973 -0.005353834845382442
0.08447660749760914 -0.7604777149612039 4 nil_vol 0.6 nil_bias 0.21 Home 0.01 0.01 0.001 0.06963066234588233 -0.7542705531347887 0.014845945151726807 -0.006207161826415159
0.1843348542849332 -0.5065571673840056 4 nil_vol 0.6 nil_bias 0.21 Home 0.01 0.01 0.001 0.17485757244248426 -0.5025946697815014 0.009477281842448948 -0.003962497602504221
0.19565403418304636 -0.4278364018774409 4 nil_vol 0.6 nil_bias 0.21 Home 0.01 0.01 0.001 0.2045578726958725 -0.4315591400366177 -0.008903838512826133 0.0037227381591768203
0.3163590601972563 -0.1654109930628507 4 nil_vol 0.6 nil_bias 0.21 Home 0.01 0.01 0.001 0.3159135814415747 -0.1652247362298579 0.0004454787556815691 -0.00018625683299280753
0.3598172769207779 -0.034079237937700235 4 nil_vol 0.6 nil_bias 0.21 Home 0.01 0.01 0.001 0.3691199379564616 -0.03796872573215426 -0.009302661035683658 0.003889487794454024
0.39732617717127716 0.01893627618756944 4 nil_vol 0.6 nil_bias 0.21 Home 0.01 0.01 0.001 0.39356899512868815 0.020507172261298945 0.003757182042589036 -0.0015708960737295034
0.4804092440257043 0.2112193133602058 4 nil_vol 0.6 nil_bias 0.21 Home 0.01 0.01 0.001 0.47436352971653295 0.21374705589796772 0.006045714309171337 -0.0025277425377619213
0.48471111032656866 0.2384958248983053 4 nil_vol 0.6 nil_bias 0.21 Right 0.01 0.01 0.001 0.4 0.35 0.08471111032656867 -0.11150417510169469
0.3410606649134196 -0.06937927605825496 5 nil_vol 0.6 nil_bias 0.21 Right 0.01 0.01 0.001 0.34613126688712637 -0.07164496714337215 -0.005070601973706773 0.002265691085117186
0.2940041467156843 -0.14985505998831056 5 nil_vol 0.6 nil_bias 0.21 Right 0.01 0.01 0.001 0.3083254162796357 -0.1562542159360381 -0.014321269563951425 0.006399155947727566
0.16610571103828922 -0.524709827737116 5 nil_vol 0.6 nil_bias 0.21 Right 0.01 0.01 0.001 0.14741962076706372 -0.516360344113131 0.018686090271225513 -0.008349483623984981
0.14526940182272263 -0.5206447741110553 5 nil_vol 0.6 nil_bias 0.21 Right 0.01 0.01 0.001 0.1454659683011143 -0.5207326056782013 -0.00019656647839166636 8.783156714612067e-05
0.11996835276037227 -0.5888244472567031 5 nil_vol 0.6 nil_bias 0.21 Right 0.01 0.01 0.001 0.11586069059673465 -0.5869890254284693 0.0041076621636376145 -0.0018354218282338227
0.10518185326484082 -0.5977694646571634 5 nil_vol 0.6 nil_bias 0.21 Right 0.01 0.01 0.001 0.11006810936993089 -0.5999527846957522 -0.0048862561050900715 0.002183320038588816
0.06161823317852763 -0.6646122419975803 5 nil_vol 0.6 nil_bias 0.21 Right 0.01 0.01 0.001 0.07792137962584733 -0.67189695765 -0.016303146447319703 0.007284715652419743
0.02889834864517093 -0.781610183464652 5 nil_vol 0.6 nil_bias 0.21 Home 0.01 0.01 0.001 0.0 -0.75 0.02889834864517093 -0.03161018346465202
0.06330547381599083 -0.7245292752251962 6 nil_vol 0.6 nil_bias 0.21 Home 0.01 0.01 0.001 0.058939484543169766 -0.7223172205296369 0.00436598927282107 -0.002212054695559283
0.0815035308390234 -0.6635562290009471 6 nil_vol 0.6 nil_bias 0.21 Home 0.01 0.01 0.001 0.08723883863970272 -0.6664620571553926 -0.0057353078006793234 0.002905828154445496
0.2393143179128117 -0.33747260315441147 6 nil_vol 0.6 nil_bias 0.21 Home 0.01 0.01 0.001 0.25093920891999466 -0.3433624240245366 -0.011624891007182942 0.005889820870125115
0.27388827903625795 -0.2884976384332252 6 nil_vol 0.6 nil_bias 0.21 Home 0.01 0.01 0.001 0.27774640104553416 -0.29045237912848704 -0.0038581220092762224 0.0019547406952618606
0.47460131127533217 0.06503720855068428 6 nil_vol 0.6 nil_bias 0.21 Home 0.01 0.01 0.001 0.46127755003838 0.07178777222938681 0.013323761236952177 -0.00675056367870254
0.49567392840520275 0.10900836987226686 6 nil_vol 0.6 nil_bias 0.21 Home 0.01 0.01 0.001 0.48330953346958355 0.11527286485060961 0.01236439493561921 -0.006264494978342747
0.5364062902531015 0.18813919132491477 6 nil_vol 0.6 nil_bias 0.21 Home 0.01 0.01 0.001 0.5235324216247217 0.19466181421056838 0.012873868628379786 -0.006522622885653606
0.5565228828710037 0.2597759364770023 6 nil_vol 0.6 nil_bias 0.21 Right 0.01 0.01 0.001 0.4 0.35 0.1565228828710037 -0.09022406352299767
0.5198465063285519 0.20580511388363296 7 nil_vol 0.6 nil_bias 0.21 Right 0.01 0.01 0.001 0.5230792488548843 0.20387120498135303 -0.0032327425263323903 0.0019339089022799372
0.46495719917822625 0.06832891896706864 7 nil_vol 0.6 nil_bias 0.21 Right 0.01 0.01 0.001 0.44804635001186643 0.0784454195796429 0.016910849166359824 -0.01011650061257427
0.44191275316234463 0.06290132763182747 7 nil_vol 0.6 nil_bias 0.21 Right 0.01 0.01 0.001 0.43958170074370256 0.06429582254980273 0.002331052418642043 -0.0013944949179752614
0.3968810990597448 0.010422118646616556 7 nil_vol 0.6 nil_bias 0.21 Right 0.01 0.01 0.001 0.40459314181984907 0.005808578277396392 -0.007712042760104308 0.004613540369220163
0.28534525328006055 -0.18077700791093837 7 nil_vol 0.6 nil_bias 0.21 Right 0.01 0.01 0.001 0.29096259410246594 -0.1841374442386391 -0.005617340822405417 0.003360436327700712
0.22214393671453278 -0.312131406709537 7 nil_vol 0.6 nil_bias 0.21 Right 0.01 0.01 0.001 0.2164360492025656 -0.30871680304633425 0.005707887511967194 -0.003414603663202733
0.03217935954454919 -0.5826958974609294 7 nil_vol 0.6 nil_bias 0.21 Right 0.01 0.01 0.001 0.047170016101997225 -0.5916636899564116 -0.014990656557448037 0.00896779249548223
-0.03274374292196994 -0.7252483727360881 7 nil_vol 0.6 nil_bias 0.21 Home 0.01 0.01 0.001 0.0 -0.75 -0.03274374292196994 0.024751627263911842
-0.03716510544069284 -0.7226602455744645 8 nil_vol 0.6 nil_bias 0.21 Home 0.01 0.01 0.001 -0.03241114159379493 -0.7242599655990318 -0.004753963846897915 0.0015997200245673122
0.020331881606478593 -0.6145380879830903 8 nil_vol 0.6 nil_bias 0.21 Home 0.01 0.01 0.001 0.006119815256024806 -0.6097556942031848 0.014212066350453786 -0.004782393779905498
0.060064083345659915 -0.45857215607802054 8 nil_vol 0.6 nil_bias 0.21 Home 0.01 0.01 0.001 0.05730576649076613 -0.457643975963703 0.002758316854893782 -0.0009281801143175302
0.09850049045409771 -0.33494839315396835 8 nil_vol 0.6 nil_bias 0.21 Home 0.01 0.01 0.001 0.09858369710438475 -0.33497639238764537 -8.320665028702983e-05 2.7999233677005586e-05
0.11061864681980306 -0.31265681005002155 8 nil_vol 0.6 nil_bias 0.21 Home 0.01 0.01 0.001 0.10655448924279759 -0.31128921145896893 0.004064157577005473 -0.0013675985910526077
0.23575440806684556 0.012425915539870765 8 nil_vol 0.6 nil_bias 0.21 Home 0.01 0.01 0.001 0.2175470773223027 0.01855272519261375 0.01820733074454288 -0.006126809652742984
0.2507424233833845 0.09453960861374403 8 nil_vol 0.6 nil_bias 0.21 Home 0.01 0.01 0.001 0.24389248701352192 0.09684462832587992 0.006849936369862581 -0.002305019712135897
0.3508446809826436 0.4146795342264553 8 nil_vol 0.6 nil_bias 0.21 Right 0.01 0.01 0.001 0.4 0.35 -0.049155319017356425 0.06467953422645535
0.3267780685822361 0.36434956160197723 9 nil_vol 0.6 nil_bias 0.21 Right 0.01 0.01 0.001 0.333975577955184 0.3620428886405477 -0.0071975093729479 0.002306672961429568
0.2771039019713278 0.17264624876255708 9 nil_vol 0.6 nil_bias 0.21 Right 0.01 0.01 0.001 0.2736337581831512 0.17375836775173753 0.0034701437881765585 -0.001112118989180451
0.14694766039716156 -0.24688965596842385 9 nil_vol 0.6 nil_bias 0.21 Right 0.01 0.01 0.001 0.13958028755608676 -0.2445285448050052 0.007367372841074799 -0.0023611111634186666
0.11826168671394761 -0.31036811435487455 9 nil_vol 0.6 nil_bias 0.21 Right 0.01 0.01 0.001 0.1184595602975598 -0.31043152929766227 -0.0001978735836121837 6.341494278769602e-05
0.09953691740780422 -0.4220485650230778 9 nil_vol 0.6 nil_bias 0.21 Right 0.01 0.01 0.001 0.08425761603529103 -0.41715182234178627 0.015279301372513193 -0.004896742681291536
0.018634996691401458 -0.6328216076396506 9 nil_vol 0.6 nil_bias 0.21 Right 0.01 0.01 0.001 0.015464905275982377 -0.6318056500667864 0.0031700914154190823 -0.0010159575728641592
0.00952828028315739 -0.6491746908779606 9 nil_vol 0.6 nil_bias 0.21 Right 0.01 0.01 0.001 0.009863961128347032 -0.6492822705821537 -0.000335680845189641 0.00010757970419309578
-0.007421561512964115 -0.7032182698796159 9 nil_vol 0.6 nil_bias 0.21 Home 0.01 0.01 0.001 0.0 -0.75 -0.007421561512964115 0.04678173012038415
0.004292967696443261 -0.641243653144741 10 nil_vol 0.6 nil_bias 0.21 Home 0.01 0.01 0.001 0.010204828080556168 -0.6429733381379912 -0.005911860384112908 0.0017296849932502277
0.06815320156969741 -0.48700804030952816 10 nil_vol 0.6 nil_bias 0.21 Home 0.01 0.01 0.001 0.05680813179071132 -0.48368871345315934 0.011345069778986085 -0.003319326856368828
0.11104659205357886 -0.38882873679550556 10 nil_vol 0.6 nil_bias 0.21 Home 0.01 0.01 0.001 0.08665051142683614 -0.38169096089883553 0.02439608062674272 -0.007137775896670023
0.08988537500174644 -0.3539856511923568 10 nil_vol 0.6 nil_bias 0.21 Home 0.01 0.01 0.001 0.09437239787269498 -0.3552984589415227 -0.004487022870948544 0.0013128077491658882
0.1416806180843607 -0.22360858697525718 10 nil_vol 0.6 nil_bias 0.21 Home 0.01 0.01 0.001 0.13359427227596485 -0.22124269365467042 0.008086345808395855 -0.002365893320586758
0.2032537807737237 0.03257979101564014 10 nil_vol 0.6 nil_bias 0.21 Home 0.01 0.01 0.001 0.2074943468102696 0.03133909131034751 -0.004240566036545907 0.0012406997052926288
0.32614951720779983 0.412310939311076 10 nil_vol 0.6 nil_bias 0.21 Home 0.01 0.01 0.001 0.31952565001490535 0.41424894239917687 0.00662386719289446 -0.0019380030881008781
0.33713508676879067 0.4744359313237991 10 nil_vol 0.6 nil_bias 0.21 Right 0.01 0.01 0.001 0.4 0.35 -0.06286491323120935 0.1244359313237991
0.22744752103623317 0.019770978513764297 11 nil_vol 0.6 nil_bias 0.21 Right 0.01 0.01 0.001 0.22287662883176462 0.020922572141835127 0.004570892204468534 -0.0011515936280708321
0.12195778016003084 -0.3593478120417529 11 nil_vol 0.6 nil_bias 0.21 Right 0.01 0.01 0.001 0.12676586591256858 -0.36055916437039187 -0.004808085752537748 0.0012113523286389589
0.08007879573762888 -0.5460020066481609 11 nil_vol 0.6 nil_bias 0.21 Right 0.01 0.01 0.001 0.08004727349458696 -0.5459940649132422 3.1522243041932175e-05 -7.941734918644833e-06
0.04981654575727336 -0.5942885427262954 11 nil_vol 0.6 nil_bias 0.21 Right 0.01 0.01 0.001 0.06680180644547623 -0.598567820623187 -0.016985260688202868 0.0042792778968916215
0.05492987679634118 -0.6199562107819732 11 nil_vol 0.6 nil_bias 0.21 Right 0.01 0.01 0.001 0.06102624001089013 -0.621492132592909 -0.00609636321454895 0.0015359218109358753
0.05820756330526114 -0.6703276134003342 11 nil_vol 0.6 nil_bias 0.21 Right 0.01 0.01 0.001 0.04928871245711358 -0.6680805921740625 0.00891885084814756 -0.0022470212262717497
0.01849932687887799 -0.7151368992875885 11 nil_vol 0.6 nil_bias 0.21 Right 0.01 0.01 0.001 0.036303228465422166 -0.7196224261179567 -0.017803901586544175 0.004485526830368198
0.014995149326360748 -0.8041982091501145 11 nil_vol 0.6 nil_bias 0.21 Home 0.01 0.01 0.001 0.0 -0.75 0.014995149326360748 -0.054198209150114494
0.11939181227928349 -0.569318813620498 12 nil_vol 0.6 nil_bias 0.21 Home 0.01 0.01 0.001 0.09532663604037664 -0.5613580568550466 0.024065176238906843 -0.00796075676545134
0.210001927973416 -0.19253299378351918 12 nil_vol 0.6 nil_bias 0.21 Home 0.01 0.01 0.001 0.21661072203246193 -0.19471918188763815 -0.006608794059045925 0.002186188104118963
0.2919671565683021 0.04238536798628372 12 nil_vol 0.6 nil_bias 0.21 Home 0.01 0.01 0.001 0.29474130165363793 0.04146768119948485 -0.002774145085335855 0.0009176867867988724
0.33363214514547285 0.1456855870580871 12 nil_vol 0.6 nil_bias 0.21 Home 0.01 0.01 0.001 0.32965210013175755 0.14700218536408705 0.003980045013715274 -0.0013165983059999394
0.3337215199527756 0.15670735813007408 12 nil_vol 0.6 nil_bias 0.21 Home 0.01 0.01 0.001 0.33294729244533705 0.15696347247582632 0.0007742275074385434 -0.0002561143457522373
0.351052970478192 0.21151881709298467 12 nil_vol 0.6 nil_bias 0.21 Home 0.01 0.01 0.001 0.35099999000797083 0.21153634302475277 5.2980470221198815e-05 -1.752593176809248e-05
0.3673393047565494 0.23569085090895991 12 nil_vol 0.6 nil_bias 0.21 Home 0.01 0.01 0.001 0.35981380242301186 0.23818028597564656 0.007525502333537528 -0.002489435066686637
0.41037737522033285 0.3910327504444987 12 nil_vol 0.6 nil_bias 0.21 Right 0.01 0.01 0.001 0.4 0.35 0.010377375220332824 0.04103275044449871
0.35112160951318233 0.24289502639692687 13 nil_vol 0.6 nil_bias 0.21 Right 0.01 0.01 0.001 0.36577351934976443 0.23860747198862914 -0.014651909836582126 0.004287554408297733
0.3290787949285911 0.1192724550504876 13 nil_vol 0.6 nil_bias 0.21 Right 0.01 0.01 0.001 0.33071286316295145 0.11879428145128906 -0.001634068234360339 0.0004781735991985399
0.3089096412957799 0.07757794378205225 13 nil_vol 0.6 nil_bias 0.21 Right 0.01 0.01 0.001 0.3178833910172364 0.0749519762046974 -0.008973749721456472 0.0026259675773548496
0.2101371258658675 -0.31696034316202487 13 nil_vol 0.6 nil_bias 0.21 Right 0.01 0.01 0.001 0.20374625405155786 -0.3150901971588127 0.006390871814309653 -0.0018701460032121663
0.15697173276810505 -0.4462923613694718 13 nil_vol 0.6 nil_bias 0.21 Right 0.01 0.01 0.001 0.16469179275290313 -0.44855146462558804 -0.007720059984798067 0.0022591032561162156
0.14038653771403609 -0.5237651130421929 13 nil_vol 0.6 nil_bias 0.21 Right 0.01 0.01 0.001 0.14250112319760683 -0.5243838992900559 -0.0021145854835707485 0.0006187862478630356
0.07165231302863932 -0.7406664057566852 13 nil_vol 0.6 nil_bias 0.21 Right 0.01 0.01 0.001 0.07861468052004145 -0.7427037872149999 -0.00696236749140213 0.002037381458314621
0.057810822552970084 -0.813797054415686 13 nil_vol 0.6 nil_bias 0.21 Home 0.01 0.01 0.001 0.0 -0.75 0.057810822552970084 -0.06379705441568592
0.0788912707226794 -0.7805783742714859 14 nil_vol 0.6 nil_bias 0.21 Home 0.01 0.01 0.001 0.06377942203077887 -0.7780548434183465 0.01511184869190053 -0.0025235308531393595
0.08091101357989361 -0.7191023186042612 14 nil_vol 0.6 nil_bias 0.21 Home 0.01 0.01 0.001 0.07382160999560655 -0.7179184575797067 0.007089403584287063 -0.0011838610245544488
0.08763479897976485 -0.6827854539273122 14 nil_vol 0.6 nil_bias 0.21 Home 0.01 0.01 0.001 0.07990405525370947 -0.6814944953749763 0.007730743726055379 -0.0012909585523358477
0.10805985025001927 -0.6400890260885104 14 nil_vol 0.6 nil_bias 0.21 Home 0.01 0.01 0.001 0.08739462828291046 -0.6366381362414646 0.020665221967108814 -0.0034508898470458297
0.14255469931042722 -0.32987993493719325 14 nil_vol 0.6 nil_bias 0.21 Home 0.01 0.01 0.001 0.13872698471201356 -0.3292407440557172 0.0038277145984136575 -0.0006391908814760636
0.15393950544111354 -0.24279256477640762 14 nil_vol 0.6 nil_bias 0.21 Home 0.01 0.01 0.001 0.15318405110193828 -0.24266641129433442 0.0007554543391752728 -0.00012615348207321476
0.18548824209345102 -0.13996584661981534 14 nil_vol 0.6 nil_bias 0.21 Home 0.01 0.01 0.001 0.17074516199283538 -0.13750389651280104 0.014743080100615646 -0.0024619501070143063
0.26756734867440446 0.44230365104723557 14 nil_vol 0.6 nil_bias 0.21 Right 0.01 0.01 0.001 0.4 0.35 -0.13243265132559554 0.09230365104723559
0.2651420949051401 0.4004168894065489 15 nil_vol 0.6 nil_bias 0.21 Right 0.01 0.01 0.001 0.2568932015744458 0.40263661408386753 0.008248893330694328 -0.0022197246773186506
0.17457993260251237 0.12414866735561085 15 nil_vol 0.6 nil_bias 0.21 Right 0.01 0.01 0.001 0.18145596512260592 0.12229837078187489 -0.006876032520093547 0.0018502965737359684
0.10699228316279619 -0.18741430925462438 15 nil_vol 0.6 nil_bias 0.21 Right 0.01 0.01 0.001 0.09871371717908956 -0.18518659985529606 0.008278565983706625 -0.0022277093993283074
0.003505902374099574 -0.507568737404222 15 nil_vol 0.6 nil_bias 0.21 Right 0.01 0.01 0.001 0.011391713939481463 -0.5096907590901164 -0.007885811565381888 0.002122021685894393
0.008162236728156944 -0.543152179945245 15 nil_vol 0.6 nil_bias 0.21 Right 0.01 0.01 0.001 0.0027773833110242285 -0.5417031501742724 0.005384853417132715 -0.0014490297709725682
-0.032208153709690455 -0.6921419651791008 15 nil_vol 0.6 nil_bias 0.21 Right 0.01 0.01 0.001 -0.03733360312915651 -0.690762739372361 0.005125449419466059 -0.0013792258067397904
-0.060545977933352264 -0.7790307650493792 15 nil_vol 0.6 nil_bias 0.21 Right 0.01 0.01 0.001 -0.061049505721773534 -0.7788952689273096 0.0005035277884212695 -0.00013549612206954038
-0.06319536702406402 -0.7868696727648348 15 nil_vol 0.6 nil_bias 0.21 Home 0.01 0.01 0.001 0.0 -0.75 -0.06319536702406402 -0.036869672764834806
-0.03009474693189702 -0.7066138250890783 16 nil_vol 0.6 nil_bias 0.21 Home 0.01 0.01 0.001 -0.0348269332102871 -0.7049745969439505 0.0047321862783900786 -0.0016392281451278424
-0.035191581454425545 -0.6770110574841793 16 nil_vol 0.6 nil_bias 0.21 Home 0.01 0.01 0.001 -0.02621722782756527 -0.6801197713394768 -0.008974353626860278 0.0031087138552974044
0.025632230503823364 -0.5050935568091364 16 nil_vol 0.6 nil_bias 0.21 Home 0.01 0.01 0.001 0.033471190519341734 -0.5078089706009918 -0.00783896001551837 0.002715413791855443
0.11390383444016076 -0.34525621566207715 16 nil_vol 0.6 nil_bias 0.21 Home 0.01 0.01 0.001 0.09236404375379827 -0.3377948375471691 0.021539790686362494 -0.0074613781149080625
0.18156147141848336 -0.08350747149902672 16 nil_vol 0.6 nil_bias 0.21 Home 0.01 0.01 0.001 0.1805682975531206 -0.08316343632007728 0.000993173865362756 -0.00034403517894944524
0.21727620535498698 0.06273526670262332 16 nil_vol 0.6 nil_bias 0.21 Home 0.01 0.01 0.001 0.22962571925581543 0.05845739817125761 -0.012349513900828432 0.004277868531365703
0.21461717163662436 0.06776696442804803 16 nil_vol 0.6 nil_bias 0.21 Home 0.01 0.01 0.001 0.23089707920164426 0.062127608512891785 -0.016279907565019902 0.005639355915156245
0.31430953474104173 0.3029258639134999 16 nil_vol 0.6 nil_bias 0.21 Right 0.01 0.01 0.001 0.4 0.35 -0.0856904652589583 -0.047074136086500094
0.29482594913737126 0.2540603181608242 17 nil_vol 0.6 nil_bias 0.21 Right 0.01 0.01 0.001 0.2996821460591766 0.2526475136530595 -0.004856196921805354 0.0014128045077647232
0.1978538149325572 -0.1471174239701006 17 nil_vol 0.6 nil_bias 0.21 Right 0.01 0.01 0.001 0.1845087758136634 -0.14323497609431296 0.013345039118893783 -0.003882447875787647
0.10097633965682035 -0.4069599019020251 17 nil_vol 0.6 nil_bias 0.21 Right 0.01 0.01 0.001 0.10725255093356462 -0.408785828594506 -0.006276211276744267 0.001825926692480923
0.1039228394213274 -0.4484163688241508 17 nil_vol 0.6 nil_bias 0.21 Right 0.01 0.01 0.001 0.09636278700269957 -0.44621693657130795 0.007560052418627844 -0.0021994322528428815
0.09755076207838781 -0.4493752021433675 17 nil_vol 0.6 nil_bias 0.21 Right 0.01 0.01 0.001 0.09560836177713428 -0.44881010316865905 0.0019424003012535273 -0.0005650989747084507
0.04498125351533559 -0.5957797667594474 17 nil_vol 0.6 nil_bias 0.21 Right 0.01 0.01 0.001 0.052236654422285256 -0.5978905673039954 -0.0072554009069496625 0.0021108005445479344
0.034353872633892474 -0.6583561772887091 17 nil_vol 0.6 nil_bias 0.21 Right 0.01 0.01 0.001 0.03462274750599381 -0.6584344005645453 -0.00026887487210133754 7.822327583623038e-05
0.02730671520800452 -0.6835816118949615 17 nil_vol 0.6 nil_bias 0.21 Home 0.01 0.01 0.001 0.0 -0.75 0.02730671520800452 0.06641838810503854
0.21060121759908193 -0.2821376358943196 18 nil_vol 0.6 nil_bias 0.21 Home 0.01 0.01 0.001 0.2037223795806798 -0.2791371380323052 0.006878838018402128 -0.0030004978620143744
0.2511531244806312 -0.19952209689274872 18 nil_vol 0.6 nil_bias 0.21 Home 0.01 0.01 0.001 0.2404804853324275 -0.1948667712606335 0.010672639148203699 -0.004655325632115222
0.2677350253332445 -0.15265336225658563 18 nil_vol 0.6 nil_bias 0.21 Home 0.01 0.01 0.001 0.2603069537739943 -0.1494132928185794 0.007428071559250185 -0.0032400694380062137
0.28674058213840375 -0.0485058368764338 18 nil_vol 0.6 nil_bias 0.21 Home 0.01 0.01 0.001 0.3015116351105031 -0.054948860064931604 -0.014771052972099363 0.006443023188497806
0.3946966433064674 0.15484355090201252 18 nil_vol 0.6 nil_bias 0.21 Home 0.01 0.01 0.001 0.3932892894585747 0.15545742815866592 0.001407353847892726 -0.0006138772566534027
0.43501594191762866 0.21053196855085765 18 nil_vol 0.6 nil_bias 0.21 Home 0.01 0.01 0.001 0.42014230928932733 0.21701973622066129 0.01487363262830134 -0.006487767669803632
0.5049573682503514 0.38768456117820366 18 nil_vol 0.6 nil_bias 0.21 Home 0.01 0.01 0.001 0.4962430534659308 0.3914856803221093 0.008714314784420587 -0.003801119143905634
0.5243964809273308 0.456029258113493 18 nil_vol 0.6 nil_bias 0.21 Right 0.01 0.01 0.001 0.4 0.35 0.12439648092733083 0.10602925811349301
0.5128398802078991 0.4239643985354335 19 nil_vol 0.6 nil_bias 0.21 Right 0.01 0.01 0.001 0.510519260565678 0.4250023275061804 0.0023206196422211273 -0.0010379289707468705
0.3787627146099746 0.1686351812743361 19 nil_vol 0.6 nil_bias 0.21 Right 0.01 0.01 0.001 0.3930062014434571 0.16226458638668223 -0.01424348683348247 0.006370594887653869
0.4014937920759752 0.1550385195715656 19 nil_vol 0.6 nil_bias 0.21 Right 0.01 0.01 0.001 0.3917278668245004 0.1594064636155763 0.009765925251474775 -0.004367944044010731
0.34367882228898017 0.0328495608700467 19 nil_vol 0.6 nil_bias 0.21 Right 0.01 0.01 0.001 0.33654969997249157 0.03603815862801418 0.00712912231648862 -0.0031885977579674788
0.2865964142906012 -0.11627879737999403 19 nil_vol 0.6 nil_bias 0.21 Right 0.01 0.01 0.001 0.27145317800458296 -0.10950577720634774 0.01514323628601819 -0.006773020173646287
0.18351238416283572 -0.3118981576832799 19 nil_vol 0.6 nil_bias 0.21 Right 0.01 0.01 0.001 0.1813608188186538 -0.3109358405665274 0.002151565344181928 -0.0009623171167524705
0.13734138769011273 -0.3953486293195526 19 nil_vol 0.6 nil_bias 0.21 Right 0.01 0.01 0.001 0.1425617370902731 -0.39768350220490895 -0.00522034940016036 0.0023348728853563594
-0.015356486075600724 -0.7507598117327985 19 nil_vol 0.6 nil_bias 0.21 Home 0.01 0.01 0.001 0.0 -0.75 -0.015356486075600724 -0.0007598117327984991
0.06801929143471512 -0.5177078816343923 20 nil_vol 0.6 nil_bias 0.21 Home 0.01 0.01 0.001 0.07301921655100209 -0.5196195865087994 -0.0049999251162869685 0.0019117048744070372
0.2251354998828226 -0.15022340280948074 20 nil_vol 0.6 nil_bias 0.21 Home 0.01 0.01 0.001 0.2156441585218159 -0.14659441975023602 0.0094913413610067 -0.0036289830592447273
0.20701439178598513 -0.12891466577582697 20 nil_vol 0.6 nil_bias 0.21 Home 0.01 0.01 0.001 0.22044111490668344 -0.13404832906881126 -0.013426723120698323 0.005133663292984296
0.2198119502159272 -0.09825175415920505 20 nil_vol 0.6 nil_bias 0.21 Home 0.01 0.01 0.001 0.23230192091224858 -0.10302725325289752 -0.012489970696321384 0.004775499093692471
0.2555371058947569 -0.05030332742368237 20 nil_vol 0.6 nil_bias 0.21 Home 0.01 0.01 0.001 0.252853110612839 -0.04927711068163276 0.0026839952819179423 -0.001026216742049608
0.2938513761891598 0.07113054351935526 20 nil_vol 0.6 nil_bias 0.21 Home 0.01 0.01 0.001 0.29824786211407345 0.06944956162913829 -0.004396485924913655 0.0016809818902169683
0.29864451987393653 0.0751617661681079 20 nil_vol 0.6 nil_bias 0.21 Home 0.01 0.01 0.001 0.3002039352951903 0.07456552882600742 -0.001559415421253782 0.0005962373421004765
0.39734642733622233 0.3286346544096919 20 nil_vol 0.6 nil_bias 0.21 Right 0.01 0.01 0.001 0.4 0.35 -0.0026535726637776707 -0.021365345590308085
0.3437185808383969 0.19395074096205303 21 nil_vol 0.6 nil_bias 0.21 Right 0.01 0.01 0.001 0.34864040088258114 0.19219377271113158 -0.004921820044184249 0.0017569682509214462
0.2796104084292612 -0.025173079242625514 21 nil_vol 0.6 nil_bias 0.21 Right 0.01 0.01 0.001 0.27201384179057975 -0.02246129248887302 0.007596566638681457 -0.0027117867537524956
0.26355363873810816 -0.09355200823301026 21 nil_vol 0.6 nil_bias 0.21 Right 0.01 0.01 0.001 0.2485483551865661 -0.08819549244018166 0.015005283551542094 -0.005356515792828595
0.16085004366596922 -0.2963659483843254 21 nil_vol 0.6 nil_bias 0.21 Right 0.01 0.01 0.001 0.1727235804106147 -0.3006045078804495 -0.011873536744645486 0.004238559496124145
0.1742739126059984 -0.3083361550516178 21 nil_vol 0.6 nil_bias 0.21 Right 0.01 0.01 0.001 0.17045076251146457 -0.3069713848498831 0.003823150094533821 -0.0013647702017347046
0.10909288559026054 -0.4771615047978429 21 nil_vol 0.6 nil_bias 0.21 Right 0.01 0.01 0.001 0.10962879898865502 -0.47735281265098867 -0.0005359133983944859 0.00019130785314573355
0.04104610824794147 -0.6971821685546208 21 nil_vol 0.6 nil_bias 0.21 Right 0.01 0.01 0.001 0.032273102083630545 -0.6940504219329526 0.00877300616431093 -0.0031317466216681166
0.025009710505123274 -0.7143974636288439 21 nil_vol 0.6 nil_bias 0.21 Home 0.01 0.01 0.001 0.0 -0.75 0.025009710505123274 0.03560253637115607
0.17394876255623626 -0.458284748532959 22 nil_vol 0.6 nil_bias 0.21 Home 0.01 0.01 0.001 0.17915206822250954 -0.46145563492783703 -0.005203305666273273 0.003170886394878053
0.23298692833123846 -0.3779618774715418 22 nil_vol 0.6 nil_bias 0.21 Home 0.01 0.01 0.001 0.23083294979338986 -0.37664924629463553 0.0021539785378485873 -0.001312631176906281
0.31262934698590866 -0.23656250676863672 22 nil_vol 0.6 nil_bias 0.21 Home 0.01 0.01 0.001 0.3152342264789952 -0.23814991628763982 -0.002604879493086542 0.001587409519003099
0.39119106306819806 -0.1308290006099736 22 nil_vol 0.6 nil_bias 0.21 Home 0.01 0.01 0.001 0.383493895725214 -0.1261383587810363 0.00769716734298407 -0.004690641828937293
0.4121901764727108 -0.07030531372867704 22 nil_vol 0.6 nil_bias 0.21 Home 0.01 0.01 0.001 0.41607556404160123 -0.0726730628810821 -0.0038853875688904392 0.0023677491524050636
0.49954329636995043 0.08218004473353575 22 nil_vol 0.6 nil_bias 0.21 Home 0.01 0.01 0.001 0.5074912164174944 0.07733659459573405 -0.007947920047543956 0.0048434501378017015
0.514497309305975 0.07843980420533014 22 nil_vol 0.6 nil_bias 0.21 Home 0.01 0.01 0.001 0.5098787052976408 0.0812543743176114 0.0046186040083342865 -0.00281457011228125
0.6321103328875692 0.2818318915266248 22 nil_vol 0.6 nil_bias 0.21 Right 0.01 0.01 0.001 0.4 0.35 0.23211033288756916 -0.06816810847337519
0.6220761765637456 0.2582222237685151 23 nil_vol 0.6 nil_bias 0.21 Right 0.01 0.01 0.001 0.6181406284901296 0.26084143520367675 0.003935548073615904 -0.002619211435161667
0.6085389004601981 0.2546863860333343 23 nil_vol 0.6 nil_bias 0.21 Right 0.01 0.01 0.001 0.61235432953022 0.2521471169751704 -0.0038154290700218372 0.0025392690581639084
0.46798789230443066 0.04708590766502901 23 nil_vol 0.6 nil_bias 0.21 Right 0.01 0.01 0.001 0.47345787226804675 0.043445491183559115 -0.005469979963616073 0.0036404164814698914
0.4714325232577964 0.04301778259777649 23 nil_vol 0.6 nil_bias 0.21 Right 0.01 0.01 0.001 0.47263889020948135 0.04221491345331416 -0.001206366951684969 0.0008028691444623354
0.4754524857266276 0.03640563598404999 23 nil_vol 0.6 nil_bias 0.21 Right 0.01 0.01 0.001 0.4708231243874873 0.03948659851586611 0.004629361339140336 -0.0030809625318161163
0.4214631996677246 -0.013350824002090107 23 nil_vol 0.6 nil_bias 0.21 Right 0.01 0.01 0.001 0.431301005775378 -0.01989814441898813 -0.009837806107653403 0.006547320416898021
0.04504952723570643 -0.5737696219014456 23 nil_vol 0.6 nil_bias 0.21 Right 0.01 0.01 0.001 0.057271465842588576 -0.5819036456156008 -0.01222193860688214 0.008134023714155194
0.006891179765429236 -0.6576035433624754 23 nil_vol 0.6 nil_bias 0.21 Home 0.01 0.01 0.001 0.0 -0.75 0.006891179765429236 0.09239645663752455
0.035185829929972316 -0.6038102011302002 24 nil_vol 0.6 nil_bias 0.21 Home 0.01 0.01 0.001 0.0314334252390052 -0.6021495027216147 0.00375240469096712 -0.0016606984085855
0.03655251362946955 -0.5975804653866196 24 nil_vol 0.6 nil_bias 0.21 Home 0.01 0.01 0.001 0.033962783738322275 -0.5964343309306939 0.00258972989114727 -0.0011461344559256805
0.044967150461036824 -0.5840450640390665 24 nil_vol 0.6 nil_bias 0.21 Home 0.01 0.01 0.001 0.04035020061888301 -0.5820017446514106 0.004616949842153816 -0.0020433193876558614
0.19076686525633113 -0.19086805750933203 24 nil_vol 0.6 nil_bias 0.21 Home 0.01 0.01 0.001 0.20973805157730513 -0.19926411857600246 -0.018971186320973984 0.008396061066670426
0.2123346094287462 -0.17856472746271065 24 nil_vol 0.6 nil_bias 0.21 Home 0.01 0.01 0.001 0.21782380762463033 -0.18099407702893927 -0.005489198195884126 0.0024293495662286078
0.3002172624709491 -0.013469908675959149 24 nil_vol 0.6 nil_bias 0.21 Home 0.01 0.01 0.001 0.29331647025527613 -0.010415831199152237 0.006900792215672955 -0.003054077476806912
0.39603535566139636 0.20821804849297884 24 nil_vol 0.6 nil_bias 0.21 Home 0.01 0.01 0.001 0.39105296085470165 0.21042310253374918 0.004982394806694735 -0.0022050540407703343
0.4541556471679541 0.3530057743243234 24 nil_vol 0.6 nil_bias 0.21 Right 0.01 0.01 0.001 0.4 0.35 0.05415564716795407 0.003005774324323394
0.39365054217417994 0.23112385563388646 25 nil_vol 0.6 nil_bias 0.21 Right 0.01 0.01 0.001 0.39762813670164343 0.22930619770468197 -0.003977594527463472 0.001817657929204504
0.40421307134552975 0.19388679276413473 25 nil_vol 0.6 nil_bias 0.21 Right 0.01 0.01 0.001 0.3853760351304566 0.2024948316184306 0.018837036215073183 -0.008608038854295865
0.35479938306425757 0.15553553276548954 25 nil_vol 0.6 nil_bias 0.21 Right 0.01 0.01 0.001 0.362341800601164 0.15208884282596175 -0.00754241753690644 0.0034466899395277782
0.3672347436818484 0.13537284936102062 25 nil_vol 0.6 nil_bias 0.21 Right 0.01 0.01 0.001 0.35686788644136713 0.14011023526951047 0.010366857240481232 -0.004737385908489859
0.31435756761629813 0.05343225105465418 25 nil_vol 0.6 nil_bias 0.21 Right 0.01 0.01 0.001 0.3167571859473234 0.05233568747675876 -0.002399618331025271 0.0010965635778954136
0.14545281282264252 -0.2933598760426195 25 nil_vol 0.6 nil_bias 0.21 Right 0.01 0.01 0.001 0.15648040419913595 -0.2983992003797567 -0.011027591376493433 0.005039324337137221
0.03960925780053508 -0.5742986663350513 25 nil_vol 0.6 nil_bias 0.21 Right 0.01 0.01 0.001 0.03199212699903203 -0.5708178343639834 0.007617130801503043 -0.0034808319710679745
-0.04051057073782473 -0.7294760335283726 25 nil_vol 0.6 nil_bias 0.21 Home 0.01 0.01 0.001 0.0 -0.75 -0.04051057073782473 0.02052396647162733
0.011875621551675715 -0.6461128217072052 26 nil_vol 0.6 nil_bias 0.21 Home 0.01 0.01 0.001 -0.0033433384702171165 -0.6398048152700075 0.015218960021892831 -0.006308006437197686
0.0017890590233999096 -0.5795149330555925 26 nil_vol 0.6 nil_bias 0.21 Home 0.01 0.01 0.001 0.01873462806614702 -0.5865385902864322 -0.016945569042747112 0.007023657230839616
0.03390022220102895 -0.5605488738174714 26 nil_vol 0.6 nil_bias 0.21 Home 0.01 0.01 0.001 0.030151032084519316 -0.5589948967155407 0.0037491901165096356 -0.001553977101930734
0.11024246230301081 -0.40455115504322053 26 nil_vol 0.6 nil_bias 0.21 Home 0.01 0.01 0.001 0.09652245063072977 -0.39886443782846487 0.013720011672281042 -0.005686717214755664
0.09286615783452717 -0.38928580744272334 26 nil_vol 0.6 nil_bias 0.21 Home 0.01 0.01 0.001 0.09937452016322453 -0.39198341565024736 -0.006508362328697357 0.0026976082075240073
0.23903203831434358 -0.07158043603790136 26 nil_vol 0.6 nil_bias 0.21 Home 0.01 0.01 0.001 0.233181364751811 -0.06915542891249282 0.005850673562532571 -0.0024250071254085367
0.30497638403784655 0.07738824259091642 26 nil_vol 0.6 nil_bias 0.21 Home 0.01 0.01 0.001 0.2955420678159075 0.08129861014382023 0.009434316221939038 -0.003910367552903811
0.4374848097622701 0.42375560294917547 26 nil_vol 0.6 nil_bias 0.21 Right 0.01 0.01 0.001 0.4 0.35 0.03748480976227009 0.07375560294917552
0.3800097231787805 0.2190828677287298 27 nil_vol 0.6 nil_bias 0.21 Right 0.01 0.01 0.001 0.3726570795334566 0.22143885257839802 0.007352643645323907 -0.0023559848496682153
0.32996952528767715 0.12472919942403057 27 nil_vol 0.6 nil_bias 0.21 Right 0.01 0.01 0.001 0.3405793571261091 0.1213295238413889 -0.010609831838431939 0.003399675582641669
0.3292164411642155 0.07807861400427751 27 nil_vol 0.6 nil_bias 0.21 Right 0.01 0.01 0.001 0.32695299740248795 0.07880388228436036 0.0022634437617275304 -0.0007252682800828403
0.32517008098119143 0.07190384896121495 27 nil_vol 0.6 nil_bias 0.21 Right 0.01 0.01 0.001 0.32478189722448425 0.07202823348109727 0.00038818375670719236 -0.0001243845198823244
0.2747439319757509 -0.03276906289066877 27 nil_vol 0.6 nil_bias 0.21 Right 0.01 0.01 0.001 0.28966955896044616 -0.03755163535630224 -0.014925626984695219 0.00478257246563347
0.22873191155055927 -0.186702165594796 27 nil_vol 0.6 nil_bias 0.21 Right 0.01 0.01 0.001 0.24065366875343192 -0.1905222173620612 -0.011921757202872649 0.0038200517672652068
0.14485175220616392 -0.48776276347304937 27 nil_vol 0.6 nil_bias 0.21 Right 0.01 0.01 0.001 0.14535783877829328 -0.4879249272272136 -0.0005060865721293685 0.00016216375416420534
0.05382504637082066 -0.7735838118878401 27 nil_vol 0.6 nil_bias 0.21 Home 0.01 0.01 0.001 0.0 -0.75 0.05382504637082066 -0.023583811887840086
-0.11590685015335084 -0.33968151469200736 28 nil_vol 0.6 nil_bias 0.21 Home 0.01 0.01 0.001 -0.11321158746070445 -0.33864640572897897 -0.0026952626926463885 -0.0010351089630283644
-0.1860661541999294 -0.16771519490033043 28 nil_vol 0.6 nil_bias 0.21 Home 0.01 0.01 0.001 -0.17978388352562516 -0.1653025044041927 -0.006282270674304223 -0.0024126904961377367
-0.19970926909643294 -0.15315297385802384 28 nil_vol 0.6 nil_bias 0.21 Home 0.01 0.01 0.001 -0.18641124018322866 -0.14804589878284713 -0.013298028913204266 -0.005107075075176724
-0.21398800685277253 -0.060741652417310506 28 nil_vol 0.6 nil_bias 0.21 Home 0.01 0.01 0.001 -0.2191751544457405 -0.06273376360583449 0.005187147592967973 0.001992111188523986
-0.27478148489256604 0.028198088455426984 28 nil_vol 0.6 nil_bias 0.21 Home 0.01 0.01 0.001 -0.2567559397832866 0.035120754419302735 -0.018025545109279457 -0.0069226659638757515
-0.25766882960690296 0.04192310843710613 28 nil_vol 0.6 nil_bias 0.21 Home 0.01 0.01 0.001 -0.2591499176244572 0.041354300251474685 0.0014810880175542519 0.0005688081856314459
-0.3142589466105571 0.1747785312710901 28 nil_vol 0.6 nil_bias 0.21 Home 0.01 0.01 0.001 -0.3108883071946379 0.17607301699230526 -0.003370639415919219 -0.00129448572121516
-0.4050503964618606 0.42125644726720046 28 nil_vol 0.6 nil_bias 0.21 Left 0.01 0.01 0.001 -0.4 0.35 -0.00505039646186055 0.0712564472672005
-0.2672154329265303 0.011771236538994034 29 nil_vol 0.6 nil_bias 0.21 Left 0.01 0.01 0.001 -0.27083293605528946 0.010588936818171246 0.0036175031287591364 0.0011822997208227877
-0.25526300591910056 -0.08410595335006522 29 nil_vol 0.6 nil_bias 0.21 Left 0.01 0.01 0.001 -0.24136822464376953 -0.07956475588927614 -0.013894781275331019 -0.004541197460789085
-0.2179562853525775 -0.21772239013496986 29 nil_vol 0.6 nil_bias 0.21 Left 0.01 0.01 0.001 -0.1983127509130044 -0.21130234170453588 -0.019643534439573097 -0.006420048430433975
-0.1875954378523608 -0.23526291243845912 29 nil_vol 0.6 nil_bias 0.21 Left 0.01 0.01 0.001 -0.19020322228035247 -0.2361152082600354 0.0026077844279916744 0.0008522958215762905
-0.18278613772921495 -0.24566939038178906 29 nil_vol 0.6 nil_bias 0.21 Left 0.01 0.01 0.001 -0.18666619867447473 -0.24693750123313463 0.0038800609452597653 0.0012681108513455728
-0.1679960571597637 -0.31412178559993836 29 nil_vol 0.6 nil_bias 0.21 Left 0.01 0.01 0.001 -0.16502579520103933 -0.3131510221314421 -0.002970261958724387 -0.0009707634684962869
-0.06364441437914274 -0.6384782301923424 29 nil_vol 0.6 nil_bias 0.21 Left 0.01 0.01 0.001 -0.059177081369925555 -0.6370181826452843 -0.004467333009217191 -0.0014600475470581357
-0.02537566453439988 -0.740440968767496 29 nil_vol 0.6 nil_bias 0.21 Home 0.01 0.01 0.001 0.0 -0.75 -0.02537566453439988 0.009559031232504057
0.13485706241952333 -0.3123831404732097 30 nil_vol 0.6 nil_bias 0.21 Home 0.01 0.01 0.001 0.1322642236735794 -0.3114304021449449 0.00259283874594393 -0.0009527383282648335
0.19790252736482924 -0.1448605379250794 30 nil_vol 0.6 nil_bias 0.21 Home 0.01 0.01 0.001 0.19399755071167543 -0.14342565465890678 0.0039049766531538024 -0.0014348832661726246
0.21867974097349233 -0.08032126758721193 30 nil_vol 0.6 nil_bias 0.21 Home 0.01 0.01 0.001 0.21736303242825827 -0.07983744316883623 0.0013167085452340387 -0.00048382441837569904
0.24177977298429282 -0.02028198735464218 30 nil_vol 0.6 nil_bias 0.21 Home 0.01 0.01 0.001 0.23954800986585617 -0.019461926228253712 0.00223176311843665 -0.0008200611263884694
0.26254450469887014 0.04183753048546783 30 nil_vol 0.6 nil_bias 0.21 Home 0.01 0.01 0.001 0.26212863884610915 0.041990340349930766 0.000415865852761002 -0.00015280986446293814
0.35083348994330094 0.2672010458392581 30 nil_vol 0.6 nil_bias 0.21 Home 0.01 0.01 0.001 0.3455902310294114 0.2691276807833298 0.005243258913889538 -0.001926634944071771
0.3670639072609444 0.3818475663793292 30 nil_vol 0.6 nil_bias 0.21 Home 0.01 0.01 0.001 0.38463649992108145 0.37539051902901166 -0.01757259266013706 0.006457047350317525
0.4101881449612687 0.4449282853991998 30 nil_vol 0.6 nil_bias 0.21 Right 0.01 0.01 0.001 0.4 0.35 0.010188144961268686 0.09492828539919983
0.40452854550100315 0.42984256183668945 31 nil_vol 0.6 nil_bias 0.21 Right 0.01 0.01 0.001 0.4050736439643137 0.42965996761294656 -0.0005450984633105536 0.00018259422374287642
0.36352350932063576 0.30730964095955143 31 nil_vol 0.6 nil_bias 0.21 Right 0.01 0.01 0.001 0.3640322846641848 0.30713921406392114 -0.0005087753435490261 0.00017042689563027258
0.32085144202004345 0.14091437423187853 31 nil_vol 0.6 nil_bias 0.21 Right 0.01 0.01 0.001 0.30961228419266734 0.1446792083621194 0.011239157827376112 -0.0037648341302408544
0.27587743382775026 0.062291373426556704 31 nil_vol 0.6 nil_bias 0.21 Right 0.01 0.01 0.001 0.28139529122231954 0.060443030502296324 -0.005517857394569271 0.001848342924260377
0.22293697669123108 -0.08161889960054768 31 nil_vol 0.6 nil_bias 0.21 Right 0.01 0.01 0.001 0.23271136563544903 -0.08489307313424488 -0.009774388944217945 0.0032741735336972
0.13642199529930357 -0.4328891609109466 31 nil_vol 0.6 nil_bias 0.21 Right 0.01 0.01 0.001 0.11818751753057283 -0.42678107120304876 0.018234477768730738 -0.006108089707897849
0.07251943906416972 -0.5977160352410001 31 nil_vol 0.6 nil_bias 0.21 Right 0.01 0.01 0.001 0.062097990742605136 -0.5942251131514464 0.010421448321564587 -0.0034909220895536987
0.0014268077861234988 -0.7753467714322816 31 nil_vol 0.6 nil_bias 0.21 Home 0.01 0.01 0.001 0.0 -0.75 0.0014268077861234988 -0.0253467714322816
0.12721935615567065 -0.5579763217887911 32 nil_vol 0.6 nil_bias 0.54 Home 0.02 0.01 0.001 0.11133947221817049 -0.550223243423846 0.01587988393750015 -0.007753078364945069
0.2099527152293972 -0.36477362366137217 32 nil_vol 0.6 nil_bias 0.54 Home 0.02 0.01 0.001 0.20343554363630248 -0.36159172747888585 0.006517171593094717 -0.003181896182486299
0.2057346495169125 -0.3341747436809463 32 nil_vol 0.6 nil_bias 0.54 Home 0.02 0.01 0.001 0.2146873465196799 -0.33854574297245565 -0.008952697002767393 0.004370999291509386
0.2735366394099857 -0.20007673997093367 32 nil_vol 0.6 nil_bias 0.54 Home 0.02 0.01 0.001 0.2806070561749971 -0.20352874852891212 -0.007070416765011404 0.0034520085579784355
0.30986509858028766 -0.14506072902177766 32 nil_vol 0.6 nil_bias 0.54 Home 0.02 0.01 0.001 0.3092901140295702 -0.14478000277101344 0.0005749845507174832 -0.0002807262507642202
0.37169667408160734 -0.03237943041214444 32 nil_vol 0.6 nil_bias 0.54 Home 0.02 0.01 0.001 0.3656169726609904 -0.029411121466371926 0.006079701420616926 -0.0029683089457725096
0.3990336454957701 0.006960258294095495 32 nil_vol 0.6 nil_bias 0.54 Home 0.02 0.01 0.001 0.3863888286327008 0.013133871176633227 0.012644816863069272 -0.006173612882537732
0.44729340511748217 0.13787885121112584 32 nil_vol 0.6 nil_bias 0.54 Right 0.02 0.01 0.001 0.4 0.35 0.04729340511748213 -0.21212114878887414
0.3904389701128167 0.030321588125917374 33 nil_vol 0.6 nil_bias 0.54 Right 0.02 0.01 0.001 0.38903726886615747 0.031086226121664992 0.0014017012466592343 -0.0007646379957476172
0.3797400484619261 0.026080816408591546 33 nil_vol 0.6 nil_bias 0.54 Right 0.02 0.01 0.001 0.38480081073175915 0.023320134609825155 -0.005060762269833056 0.002760681798766392
0.24455018002843676 -0.2382828868679947 33 nil_vol 0.6 nil_bias 0.54 Right 0.02 0.01 0.001 0.24265767150661682 -0.23725051001414757 0.001892508521819922 -0.0010323768538471373
0.20536999723503804 -0.2829086420816996 33 nil_vol 0.6 nil_bias 0.54 Right 0.02 0.01 0.001 0.2149114957407743 -0.2881135973539044 -0.009541498505736263 0.005204955272204826
0.1286978655808304 -0.48757712407855813 33 nil_vol 0.6 nil_bias 0.54 Right 0.02 0.01 0.001 0.11128454501014218 -0.47807803390351833 0.017413320570688236 -0.009499090175039823
0.09840318745253586 -0.5265232288999415 33 nil_vol 0.6 nil_bias 0.54 Right 0.02 0.01 0.001 0.08796386074233087 -0.5208285019588972 0.01043932671020499 -0.005694726941044291
0.06109068881286118 -0.5688350870059917 33 nil_vol 0.6 nil_bias 0.54 Right 0.02 0.01 0.001 0.06161877920097275 -0.5691231640672783 -0.000528090388111574 0.0002880770612864996
-0.041312623768816184 -0.7578125525955971 33 nil_vol 0.6 nil_bias 0.54 Home 0.02 0.01 0.001 0.0 -0.75 -0.041312623768816184 -0.007812552595597102
-0.01832439298458978 -0.7195623100535877 34 nil_vol 0.6 nil_bias 0.54 Home 0.02 0.01 0.001 -0.025463297076381813 -0.7168032569785632 0.007138904091792035 -0.0027590530750245547
0.0508216977174385 -0.5377406166334933 34 nil_vol 0.6 nil_bias 0.54 Home 0.02 0.01 0.001 0.04466124223137981 -0.5353597156669283 0.0061604554860586955 -0.0023809009665649496
0.1702437582764129 -0.21294552223474542 34 nil_vol 0.6 nil_bias 0.54 Home 0.02 0.01 0.001 0.16939507167706047 -0.2126175207177664 0.0008486865993524202 -0.00032800151697900693
0.22190015397215346 -0.08134671742287948 34 nil_vol 0.6 nil_bias 0.54 Home 0.02 0.01 0.001 0.22035898588329544 -0.08075108474592807 0.0015411680888580263 -0.0005956326769514085
0.26831315967139613 -0.051631761463976536 34 nil_vol 0.6 nil_bias 0.54 Home 0.02 0.01 0.001 0.23638247659532707 -0.039291148927949604 0.03193068307606903 -0.012340612536026934
0.37336177919484187 0.23309338678960903 34 nil_vol 0.6 nil_bias 0.54 Home 0.02 0.01 0.001 0.3457746417586519 0.24375530007430457 0.027587137436189964 -0.01066191328469555
0.41657133085916637 0.35862654812380396 34 nil_vol 0.6 nil_bias 0.54 Home 0.02 0.01 0.001 0.39360122737240516 0.36750406403435487 0.0229701034867612 -0.008877515910550903
0.4073365957317351 0.40304360412885576 34 nil_vol 0.6 nil_bias 0.54 Right 0.02 0.01 0.001 0.4 0.35 0.0073365957317350515 0.05304360412885578
0.38109314151738055 0.381334513185981 35 nil_vol 0.6 nil_bias 0.54 Right 0.02 0.01 0.001 0.3982033698570783 0.3756333122959608 -0.01711022833969777 0.005701200890020178
0.33705213814026813 0.1963424529745064 35 nil_vol 0.6 nil_bias 0.54 Right 0.02 0.01 0.001 0.3383219154887119 0.19591935775886402 -0.0012697773484437382 0.00042309521564238656
0.3193385256561899 0.1465079970715919 35 nil_vol 0.6 nil_bias 0.54 Right 0.02 0.01 0.001 0.32160608401474317 0.14575243697763557 -0.0022675583585532203 0.0007555600939563303
0.18999793775169 -0.2877426754500181 35 nil_vol 0.6 nil_bias 0.54 Right 0.02 0.01 0.001 0.17844620045799797 -0.28389358742894966 0.011551737293692013 -0.0038490880210684253
0.15508767869156656 -0.39738718843257514 35 nil_vol 0.6 nil_bias 0.54 Right 0.02 0.01 0.001 0.14207444493015625 -0.3930511235695212 0.013013233761410312 -0.00433606486305393
0.07813595120080193 -0.5801852234207707 35 nil_vol 0.6 nil_bias 0.54 Right 0.02 0.01 0.001 0.07956221547052444 -0.5806604607444644 -0.0014262642697225195 0.0004752373236936964
0.03618521802933093 -0.685822781561884 35 nil_vol 0.6 nil_bias 0.54 Right 0.02 0.01 0.001 0.04368861722520495 -0.6883229461023211 -0.007503399195874018 0.00250016454043706
0.013010509399535299 -0.7803929222447019 35 nil_vol 0.6 nil_bias 0.54 Home 0.02 0.01 0.001 0.0 -0.75 0.013010509399535299 -0.030392922244701873
0.0002222638355065358 -0.7524723003150366 36 nil_vol 0.6 nil_bias 0.54 Home 0.02 0.01 0.001 0.004963678752680237 -0.7511668441815609 -0.004741414917173701 -0.001305456133475767
-0.06288470156910474 -0.5306114627096163 36 nil_vol 0.6 nil_bias 0.54 Home 0.02 0.01 0.001 -0.05626385049501331 -0.5287885404818662 -0.006620851074091426 -0.0018229222277501914
-0.06722825094186394 -0.5074265671349631 36 nil_vol 0.6 nil_bias 0.54 Home 0.02 0.01 0.001 -0.06250361332241919 -0.5061257303032372 -0.004724637619444743 -0.0013008368317259694
-0.08681606722152829 -0.4658310364106313 36 nil_vol 0.6 nil_bias 0.54 Home 0.02 0.01 0.001 -0.07452938646184507 -0.46244813847025273 -0.01228668075968322 -0.003382897940378573
-0.09053202766263466 -0.38344242188517796 36 nil_vol 0.6 nil_bias 0.54 Home 0.02 0.01 0.001 -0.0958768922767412 -0.3849140261246235 0.005344864614106553 0.0014716042394455075
-0.1689943786824839 -0.09531975517510907 36 nil_vol 0.6 nil_bias 0.54 Home 0.02 0.01 0.001 -0.17514478422828259 -0.0970131494009644 0.006150405545798682 0.0016933942258553277
-0.28076656768581604 0.2877329148422069 36 nil_vol 0.6 nil_bias 0.54 Home 0.02 0.01 0.001 -0.2810552275474136 0.28765343797857157 0.0002886598615975246 7.947686363533439e-05
-0.30908936376140395 0.3894733829208738 36 nil_vol 0.6 nil_bias 0.54 Left 0.02 0.01 0.001 -0.4 0.35 0.09091063623859608 0.03947338292087381
-0.31391431778926865 0.37651041329247525 37 nil_vol 0.6 nil_bias 0.54 Left 0.02 0.01 0.001 -0.30620332400180467 0.3785471921838882 -0.007710993787463959 -0.0020367788914129534
-0.29562857138618287 0.29277059149565315 37 nil_vol 0.6 nil_bias 0.54 Left 0.02 0.01 0.001 -0.28433432286257865 0.29575384989545206 -0.011294248523604241 -0.0029832583997989057
-0.25718431935546326 0.16265147665043736 37 nil_vol 0.6 nil_bias 0.54 Left 0.02 0.01 0.001 -0.24969896508225484 0.16462865520856365 -0.007485354273208436 -0.00197717855812628
-0.2182673763197026 0.0942822664071214 37 nil_vol 0.6 nil_bias 0.54 Left 0.02 0.01 0.001 -0.23027960723216306 0.09110936041917295 0.012012230912460467 0.003172905987948443
-0.18871912549671788 -0.00348186777568151 37 nil_vol 0.6 nil_bias 0.54 Left 0.02 0.01 0.001 -0.20421329316172948 -0.007574491179348886 0.01549416766501159 0.004092623403667376
-0.19035520205481948 -0.022385659451042948 37 nil_vol 0.6 nil_bias 0.54 Left 0.02 0.01 0.001 -0.19965241301964967 -0.024841421128994845 0.009297210964830174 0.0024557616779518985
-0.08766948531000149 -0.5240173187374753 37 nil_vol 0.6 nil_bias 0.54 Left 0.02 0.01 0.001 -0.06909614325122929 -0.5191113634104458 -0.018573342058772195 -0.004905955327029426
-0.008895536739268725 -0.7470234380948317 37 nil_vol 0.6 nil_bias 0.54 Home 0.02 0.01 0.001 0.0 -0.75 -0.008895536739268725 0.002976561905168222
-0.01178775847375153 -0.7030355885047699 38 nil_vol 0.6 nil_bias 0.54 Home 0.02 0.01 0.001 -0.01685920303913907 -0.7039737436460352 0.00507144456538754 0.0009381551412652671
-0.06944070492150523 -0.4280046835034861 38 nil_vol 0.6 nil_bias 0.54 Home 0.02 0.01 0.001 -0.06796074466862587 -0.42773090897983596 -0.0014799602528793563 -0.0002737745236501297
-0.07476534827649509 -0.4072666086881969 38 nil_vol 0.6 nil_bias 0.54 Home 0.02 0.01 0.001 -0.07184628145936815 -0.406726617073012 -0.0029190668171269387 -0.0005399916151849347
-0.09080745393529695 -0.36557146025358644 38 nil_vol 0.6 nil_bias 0.54 Home 0.02 0.01 0.001 -0.07983496521066671 -0.3635416842052111 -0.010972488724630228 -0.0020297760483753615
-0.1113743333856774 -0.1541919291252127 38 nil_vol 0.6 nil_bias 0.54 Home 0.02 0.01 0.001 -0.11832427597200455 -0.1554775833968498 0.006949942586327157 0.0012856542716371004
-0.14358803137333956 0.01223286370793781 38 nil_vol 0.6 nil_bias 0.54 Home 0.02 0.01 0.001 -0.14915804642760322 0.011202479131569465 0.00557001505426365 0.0010303845763683435
-0.15387800426634018 0.07830572202422957 38 nil_vol 0.6 nil_bias 0.54 Home 0.02 0.01 0.001 -0.16131676669636336 0.07692964206744435 0.00743876243002316 0.001376079956785223
-0.20305088055147608 0.3025343801242286 38 nil_vol 0.6 nil_bias 0.54 Left 0.02 0.01 0.001 -0.4 0.35 0.19694911944852395 -0.04746561987577136
-0.14860806036528515 0.12690098875964273 39 nil_vol 0.6 nil_bias 0.54 Left 0.02 0.01 0.001 -0.16632744554433893 0.12327104026870284 0.01771938517905378 0.0036299484909398903
-0.140053422579469 -0.09874405153242956 39 nil_vol 0.6 nil_bias 0.54 Left 0.02 0.01 0.001 -0.12161959922809593 -0.09496774504208538 -0.018433823351373092 -0.0037763064903441807
-0.11936807905574466 -0.13218747095327296 39 nil_vol 0.6 nil_bias 0.54 Left 0.02 0.01 0.001 -0.11421127369889994 -0.1311310608332832 -0.005156805356844723 -0.0010564101199897749
-0.07290832243582962 -0.38725972274220133 39 nil_vol 0.6 nil_bias 0.54 Left 0.02 0.01 0.001 -0.06219116544432571 -0.38506423303105364 -0.010717156991503917 -0.0021954897111476955
-0.06737264694077422 -0.41844889089826504 39 nil_vol 0.6 nil_bias 0.54 Left 0.02 0.01 0.001 -0.05583621347132958 -0.41608556627723126 -0.011536433469444633 -0.0023633246210337877
-0.04866605334361647 -0.5076247837039438 39 nil_vol 0.6 nil_bias 0.54 Left 0.02 0.01 0.001 -0.037550214401883275 -0.5053476210154905 -0.011115838941733193 -0.0022771626884533908
-0.03146019663051053 -0.6083658110118649 39 nil_vol 0.6 nil_bias 0.54 Left 0.02 0.01 0.001 -0.017050878096486116 -0.6054139544130319 -0.014409318534024416 -0.002951856598833032
0.021627650115846872 -0.79422096951637 39 nil_vol 0.6 nil_bias 0.54 Home 0.02 0.01 0.001 0.0 -0.75 0.021627650115846872 -0.04422096951637005
-0.025173464853703677 -0.6093901072300576 40 nil_vol 0.6 nil_bias 0.54 Home 0.02 0.01 0.001 -0.02320420370273469 -0.6089136789805507 -0.001969261150968989 -0.00047642824950693474
-0.14936766394712822 -0.13719564689743277 40 nil_vol 0.6 nil_bias 0.54 Home 0.02 0.01 0.001 -0.13799384548168514 -0.13444395069957993 -0.011373818465443077 -0.0027516961978528514
-0.1437734796183763 -0.06284298556633101 40 nil_vol 0.6 nil_bias 0.54 Home 0.02 0.01 0.001 -0.15467817859009048 -0.06548118651796075 0.010904698971714175 0.0026382009516297362
-0.1762443116106025 -0.04885652625295877 40 nil_vol 0.6 nil_bias 0.54 Home 0.02 0.01 0.001 -0.15967032166121853 -0.04484673963067909 -0.016573989949383982 -0.004009786622279682
-0.1726596383991798 -0.009411624795047098 40 nil_vol 0.6 nil_bias 0.54 Home 0.02 0.01 0.001 -0.16848743193880222 -0.00840223250620764 -0.004172206460377577 -0.001009392288839458
-0.19028640960160503 0.07787519857719949 40 nil_vol 0.6 nil_bias 0.54 Home 0.02 0.01 0.001 -0.18941192994357692 0.07808676361645228 -0.000874479658028125 -0.0002115650392527971
-0.2369645751225782 0.2503366098407777 40 nil_vol 0.6 nil_bias 0.54 Home 0.02 0.01 0.001 -0.23140988704815918 0.2516804693459278 -0.00555468807441902 -0.001343859505150099
-0.25174423490205927 0.3357301479710242 40 nil_vol 0.6 nil_bias 0.54 Left 0.02 0.01 0.001 -0.4 0.35 0.14825576509794075 -0.014269852028975776
-0.23294623004412168 0.29278389915018216 41 nil_vol 0.6 nil_bias 0.54 Left 0.02 0.01 0.001 -0.2420008458109671 0.2908194956100677 0.00905461576684542 0.0019644035401144666
-0.203769610385908 0.17002885597344122 41 nil_vol 0.6 nil_bias 0.54 Left 0.02 0.01 0.001 -0.21525468067975334 0.16753716407566857 0.01148507029384536 0.002491691897772661
-0.19258272033065876 0.03616517458847659 41 nil_vol 0.6 nil_bias 0.54 Left 0.02 0.01 0.001 -0.18701549559291064 0.03737298685407153 -0.005567224737748131 -0.0012078122655949431
-0.19388031934314923 0.019428510489574124 41 nil_vol 0.6 nil_bias 0.54 Left 0.02 0.01 0.001 -0.18360601816207683 0.021657525406607148 -0.010274301181072398 -0.002229014917033025
-0.17877684172790947 -0.03724129151619086 41 nil_vol 0.6 nil_bias 0.54 Left 0.02 0.01 0.001 -0.17118520895413514 -0.0355942828876572 -0.007591632773774332 -0.0016470086285336573
-0.15399446517321416 -0.08391466912705019 41 nil_vol 0.6 nil_bias 0.54 Left 0.02 0.01 0.001 -0.16040055743747744 -0.08530447413327663 0.006406092264263284 0.0013898050062264482
-0.10783476669115546 -0.30766787725011213 41 nil_vol 0.6 nil_bias 0.54 Left 0.02 0.01 0.001 -0.11196433441548145 -0.30856378908841586 0.004129567724325994 0.0008959118383037308
-0.016812497185912677 -0.7471515374962399 41 nil_vol 0.6 nil_bias 0.54 Home 0.02 0.01 0.001 0.0 -0.75 -0.016812497185912677 0.0028484625037601716
-0.009410801490147995 -0.7099872916732705 42 nil_vol 0.6 nil_bias 0.54 Home 0.02 0.01 0.001 -0.00705111506933514 -0.7106177714547052 -0.002359686420812854 0.0006304797814347056
0.016299204335148944 -0.5774069045150612 42 nil_vol 0.6 nil_bias 0.54 Home 0.02 0.01 0.001 0.027725506723394258 -0.5804598748456978 -0.011426302388245314 0.003052970330636619
0.04775633775714156 -0.5031369818094522 42 nil_vol 0.6 nil_bias 0.54 Home 0.02 0.01 0.001 0.0483433459684759 -0.5032938233310705 -0.0005870082113343382 0.00015684152161835207
0.06756142082190665 -0.4287716039067533 42 nil_vol 0.6 nil_bias 0.54 Home 0.02 0.01 0.001 0.06820858450469588 -0.4289445182455733 -0.0006471636827892354 0.00017291433882002087
0.07304698596537947 -0.4237660818047045 42 nil_vol 0.6 nil_bias 0.54 Home 0.02 0.01 0.001 0.06982240148649266 -0.42290451168270243 0.0032245844788868056 -0.0008615701220020441
0.14387019682956415 -0.15112318225396698 42 nil_vol 0.6 nil_bias 0.54 Home 0.02 0.01 0.001 0.14253445594929984 -0.15076628838416528 0.0013357408802643202 -0.0003568938698017117
0.19986315964986698 0.019788084476000403 42 nil_vol 0.6 nil_bias 0.54 Home 0.02 0.01 0.001 0.1888880369302524 0.022720505035126237 0.010975122719614571 -0.0029324205591258336
0.319658554898774 0.5121531951537399 42 nil_vol 0.6 nil_bias 0.54 Right 0.02 0.01 0.001 0.4 0.35 -0.08034144510122605 0.1621531951537399
0.25689688847748265 0.18234431394709893 43 nil_vol 0.6 nil_bias 0.54 Right 0.02 0.01 0.001 0.24702491945179744 0.1845329362310606 0.009871969025685216 -0.0021886222839616588
0.190775965849469 -0.0679939387380777 43 nil_vol 0.6 nil_bias 0.54 Right 0.02 0.01 0.001 0.19102719058459502 -0.06804963543365572 -0.0002512247351260484 5.5696695578020255e-05
0.21084254375235115 -0.07818859938070569 43 nil_vol 0.6 nil_bias 0.54 Right 0.02 0.01 0.001 0.18981300239459556 -0.07352633568059419 0.02102954135775558 -0.00466226370011149
0.17366357003064375 -0.1743817458331953 43 nil_vol 0.6 nil_bias 0.54 Right 0.02 0.01 0.001 0.16774423154330365 -0.17306942444259965 0.005919338487340119 -0.0013123213905956576
0.1335333094309796 -0.37827071495031417 43 nil_vol 0.6 nil_bias 0.54 Right 0.02 0.01 0.001 0.12277952637903705 -0.3758865938937008 0.010753783051942545 -0.0023841210566133268
0.07364822731253891 -0.5571025244011012 43 nil_vol 0.6 nil_bias 0.54 Right 0.02 0.01 0.001 0.082184273790848 -0.558994971742736 -0.008536046478309092 0.0018924473416348654
0.04019045801037063 -0.700022744535242 43 nil_vol 0.6 nil_bias 0.54 Right 0.02 0.01 0.001 0.050415735529526384 -0.7022896955538169 -0.010225277519155754 0.00226695101857485
0.04815307700858481 -0.7124956113932579 43 nil_vol 0.6 nil_bias 0.54 Home 0.02 0.01 0.001 0.0 -0.75 0.04815307700858481 0.0375043886067421
0.042472132473698576 -0.2965971954352447 44 nil_vol 0.6 nil_bias 0.54 Home 0.02 0.01 0.001 0.03658097347977671 -0.2967611777669166 0.00589115899392187 0.00016398233167187276
0.02984894633981284 -0.2914861057201317 44 nil_vol 0.6 nil_bias 0.54 Home 0.02 0.01 0.001 0.036429041835797794 -0.2913029466162663 -0.006580095495984957 -0.0001831591038653797
0.03071712845479537 -0.2638973219164158 44 nil_vol 0.6 nil_bias 0.54 Home 0.02 0.01 0.001 0.035662365738999696 -0.263759669623994 -0.004945237284204327 -0.00013765229242177537
0.044881872016898236 -0.08952672011202346 44 nil_vol 0.6 nil_bias 0.54 Home 0.02 0.01 0.001 0.030823427331442624 -0.08991804150422822 0.01405844468545561 0.00039132139220475313
0.028447104723436107 -0.04941804707994094 44 nil_vol 0.6 nil_bias 0.54 Home 0.02 0.01 0.001 0.02969512980326204 -0.049383307894869555 -0.001248025079825935 -3.473918507138939e-05
0.03401934126387714 0.0060043345625214 44 nil_vol 0.6 nil_bias 0.54 Home 0.02 0.01 0.001 0.02815793816049261 0.005841180495765874 0.005861403103384529 0.00016315406675552598
0.025950152277015963 0.1335979647217771 44 nil_vol 0.6 nil_bias 0.54 Home 0.02 0.01 0.001 0.024602830323041062 0.13356046157583357 0.0013473219539748998 3.750314594351582e-05
0.01595569591341839 0.44421370774892543 44 nil_vol 0.6 nil_bias 0.54 Right 0.02 0.01 0.001 0.4 0.35 -0.38404430408658163 0.09421370774892548
0.008529906426878928 0.31317742644968477 45 nil_vol 0.6 nil_bias 0.54 Right 0.02 0.01 0.001 0.01395700096516 0.3130946992649478 -0.005427094538281072 8.272718473697547e-05
0.019625910446651153 0.26421034371499186 45 nil_vol 0.6 nil_bias 0.54 Right 0.02 0.01 0.001 0.013213328903149028 0.2643080930381791 0.006412581543502126 -9.774932318725439e-05
0.009116661776130477 -0.28763669408201026 45 nil_vol 0.6 nil_bias 0.54 Right 0.02 0.01 0.001 0.004800835696273188 -0.2875709063683667 0.00431582607985729 -6.578771364356866e-05
0.00183558123505514 -0.5434490647313357 45 nil_vol 0.6 nil_bias 0.54 Right 0.02 0.01 0.001 0.0009006086983236409 -0.5434348126033831 0.0009349725367314993 -1.4252127952553357e-05
0.012331957483495092 -0.6822228580560376 45 nil_vol 0.6 nil_bias 0.54 Right 0.02 0.01 0.001 -0.0012118411426144601 -0.6820164049856001 0.013543798626109552 -0.00020645307043747155
-0.0037033538720704267 -0.6907272143761141 45 nil_vol 0.6 nil_bias 0.54 Right 0.02 0.01 0.001 -0.0013451711402690109 -0.690763161017014 -0.002358182731801416 3.594664089987842e-05
-0.005184743368557482 -0.6976319521068698 45 nil_vol 0.6 nil_bias 0.54 Right 0.02 0.01 0.001 -0.0014507422654323927 -0.6976888708498339 -0.0037340011031250894 5.6918742964101496e-05
-0.002119598930370928 -0.741567414096796 45 nil_vol 0.6 nil_bias 0.54 Home 0.02 0.01 0.001 0.0 -0.75 -0.002119598930370928 0.008432585903203903
-0.08326520256625393 -0.5620780026445111 46 nil_vol 0.6 nil_bias 0.54 Home 0.02 0.01 0.001 -0.0708430129276325 -0.557441526521943 -0.012422189638621432 -0.0046364761225681506
-0.20526220097888 -0.18983679562845668 46 nil_vol 0.6 nil_bias 0.54 Home 0.02 0.01 0.001 -0.2077076620055237 -0.1907495430577386 0.002445461026643696 0.0009127474292819423
-0.3069887227445451 0.07760752806189898 46 nil_vol 0.6 nil_bias 0.54 Home 0.02 0.01 0.001 -0.307761930482791 0.07731893488143293 0.0007732077382459125 0.0002885931804660441
-0.3245824818521797 0.11186262711983051 46 nil_vol 0.6 nil_bias 0.54 Home 0.02 0.01 0.001 -0.32113529340631997 0.11314926074757115 -0.003447188445859743 -0.0012866336277406263
-0.38555450708884265 0.28183475863839474 46 nil_vol 0.6 nil_bias 0.54 Home 0.02 0.01 0.001 -0.38427408803927704 0.2823126641061824 -0.0012804190495656021 -0.0004779054677876537
-0.40536088447039303 0.338524444688645 46 nil_vol 0.6 nil_bias 0.54 Home 0.02 0.01 0.001 -0.4052676440083292 0.3385592458942772 -9.324046206380074e-05 -3.480120563221489e-05
-0.4176355421833964 0.34909879913909664 46 nil_vol 0.6 nil_bias 0.54 Home 0.02 0.01 0.001 -0.41023272289303564 0.3518618381747214 -0.007402819290360757 -0.0027630390356247684
-0.41578338345149113 0.3667333389123457 46 nil_vol 0.6 nil_bias 0.54 Left 0.02 0.01 0.001 -0.4 0.35 -0.01578338345149111 0.01673333891234576
-0.3300526299579556 0.15975879296641088 47 nil_vol 0.6 nil_bias 0.54 Left 0.02 0.01 0.001 -0.33915873328294927 0.15644078681396376 0.009106103324993677 0.0033180061524471123
-0.28015976708951273 -0.03118360127541874 47 nil_vol 0.6 nil_bias 0.54 Left 0.02 0.01 0.001 -0.2718914742074686 -0.02817086952027187 -0.008268292882044101 -0.003012731755146875
-0.2603716526767952 -0.08427816418491299 47 nil_vol 0.6 nil_bias 0.54 Left 0.02 0.01 0.001 -0.2524935190413816 -0.08140759540931425 -0.007878133635413552 -0.002870568775598738
-0.25353544557475705 -0.09109858203734787 47 nil_vol 0.6 nil_bias 0.54 Left 0.02 0.01 0.001 -0.24949838523767587 -0.0896275915864192 -0.004037060337081163 -0.00147099045092867
-0.22483225501362708 -0.13058831978280772 47 nil_vol 0.6 nil_bias 0.54 Left 0.02 0.01 0.001 -0.23343173164836756 -0.13372172551779193 0.008599476634740482 0.003133405734984225
-0.19491535547285374 -0.2547415994051763 47 nil_vol 0.6 nil_bias 0.54 Left 0.02 0.01 0.001 -0.18998950596032127 -0.2529467593506217 -0.004925849512532475 -0.0017948400545545874
-0.18959461408695188 -0.258513728312451 47 nil_vol 0.6 nil_bias 0.54 Left 0.02 0.01 0.001 -0.1881525219755762 -0.25798827078938436 -0.001442092111375706 -0.0005254575230666363
0.00878204232213762 -0.7984654153043168 47 nil_vol 0.6 nil_bias 0.54 Home 0.02 0.01 0.001 0.0 -0.75 0.00878204232213762 -0.04846541530431684
0.039374852464453165 -0.6844936861757109 48 nil_vol 0.6 nil_bias 0.54 Home 0.02 0.01 0.001 0.04767920802429111 -0.6874020797758457 -0.008304355559837946 0.0029083936001346802
0.056350326996332634 -0.6870637007116873 48 nil_vol 0.6 nil_bias 0.54 Home 0.02 0.01 0.001 0.04873214485446111 -0.684395622252567 0.007618182141871523 -0.0026680784591202908
0.07196792996324793 -0.5505662495200696 48 nil_vol 0.6 nil_bias 0.54 Home 0.02 0.01 0.001 0.09302031286583955 -0.5579393220312708 -0.02105238290259162 0.007373072511201226
0.29691087590841087 0.025215074882858794 48 nil_vol 0.6 nil_bias 0.54 Home 0.02 0.01 0.001 0.29721794456216827 0.0251075317386672 -0.00030706865375737654 0.00010754314419159501
0.3140173107312614 0.07133529885911151 48 nil_vol 0.6 nil_bias 0.54 Home 0.02 0.01 0.001 0.31347463175927426 0.07152535864613319 0.0005426789719871367 -0.00019005978702167417
0.32962250248843933 0.11986808401430217 48 nil_vol 0.6 nil_bias 0.54 Home 0.02 0.01 0.001 0.3303199227725841 0.11962382993866738 -0.0006974202841447944 0.00024425407563478805
0.4027228519598183 0.3015971688604733 48 nil_vol 0.6 nil_bias 0.54 Home 0.02 0.01 0.001 0.394998945996015 0.30430227445371283 0.00772390596380329 -0.0027051055932395492
0.45474078032293275 0.47488353072682643 48 nil_vol 0.6 nil_bias 0.54 Right 0.02 0.01 0.001 0.4 0.35 0.054740780322932704 0.12488353072682645
0.4066955201451122 0.3406222251231576 49 nil_vol 0.6 nil_bias 0.54 Right 0.02 0.01 0.001 0.4033916915144655 0.3418979164123056 0.0033038286306466273 -0.0012756912891480048
0.2886553325735417 0.010435864761435444 49 nil_vol 0.6 nil_bias 0.54 Right 0.02 0.01 0.001 0.27712495499376655 0.01488803340682543 0.011530377579775175 -0.004452168645389986
0.24821989047820134 -0.05664683807861538 49 nil_vol 0.6 nil_bias 0.54 Right 0.02 0.01 0.001 0.24933699130738968 -0.05707817879153143 -0.0011171008291883332 0.00043134071291604895
0.2431406940438245 -0.09802059835592673 49 nil_vol 0.6 nil_bias 0.54 Right 0.02 0.01 0.001 0.23477531079391709 -0.09479051358600243 0.008365383249907406 -0.003230084769924294
0.13010996670585112 -0.3194920560816546 49 nil_vol 0.6 nil_bias 0.54 Right 0.02 0.01 0.001 0.1456895896250346 -0.3255077401464552 -0.01557962291918348 0.006015684064800623
0.030777486204313656 -0.6209840416231656 49 nil_vol 0.6 nil_bias 0.54 Right 0.02 0.01 0.001 0.031492202697746996 -0.6212600116285181 -0.0007147164934333413 0.00027597000535250853
0.01030272975482763 -0.7153573572321665 49 nil_vol 0.6 nil_bias 0.54 Right 0.02 0.01 0.001 -0.0028762580854702624 -0.7102686187208216 0.013178987840297892 -0.005088738511344937
-0.0424748708224429 -0.8128224509898134 49 nil_vol 0.6 nil_bias 0.54 Home 0.02 0.01 0.001 0.0 -0.75 -0.0424748708224429 -0.06282245098981347
-0.03792574946615613 -0.8056922633178312 50 nil_vol 0.6 nil_bias 0.54 Home 0.02 0.01 0.001 -0.03888161937542215 -0.8052393259202384 0.0009558699092660211 -0.0004529373975927576
-0.01169791417231042 -0.7715874849653434 50 nil_vol 0.6 nil_bias 0.54 Home 0.02 0.01 0.001 -0.020875161241049114 -0.767238861408847 0.009177247068738695 -0.00434862355649637
0.12779532785600106 -0.4478696919180049 50 nil_vol 0.6 nil_bias 0.54 Home 0.02 0.01 0.001 0.12996927709548045 -0.4488998142196732 -0.0021739492394793913 0.0010301223016682655
0.2443044238797359 -0.22005040347341281 50 nil_vol 0.6 nil_bias 0.54 Home 0.02 0.01 0.001 0.23949015573823695 -0.21776917036607646 0.004814268141498936 -0.0022812331073363596
0.33165556666264373 -0.029911620886949628 50 nil_vol 0.6 nil_bias 0.54 Home 0.02 0.01 0.001 0.3290836316169358 -0.028692913660068653 0.0025719350457079336 -0.0012187072268809746
0.351460008396337 0.006346399530884096 50 nil_vol 0.6 nil_bias 0.54 Home 0.02 0.01 0.001 0.34674551007092486 0.008580356873580719 0.004714498325412126 -0.0022339573426966223
0.4011753496877871 0.11053069522858515 50 nil_vol 0.6 nil_bias 0.54 Home 0.02 0.01 0.001 0.39617683868737025 0.11289923151414105 0.004998511000416898 -0.002368536285555904
0.4780633683427751 0.28571090502094537 50 nil_vol 0.6 nil_bias 0.54 Right 0.02 0.01 0.001 0.4 0.35 0.07806336834277502 -0.06428909497905462
0.3669802893496851 0.023643810801263706 51 nil_vol 0.6 nil_bias 0.54 Right 0.02 0.01 0.001 0.3628115189511554 0.025490160518842453 0.004168770398529711 -0.0018463497175787468
0.3599317461302036 0.00825715915314857 51 nil_vol 0.6 nil_bias 0.54 Right 0.02 0.01 0.001 0.35595842637546204 0.01001694371926537 0.003973319754741575 -0.0017597845661167988
0.31957605399517885 -0.06552800834656976 51 nil_vol 0.6 nil_bias 0.54 Right 0.02 0.01 0.001 0.3220201147601053 -0.06661048362624905 -0.0024440607649264257 0.0010824752796792917
0.28882935661826786 -0.15037533793503877 51 nil_vol 0.6 nil_bias 0.54 Right 0.02 0.01 0.001 0.2855616333478773 -0.14892806227324196 0.0032677232703905413 -0.0014472756617968183
0.2582411134827458 -0.22788099339882387 51 nil_vol 0.6 nil_bias 0.54 Right 0.02 0.01 0.001 0.251847525914466 -0.22504927145866332 0.0063935875682798165 -0.0028317219401605503
0.0684639046044104 -0.6656232480522514 51 nil_vol 0.6 nil_bias 0.54 Right 0.02 0.01 0.001 0.058643542437179064 -0.6612738065669674 0.00982036216723134 -0.004349441485283893
0.014945066950527783 -0.7815817084870358 51 nil_vol 0.6 nil_bias 0.54 Right 0.02 0.01 0.001 0.006931150325135249 -0.7780323422990558 0.008013916625392534 -0.003549366187979966
0.004892141240577226 -0.7826361075733755 51 nil_vol 0.6 nil_bias 0.54 Home 0.02 0.01 0.001 0.0 -0.75 0.004892141240577226 -0.032636107573375525
0.026666072057282234 -0.7424095805775135 52 nil_vol 0.6 nil_bias 0.54 Home 0.02 0.01 0.001 0.018166679485041557 -0.7397770998516973 0.008499392572240678 -0.0026324807258161793
0.10994479828370457 -0.4271932520643691 52 nil_vol 0.6 nil_bias 0.54 Home 0.02 0.01 0.001 0.11454102909273868 -0.42861682309175075 -0.004596230809034117 0.0014235710273816724
0.13018247132810723 -0.3882806147879065 52 nil_vol 0.6 nil_bias 0.54 Home 0.02 0.01 0.001 0.12730976977233183 -0.38739086514846754 0.002872701555775416 -0.0008897496394389149
0.1480538559860629 -0.35051490955298953 52 nil_vol 0.6 nil_bias 0.54 Home 0.02 0.01 0.001 0.1395472424859663 -0.34788019231988865 0.008506613500096592 -0.002634717233100863
0.28701234277818255 0.14187121152421356 52 nil_vol 0.6 nil_bias 0.54 Home 0.02 0.01 0.001 0.2908661652550323 0.14067758347317394 -0.0038538224768497505 0.0011936280510396052
0.36823700494903633 0.41255310921837307 52 nil_vol 0.6 nil_bias 0.54 Home 0.02 0.01 0.001 0.37447463943124754 0.4106211532098064 -0.006237634482211197 0.0019319560085666767
0.4260347958478823 0.5785820333338971 52 nil_vol 0.6 nil_bias 0.54 Home 0.02 0.01 0.001 0.4264560388777783 0.5784515635211828 -0.00042124302989600214 0.00013046981271430945
0.427307365128431 0.5812002089112104 52 nil_vol 0.6 nil_bias 0.54 Right 0.02 0.01 0.001 0.4 0.35 0.02730736512843098 0.2312002089112104
0.2400664031933329 0.02154662451577879 53 nil_vol 0.6 nil_bias 0.54 Right 0.02 0.01 0.001 0.24276646171233535 0.02065771556723406 -0.0027000585190024534 0.0008889089485447347
0.22709474807761973 -0.02289859026373478 53 nil_vol 0.6 nil_bias 0.54 Right 0.02 0.01 0.001 0.2282966558661998 -0.02329428042417958 -0.0012019077885800612 0.00039569016044479984
0.1994021604718242 -0.13715668138970208 53 nil_vol 0.6 nil_bias 0.54 Right 0.02 0.01 0.001 0.191651149683357 -0.1346049060108926 0.0077510107884672 -0.0025517753788094895
0.10408555074183955 -0.39962190506831247 53 nil_vol 0.6 nil_bias 0.54 Right 0.02 0.01 0.001 0.1043716664085777 -0.39971609961065013 -0.0002861156667381498 9.41945423376779e-05
0.09696569904108668 -0.45327927398161544 53 nil_vol 0.6 nil_bias 0.54 Right 0.02 0.01 0.001 0.08773784273431584 -0.45024129388257517 0.00922785630677084 -0.0030379800990402582
0.03783742072493585 -0.5714650994117069 53 nil_vol 0.6 nil_bias 0.54 Right 0.02 0.01 0.001 0.04685172241497915 -0.5744327734012772 -0.009014301690043297 0.0029676739895703463
-0.011080527604353529 -0.6573631404406264 53 nil_vol 0.6 nil_bias 0.54 Right 0.02 0.01 0.001 0.016554323040272212 -0.6664610417849205 -0.02763485064462574 0.00909790134429406
-0.008449762098553455 -0.7424108825413626 53 nil_vol 0.6 nil_bias 0.54 Home 0.02 0.01 0.001 0.0 -0.75 -0.008449762098553455 0.007589117458637446
-0.006219432086817481 -0.5402724698512578 54 nil_vol 0.6 nil_bias 0.54 Home 0.02 0.01 0.001 -0.029815100340372977 -0.5427980054815463 0.023595668253555496 0.002525535630288562
-0.023495079989174817 -0.5217501808676147 54 nil_vol 0.6 nil_bias 0.54 Home 0.02 0.01 0.001 -0.031970830109885925 -0.5226573731833082 0.008475750120711108 0.0009071923156934944
-0.01608747665773809 -0.4662374435939321 54 nil_vol 0.6 nil_bias 0.54 Home 0.02 0.01 0.001 -0.03776137184426087 -0.46855728442032846 0.021673895186522782 0.002319840826396381
-0.046066228600076836 -0.44435642611705056 54 nil_vol 0.6 nil_bias 0.54 Home 0.02 0.01 0.001 -0.04041640904466687 -0.44375170407915115 -0.005649819555409972 -0.00060472203789943
-0.05084032768269131 -0.3099796897038575 54 nil_vol 0.6 nil_bias 0.54 Home 0.02 0.01 0.001 -0.05469043729775901 -0.31039178182639804 0.0038501096150677042 0.0004120921225405377
-0.07300807559538346 -0.05665150693535938 54 nil_vol 0.6 nil_bias 0.54 Home 0.02 0.01 0.001 -0.08174910090839475 -0.057587092680846275 0.008741025313011293 0.000935585745486898
-0.10367096304863146 0.09404574194038655 54 nil_vol 0.6 nil_bias 0.54 Home 0.02 0.01 0.001 -0.0980434201747377 0.09464807961890742 -0.005627542873893756 -0.0006023376785208684
-0.11425891609731864 0.2461468182498033 54 nil_vol 0.6 nil_bias 0.54 Left 0.02 0.01 0.001 -0.4 0.35 0.2857410839026814 -0.10385318175019667
-0.09720522346194443 0.14240808382331477 55 nil_vol 0.6 nil_bias 0.54 Left 0.02 0.01 0.001 -0.10527610012481435 0.14171386616165044 0.008070876662869922 0.0006942176616643259
-0.10316796399652918 0.10845706916681208 55 nil_vol 0.6 nil_bias 0.54 Left 0.02 0.01 0.001 -0.10242103797518098 0.10852131612010305 -0.0007469260213481897 -6.424695329096936e-05
-0.1082830068846283 0.05936948286812552 55 nil_vol 0.6 nil_bias 0.54 Left 0.02 0.01 0.001 -0.09826733768587176 0.06023098215024833 -0.010015669198756544 -0.0008614992821228103
-0.10495196683445217 -0.16441456980405317 55 nil_vol 0.6 nil_bias 0.54 Left 0.02 0.01 0.001 -0.07913542341132188 -0.16219395596542116 -0.02581654342313029 -0.0022206138386320047
-0.06899426443379376 -0.2628065706338347 55 nil_vol 0.6 nil_bias 0.54 Left 0.02 0.01 0.001 -0.07047029377319267 -0.2629335315179304 0.0014760293393989068 0.0001269608840957162
-0.0398312129403816 -0.5486086521582944 55 nil_vol 0.6 nil_bias 0.54 Left 0.02 0.01 0.001 -0.045853350181166666 -0.5491266471925578 0.006022137240785072 0.0005179950342634605
-0.017987752555593886 -0.7282967632153966 55 nil_vol 0.6 nil_bias 0.54 Left 0.02 0.01 0.001 -0.030350538508352343 -0.7293601500956923 0.012362785952758455 0.001063386880295692
-0.02696737124255694 -0.7686923757648463 55 nil_vol 0.6 nil_bias 0.54 Home 0.02 0.01 0.001 0.0 -0.75 -0.02696737124255694 -0.018692375764846253
-0.05887519300779365 -0.7215866446509678 56 nil_vol 0.6 nil_bias 0.54 Home 0.02 0.01 0.001 -0.05415019065171801 -0.7190018675885674 -0.004725002356075638 -0.002584777062400393
-0.23829894812773558 -0.38217238469910364 56 nil_vol 0.6 nil_bias 0.54 Home 0.02 0.01 0.001 -0.23838459882563645 -0.3822192392703036 8.565069790088244e-05 4.685457119997305e-05
-0.2411017920301702 -0.36613832690599546 56 nil_vol 0.6 nil_bias 0.54 Home 0.02 0.01 0.001 -0.24578120206310972 -0.3686981630303427 0.0046794100329395 0.00255983612434725
-0.33099123374960143 -0.22135479984885922 56 nil_vol 0.6 nil_bias 0.54 Home 0.02 0.01 0.001 -0.327445394465537 -0.21941507509155345 -0.0035458392840644537 -0.0019397247573057748
-0.42258651777158857 -0.07735802810806802 56 nil_vol 0.6 nil_bias 0.54 Home 0.02 0.01 0.001 -0.4091712330048722 -0.07001929730172451 -0.013415284766716381 -0.0073387308063435006
-0.5257902391337845 0.1109739093366372 56 nil_vol 0.6 nil_bias 0.54 Home 0.02 0.01 0.001 -0.5122378381280455 0.11838764855203532 -0.0135524010057391 -0.007413739215398114
-0.5474188656464087 0.16659069280569958 56 nil_vol 0.6 nil_bias 0.54 Home 0.02 0.01 0.001 -0.540636585977255 0.17030088797567056 -0.006782279669153813 -0.003710195169970973
-0.5484963364133875 0.18466860264983462 56 nil_vol 0.6 nil_bias 0.54 Left 0.02 0.01 0.001 -0.4 0.35 -0.14849633641338744 -0.16533139735016536
-0.4701411907311553 0.048475840410836954 57 nil_vol 0.6 nil_bias 0.54 Left 0.02 0.01 0.001 -0.47027443189917195 0.04839935669766207 0.00013324116801668786 7.648371317488555e-05
-0.39907909306344075 -0.08173839006955835 57 nil_vol 0.6 nil_bias 0.54 Left 0.02 0.01 0.001 -0.39644131737348437 -0.08022424183524504 -0.0026377756899563995 -0.0015141482343133108
-0.3688517508615482 -0.1432488969720757 57 nil_vol 0.6 nil_bias 0.54 Left 0.02 0.01 0.001 -0.36239209638082953 -0.13954089615021056 -0.006459654480718652 -0.0037080008218651392
-0.3396681904217316 -0.16702584326055595 57 nil_vol 0.6 nil_bias 0.54 Left 0.02 0.01 0.001 -0.34489334782632003 -0.17002521234576332 0.00522515740458846 0.0029993690852073603
-0.20445559749548986 -0.3955367084770282 57 nil_vol 0.6 nil_bias 0.54 Left 0.02 0.01 0.001 -0.21272077996489336 -0.40028112684814887 0.0082651824694035 0.004744418371120669
-0.05151422605335168 -0.6850349773082904 57 nil_vol 0.6 nil_bias 0.54 Left 0.02 0.01 0.001 -0.049822488831878786 -0.684063878462938 -0.0016917372214728952 -0.0009710988453524004
-0.025558545519098815 -0.717007075500117 57 nil_vol 0.6 nil_bias 0.54 Left 0.02 0.01 0.001 -0.029585412251967314 -0.7193185962168345 0.004026866732868498 0.0023115207167174368
-0.027804356185569878 -0.7224213481719779 57 nil_vol 0.6 nil_bias 0.54 Home 0.02 0.01 0.001 0.0 -0.75 -0.027804356185569878 0.027578651828022157
-0.031318777503510566 -0.716860668477275 58 nil_vol 0.6 nil_bias 0.54 Home 0.02 0.01 0.001 -0.02630500229966302 -0.7191796339302154 -0.005013775203847542 0.002318965452940461
0.06880753280517853 -0.5214224706294022 58 nil_vol 0.6 nil_bias 0.54 Home 0.02 0.01 0.001 0.06580394787170049 -0.5200332560331109 0.003003584933478028 -0.001389214596291225
0.12043625641086052 -0.3915046235236987 58 nil_vol 0.6 nil_bias 0.54 Home 0.02 0.01 0.001 0.1244024073397076 -0.3933390430202262 -0.00396615092884709 0.00183441949652751
0.19741960644689724 -0.23511499816218231 58 nil_vol 0.6 nil_bias 0.54 Home 0.02 0.01 0.001 0.19755503618931383 -0.23517763696851007 -0.000135429742416599 6.263880632775736e-05
0.200733627837506 -0.23346817278520338 58 nil_vol 0.6 nil_bias 0.54 Home 0.02 0.01 0.001 0.1987665088755343 -0.232558343219822 0.0019671189619717097 -0.000909829565381369
0.20588664511588045 -0.21048678318682254 58 nil_vol 0.6 nil_bias 0.54 Home 0.02 0.01 0.001 0.20843077207364705 -0.2116634898166746 -0.002544126957766591 0.0011767066298520546
0.5298156083430935 0.4927805487240877 58 nil_vol 0.6 nil_bias 0.54 Home 0.02 0.01 0.001 0.5334680603050374 0.4910912209074412 -0.0036524519619438077 0.0016893278166465334
0.5662616170226634 0.5619933213713857 58 nil_vol 0.6 nil_bias 0.54 Right 0.02 0.01 0.001 0.4 0.35 0.16626161702266337 0.21199332137138566
0.42103115094263316 0.28042193981001995 59 nil_vol 0.6 nil_bias 0.54 Right 0.02 0.01 0.001 0.4378629715434852 0.2729450469942607 -0.016831820600852015 0.007476892815759224
0.37252452793197965 0.1270501638621134 59 nil_vol 0.6 nil_bias 0.54 Right 0.02 0.01 0.001 0.372967364915043 0.12685345046219448 -0.00044283698306335175 0.00019671339991891672
0.3104142679377041 0.018253653390326637 59 nil_vol 0.6 nil_bias 0.54 Right 0.02 0.01 0.001 0.32236741327162877 0.012943925548501656 -0.011953145333924666 0.005309727841824981
0.2502463502719912 -0.1468860454856568 59 nil_vol 0.6 nil_bias 0.54 Right 0.02 0.01 0.001 0.25118403182770926 -0.14730257466890295 -0.0009376815557180772 0.0004165291832461388
0.16433881486017474 -0.34986699535348864 59 nil_vol 0.6 nil_bias 0.54 Right 0.02 0.01 0.001 0.16171940477291963 -0.34870342256315523 0.0026194100872551176 -0.0011635727903334266
0.11032385332323245 -0.5216901212637138 59 nil_vol 0.6 nil_bias 0.54 Right 0.02 0.01 0.001 0.08907047991600187 -0.5122491226511736 0.02125337340723059 -0.009440998612540266
0.028374096360856183 -0.6232266339296134 59 nil_vol 0.6 nil_bias 0.54 Right 0.02 0.01 0.001 0.0378943815639009 -0.627455656667357 -0.00952028520304472 0.004229022737743575
-0.016117272321965824 -0.7490455324304625 59 nil_vol 0.6 nil_bias 0.54 Home 0.02 0.01 0.001 0.0 -0.75 -0.016117272321965824 0.0009544675695375894
-0.01787972347054978 -0.7255842488868699 60 nil_vol 0.6 nil_bias 0.54 Home 0.02 0.01 0.001 -0.025368950736610444 -0.7290492972656647 0.007489227266060663 0.0034650483787947704
-0.06300777671743678 -0.6800559634885827 60 nil_vol 0.6 nil_bias 0.54 Home 0.02 0.01 0.001 -0.0506764459497052 -0.6743506141692015 -0.012331330767731585 -0.005705349319381209
-0.11096451342554534 -0.5275196366437424 60 nil_vol 0.6 nil_bias 0.54 Home 0.02 0.01 0.001 -0.11726267146673491 -0.5304336118156423 0.0062981580411895725 0.0029139751718999848
-0.17492595548735082 -0.3999210958502304 60 nil_vol 0.6 nil_bias 0.54 Home 0.02 0.01 0.001 -0.1771672484739715 -0.4009580771506762 0.002241292986620677 0.0010369813004458448
-0.3270695631206666 -0.11725671023400797 60 nil_vol 0.6 nil_bias 0.54 Home 0.02 0.01 0.001 -0.3117145998333739 -0.11015241378860541 -0.01535496328729268 -0.0071042964454025625
-0.3861406466210136 0.01888322467411695 60 nil_vol 0.6 nil_bias 0.54 Home 0.02 0.01 0.001 -0.37401196862057845 0.02449481243201357 -0.012128678000435137 -0.005611587757896617
-0.42439602404647997 0.11954280160270325 60 nil_vol 0.6 nil_bias 0.54 Home 0.02 0.01 0.001 -0.4191177987157864 0.12198488347247316 -0.00527822533069355 -0.0024420818697699046
-0.5167684158619286 0.3330433116762699 60 nil_vol 0.6 nil_bias 0.54 Left 0.02 0.01 0.001 -0.4 0.35 -0.11676841586192857 -0.01695668832373011
-0.49851413562002056 0.2785772083368349 61 nil_vol 0.6 nil_bias 0.54 Left 0.02 0.01 0.001 -0.49313854793890477 0.2810188365635126 -0.005375587681115799 -0.002441628226677709
-0.4893370324164863 0.27746217751942603 61 nil_vol 0.6 nil_bias 0.54 Left 0.02 0.01 0.001 -0.491149226834001 0.2766390665770494 0.0018121944175146705 0.0008231109423766597
-0.2905329488674737 -0.1485876177247032 61 nil_vol 0.6 nil_bias 0.54 Left 0.02 0.01 0.001 -0.29672993383368707 -0.1514023301452554 0.006196984966213376 0.0028147124205521903
-0.27363265158202305 -0.19831684552977882 61 nil_vol 0.6 nil_bias 0.54 Left 0.02 0.01 0.001 -0.27511519070940543 -0.19899022481318018 0.0014825391273824001 0.0006733792834013734
-0.26459772678052224 -0.2618104908517743 61 nil_vol 0.6 nil_bias 0.54 Left 0.02 0.01 0.001 -0.24966291059440793 -0.25502699648364024 -0.014934816186114332 -0.006783494368134064
-0.2229357441102766 -0.35148970934179324 61 nil_vol 0.6 nil_bias 0.54 Left 0.02 0.01 0.001 -0.20877111205056026 -0.3450560378050044 -0.014164632059716362 -0.006433671536788848
-0.18428736556854025 -0.3772085122888301 61 nil_vol 0.6 nil_bias 0.54 Left 0.02 0.01 0.001 -0.19247757076451805 -0.38092855879816934 0.00819020519597781 0.0037200465093392416
-0.03304903630554391 -0.7319328830814552 61 nil_vol 0.6 nil_bias 0.54 Home 0.02 0.01 0.001 0.0 -0.75 -0.03304903630554391 0.018067116918544783
-0.05981307742052819 -0.6975606910391338 62 nil_vol 0.6 nil_bias 0.54 Home 0.02 0.01 0.001 -0.051384593850874696 -0.6935358737852888 -0.00842848356965349 -0.004024817253844982
-0.06655396841530556 -0.6610480075450483 62 nil_vol 0.6 nil_bias 0.54 Home 0.02 0.01 0.001 -0.06683443002984837 -0.6611819351651148 0.00028046161454281396 0.00013392762006648199
-0.22980263554527983 -0.3402168061171584 62 nil_vol 0.6 nil_bias 0.54 Home 0.02 0.01 0.001 -0.22190452918180675 -0.33644525759342836 -0.007898106363473071 -0.00377154852373001
-0.3419172128317524 -0.09712132875076349 62 nil_vol 0.6 nil_bias 0.54 Home 0.02 0.01 0.001 -0.33725172347449933 -0.09489343782500892 -0.004665489357253105 -0.0022278909257545626
-0.358340676952851 -0.10283868627052462 62 nil_vol 0.6 nil_bias 0.54 Home 0.02 0.01 0.001 -0.3380781442233764 -0.09316280677663591 -0.020262532729474605 -0.009675879493888703
-0.4683895647990909 0.15860532570847 62 nil_vol 0.6 nil_bias 0.54 Home 0.02 0.01 0.001 -0.4601766803890195 0.16252718882943573 -0.00821288441007138 -0.003921863120965747
-0.4668165802561789 0.20182120484079497 62 nil_vol 0.6 nil_bias 0.54 Home 0.02 0.01 0.001 -0.47668929823794065 0.19710672858335665 0.009872717981761762 0.004714476257438319
-0.5586440112384435 0.36873040946489605 62 nil_vol 0.6 nil_bias 0.54 Left 0.02 0.01 0.001 -0.4 0.35 -0.15864401123844354 0.01873040946489609
-0.5483487869379541 0.3609886625400341 63 nil_vol 0.6 nil_bias 0.54 Left 0.02 0.01 0.001 -0.5535980626591369 0.35841971948878676 0.005249275721182874 0.002568943051247342
-0.5570739425918215 0.34903576763531446 63 nil_vol 0.6 nil_bias 0.54 Left 0.02 0.01 0.001 -0.5505646441721638 0.35222135319642245 -0.006509298419657696 -0.0031855855611079994
-0.44812987844547975 0.12655608011864616 63 nil_vol 0.6 nil_bias 0.54 Left 0.02 0.01 0.001 -0.4416728022778902 0.12971610863175426 -0.0064570761675895386 -0.0031600285131080995
-0.3719370800145533 0.017208380339286754 63 nil_vol 0.6 nil_bias 0.54 Left 0.02 0.01 0.001 -0.38377696264280425 0.011414060166183793 0.011839882628250998 0.00579432017310296
-0.2873033084910127 -0.2067312242925309 63 nil_vol 0.6 nil_bias 0.54 Left 0.02 0.01 0.001 -0.27900605515461824 -0.2026706314726578 -0.008297253336394464 -0.004060592819873103
-0.1966206993667439 -0.3586405748214801 63 nil_vol 0.6 nil_bias 0.54 Left 0.02 0.01 0.001 -0.2015059050639199 -0.3610313456432586 0.004885205697176027 0.002390770821778495
-0.01298839807860965 -0.737167666185136 63 nil_vol 0.6 nil_bias 0.54 Left 0.02 0.01 0.001 -0.016570603341557577 -0.7389207616229039 0.0035822052629479275 0.0017530954377679452
-0.009948546116373034 -0.7524520091137996 63 nil_vol 0.6 nil_bias 0.54 Home 0.02 0.01 0.001 0.0 -0.75 -0.009948546116373034 -0.002452009113799563
