x y trial vol omega bias theta state target_sigma moving_sigma staying_sigma x_mean y_mean x_noise y_noise
0.009478864311665374 -0.6507600849922573 0 nil_vol 0.6 nil_bias 0.1 Home 0.04 0.01 0.001 0.01022189409755909 -0.6508366775427542 -0.0007430297858937165 7.65925504968052e-05
0.02078466423283031 -0.5077988612439434 0 nil_vol 0.6 nil_bias 0.1 Home 0.04 0.01 0.001 0.02492246509915823 -0.508225391549749 -0.004137800866327923 0.0004265303058056396
0.04280450489628975 -0.25157700779646247 0 nil_vol 0.6 nil_bias 0.1 Home 0.04 0.01 0.001 0.05128799610945141 -0.25245149794674865 -0.008483491213161656 0.0008744901502861573
0.06557713531246742 -0.11960838797581899 0 nil_vol 0.6 nil_bias 0.1 Home 0.04 0.01 0.001 0.06498791081912597 -0.1195476498901904 0.0005892244933414459 -6.0738085628594994e-05
0.0852947479827525 0.006206385425441616 0 nil_vol 0.6 nil_bias 0.1 Home 0.04 0.01 0.001 0.07802802736080246 0.006955449159829374 0.0072667206219500366 -0.0007490637343877586
0.07620873180677125 0.021593818158164423 0 nil_vol 0.6 nil_bias 0.1 Home 0.04 0.01 0.001 0.07950197764013132 0.021254345767449112 -0.0032932458333600713 0.00033947239071530967
0.08877973435644494 0.08477847688647024 0 nil_vol 0.6 nil_bias 0.1 Home 0.04 0.01 0.001 0.08607883317156881 0.08505688956159696 0.00270090118487614 -0.00027841267512672424
0.13837504567603603 0.5923861706496759 0 nil_vol 0.6 nil_bias 0.1 Right 0.04 0.01 0.001 0.4 0.35 -0.261624954323964 0.24238617064967594
0.11939448962749569 0.2525146878535544 1 nil_vol 0.6 nil_bias 0.1 Right 0.04 0.01 0.001 0.10370335257871291 0.25412301640271184 0.015691137048782777 -0.001608328549157422
0.0890120951572992 0.1897524378206503 1 nil_vol 0.6 nil_bias 0.1 Right 0.04 0.01 0.001 0.09702127649650273 0.18893150336808817 -0.008009181339203536 0.0008209344525621347
0.0893813805700754 -0.09662860489127681 1 nil_vol 0.6 nil_bias 0.1 Right 0.04 0.01 0.001 0.06797648351904974 -0.09443462067509723 0.021404897051025662 -0.002193984216179582
0.0643530445822674 -0.13764120579617645 1 nil_vol 0.6 nil_bias 0.1 Right 0.04 0.01 0.001 0.0635562158821511 -0.1375595315144975 0.0007968287001162953 -8.167428167893361e-05
0.08901086198412742 -0.17437833143511547 1 nil_vol 0.6 nil_bias 0.1 Right 0.04 0.01 0.001 0.06008620416478855 -0.1714135779694601 0.02892465781933886 -0.002964753465655372
0.037563173526371015 -0.40137551147579 1 nil_vol 0.6 nil_bias 0.1 Right 0.04 0.01 0.001 0.03652619109852931 -0.40126922163595957 0.0010369824278417049 -0.00010628983983042634
0.017069123794646895 -0.6954866771884693 1 nil_vol 0.6 nil_bias 0.1 Right 0.04 0.01 0.001 0.006480391698894278 -0.6944013409202286 0.01058873209575262 -0.0010853362682406455
-0.0012127040808149814 -0.7694565404763579 1 nil_vol 0.6 nil_bias 0.1 Home 0.04 0.01 0.001 0.0 -0.75 -0.0012127040808149814 -0.019456540476357892
-0.07856539446979278 -0.5757546321074598 2 nil_vol 0.6 nil_bias 0.1 Home 0.04 0.01 0.001 -0.06546092991927005 -0.5715014522301789 -0.013104464550522731 -0.004253179877280899
-0.08230403222746834 -0.559222124934531 2 nil_vol 0.6 nil_bias 0.1 Home 0.04 0.01 0.001 -0.0706716467213563 -0.5554467224548169 -0.011632385506112038 -0.003775402479714151
-0.08504817845639717 -0.5169969733674995 2 nil_vol 0.6 nil_bias 0.1 Home 0.04 0.01 0.001 -0.08333169478135752 -0.5164398720988278 -0.0017164836750396522 -0.0005571012686717215
-0.15282991881288016 -0.2980225586035042 2 nil_vol 0.6 nil_bias 0.1 Home 0.04 0.01 0.001 -0.154088549593814 -0.2984310593163533 0.00125863078093382 0.00040850071284908245
-0.1737425289633057 -0.2480609229581491 2 nil_vol 0.6 nil_bias 0.1 Home 0.04 0.01 0.001 -0.1707517109053917 -0.24709022422173865 -0.0029908180579139836 -0.0009706987364104609
-0.22929118321980063 -0.08718558783991087 2 nil_vol 0.6 nil_bias 0.1 Home 0.04 0.01 0.001 -0.2232831742902865 -0.08523563081701868 -0.006008008929514131 -0.0019499570228921834
-0.24636295410516731 0.009421344863661675 2 nil_vol 0.6 nil_bias 0.1 Home 0.04 0.01 0.001 -0.2532767167836489 0.007177416759079902 0.006913762678481573 0.002243928104581774
-0.3925828756986 0.43639336196794914 2 nil_vol 0.6 nil_bias 0.1 Left 0.04 0.01 0.001 -0.4 0.35 0.007417124301400011 0.08639336196794917
-0.2808911404828861 0.0010895050704567127 3 nil_vol 0.6 nil_bias 0.1 Left 0.04 0.01 0.001 -0.26509789388477667 0.005765002423842203 -0.015793246598109427 -0.00467549735338549
-0.25310628575313326 0.0034714698787548692 3 nil_vol 0.6 nil_bias 0.1 Left 0.04 0.01 0.001 -0.26350733709492563 0.00039230007545437706 0.010401051341792358 0.003079169803300492
-0.22753060726374236 -0.10057417253274858 3 nil_vol 0.6 nil_bias 0.1 Left 0.04 0.01 0.001 -0.23312638373374045 -0.10223076909844425 0.005595776469998096 0.0016565965656956698
-0.1459837974774418 -0.3892336543828726 3 nil_vol 0.6 nil_bias 0.1 Left 0.04 0.01 0.001 -0.14798544635592742 -0.38982623070817907 0.0020016488784856254 0.000592576325306469
-0.13335577445565266 -0.44739681293564393 3 nil_vol 0.6 nil_bias 0.1 Left 0.04 0.01 0.001 -0.131136516073258 -0.4467398146022799 -0.0022192583823946862 -0.0006569983333640229
-0.12899664452409498 -0.44819792210548803 3 nil_vol 0.6 nil_bias 0.1 Left 0.04 0.01 0.001 -0.13056720475685107 -0.44866287718397474 0.0015705602327561036 0.0004649550784866927
-0.12146984837780836 -0.4601290321538932 3 nil_vol 0.6 nil_bias 0.1 Left 0.04 0.01 0.001 -0.1267131806421279 -0.46168128969463734 0.005243332264319529 0.001552257540744115
-0.04431626290431194 -0.7400077953903774 3 nil_vol 0.6 nil_bias 0.1 Home 0.04 0.01 0.001 0.0 -0.75 -0.04431626290431194 0.009992204609622628
-0.08908503074145055 -0.4664912455786676 4 nil_vol 0.6 nil_bias 0.1 Home 0.04 0.01 0.001 -0.08032127605782546 -0.4653424327120535 -0.008763754683625084 -0.0011488128666141005
-0.12673895089545562 -0.16408551410590866 4 nil_vol 0.6 nil_bias 0.1 Home 0.04 0.01 0.001 -0.11992911077032467 -0.1631928337151678 -0.006809840125130948 -0.0008926803907408516
-0.1556999629105299 0.10090757841027387 4 nil_vol 0.6 nil_bias 0.1 Home 0.04 0.01 0.001 -0.1545686383980848 0.10105588016028078 -0.0011313245124450976 -0.00014830175000690978
-0.15609231114497463 0.11271582600496796 4 nil_vol 0.6 nil_bias 0.1 Home 0.04 0.01 0.001 -0.1560970228338347 0.11271520836458648 4.711688860077752e-06 6.17640381474102e-07
-0.1410031051151541 0.15263619447869065 4 nil_vol 0.6 nil_bias 0.1 Home 0.04 0.01 0.001 -0.16098674453327205 0.1500166024300672 0.019983639418117958 0.0026195920486234313
-0.1558902407131572 0.17163457294877224 4 nil_vol 0.6 nil_bias 0.1 Home 0.04 0.01 0.001 -0.16368660503293014 0.1706125722234323 0.00779636431977294 0.0010220007253399525
-0.18560957629198055 0.29099085804271213 4 nil_vol 0.6 nil_bias 0.1 Home 0.04 0.01 0.001 -0.17957038948390153 0.2917825159290255 -0.006039186808079027 -0.0007916578863133466
-0.20012510582640874 0.4485848088456686 4 nil_vol 0.6 nil_bias 0.1 Left 0.04 0.01 0.001 -0.4 0.35 0.19987489417359128 0.09858480884566861
-0.20933455249236108 0.4176700141154636 5 nil_vol 0.6 nil_bias 0.1 Left 0.04 0.01 0.001 -0.1951042333207381 0.42018590789609195 -0.014230319171622995 -0.0025158937806283284
-0.17100796355592426 0.3002100049106463 5 nil_vol 0.6 nil_bias 0.1 Left 0.04 0.01 0.001 -0.17380528098289802 0.2997154444280536 0.0027973174269737516 0.0004945604825927338
-0.160793468540762 0.1898075625607731 5 nil_vol 0.6 nil_bias 0.1 Left 0.04 0.01 0.001 -0.1545683552546669 0.19090815093207436 -0.006225113286095111 -0.0011005883713012473
-0.12578593841044833 -0.07166753899736651 5 nil_vol 0.6 nil_bias 0.1 Left 0.04 0.01 0.001 -0.10868015049387678 -0.06864326772748036 -0.01710578791657154 -0.0030242712698861536
-0.08683122974813612 -0.1753476774452979 5 nil_vol 0.6 nil_bias 0.1 Left 0.04 0.01 0.001 -0.08972457181477123 -0.1758592149043588 0.002893342066635108 0.0005115374590608961
-0.08312265691761825 -0.2844383181593111 5 nil_vol 0.6 nil_bias 0.1 Left 0.04 0.01 0.001 -0.07090973601923836 -0.2822790966154393 -0.01221292089837989 -0.0021592215438717595
-0.059704340163243094 -0.3065921029071623 5 nil_vol 0.6 nil_bias 0.1 Left 0.04 0.01 0.001 -0.06640189276578981 -0.3077762176648819 0.006697552602546714 0.0011841147577195585
0.00743393956588197 -0.7254041272659473 5 nil_vol 0.6 nil_bias 0.1 Home 0.04 0.01 0.001 0.0 -0.75 0.00743393956588197 0.02459587273405271
0.06710086172587555 -0.4728771882518925 6 nil_vol 0.6 nil_bias 0.1 Home 0.04 0.01 0.001 0.07224771567996409 -0.4742051676366978 -0.005146853954088535 0.001327979384805262
0.08322144116839843 -0.41643534359307743 6 nil_vol 0.6 nil_bias 0.1 Home 0.04 0.01 0.001 0.0869079312372798 -0.4173865232568942 -0.003686490068881373 0.0009511796638167405
0.16359395977458366 -0.1008077046644842 6 nil_vol 0.6 nil_bias 0.1 Home 0.04 0.01 0.001 0.1682789718302134 -0.10201652066799605 -0.00468501205562974 0.0012088160035118411
0.18850899952140307 0.02198151532755335 6 nil_vol 0.6 nil_bias 0.1 Home 0.04 0.01 0.001 0.19953839750121524 0.019135735502701645 -0.011029397979812169 0.0028457798248517027
0.21634994432690935 0.1559995903791623 6 nil_vol 0.6 nil_bias 0.1 Home 0.04 0.01 0.001 0.23369685545734245 0.1515237803840167 -0.017346911130433088 0.004475809995145594
0.23986556478942353 0.2133617948343516 6 nil_vol 0.6 nil_bias 0.1 Home 0.04 0.01 0.001 0.24904129989549142 0.2109942928282742 -0.009175735106067888 0.0023675020060774147
0.2611494990767846 0.24932739970304357 6 nil_vol 0.6 nil_bias 0.1 Home 0.04 0.01 0.001 0.25907033609458024 0.24986386053963372 0.0020791629822043594 -0.0005364608365901426
0.29578894398070993 0.39217428670266197 6 nil_vol 0.6 nil_bias 0.1 Right 0.04 0.01 0.001 0.4 0.35 -0.1042110560192901 0.042174286702661976
0.28676235949466206 0.3518852075694429 7 nil_vol 0.6 nil_bias 0.1 Right 0.04 0.01 0.001 0.2863339094823559 0.35198600834550936 0.00042845001230618513 -0.00010080077606644247
0.30242400715433937 0.32218652457511904 7 nil_vol 0.6 nil_bias 0.1 Right 0.04 0.01 0.001 0.2805346348407722 0.3273364035655252 0.021889372313567194 -0.005149878990406135
0.27291773665256264 0.2048242909407749 7 nil_vol 0.6 nil_bias 0.1 Right 0.04 0.01 0.001 0.2528236321477845 0.2095518000323007 0.0200941045047781 -0.004727509091525798
0.18673827257284417 -0.06984816500264164 7 nil_vol 0.6 nil_bias 0.1 Right 0.04 0.01 0.001 0.187071203537094 -0.06992649315904031 -0.0003329309642498275 7.832815639867157e-05
0.13244699516494673 -0.3298287501751364 7 nil_vol 0.6 nil_bias 0.1 Right 0.04 0.01 0.001 0.12626649716725208 -0.32837467390777597 0.00618049799769467 -0.00145407626736045
0.07963138253624841 -0.5256422626108892 7 nil_vol 0.6 nil_bias 0.1 Right 0.04 0.01 0.001 0.07984389201646092 -0.5256922593897704 -0.00021250948021250352 4.999677888114608e-05
0.04954260299994372 -0.667180715720785 7 nil_vol 0.6 nil_bias 0.1 Right 0.04 0.01 0.001 0.046712755873059564 -0.6665149419354047 0.0028298471268841563 -0.0006657737853802778
0.023436182135413826 -0.7654511673645282 7 nil_vol 0.6 nil_bias 0.1 Home 0.04 0.01 0.001 0.0 -0.75 0.023436182135413826 -0.015451167364528175
0.05189476649333554 -0.7090040828988948 8 nil_vol 0.6 nil_bias 0.1 Home 0.04 0.01 0.001 0.05022517341937499 -0.7082225385006794 0.0016695930739605467 -0.0007815443982154317
0.15404090604119622 -0.5101687166943643 8 nil_vol 0.6 nil_bias 0.1 Home 0.04 0.01 0.001 0.14493123237443561 -0.5059044354543023 0.009109673666760604 -0.004264281240061985
0.1810605783183908 -0.4547793582594582 8 nil_vol 0.6 nil_bias 0.1 Home 0.04 0.01 0.001 0.1710554633943966 -0.45009591674050153 0.010005114923994236 -0.004683441518956664
0.28110471233803525 -0.23541262429141965 8 nil_vol 0.6 nil_bias 0.1 Home 0.04 0.01 0.001 0.27326711590284675 -0.2317438084075203 0.007837596435188526 -0.0036688158838993697
0.42335955015089777 0.08936224119695849 8 nil_vol 0.6 nil_bias 0.1 Home 0.04 0.01 0.001 0.4235390425656436 0.08927821995043161 -0.00017949241474585805 8.402124652686552e-05
0.5015849068182363 0.22580493123032017 8 nil_vol 0.6 nil_bias 0.1 Home 0.04 0.01 0.001 0.48998880242692405 0.23123312242822258 0.011596104391312272 -0.005428191197902415
0.5356606674835513 0.30030273002973334 8 nil_vol 0.6 nil_bias 0.1 Home 0.04 0.01 0.001 0.5247183209238897 0.3054248941009755 0.010942346559661625 -0.005122164071242146
0.5969030165845198 0.45963119152455056 8 nil_vol 0.6 nil_bias 0.1 Right 0.04 0.01 0.001 0.4 0.35 0.19690301658451984 0.10963119152455059
0.4826128737566438 0.2547415454474577 9 nil_vol 0.6 nil_bias 0.1 Right 0.04 0.01 0.001 0.49753344656038395 0.24774417976784768 -0.014920572803740153 0.0069973656796100065
0.3740734424659443 0.012751535651672311 9 nil_vol 0.6 nil_bias 0.1 Right 0.04 0.01 0.001 0.3849383366026725 0.007656179170057842 -0.010864894136728209 0.0050953564816144685
0.36587715343840876 -0.023055589104517188 9 nil_vol 0.6 nil_bias 0.1 Right 0.04 0.01 0.001 0.3696955083259794 -0.02484629954132833 -0.003818354887570654 0.001790710436811145
0.327503983648133 -0.11269745676245613 9 nil_vol 0.6 nil_bias 0.1 Right 0.04 0.01 0.001 0.3283168017459639 -0.11307864758779107 -0.000812818097830886 0.00038119082533493744
0.14387269293804827 -0.5352789812581867 9 nil_vol 0.6 nil_bias 0.1 Right 0.04 0.01 0.001 0.13275981421693162 -0.5300673263714978 0.011112878721116647 -0.005211654886688907
0.08957334587627816 -0.6338690255296695 9 nil_vol 0.6 nil_bias 0.1 Right 0.04 0.01 0.001 0.08506994559357928 -0.6317570463855575 0.004503400282698887 -0.0021119791441119515
0.05911902804014546 -0.6234482594687025 9 nil_vol 0.6 nil_bias 0.1 Right 0.04 0.01 0.001 0.08358547769246072 -0.6349223963769117 -0.024466449652315255 0.011474136908209176
0.03151701359870346 -0.7459486518081035 9 nil_vol 0.6 nil_bias 0.1 Home 0.04 0.01 0.001 0.0 -0.75 0.03151701359870346 0.004051348191896463
0.17506344284364636 -0.3912798406641559 10 nil_vol 0.6 nil_bias 0.1 Home 0.04 0.01 0.001 0.15285453167918828 -0.38383798813046666 0.022208911164458084 -0.007441852533689238
0.1634549536883668 -0.29288567699808143 10 nil_vol 0.6 nil_bias 0.1 Home 0.04 0.01 0.001 0.18132475753310304 -0.29887356375370505 -0.01786980384473625 0.005987886755623621
0.199543311271174 -0.23160643077134482 10 nil_vol 0.6 nil_bias 0.1 Home 0.04 0.01 0.001 0.20342865159055185 -0.2329083464522126 -0.003885340319377848 0.0013019156808677579
0.26143560594173426 -0.08086379891475814 10 nil_vol 0.6 nil_bias 0.1 Home 0.04 0.01 0.001 0.2550889677439696 -0.07873714150221334 0.006346638197764677 -0.0021266574125448096
0.2602732646008583 -0.057557804699025265 10 nil_vol 0.6 nil_bias 0.1 Home 0.04 0.01 0.001 0.2619927591498918 -0.05813397994560232 -0.0017194945490334767 0.000576175246577058
0.333396513825321 0.15517406898099012 10 nil_vol 0.6 nil_bias 0.1 Home 0.04 0.01 0.001 0.3334615840095589 0.15515226499826207 -6.507018423790627e-05 2.1803982728043132e-05
0.3493405022071336 0.188198854077421 10 nil_vol 0.6 nil_bias 0.1 Home 0.04 0.01 0.001 0.34502007339621477 0.18964656098457522 0.004320428810918793 -0.0014477069071542005
0.3536943597866887 0.2155334560807886 10 nil_vol 0.6 nil_bias 0.1 Right 0.04 0.01 0.001 0.4 0.35 -0.04630564021331134 -0.13446654391921137
0.2941502541688102 0.08263801370068753 11 nil_vol 0.6 nil_bias 0.1 Right 0.04 0.01 0.001 0.3045690677828722 0.07889223866441505 -0.010418813614061972 0.003745775036272483
0.29023522415595965 0.04901490987060678 11 nil_vol 0.6 nil_bias 0.1 Right 0.04 0.01 0.001 0.29341638145126253 0.04787121923320839 -0.0031811572953028703 0.0011436906373983923
0.2868207263717884 0.03271342195259592 11 nil_vol 0.6 nil_bias 0.1 Right 0.04 0.01 0.001 0.2878356604202059 0.03234853255512227 -0.0010149340484175216 0.00036488939747364864
0.2283269418734242 -0.10789748337577718 11 nil_vol 0.6 nil_bias 0.1 Right 0.04 0.01 0.001 0.23637422039051453 -0.11079064339339811 -0.008047278517090332 0.0028931600176209387
0.20194078577156352 -0.1815851148113144 11 nil_vol 0.6 nil_bias 0.1 Right 0.04 0.01 0.001 0.20989415852251642 -0.18444451379936044 -0.007953372750952885 0.0028593989880460417
0.15703883826407725 -0.34726630500233924 11 nil_vol 0.6 nil_bias 0.1 Right 0.04 0.01 0.001 0.15200683012728355 -0.3454571959080291 0.005032008136793705 -0.0018091090943101458
0.08925443682531338 -0.5193692800802973 11 nil_vol 0.6 nil_bias 0.1 Right 0.04 0.01 0.001 0.08945586873201605 -0.5194416989405999 -0.00020143190670267574 7.24188603026067e-05
-0.01316467350931592 -0.8048791030112896 11 nil_vol 0.6 nil_bias 0.1 Home 0.04 0.01 0.001 0.0 -0.75 -0.01316467350931592 -0.054879103011289655
0.014758074069755213 -0.7563878549309614 12 nil_vol 0.6 nil_bias 0.1 Home 0.04 0.01 0.001 0.0060799011626413695 -0.7531587991436172 0.008678172907113844 -0.0032290557873442104
0.0785935284765993 -0.5286675782641735 12 nil_vol 0.6 nil_bias 0.1 Home 0.04 0.01 0.001 0.08827086365838467 -0.5322684117010366 -0.009677335181785377 0.0036008334368629654
0.22140499146244982 -0.19550521576921573 12 nil_vol 0.6 nil_bias 0.1 Home 0.04 0.01 0.001 0.21452886779231797 -0.19294668332590237 0.006876123670131858 -0.00255853244331336
0.2543476023169398 -0.03412552844702441 12 nil_vol 0.6 nil_bias 0.1 Home 0.04 0.01 0.001 0.2712802025694195 -0.04042596880760252 -0.016932600252479668 0.006300440360578107
0.2887428602180316 0.003385792510365985 12 nil_vol 0.6 nil_bias 0.1 Home 0.04 0.01 0.001 0.2877232572506982 0.0037651759240984184 0.0010196029673333745 -0.00037938341373243314
0.28895451664625155 0.03816526468019953 12 nil_vol 0.6 nil_bias 0.1 Home 0.04 0.01 0.001 0.2991162651354226 0.034384186206688594 -0.010161748489171037 0.0037810784735109416
0.40022173462590077 0.31432719039579915 12 nil_vol 0.6 nil_bias 0.1 Home 0.04 0.01 0.001 0.40290814329802993 0.3133276063171275 -0.0026864086721291626 0.0009995840786716135
0.4286283438145117 0.38245132606284454 12 nil_vol 0.6 nil_bias 0.1 Right 0.04 0.01 0.001 0.4 0.35 0.028628343814511667 0.03245132606284458
0.3967625630914055 0.3179155337349348 13 nil_vol 0.6 nil_bias 0.1 Right 0.04 0.01 0.001 0.4018172796224907 0.31587979376166414 -0.005054716531085167 0.0020357399732706923
0.35254094102036215 0.22048421985041672 13 nil_vol 0.6 nil_bias 0.1 Right 0.04 0.01 0.001 0.361882413892917 0.21672202871290477 -0.009341472872554846 0.0037621911375119383
0.29626985984936394 0.058262829602575845 13 nil_vol 0.6 nil_bias 0.1 Right 0.04 0.01 0.001 0.2978139902448316 0.05764094547699444 -0.0015441303954676405 0.0006218841255814024
0.2105543965495402 -0.16319143843453432 13 nil_vol 0.6 nil_bias 0.1 Right 0.04 0.01 0.001 0.20911007483049598 -0.16260975132317218 0.0014443217190442134 -0.0005816871113621321
0.158247494478152 -0.30510534700037545 13 nil_vol 0.6 nil_bias 0.1 Right 0.04 0.01 0.001 0.15263211636238944 -0.30284380579920483 0.0056153781157625565 -0.002261541201170612
0.12161121067362388 -0.41684947461551775 13 nil_vol 0.6 nil_bias 0.1 Right 0.04 0.01 0.001 0.10879602035181851 -0.4116882761501371 0.012815190321805366 -0.005161198465380636
0.10416028559449314 -0.43183562641874484 13 nil_vol 0.6 nil_bias 0.1 Right 0.04 0.01 0.001 0.10116732171079557 -0.4306302381088111 0.002992963883697571 -0.0012053883099336915
-0.0216663103517825 -0.7356245884247818 13 nil_vol 0.6 nil_bias 0.1 Home 0.04 0.01 0.001 0.0 -0.75 -0.0216663103517825 0.014375411575218178
0.017250192923330448 -0.6097638703852588 14 nil_vol 0.6 nil_bias 0.1 Home 0.04 0.01 0.001 0.020011250169921342 -0.6106849078810962 -0.002761057246590895 0.0009210374958374007
0.05265780685808292 -0.5544528696753639 14 nil_vol 0.6 nil_bias 0.1 Home 0.04 0.01 0.001 0.04015993578274567 -0.5502838116477768 0.01249787107533725 -0.004169058027587099
0.05905114153995742 -0.5242799880984804 14 nil_vol 0.6 nil_bias 0.1 Home 0.04 0.01 0.001 0.04985737955927594 -0.5212131195927777 0.009193761980681484 -0.0030668685057027526
0.12181115526852637 -0.27713992292358247 14 nil_vol 0.6 nil_bias 0.1 Home 0.04 0.01 0.001 0.1303279517710298 -0.279980968299555 -0.008516796502503428 0.0028410453759725235
0.15536076215224054 -0.15202954110051398 14 nil_vol 0.6 nil_bias 0.1 Home 0.04 0.01 0.001 0.17124286852472154 -0.1573275172652583 -0.015882106372480984 0.005297976164744308
0.28611748100188106 0.18047310340134837 14 nil_vol 0.6 nil_bias 0.1 Home 0.04 0.01 0.001 0.28414624387444753 0.181130671552025 0.001971237127433544 -0.0006575681506766372
0.3366384079663321 0.32499253222914215 14 nil_vol 0.6 nil_bias 0.1 Home 0.04 0.01 0.001 0.3325867477184697 0.32634409095299066 0.004051660247862426 -0.001351558723848539
0.3497071703311704 0.3776671555764541 14 nil_vol 0.6 nil_bias 0.1 Right 0.04 0.01 0.001 0.4 0.35 -0.05029282966882964 0.02766715557645409
0.2385193329869517 0.032976769003627546 15 nil_vol 0.6 nil_bias 0.1 Right 0.04 0.01 0.001 0.24185945707581286 0.031934850906570444 -0.0033401240888611657 0.001041918097057102
0.17950179350541107 -0.14633606963081883 15 nil_vol 0.6 nil_bias 0.1 Right 0.04 0.01 0.001 0.18565125470239233 -0.1482543321677265 -0.006149461196981257 0.001918262536907658
0.1771870072074962 -0.23911059084500264 15 nil_vol 0.6 nil_bias 0.1 Right 0.04 0.01 0.001 0.15907224378094312 -0.23345987268726226 0.018114763426553084 -0.005650718157740363
0.09658987739271817 -0.4935722300550758 15 nil_vol 0.6 nil_bias 0.1 Right 0.04 0.01 0.001 0.07958727555851691 -0.48826843951412296 0.017002601834201256 -0.005303790540952837
0.06324821897139486 -0.48697339111098464 15 nil_vol 0.6 nil_bias 0.1 Right 0.04 0.01 0.001 0.07850652058143365 -0.491733064750318 -0.015258301610038784 0.004759673639333383
0.025821471846143827 -0.6438558853765531 15 nil_vol 0.6 nil_bias 0.1 Right 0.04 0.01 0.001 0.030589388170279008 -0.6453431888931911 -0.004767916324135183 0.0014873035166379743
0.005820143353794096 -0.6888888503006657 15 nil_vol 0.6 nil_bias 0.1 Right 0.04 0.01 0.001 0.016013843750740664 -0.6920686725578615 -0.010193700396946568 0.0031798222571958645
0.006617163544304934 -0.7221920363822263 15 nil_vol 0.6 nil_bias 0.1 Home 0.04 0.01 0.001 0.0 -0.75 0.006617163544304934 0.02780796361777374
0.0027299903709753076 -0.709119316710003 16 nil_vol 0.6 nil_bias 0.1 Home 0.04 0.01 0.001 0.009787303462853298 -0.7111444317116064 -0.00705731309187799 0.002025115001603412
0.036308727265691065 -0.6239519665767704 16 nil_vol 0.6 nil_bias 0.1 Home 0.04 0.01 0.001 0.034921632172610774 -0.6235539359034706 0.0013870950930802942 -0.00039803067329975683
0.06807810766754932 -0.4710674403188201 16 nil_vol 0.6 nil_bias 0.1 Home 0.04 0.01 0.001 0.07787162639103021 -0.4738777168967758 -0.00979351872348089 0.0028102765779557297
0.1136891947549322 -0.27947519914680047 16 nil_vol 0.6 nil_bias 0.1 Home 0.04 0.01 0.001 0.1321369317479507 -0.2847688269685831 -0.01844773699301849 0.005293627821782608
0.19385780932488844 -0.06372554165350147 16 nil_vol 0.6 nil_bias 0.1 Home 0.04 0.01 0.001 0.1954359507953345 -0.06417839359939725 -0.0015781414704460481 0.0004528519458957868
0.21383828123566487 -0.031252052219436 16 nil_vol 0.6 nil_bias 0.1 Home 0.04 0.01 0.001 0.2055654531057798 -0.028878141903511678 0.00827282812988506 -0.002373910315924322
0.25024448379027064 0.1499607664897241 16 nil_vol 0.6 nil_bias 0.1 Home 0.04 0.01 0.001 0.2563786601756506 0.14820054805265193 -0.006134176385379955 0.0017602184370721558
0.3169854349755193 0.35940879297353806 16 nil_vol 0.6 nil_bias 0.1 Right 0.04 0.01 0.001 0.4 0.35 -0.08301456502448075 0.009408792973538077
0.30637255338672664 0.34717850719615945 17 nil_vol 0.6 nil_bias 0.1 Right 0.04 0.01 0.001 0.3130081700994223 0.3453070001093125 -0.006635616712695622 0.00187150708684699
0.20004357775441953 -0.0769637968715918 17 nil_vol 0.6 nil_bias 0.1 Right 0.04 0.01 0.001 0.19436293246661662 -0.07536162960149517 0.005680645287802918 -0.00160216727009663
0.12707547892070106 -0.31268615434858504 17 nil_vol 0.6 nil_bias 0.1 Right 0.04 0.01 0.001 0.12740202819774285 -0.31277825419591637 -0.0003265492770418004 9.209984733133028e-05
0.034738541165934514 -0.657340172567642 17 nil_vol 0.6 nil_bias 0.1 Right 0.04 0.01 0.001 0.030554710184019673 -0.6561601662966585 0.004183830981914841 -0.0011800062709834808
0.03500720362149158 -0.7035038503729094 17 nil_vol 0.6 nil_bias 0.1 Right 0.04 0.01 0.001 0.01851389631594247 -0.6988520835749834 0.016493307305549113 -0.004651766797926005
0.004152372317051623 -0.7356360980737622 17 nil_vol 0.6 nil_bias 0.1 Right 0.04 0.01 0.001 0.007845565251246966 -0.7366777249561913 -0.003693192934195343 0.0010416268824291362
0.009775181974339086 -0.7392494059877047 17 nil_vol 0.6 nil_bias 0.1 Right 0.04 0.01 0.001 0.007315877916602098 -0.7385557847054567 0.0024593040577369873 -0.0006936212822480203
-0.0012906889357872512 -0.7690712335894163 17 nil_vol 0.6 nil_bias 0.1 Home 0.04 0.01 0.001 0.0 -0.75 -0.0012906889357872512 -0.019071233589416273
-0.0353851931163968 -0.7224310974180859 18 nil_vol 0.6 nil_bias 0.1 Home 0.04 0.01 0.001 -0.03848365327019892 -0.7250488792162875 0.0030984601538021237 0.002617781798201621
-0.04576445095873895 -0.7160705944231596 18 nil_vol 0.6 nil_bias 0.1 Home 0.04 0.01 0.001 -0.04594221089561845 -0.7162207776445386 0.00017775993687950496 0.00015018322137905243
-0.05997770604991236 -0.7114473697592368 18 nil_vol 0.6 nil_bias 0.1 Home 0.04 0.01 0.001 -0.054141189404657016 -0.7065162987496253 -0.00583651664525534 -0.004931071009611557
-0.14488966819572133 -0.6002260616283251 18 nil_vol 0.6 nil_bias 0.1 Home 0.04 0.01 0.001 -0.14433678237390335 -0.5997589475235777 -0.0005528858218179888 -0.000467114104747434
-0.302893499575351 -0.42285401626863023 18 nil_vol 0.6 nil_bias 0.1 Home 0.04 0.01 0.001 -0.29758606961217426 -0.4183699522938894 -0.005307429963176736 -0.004484063974740805
-0.29590421145020135 -0.406163327007808 18 nil_vol 0.6 nil_bias 0.1 Home 0.04 0.01 0.001 -0.30290317907079123 -0.41207651263354533 0.006998967620589881 0.0059131856257373635
-0.4813911192125402 -0.20057508721919748 18 nil_vol 0.6 nil_bias 0.1 Home 0.04 0.01 0.001 -0.4815091598017869 -0.20067481562964673 0.00011804058924672005 9.972841044926074e-05
-0.53488978479508 -0.13749241454472866 18 nil_vol 0.6 nil_bias 0.1 Left 0.04 0.01 0.001 -0.4 0.35 -0.13488978479508001 -0.48749241454472864
-0.5346207102144577 -0.169595706728438 19 nil_vol 0.6 nil_bias 0.1 Left 0.04 0.01 0.001 -0.5192023962321012 -0.15751674988077535 -0.01541831398235646 -0.012078956847662633
-0.4939295732285653 -0.1912573821075624 19 nil_vol 0.6 nil_bias 0.1 Left 0.04 0.01 0.001 -0.4932106631276828 -0.1906941762929808 -0.0007189101008824757 -0.0005632058145816175
-0.22995946390128047 -0.5191184541364116 19 nil_vol 0.6 nil_bias 0.1 Left 0.04 0.01 0.001 -0.2336516932810231 -0.5220110064219998 0.0036922293797426223 0.0028925522855883052
-0.23336816925386944 -0.5270187610022695 19 nil_vol 0.6 nil_bias 0.1 Left 0.04 0.01 0.001 -0.23111276881681864 -0.5252518437774347 -0.0022554004370508004 -0.0017669172248347474
-0.17443237241758275 -0.5818271622201701 19 nil_vol 0.6 nil_bias 0.1 Left 0.04 0.01 0.001 -0.18209058789900212 -0.5878267322403435 0.0076582154814193865 0.005999570020173433
-0.1310065221963892 -0.6373723977880591 19 nil_vol 0.6 nil_bias 0.1 Left 0.04 0.01 0.001 -0.13860947057551803 -0.6433286706653396 0.007602948379128852 0.0059562728772804665
-0.12316054333862138 -0.6742431234511368 19 nil_vol 0.6 nil_bias 0.1 Left 0.04 0.01 0.001 -0.11772599339957202 -0.6699856090254115 -0.005434549939049365 -0.004257514425725309
-0.030975345212185423 -0.7807194040703779 19 nil_vol 0.6 nil_bias 0.1 Home 0.04 0.01 0.001 0.0 -0.75 -0.030975345212185423 -0.030719404070377827
-0.013825652819999618 -0.7434075791341411 20 nil_vol 0.6 nil_bias 0.1 Home 0.04 0.01 0.001 -0.014139551237890034 -0.7432664759053316 0.00031389841789041683 -0.00014110322880955443
0.15256997276495796 -0.3793660303546718 20 nil_vol 0.6 nil_bias 0.1 Home 0.04 0.01 0.001 0.1499665860857129 -0.3781957591925868 0.002603386679245055 -0.0011702711620849998
0.26752671727573385 -0.10973057558279993 20 nil_vol 0.6 nil_bias 0.1 Home 0.04 0.01 0.001 0.270122251464085 -0.11089731690288451 -0.002595534188351106 0.0011667413200845836
0.2923436126707563 -0.09342342639550014 20 nil_vol 0.6 nil_bias 0.1 Home 0.04 0.01 0.001 0.28039210071590726 -0.08805099751446666 0.011951511954849073 -0.005372428881033486
0.29214367440989175 -0.07764276826006081 20 nil_vol 0.6 nil_bias 0.1 Home 0.04 0.01 0.001 0.28625974394351494 -0.07499783110976743 0.005883930466376835 -0.002644937150293377
0.2835353807780273 -0.031088855103924687 20 nil_vol 0.6 nil_bias 0.1 Home 0.04 0.01 0.001 0.3022217514703749 -0.039488729359878905 -0.018686370692347572 0.008399874255954218
0.2966188539095889 -0.03131652836199862 20 nil_vol 0.6 nil_bias 0.1 Home 0.04 0.01 0.001 0.30433593983960866 -0.03478550329039953 -0.007717085930019736 0.0034689749284009105
0.41922543060779316 0.22079780042721736 20 nil_vol 0.6 nil_bias 0.1 Right 0.04 0.01 0.001 0.4 0.35 0.01922543060779312 -0.12920219957278262
0.23434597232400128 -0.22920372361687316 21 nil_vol 0.6 nil_bias 0.1 Right 0.04 0.01 0.001 0.2268184713627355 -0.22596183816988102 0.007527500961265792 -0.0032418854469921364
0.2201597283311888 -0.24542832535958944 21 nil_vol 0.6 nil_bias 0.1 Right 0.04 0.01 0.001 0.21870467715662803 -0.24480167525994678 0.001455051174560773 -0.0006266500996426543
0.213459815482503 -0.2792847835879152 21 nil_vol 0.6 nil_bias 0.1 Right 0.04 0.01 0.001 0.20535671258309632 -0.27579500238426735 0.0081031028994067 -0.0034897812036478342
0.18413521069997732 -0.3392221396537153 21 nil_vol 0.6 nil_bias 0.1 Right 0.04 0.01 0.001 0.17899399303026328 -0.3370079600967774 0.005141217669714041 -0.002214179556937856
0.14051839686726086 -0.3534550492919199 21 nil_vol 0.6 nil_bias 0.1 Right 0.04 0.01 0.001 0.16699908855990503 -0.36485954720781694 -0.02648069169264418 0.011404497915897045
0.1420324053395112 -0.4490364581866128 21 nil_vol 0.6 nil_bias 0.1 Right 0.04 0.01 0.001 0.132512222323112 -0.4449363799624612 0.009520183016399193 -0.0041000782241516175
0.11215653637254927 -0.4496159242797849 21 nil_vol 0.6 nil_bias 0.1 Right 0.04 0.01 0.001 0.12762736567258542 -0.45627878046788334 -0.01547082930003615 0.00666285618809844
0.018879232449570127 -0.708786677726134 21 nil_vol 0.6 nil_bias 0.1 Home 0.04 0.01 0.001 0.0 -0.75 0.018879232449570127 0.04121332227386599
0.010626140757194888 -0.6918359577161205 22 nil_vol 0.6 nil_bias 0.1 Home 0.04 0.01 0.001 0.02395011168885873 -0.6982455298248975 -0.013323970931663843 0.006409572108777056
0.0699959851767022 -0.6125525815314941 22 nil_vol 0.6 nil_bias 0.1 Home 0.04 0.01 0.001 0.06607951977137314 -0.6106685435404375 0.003916465405329065 -0.0018840379910565188
0.12792748633080947 -0.5131557434223432 22 nil_vol 0.6 nil_bias 0.1 Home 0.04 0.01 0.001 0.1157960085569576 -0.5073198269394618 0.012131477773851887 -0.005835916482881412
0.2012734319252089 -0.2964414350494347 22 nil_vol 0.6 nil_bias 0.1 Home 0.04 0.01 0.001 0.21423968100187227 -0.30267892302231336 -0.01296624907666335 0.006237487972878627
0.44508097521685036 0.19415779233346991 22 nil_vol 0.6 nil_bias 0.1 Home 0.04 0.01 0.001 0.45171142913406315 0.19096817471014538 -0.006630453917212805 0.003189617623324532
0.4771260798449581 0.20997390668702637 22 nil_vol 0.6 nil_bias 0.1 Home 0.04 0.01 0.001 0.4639121425415323 0.21633054649219818 0.013213937303425781 -0.006356639805171815
0.4808599446146958 0.25546991808565495 22 nil_vol 0.6 nil_bias 0.1 Home 0.04 0.01 0.001 0.48238698156286625 0.254735328263877 -0.0015270369481704953 0.0007345898217779584
0.49394110611896536 0.27875359611602885 22 nil_vol 0.6 nil_bias 0.1 Right 0.04 0.01 0.001 0.4 0.35 0.09394110611896535 -0.07124640388397113
0.4509807805101487 0.20695074110295555 23 nil_vol 0.6 nil_bias 0.1 Right 0.04 0.01 0.001 0.4599375008048705 0.20293383599379333 -0.008956720294721773 0.004016905109162229
0.37215424655182144 0.026308504565752688 23 nil_vol 0.6 nil_bias 0.1 Right 0.04 0.01 0.001 0.37928952176729447 0.02310848016784861 -0.007135275215473038 0.003200024397904077
0.35411171855156753 -0.06722317715849575 23 nil_vol 0.6 nil_bias 0.1 Right 0.04 0.01 0.001 0.34134537262311526 -0.06149773319040036 0.01276634592845227 -0.0057254439680953905
0.3098521346042132 -0.11894367340833008 23 nil_vol 0.6 nil_bias 0.1 Right 0.04 0.01 0.001 0.31462255522969407 -0.12108310908933928 -0.0047704206254808685 0.0021394356810091977
0.28205243892522547 -0.20751482549591732 23 nil_vol 0.6 nil_bias 0.1 Right 0.04 0.01 0.001 0.27689669914166937 -0.2052025820857617 0.00515573978355611 -0.002312243410155618
0.21731282454724615 -0.37165916154031586 23 nil_vol 0.6 nil_bias 0.1 Right 0.04 0.01 0.001 0.2047676089921262 -0.3660328900033338 0.012545215555119952 -0.005626271536982074
0.10604128657150781 -0.600628872347771 23 nil_vol 0.6 nil_bias 0.1 Right 0.04 0.01 0.001 0.10064208988135642 -0.5982074435148508 0.0053991966901513954 -0.002421428832920214
0.03941827798918085 -0.7347216363057391 23 nil_vol 0.6 nil_bias 0.1 Home 0.04 0.01 0.001 0.0 -0.75 0.03941827798918085 0.015278363694260895
0.04868662104984619 -0.7206724402340692 24 nil_vol 0.6 nil_bias 0.1 Home 0.04 0.01 0.001 0.045852604123706286 -0.719476334727104 0.002834016926139901 -0.0011961055069651255
0.13210543773291641 -0.4972334578283661 24 nil_vol 0.6 nil_bias 0.1 Home 0.04 0.01 0.001 0.13851004482565898 -0.49993654183005953 -0.006404607092742558 0.002703084001693472
0.145665668169158 -0.49032007170435987 24 nil_vol 0.6 nil_bias 0.1 Home 0.04 0.01 0.001 0.14303695492867888 -0.4892106152455194 0.0026287132404791136 -0.0011094564588404981
0.24752085837538862 -0.22430343669956215 24 nil_vol 0.6 nil_bias 0.1 Home 0.04 0.01 0.001 0.25373493374499756 -0.22692610620507192 -0.0062140753696089505 0.0026226695055097567
0.4403284497512924 0.2069205123356499 24 nil_vol 0.6 nil_bias 0.1 Home 0.04 0.01 0.001 0.4373684809608598 0.2081697762119612 0.002959968790432605 -0.0012492638763112905
0.4541838596032449 0.2853981186327993 24 nil_vol 0.6 nil_bias 0.1 Home 0.04 0.01 0.001 0.4675771996056842 0.2797454185427565 -0.013393340002439282 0.0056527000900428335
0.49973022608972684 0.36370787233761853 24 nil_vol 0.6 nil_bias 0.1 Home 0.04 0.01 0.001 0.5025173439771768 0.36253156071329784 -0.002787117887449996 0.0011763116243206867
0.5709057394452229 0.5245689973602998 24 nil_vol 0.6 nil_bias 0.1 Right 0.04 0.01 0.001 0.4 0.35 0.1709057394452229 0.1745689973602998
0.552190972512265 0.4641854555500271 25 nil_vol 0.6 nil_bias 0.1 Right 0.04 0.01 0.001 0.5471166591644169 0.46625553051081625 0.005074313347848162 -0.0020700749607891755
0.35630120250240876 0.011036365943427141 25 nil_vol 0.6 nil_bias 0.1 Right 0.04 0.01 0.001 0.36068040214134534 0.00924986382985471 -0.004379199638936544 0.0017865021135724307
0.3332455718694046 -0.022308274999612212 25 nil_vol 0.6 nil_bias 0.1 Right 0.04 0.01 0.001 0.34572870394536276 -0.027400790453673274 -0.012483132075958114 0.005092515454061063
0.28753189222191167 -0.1994307113877674 25 nil_vol 0.6 nil_bias 0.1 Right 0.04 0.01 0.001 0.2772585375056533 -0.19523967845314383 0.010273354716258336 -0.004191032934623596
0.21294162729051389 -0.3840893697474301 25 nil_vol 0.6 nil_bias 0.1 Right 0.04 0.01 0.001 0.2020325211651996 -0.3796389809191206 0.010909106125314282 -0.004450388828309437
0.13629903906528706 -0.5333756608198243 25 nil_vol 0.6 nil_bias 0.1 Right 0.04 0.01 0.001 0.13888500642015422 -0.5344306107024521 -0.002585967354867145 0.0010549498826277204
0.11068122512162713 -0.5751756932820581 25 nil_vol 0.6 nil_bias 0.1 Right 0.04 0.01 0.001 0.12061050278927687 -0.5792263593859244 -0.009929277667649746 0.004050666103866302
0.040422641013550004 -0.7757884863867998 25 nil_vol 0.6 nil_bias 0.1 Home 0.04 0.01 0.001 0.0 -0.75 0.040422641013550004 -0.02578848638679979
0.10065063756909123 -0.5378518660278399 26 nil_vol 0.6 nil_bias 0.1 Home 0.04 0.01 0.001 0.11107777751733353 -0.5409895764912955 -0.010427139948242292 0.0031377104634556898
0.15180426394236465 -0.40619830106056054 26 nil_vol 0.6 nil_bias 0.1 Home 0.04 0.01 0.001 0.15165258618025035 -0.40615265854462407 0.000151677762114294 -4.5642515936480694e-05
0.16019360620107256 -0.3899699530607656 26 nil_vol 0.6 nil_bias 0.1 Home 0.04 0.01 0.001 0.1568270907085338 -0.3889569091255391 0.0033665154925387715 -0.0010130439352264782
0.19174033892662015 -0.3225404314984424 26 nil_vol 0.6 nil_bias 0.1 Home 0.04 0.01 0.001 0.17805244002535647 -0.31842150110924605 0.013687898901263673 -0.004118930389196373
0.2697816167634834 -0.06745423008032189 26 nil_vol 0.6 nil_bias 0.1 Home 0.04 0.01 0.001 0.25491877353834114 -0.06298173820472452 0.014862843225142267 -0.0044724918755973675
0.33038140822089074 0.21597581798865456 26 nil_vol 0.6 nil_bias 0.1 Home 0.04 0.01 0.001 0.3381578575436215 0.2136357471226662 -0.0077764493227307635 0.0023400708659883666
0.3334436451342997 0.22569281647584016 26 nil_vol 0.6 nil_bias 0.1 Home 0.04 0.01 0.001 0.341093350732372 0.22339088503379856 -0.007649705598072305 0.0023019314420416083
0.3684293267997178 0.31423293416349884 26 nil_vol 0.6 nil_bias 0.1 Right 0.04 0.01 0.001 0.4 0.35 -0.03157067320028222 -0.03576706583650111
0.3317912741725729 0.2164737390651158 27 nil_vol 0.6 nil_bias 0.1 Right 0.04 0.01 0.001 0.33008568039878916 0.21714735802238017 0.0017055937737837919 -0.0006736189572643724
0.30963973995714217 0.21874249359584766 27 nil_vol 0.6 nil_bias 0.1 Right 0.04 0.01 0.001 0.32787178440156256 0.21154180433664485 -0.01823204444442038 0.007200689259202817
0.29410359977382283 0.12876831157535418 27 nil_vol 0.6 nil_bias 0.1 Right 0.04 0.01 0.001 0.29503531850145304 0.1284003321611367 -0.0009317187276302034 0.00036797941421748274
0.2296277262837717 -0.04563337781705582 27 nil_vol 0.6 nil_bias 0.1 Right 0.04 0.01 0.001 0.22675010591026087 -0.04449687059874746 0.002877620373510821 -0.0011365072183083587
0.14866847936146976 -0.24578033706407504 27 nil_vol 0.6 nil_bias 0.1 Right 0.04 0.01 0.001 0.14744471346982166 -0.24529701453057462 0.0012237658916481116 -0.0004833225335004091
0.0816920947625857 -0.39266689970251123 27 nil_vol 0.6 nil_bias 0.1 Right 0.04 0.01 0.001 0.0882227621824127 -0.39524616649229605 -0.006530667419827007 0.002579266789784809
-0.028283512050565694 -0.6949666936398055 27 nil_vol 0.6 nil_bias 0.1 Right 0.04 0.01 0.001 -0.029898947469847392 -0.6943286824442965 0.0016154354192816967 -0.0006380111955089806
-0.04637797062914633 -0.736053338491214 27 nil_vol 0.6 nil_bias 0.1 Home 0.04 0.01 0.001 0.0 -0.75 -0.04637797062914633 0.01394666150878602
0.09202884862120178 -0.5243099526861228 28 nil_vol 0.6 nil_bias 0.1 Home 0.04 0.01 0.001 0.10173951402900935 -0.5313358261348873 -0.009710665407807567 0.00702587344876443
0.1702440045874867 -0.42105509644634603 28 nil_vol 0.6 nil_bias 0.1 Home 0.04 0.01 0.001 0.1776520083255395 -0.42641494508552225 -0.007408003738052805 0.005359848639176207
0.3184710424625138 -0.22866706999237602 28 nil_vol 0.6 nil_bias 0.1 Home 0.04 0.01 0.001 0.31995170829512054 -0.2297383632892741 -0.001480665832606742 0.0010712932968980882
0.3767596979279268 -0.15398277675862515 28 nil_vol 0.6 nil_bias 0.1 Home 0.04 0.01 0.001 0.3754487495429543 -0.15303427765337607 0.0013109483849724638 -0.0009484991052490774
0.40394054215490843 -0.11201022615598924 28 nil_vol 0.6 nil_bias 0.1 Home 0.04 0.01 0.001 0.40472163599018224 -0.11257536419831449 -0.000781093835273812 0.0005651380423252459
0.42224663931276574 -0.10571842041167663 28 nil_vol 0.6 nil_bias 0.1 Home 0.04 0.01 0.001 0.4139998407044735 -0.09975168580122218 0.008246798608292276 -0.005966734610454447
0.44819787041032827 -0.06443501467344825 28 nil_vol 0.6 nil_bias 0.1 Home 0.04 0.01 0.001 0.4425229369543195 -0.06032907933146647 0.005674933456008765 -0.004105935341981774
0.5590121668791701 0.10067409609753591 28 nil_vol 0.6 nil_bias 0.1 Right 0.04 0.01 0.001 0.4 0.35 0.15901216687917008 -0.24932590390246406
0.49965756581144355 -0.011824216208528459 29 nil_vol 0.6 nil_bias 0.1 Right 0.04 0.01 0.001 0.4906621227184925 -0.006063956213761934 0.00899544309295104 -0.005760259994766525
0.4859477657329563 -0.023014068131848475 29 nil_vol 0.6 nil_bias 0.1 Right 0.04 0.01 0.001 0.4815935295202508 -0.020225819414732435 0.004354236212705481 -0.0027882487171160403
0.38004038410714197 -0.19478941425970203 29 nil_vol 0.6 nil_bias 0.1 Right 0.04 0.01 0.001 0.37278590320514343 -0.19014398482495576 0.0072544809019985165 -0.004645429434746273
0.36579895691408104 -0.25788685562614594 29 nil_vol 0.6 nil_bias 0.1 Right 0.04 0.01 0.001 0.33998968951344366 -0.24135981088072123 0.025809267400637402 -0.016527044745424702
0.2589189314597638 -0.37610313080050783 29 nil_vol 0.6 nil_bias 0.1 Right 0.04 0.01 0.001 0.25522222664644517 -0.3737359343624239 0.0036967048133186194 -0.0023671964380838966
0.1631883698193534 -0.4953700892819288 29 nil_vol 0.6 nil_bias 0.1 Right 0.04 0.01 0.001 0.1732199472861255 -0.5017938411493081 -0.010031577466772112 0.0064237518673793265
0.07053770415206272 -0.6488120495865207 29 nil_vol 0.6 nil_bias 0.1 Right 0.04 0.01 0.001 0.07659327863056897 -0.6526897555598044 -0.0060555744785062565 0.0038777059732835774
-0.004375810880655923 -0.7791341934233778 29 nil_vol 0.6 nil_bias 0.1 Home 0.04 0.01 0.001 0.0 -0.75 -0.004375810880655923 -0.0291341934233778
0.026254041007968302 -0.6667116748964886 30 nil_vol 0.6 nil_bias 0.1 Home 0.04 0.01 0.001 0.02764463504367797 -0.667109152467066 -0.0013905940357096709 0.0003974775705773486
0.02320554955648389 -0.630569389123719 30 nil_vol 0.6 nil_bias 0.1 Home 0.04 0.01 0.001 0.03696476817773825 -0.6345022269255349 -0.01375921862125436 0.003932837801815955
0.06775678836993408 -0.5348909423790048 30 nil_vol 0.6 nil_bias 0.1 Home 0.04 0.01 0.001 0.0656121700253301 -0.5342779398293471 0.002144618344603989 -0.0006130025496576925
0.1225661874388398 -0.37302541599485745 30 nil_vol 0.6 nil_bias 0.1 Home 0.04 0.01 0.001 0.1125239104228272 -0.37015500251048467 0.010042277016012607 -0.0028704134843728045
0.18873842011195696 -0.1783482154013627 30 nil_vol 0.6 nil_bias 0.1 Home 0.04 0.01 0.001 0.16896417204124464 -0.17269608409538495 0.019774248070712333 -0.005652131305977742
0.2122966470107597 0.02339727937465584 30 nil_vol 0.6 nil_bias 0.1 Home 0.04 0.01 0.001 0.22405356723563508 0.020036764394401163 -0.011756920224875372 0.003360514980254678
0.31086818926958576 0.3156009421627566 30 nil_vol 0.6 nil_bias 0.1 Home 0.04 0.01 0.001 0.30871172677722547 0.3162173301598956 0.0021564624923602945 -0.000616387997139015
0.37827752928505415 0.5595965727074153 30 nil_vol 0.6 nil_bias 0.1 Right 0.04 0.01 0.001 0.4 0.35 -0.02172247071494586 0.20959657270741522
0.27900253896217436 0.28159755612518805 31 nil_vol 0.6 nil_bias 0.1 Right 0.04 0.01 0.001 0.30122370913725527 0.27556917277019216 -0.02222117017508093 0.006028383354995897
0.31045232950958396 0.24171338256183686 31 nil_vol 0.6 nil_bias 0.1 Right 0.04 0.01 0.001 0.29330125854405864 0.24636629822353645 0.017151070965525306 -0.004652915661699604
0.23976203780872019 0.05345026036792093 31 nil_vol 0.6 nil_bias 0.1 Right 0.04 0.01 0.001 0.24088257851050976 0.05314626877512718 -0.0011205407017895797 0.0003039915927937455
0.2230882582037262 0.03143597229363812 31 nil_vol 0.6 nil_bias 0.1 Right 0.04 0.01 0.001 0.23417669952703105 0.02842778800003054 -0.01108844132330486 0.003008184293607582
0.13303553354057934 -0.37507619498826705 31 nil_vol 0.6 nil_bias 0.1 Right 0.04 0.01 0.001 0.12528080112365997 -0.3729724128986529 0.007754732416919364 -0.0021037820896141687
0.10866634049796217 -0.4274763148639707 31 nil_vol 0.6 nil_bias 0.1 Right 0.04 0.01 0.001 0.11036911134714877 -0.4279382597284279 -0.0017027708491865962 0.0004619448644572257
0.10584864208871213 -0.45555971629864306 31 nil_vol 0.6 nil_bias 0.1 Right 0.04 0.01 0.001 0.10307948880284051 -0.4548084724422461 0.002769153285871608 -0.000751243856396946
0.015416417254374537 -0.7779425394445401 31 nil_vol 0.6 nil_bias 0.1 Home 0.04 0.01 0.001 0.0 -0.75 0.015416417254374537 -0.02794253944454002
0.005243040422276716 -0.7630159762293215 32 nil_vol 0.6 nil_bias 0.54 Home 0.005 0.01 0.001 0.009121873194506826 -0.7615285005427047 -0.0038788327722301097 -0.0014874756866167277
-0.037659296107413684 -0.6811844657257928 32 nil_vol 0.6 nil_bias 0.54 Home 0.005 0.01 0.001 -0.02373640496632614 -0.6758452404289332 -0.01392289114108754 -0.005339225296859623
-0.07858921227826413 -0.5325224341343225 32 nil_vol 0.6 nil_bias 0.54 Home 0.005 0.01 0.001 -0.07868458167563663 -0.5325590069045782 9.536939737250753e-05 3.657277025565937e-05
-0.17321925510361508 -0.24545777336264574 32 nil_vol 0.6 nil_bias 0.54 Home 0.005 0.01 0.001 -0.18678824022632132 -0.25066128087309847 0.013568985122706234 0.005203507510452745
-0.19443211598408325 -0.2449840182733353 32 nil_vol 0.6 nil_bias 0.54 Home 0.005 0.01 0.001 -0.18966625931858436 -0.2431563818857645 -0.004765856665498883 -0.0018276363875707974
-0.3128410788765415 0.06262502366452288 32 nil_vol 0.6 nil_bias 0.54 Home 0.005 0.01 0.001 -0.30768693388477275 0.06460156295114583 -0.005154144991768767 -0.0019765392866229487
-0.38844050872093155 0.29116934292097174 32 nil_vol 0.6 nil_bias 0.54 Home 0.005 0.01 0.001 -0.3937862206873725 0.2891193404989376 0.005345711966440985 0.002050002422034124
-0.42365921466501316 0.3670179905996712 32 nil_vol 0.6 nil_bias 0.54 Left 0.005 0.01 0.001 -0.4 0.35 -0.023659214665013147 0.017017990599671247
-0.31352331333511874 0.05088492998791913 33 nil_vol 0.6 nil_bias 0.54 Left 0.005 0.01 0.001 -0.30874437194817383 0.05263173439490337 -0.004778941386944882 -0.0017468044069842406
-0.3096172213298782 0.04500921716431878 33 nil_vol 0.6 nil_bias 0.54 Left 0.005 0.01 0.001 -0.3063894315514613 0.04618904276861685 -0.003227789778416883 -0.001179825604298069
-0.18014882271299443 -0.2786547347378145 33 nil_vol 0.6 nil_bias 0.54 Left 0.005 0.01 0.001 -0.18676780850163258 -0.2810741143889114 0.006618985788638162 0.0024193796510968914
-0.12769098944906476 -0.42136154720890673 33 nil_vol 0.6 nil_bias 0.54 Left 0.005 0.01 0.001 -0.13457061914199225 -0.423876197733572 0.006879629692927481 0.002514650524665237
-0.0779621894815308 -0.5389446419480556 33 nil_vol 0.6 nil_bias 0.54 Left 0.005 0.01 0.001 -0.09079599298823743 -0.5436356692506977 0.01283380350670663 0.004691027302642142
-0.06815169078429635 -0.5686150037118708 33 nil_vol 0.6 nil_bias 0.54 Left 0.005 0.01 0.001 -0.08007278928630168 -0.5729724179827975 0.011921098502005336 0.004357414270926761
-0.0233873943764243 -0.6859987924457789 33 nil_vol 0.6 nil_bias 0.54 Left 0.005 0.01 0.001 -0.03694753950797963 -0.6909553130132532 0.013560145131555332 0.00495652056747436
-0.015307865628326308 -0.7501575526515222 33 nil_vol 0.6 nil_bias 0.54 Home 0.005 0.01 0.001 0.0 -0.75 -0.015307865628326308 -0.0001575526515222021
0.03556557098499098 -0.5631538293823396 34 nil_vol 0.6 nil_bias 0.54 Home 0.005 0.01 0.001 0.05635032482369749 -0.5714899685690952 -0.02078475383870651 0.00833613918675556
0.08049451313025804 -0.5529144056870122 34 nil_vol 0.6 nil_bias 0.54 Home 0.005 0.01 0.001 0.06611368227317334 -0.5471466872633954 0.014380830857084706 -0.005767718423616791
0.13300350299157884 -0.4186763000253027 34 nil_vol 0.6 nil_bias 0.54 Home 0.005 0.01 0.001 0.11976826884039699 -0.4133680459603405 0.013235234151181868 -0.005308254064962205
0.1885708397146705 -0.24036201291690415 34 nil_vol 0.6 nil_bias 0.54 Home 0.005 0.01 0.001 0.18907472763843097 -0.24056410719714383 -0.0005038879237604712 0.00020209428023969172
0.21012297092446144 -0.18491572673246284 34 nil_vol 0.6 nil_bias 0.54 Home 0.005 0.01 0.001 0.21121754772847687 -0.18535472854406354 -0.001094576804015415 0.0004390018116006903
0.34641159202496014 0.1370241671600829 34 nil_vol 0.6 nil_bias 0.54 Home 0.005 0.01 0.001 0.3413312317152121 0.13906174677202232 0.005080360309748003 -0.0020375796119394183
0.4283529812998596 0.3296700783260887 34 nil_vol 0.6 nil_bias 0.54 Home 0.005 0.01 0.001 0.4192437765407381 0.33332350618681617 0.009109204759121532 -0.003653427860727501
0.42181527771727756 0.3397351096585091 34 nil_vol 0.6 nil_bias 0.54 Right 0.005 0.01 0.001 0.4 0.35 0.021815277717277547 -0.010264890341490888
0.4012162502329098 0.2949267253108674 35 nil_vol 0.6 nil_bias 0.54 Right 0.005 0.01 0.001 0.40476129241826625 0.29361583949040493 -0.0035450421853564533 0.0013108858204624325
0.30184393029200934 0.03622492787063532 35 nil_vol 0.6 nil_bias 0.54 Right 0.005 0.01 0.001 0.3086523126770113 0.03370732399961457 -0.0068083823850019634 0.002517603871020752
0.2681690710473844 -0.05727794760067883 35 nil_vol 0.6 nil_bias 0.54 Right 0.005 0.01 0.001 0.27418515316765035 -0.059502574652726514 -0.00601608212026595 0.0022246270520476824
0.24332003504461566 -0.14801697633834615 35 nil_vol 0.6 nil_bias 0.54 Right 0.005 0.01 0.001 0.24167872319473097 -0.14741005198639956 0.0016413118498847053 -0.0006069243519466002
0.16943704870982107 -0.31926236061781815 35 nil_vol 0.6 nil_bias 0.54 Right 0.005 0.01 0.001 0.17708536123286503 -0.32209055388399094 -0.007648312523043974 0.0028281932661727914
0.1286416663145819 -0.49754552930435636 35 nil_vol 0.6 nil_bias 0.54 Right 0.005 0.01 0.001 0.11418269477391424 -0.49219889031387415 0.014458971540667666 -0.005346638990482216
0.06619453436563882 -0.6192986548504064 35 nil_vol 0.6 nil_bias 0.54 Right 0.005 0.01 0.001 0.06706474875632379 -0.6196204427575358 -0.0008702143906849614 0.00032178790712939545
0.0005055392712029154 -0.7996172065988707 35 nil_vol 0.6 nil_bias 0.54 Home 0.005 0.01 0.001 0.0 -0.75 0.0005055392712029154 -0.049617206598870645
0.06901810703214206 -0.6545525341626193 36 nil_vol 0.6 nil_bias 0.54 Home 0.005 0.01 0.001 0.04811933000738356 -0.6479899287399663 0.0208987770247585 -0.006562605422652947
0.11184804712470157 -0.4687534530033173 36 nil_vol 0.6 nil_bias 0.54 Home 0.005 0.01 0.001 0.10507117513757694 -0.46662538891618716 0.006776871987124635 -0.002128064087130137
0.13559738903166257 -0.36270821157261807 36 nil_vol 0.6 nil_bias 0.54 Home 0.005 0.01 0.001 0.13751410254482416 -0.36331009533262204 -0.0019167135131615961 0.0006018837600039817
0.18284471906728117 -0.23691214058625792 36 nil_vol 0.6 nil_bias 0.54 Home 0.005 0.01 0.001 0.17771158249492697 -0.2353002400494446 0.005133136572354213 -0.0016119005368133111
0.24803793993135434 0.009193340909216302 36 nil_vol 0.6 nil_bias 0.54 Home 0.005 0.01 0.001 0.2539082637674164 0.007349949834531411 -0.005870323836062026 0.0018433910746848924
0.2499202954363869 0.01595388447611207 36 nil_vol 0.6 nil_bias 0.54 Home 0.005 0.01 0.001 0.25600960659000355 0.014041727303010343 -0.006089311153616633 0.0019121571731017298
0.30968743592207143 0.13847378385780748 36 nil_vol 0.6 nil_bias 0.54 Home 0.005 0.01 0.001 0.2963943879886866 0.14264804861731317 0.013293047933384832 -0.004174264759505704
0.3649078448083736 0.36083082284408213 36 nil_vol 0.6 nil_bias 0.54 Right 0.005 0.01 0.001 0.4 0.35 -0.03509215519162638 0.010830822844082176
0.3520195121273027 0.28370081236991235 37 nil_vol 0.6 nil_bias 0.54 Right 0.005 0.01 0.001 0.34223998842367254 0.2866908433960197 0.00977952370363017 -0.0029900310261073565
0.26141449489571816 -0.019402842105792985 37 nil_vol 0.6 nil_bias 0.54 Right 0.005 0.01 0.001 0.24974456819934113 -0.01583483164311439 0.011669926696377014 -0.0035680104626785976
0.2578993283233088 -0.04725307828806476 37 nil_vol 0.6 nil_bias 0.54 Right 0.005 0.01 0.001 0.24165695433976364 -0.042287069347321404 0.01624237398354519 -0.004966008940743362
0.17435951757995086 -0.2535491874815578 37 nil_vol 0.6 nil_bias 0.54 Right 0.005 0.01 0.001 0.17683355095477776 -0.25430560842541333 -0.0024740333748268953 0.0007564209438555347
0.1568646082515905 -0.250176670985838 37 nil_vol 0.6 nil_bias 0.54 Right 0.005 0.01 0.001 0.17628092319563513 -0.2561130934389903 -0.019416314944044628 0.0059364224531523084
0.1001660795007079 -0.492157053057572 37 nil_vol 0.6 nil_bias 0.54 Right 0.005 0.01 0.001 0.10377457113579941 -0.4932603278461353 -0.003608491635091511 0.0011032747885633132
0.07456642052029565 -0.5404447708970826 37 nil_vol 0.6 nil_bias 0.54 Right 0.005 0.01 0.001 0.0880845430113909 -0.5445778561973504 -0.013518122491095252 0.0041330853002678105
0.013490503919590198 -0.7885533089863771 37 nil_vol 0.6 nil_bias 0.54 Home 0.005 0.01 0.001 0.0 -0.75 0.013490503919590198 -0.03855330898637707
0.010000399652312133 -0.7314923371894668 38 nil_vol 0.6 nil_bias 0.54 Home 0.005 0.01 0.001 -0.006199908843658437 -0.7377742756201809 0.01620030849597057 0.0062819384307141604
-0.01566986710553128 -0.7352804645980441 38 nil_vol 0.6 nil_bias 0.54 Home 0.005 0.01 0.001 -0.00827833750051084 -0.7324142763461915 -0.007391529605020439 -0.00286618825185264
-0.026211988173592642 -0.6686087194175147 38 nil_vol 0.6 nil_bias 0.54 Home 0.005 0.01 0.001 -0.03213013154303425 -0.6709035777086526 0.005918143369441607 0.002294858291137999
-0.2041228863467152 -0.21970531555536602 38 nil_vol 0.6 nil_bias 0.54 Home 0.005 0.01 0.001 -0.2067019489983199 -0.22070538989286181 0.0025790626516047147 0.0010000743374957923
-0.31927666504302693 0.04569979825430088 38 nil_vol 0.6 nil_bias 0.54 Home 0.005 0.01 0.001 -0.31121687483448396 0.04882511564360448 -0.008059790208542948 -0.0031253173893035983
-0.4026688471973656 0.22240196077570262 38 nil_vol 0.6 nil_bias 0.54 Home 0.005 0.01 0.001 -0.38168010541614206 0.23054069366715335 -0.02098874178122354 -0.008138732891450715
-0.366137655192064 0.25592216842826915 38 nil_vol 0.6 nil_bias 0.54 Home 0.005 0.01 0.001 -0.3882042026625012 0.2473654984968171 0.02206654747043726 0.008556669931452028
-0.40384811874229115 0.2877091391378255 38 nil_vol 0.6 nil_bias 0.54 Left 0.005 0.01 0.001 -0.4 0.35 -0.0038481187422911064 -0.06229086086217452
-0.3376710984595827 0.07421346216626692 39 nil_vol 0.6 nil_bias 0.54 Left 0.005 0.01 0.001 -0.3300213842718051 0.07689234465041306 -0.007649714187777586 -0.0026788824841461403
-0.3180463550939211 0.07236693972914698 39 nil_vol 0.6 nil_bias 0.54 Left 0.005 0.01 0.001 -0.3273015929676816 0.06912581280361593 0.009255237873760454 0.0032411269255310537
-0.2631218006858625 -0.09390341505533017 39 nil_vol 0.6 nil_bias 0.54 Left 0.005 0.01 0.001 -0.26943548499035014 -0.09611442815706728 0.0063136843044876555 0.0022110131017370957
-0.25302918490117887 -0.11955037108557903 39 nil_vol 0.6 nil_bias 0.54 Left 0.005 0.01 0.001 -0.2603326923364475 -0.12210801411130578 0.007303507435268662 0.002557643025726751
-0.2446780058062917 -0.1924209929389324 39 nil_vol 0.6 nil_bias 0.54 Left 0.005 0.01 0.001 -0.23668923191767785 -0.18962337384955447 -0.007988773888613864 -0.002797619089377926
-0.20475193096774164 -0.3049670319089157 39 nil_vol 0.6 nil_bias 0.54 Left 0.005 0.01 0.001 -0.19722025079309113 -0.30232948420441463 -0.007531680174650506 -0.002637547704501063
-0.10682676531503114 -0.5901911257740982 39 nil_vol 0.6 nil_bias 0.54 Left 0.005 0.01 0.001 -0.09755049090080081 -0.5869426319825106 -0.009276274414230326 -0.0032484937915875415
-0.015594093645958328 -0.8209741800514565 39 nil_vol 0.6 nil_bias 0.54 Home 0.005 0.01 0.001 0.0 -0.75 -0.015594093645958328 -0.07097418005145645
-0.040413125769328345 -0.7572104321973548 40 nil_vol 0.6 nil_bias 0.54 Home 0.005 0.01 0.001 -0.03552722281477523 -0.7557179863590565 -0.004885902954553111 -0.0014924458382983173
-0.08096861622243447 -0.5974055292023314 40 nil_vol 0.6 nil_bias 0.54 Home 0.005 0.01 0.001 -0.0836363630505692 -0.5982204180137378 0.002667746828134737 0.0008148888114064863
-0.14523034037523003 -0.36947663605294306 40 nil_vol 0.6 nil_bias 0.54 Home 0.005 0.01 0.001 -0.15280187516217794 -0.3717894338484418 0.00757153478694792 0.0023127977954987694
-0.22371958897910474 -0.12282355677244283 40 nil_vol 0.6 nil_bias 0.54 Home 0.005 0.01 0.001 -0.2284129677787046 -0.12425719426425852 0.004693378799599851 0.001433637491815682
-0.29092446516220666 0.12402060230879501 40 nil_vol 0.6 nil_bias 0.54 Home 0.005 0.01 0.001 -0.3031144085247185 0.1202970673942263 0.012189943362511817 0.0037235349145687165
-0.30415855481423665 0.18710416076075698 40 nil_vol 0.6 nil_bias 0.54 Home 0.005 0.01 0.001 -0.3218688097408087 0.1816943938238731 0.01771025492657208 0.005409766936883899
-0.34207343978046717 0.24639526467253947 40 nil_vol 0.6 nil_bias 0.54 Home 0.005 0.01 0.001 -0.3416699573781517 0.24651851223553112 -0.0004034824023154488 -0.00012324756299163475
-0.3694143637914173 0.3373469187266222 40 nil_vol 0.6 nil_bias 0.54 Left 0.005 0.01 0.001 -0.4 0.35 0.030585636208582734 -0.01265308127337779
-0.36653773995223116 0.3094095466809486 41 nil_vol 0.6 nil_bias 0.54 Left 0.005 0.01 0.001 -0.36018669835092765 0.31169410235064676 -0.00635104160130353 -0.0022845556696981587
-0.29913368151871983 0.13478120022115192 41 nil_vol 0.6 nil_bias 0.54 Left 0.005 0.01 0.001 -0.2968448875287789 0.13560451041414726 -0.0022887939899409134 -0.0008233101929953307
-0.25291541825803093 -0.0011756191568342608 41 nil_vol 0.6 nil_bias 0.54 Left 0.005 0.01 0.001 -0.24824725427514296 0.0005035826440165647 -0.004668163982887948 -0.0016792018008508255
-0.2008124642650133 -0.13815377759982167 41 nil_vol 0.6 nil_bias 0.54 Left 0.005 0.01 0.001 -0.19865011832718607 -0.13737595248352924 -0.002162345937827256 -0.0007778251162924395
-0.1890803282295549 -0.17414527632608634 41 nil_vol 0.6 nil_bias 0.54 Left 0.005 0.01 0.001 -0.18584263247309923 -0.17298063331766228 -0.0032376957564556564 -0.0011646430084240498
-0.16659251043865045 -0.23432934758743273 41 nil_vol 0.6 nil_bias 0.54 Left 0.005 0.01 0.001 -0.16409750719780455 -0.23343186113440434 -0.0024950032408458823 -0.000897486453028404
-0.1373601710957832 -0.2861387456036066 41 nil_vol 0.6 nil_bias 0.54 Left 0.005 0.01 0.001 -0.14424701232003975 -0.2886160356534713 0.006886841224256558 0.0024772900498647504
0.020581194620644307 -0.7468367799467638 41 nil_vol 0.6 nil_bias 0.54 Home 0.005 0.01 0.001 0.0 -0.75 0.020581194620644307 0.0031632200532361785
-0.02100922703133451 -0.6787140301599489 42 nil_vol 0.6 nil_bias 0.54 Home 0.005 0.01 0.001 -0.008951924810453513 -0.6738361317404739 -0.012057302220880996 -0.0048778984194751025
-0.05315666562794081 -0.5560777565876529 42 nil_vol 0.6 nil_bias 0.54 Home 0.005 0.01 0.001 -0.05610901032333493 -0.5572721562352349 0.0029523446953941225 0.0011943996475818977
-0.18603417780102555 -0.2334021273496085 42 nil_vol 0.6 nil_bias 0.54 Home 0.005 0.01 0.001 -0.18697911201946585 -0.23378440964179947 0.0009449342184403055 0.0003822822921909905
-0.18796006487232214 -0.23415172313312438 42 nil_vol 0.6 nil_bias 0.54 Home 0.005 0.01 0.001 -0.18698938203220528 -0.23375902398659243 -0.0009706828401168792 -0.000392699146531948
-0.24465376064494104 -0.08150398399628454 42 nil_vol 0.6 nil_bias 0.54 Home 0.005 0.01 0.001 -0.24803262039713445 -0.08287093444199112 0.0033788597521933945 0.0013669504457065784
-0.3532830427576848 0.1781499764648227 42 nil_vol 0.6 nil_bias 0.54 Home 0.005 0.01 0.001 -0.35358219650654293 0.1780289509176478 0.0002991537488581517 0.00012102554717489754
-0.37149707296565976 0.2419213596246963 42 nil_vol 0.6 nil_bias 0.54 Home 0.005 0.01 0.001 -0.3783146642019789 0.23916323704411802 0.0068175912363191565 0.0027581225805782803
-0.4233314950226702 0.3504368814612054 42 nil_vol 0.6 nil_bias 0.54 Left 0.005 0.01 0.001 -0.4 0.35 -0.023331495022670207 0.0004368814612054045
-0.377479496072298 0.20461632777958472 43 nil_vol 0.6 nil_bias 0.54 Left 0.005 0.01 0.001 -0.3679920396307178 0.208310437459307 -0.009487456441580238 -0.003694109679722291
-0.3419106637982127 0.1529322638362432 43 nil_vol 0.6 nil_bias 0.54 Left 0.005 0.01 0.001 -0.3458346581127548 0.15140438695271985 0.0039239943145421155 0.0015278768835233624
-0.316910589619136 0.0951956796915937 43 nil_vol 0.6 nil_bias 0.54 Left 0.005 0.01 0.001 -0.3230222304848749 0.0928160037668469 0.006111640865738925 0.002379675924746805
-0.2754354203587706 0.02637545603565811 43 nil_vol 0.6 nil_bias 0.54 Left 0.005 0.01 0.001 -0.29429341442757917 0.01903276109326868 0.018857994068808556 0.00734269494238943
-0.15152837742382033 -0.3309720300223232 43 nil_vol 0.6 nil_bias 0.54 Left 0.005 0.01 0.001 -0.15715916417843556 -0.3331644768580751 0.005630786754615242 0.0021924468357518642
-0.13735281549132564 -0.4092925780977625 43 nil_vol 0.6 nil_bias 0.54 Left 0.005 0.01 0.001 -0.1288121609684385 -0.4059671225619786 -0.008540654522887143 -0.0033254555357838727
-0.041125878696602974 -0.6549560326376258 43 nil_vol 0.6 nil_bias 0.54 Left 0.005 0.01 0.001 -0.033083230195644575 -0.6518244845919574 -0.008042648500958396 -0.0031315480456683698
0.012468070686619372 -0.7688123437640985 43 nil_vol 0.6 nil_bias 0.54 Home 0.005 0.01 0.001 0.0 -0.75 0.012468070686619372 -0.018812343764098412
-0.03891047408408406 -0.5367829863136669 44 nil_vol 0.6 nil_bias 0.54 Home 0.005 0.01 0.001 -0.05468428856904797 -0.5414416736302994 0.015773814484963917 0.004658687316632431
-0.0854981185692059 -0.494591994169135 44 nil_vol 0.6 nil_bias 0.54 Home 0.005 0.01 0.001 -0.06988307982652506 -0.4899802001729146 -0.01561503874268084 -0.004611793996220418
-0.08368248850493516 -0.4699258254631331 44 nil_vol 0.6 nil_bias 0.54 Home 0.005 0.01 0.001 -0.07643792646907271 -0.4677861940313573 -0.007244562035862448 -0.002139631431775801
-0.18956591986204538 -0.06895702275706839 44 nil_vol 0.6 nil_bias 0.54 Home 0.005 0.01 0.001 -0.19385522584684592 -0.07022383969647095 0.00428930598480053 0.0012668169394025636
-0.20652942158872792 0.03833887580132029 44 nil_vol 0.6 nil_bias 0.54 Home 0.005 0.01 0.001 -0.22436290415028004 0.03307187972373338 0.017833482561552125 0.00526699607758691
-0.2650076416375786 0.1601431682540071 44 nil_vol 0.6 nil_bias 0.54 Home 0.005 0.01 0.001 -0.2621424559358082 0.16098938108992944 -0.002865185701770385 -0.0008462128359223454
-0.29495109937995656 0.3093938652164945 44 nil_vol 0.6 nil_bias 0.54 Home 0.005 0.01 0.001 -0.30508844129766477 0.30639987119802725 0.010137341917708226 0.0029939940184672232
-0.33400892973016316 0.40432153632461737 44 nil_vol 0.6 nil_bias 0.54 Left 0.005 0.01 0.001 -0.4 0.35 0.06599107026983687 0.054321536324617406
-0.22254656162575343 0.09201474450193482 45 nil_vol 0.6 nil_bias 0.54 Left 0.005 0.01 0.001 -0.23081160225176967 0.08930715351356772 0.008265040626016228 0.0027075909883671027
-0.16744455465096783 -0.07351167373922697 45 nil_vol 0.6 nil_bias 0.54 Left 0.005 0.01 0.001 -0.17650094795773422 -0.07647850838820897 0.009056393306766391 0.0029668346489820003
-0.14430920383026513 -0.16672948924367792 45 nil_vol 0.6 nil_bias 0.54 Left 0.005 0.01 0.001 -0.14668062497440124 -0.16750635638928818 0.0023714211441361152 0.0007768671456102706
-0.07141268461648337 -0.33990712394135747 45 nil_vol 0.6 nil_bias 0.54 Left 0.005 0.01 0.001 -0.0883817861550669 -0.34546612703469143 0.016969101538583532 0.005559003093333967
-0.06711744266488656 -0.4326113733717527 45 nil_vol 0.6 nil_bias 0.54 Left 0.005 0.01 0.001 -0.06053934093034258 -0.43045641615098 -0.006578101734543983 -0.002154957220772689
-0.0013985170624882925 -0.645424538711399 45 nil_vol 0.6 nil_bias 0.54 Left 0.005 0.01 0.001 0.008789865527075058 -0.6420868693478989 -0.01018838258956335 -0.0033376693635000956
0.017359538210441797 -0.6626586271511248 45 nil_vol 0.6 nil_bias 0.54 Left 0.005 0.01 0.001 0.01570648662662172 -0.66320015958565 0.0016530515838200774 0.0005415324345253159
0.043554010279875696 -0.7482059508284765 45 nil_vol 0.6 nil_bias 0.54 Home 0.005 0.01 0.001 0.0 -0.75 0.043554010279875696 0.0017940491715234673
-0.03759956415145451 -0.5822727540863231 46 nil_vol 0.6 nil_bias 0.54 Home 0.005 0.01 0.001 -0.02957936029403864 -0.5788101850076882 -0.008020203857415871 -0.0034625690786348516
-0.038461027526991896 -0.5505844586593145 46 nil_vol 0.6 nil_bias 0.54 Home 0.005 0.01 0.001 -0.04124615233110791 -0.5517868828368439 0.002785124804116016 0.0012024241775293583
-0.19078186412797765 -0.22412738974195276 46 nil_vol 0.6 nil_bias 0.54 Home 0.005 0.01 0.001 -0.1839754981846295 -0.221188871884764 -0.006806365943348158 -0.0029385178571887543
-0.24391787942492746 -0.08409813940328256 46 nil_vol 0.6 nil_bias 0.54 Home 0.005 0.01 0.001 -0.24328057819109544 -0.083822996827698 -0.0006373012338320286 -0.00027514257558455943
-0.2521001121663249 -0.05336049120078169 46 nil_vol 0.6 nil_bias 0.54 Home 0.005 0.01 0.001 -0.2557515781307645 -0.05493694154605133 0.0036514659644395916 0.001576450345269636
-0.3712662794114014 0.1688581770723543 46 nil_vol 0.6 nil_bias 0.54 Home 0.005 0.01 0.001 -0.355339450510715 0.17573427975660616 -0.015926828900686363 -0.006876102684251874
-0.3756735253814748 0.233068475601128 46 nil_vol 0.6 nil_bias 0.54 Home 0.005 0.01 0.001 -0.37939815066263544 0.23146044012505673 0.003724625281160635 0.0016080354760712814
-0.43514204718845306 0.3605776949120769 46 nil_vol 0.6 nil_bias 0.54 Left 0.005 0.01 0.001 -0.4 0.35 -0.03514204718845302 0.010577694912076961
-0.3944022559742784 0.28875943293105305 47 nil_vol 0.6 nil_bias 0.54 Left 0.005 0.01 0.001 -0.4040496521896244 0.2848009537306909 0.009647396215345999 0.0039584792003621505
-0.34722417296907676 0.18077307130010942 47 nil_vol 0.6 nil_bias 0.54 Left 0.005 0.01 0.001 -0.35932763903698 0.1758068278067747 0.01210346606790322 0.0049662434933347085
-0.36536627842447034 0.15868881057564777 47 nil_vol 0.6 nil_bias 0.54 Left 0.005 0.01 0.001 -0.35418612593286336 0.16327620391028713 -0.011180152491606988 -0.004587393334639371
-0.2927738990428151 0.005629558708774451 47 nil_vol 0.6 nil_bias 0.54 Left 0.005 0.01 0.001 -0.2899728045356865 0.006778892072638931 -0.0028010945071285593 -0.00114933336386448
-0.22795032582107533 -0.10390182415313146 47 nil_vol 0.6 nil_bias 0.54 Left 0.005 0.01 0.001 -0.24216550281407856 -0.10973453602690741 0.014215176993003233 0.00583271187377596
-0.24509952305082708 -0.1268440506553264 47 nil_vol 0.6 nil_bias 0.54 Left 0.005 0.01 0.001 -0.236579604041566 -0.12334819317895546 -0.008519919009261068 -0.0034958574763709416
-0.11884748184124128 -0.4170304260850485 47 nil_vol 0.6 nil_bias 0.54 Left 0.005 0.01 0.001 -0.11647634320698536 -0.4160575104137768 -0.0023711386342559165 -0.0009729156712716742
0.0009325774804946453 -0.7022003242965998 47 nil_vol 0.6 nil_bias 0.54 Home 0.005 0.01 0.001 0.0 -0.75 0.0009325774804946453 0.047799675703400116
0.009366673518712251 -0.6970544864493623 48 nil_vol 0.6 nil_bias 0.54 Home 0.005 0.01 0.001 0.0002253714574071865 -0.7000212681801852 0.009141302061305064 0.00296678173082287
-0.05783279646562367 -0.49255119760841815 48 nil_vol 0.6 nil_bias 0.54 Home 0.005 0.01 0.001 -0.06622450323781526 -0.49527470047214545 0.008391706772191585 0.0027235028637272933
-0.12523856114562257 -0.32378035535568944 48 nil_vol 0.6 nil_bias 0.54 Home 0.005 0.01 0.001 -0.12220228371169348 -0.32279494076592097 -0.0030362774339290945 -0.000985414589768468
-0.14932000089008607 -0.22694163330432385 48 nil_vol 0.6 nil_bias 0.54 Home 0.005 0.01 0.001 -0.15293084930664583 -0.2281135231558108 0.003610848416559766 0.0011718898514869566
-0.20830485019535316 -0.04410848517694114 48 nil_vol 0.6 nil_bias 0.54 Home 0.005 0.01 0.001 -0.21223514312426336 -0.04538404977157706 0.003930292928910207 0.0012755645946359217
-0.21742151711309537 -0.025360926394375993 48 nil_vol 0.6 nil_bias 0.54 Home 0.005 0.01 0.001 -0.2186085552223662 -0.025746175995883247 0.0011870381092708288 0.0003852496015072541
-0.2839345159803883 0.13933794006247116 48 nil_vol 0.6 nil_bias 0.54 Home 0.005 0.01 0.001 -0.2733056484088965 0.14278750664707385 -0.010628867571491863 -0.0034495665846026972
-0.36167277430881073 0.4150659091153406 48 nil_vol 0.6 nil_bias 0.54 Left 0.005 0.01 0.001 -0.4 0.35 0.03832722569118932 0.06506590911534063
-0.27517615609756446 0.20631370559217888 49 nil_vol 0.6 nil_bias 0.54 Left 0.005 0.01 0.001 -0.2863257623203991 0.20236409418887044 0.011149606222834615 0.003949611403308446
-0.1782231653948702 -0.114447944562544 49 nil_vol 0.6 nil_bias 0.54 Left 0.005 0.01 0.001 -0.17455879972709676 -0.11314988791927982 -0.0036643656677734448 -0.0012980566432641669
-0.11658583493481801 -0.24793634926836086 49 nil_vol 0.6 nil_bias 0.54 Left 0.005 0.01 0.001 -0.1256721557909439 -0.25115506710917357 0.009086320856125882 0.003218717840812706
-0.04239036360926313 -0.45786462502688985 49 nil_vol 0.6 nil_bias 0.54 Left 0.005 0.01 0.001 -0.051326483897784714 -0.4610301361568343 0.008936120288521582 0.003165511129944444
-0.0541235455012861 -0.48289713280128493 49 nil_vol 0.6 nil_bias 0.54 Left 0.005 0.01 0.001 -0.044755865750938206 -0.47957874701930625 -0.009367679750347892 -0.003318385781978702
0.0005949488076033341 -0.6162654237384374 49 nil_vol 0.6 nil_bias 0.54 Left 0.005 0.01 0.001 0.0033215668569512857 -0.61529955270004 -0.0027266180493479516 -0.0009658710383973927
0.053561725780925204 -0.7412808566703987 49 nil_vol 0.6 nil_bias 0.54 Left 0.005 0.01 0.001 0.04857469481010279 -0.7430474512924288 0.0049870309708224154 0.001766594622030067
0.0633524492530464 -0.7847645029392177 49 nil_vol 0.6 nil_bias 0.54 Home 0.005 0.01 0.001 0.0 -0.75 0.0633524492530464 -0.03476450293921776
0.08824953800940542 -0.6625945881542883 50 nil_vol 0.6 nil_bias 0.54 Home 0.005 0.01 0.001 0.09230339398455761 -0.6635629167378029 -0.004053855975152184 0.0009683285835145891
0.20781244710162156 -0.23218763275916163 50 nil_vol 0.6 nil_bias 0.54 Home 0.005 0.01 0.001 0.19601730172408893 -0.22937017291703043 0.011795145377532616 -0.0028174598421311795
0.30510071942801786 0.23731580949771108 50 nil_vol 0.6 nil_bias 0.54 Home 0.005 0.01 0.001 0.3073636265030716 0.23677527781231256 -0.002262907075053697 0.0005405316853985243
0.2893778258465314 0.24987288176018974 50 nil_vol 0.6 nil_bias 0.54 Home 0.005 0.01 0.001 0.30935250440784956 0.24510160909633683 -0.019974678561318154 0.00477127266385292
0.2988502428768688 0.2654800839289302 50 nil_vol 0.6 nil_bias 0.54 Home 0.005 0.01 0.001 0.31339060118435974 0.26200688590463217 -0.014540358307490956 0.003473198024298024
0.34738256847134663 0.3722299512060946 50 nil_vol 0.6 nil_bias 0.54 Home 0.005 0.01 0.001 0.3401327999277339 0.37396167481632514 0.007249768543612781 -0.0017317236102305407
0.34587038506557216 0.38158331367100834 50 nil_vol 0.6 nil_bias 0.54 Home 0.005 0.01 0.001 0.34216478133498274 0.3824684566147888 0.0037056037305894427 -0.0008851429437804206
0.3551902715222157 0.4369989766508162 50 nil_vol 0.6 nil_bias 0.54 Right 0.005 0.01 0.001 0.4 0.35 -0.04480972847778433 0.08699897665081627
0.3316582576025456 0.31932177058544375 51 nil_vol 0.6 nil_bias 0.54 Right 0.005 0.01 0.001 0.32473500584911064 0.3211416772513646 0.006923251753434937 -0.0018199066659208651
0.266929938450653 0.09010114597144481 51 nil_vol 0.6 nil_bias 0.54 Right 0.005 0.01 0.001 0.26419093117633075 0.0908211454419352 0.00273900727432227 -0.0007199994704903929
0.2559176331304001 0.03867917950319484 51 nil_vol 0.6 nil_bias 0.54 Right 0.005 0.01 0.001 0.2508356048767076 0.040015086014279666 0.005082028253692506 -0.0013359065110848253
0.19449095240711345 -0.21513789774574107 51 nil_vol 0.6 nil_bias 0.54 Right 0.005 0.01 0.001 0.1844571872009282 -0.21250033423752956 0.010033765206185237 -0.0026375635082115127
0.19590281703836698 -0.25599018850167304 51 nil_vol 0.6 nil_bias 0.54 Right 0.005 0.01 0.001 0.17450373883052286 -0.25036503915538566 0.02139907820784413 -0.005625149346287373
0.15836312458171295 -0.3001829588173136 51 nil_vol 0.6 nil_bias 0.54 Right 0.005 0.01 0.001 0.16121135118567378 -0.3009316686385374 -0.0028482266039608255 0.0007487098212237744
0.10649031160409236 -0.5721637551308704 51 nil_vol 0.6 nil_bias 0.54 Right 0.005 0.01 0.001 0.09098436710112162 -0.5680877265871511 0.01550594450297074 -0.0040760285437192924
0.04590647019325484 -0.7395721409544306 51 nil_vol 0.6 nil_bias 0.54 Home 0.005 0.01 0.001 0.0 -0.75 0.04590647019325484 0.010427859045569457
0.032615104567735254 -0.7055179807623876 52 nil_vol 0.6 nil_bias 0.54 Home 0.005 0.01 0.001 0.030727844756427175 -0.7063810438199837 0.001887259811308077 0.0008630630575960534
0.005128951353798927 -0.7069506704420482 52 nil_vol 0.6 nil_bias 0.54 Home 0.005 0.01 0.001 0.026515679416892358 -0.697170302734586 -0.02138672806309343 -0.009780367707462208
0.024739991525881695 -0.6703616995389866 52 nil_vol 0.6 nil_bias 0.54 Home 0.005 0.01 0.001 0.016069181896582362 -0.6743269487461477 0.008670809629299335 0.003965249207161114
-0.08082926649492785 -0.4732612499646425 52 nil_vol 0.6 nil_bias 0.54 Home 0.005 0.01 0.001 -0.076736196227072 -0.4713894474077478 -0.004093070267855836 -0.0018718025568947466
-0.14557256292509255 -0.30580659980694025 52 nil_vol 0.6 nil_bias 0.54 Home 0.005 0.01 0.001 -0.15126784357079842 -0.30841110942373945 0.0056952806457058695 0.002604509616799202
-0.13782811907414938 -0.2992382378614959 52 nil_vol 0.6 nil_bias 0.54 Home 0.005 0.01 0.001 -0.1524126006916796 -0.30590786926193075 0.01458448161753023 0.006669631400434837
-0.3369943197643309 0.11402041265902635 52 nil_vol 0.6 nil_bias 0.54 Home 0.005 0.01 0.001 -0.343160512400917 0.11120055021148678 0.006166192636586082 0.0028198624475395664
-0.41741637352136657 0.2735758265175308 52 nil_vol 0.6 nil_bias 0.54 Left 0.005 0.01 0.001 -0.4 0.35 -0.01741637352136657 -0.07642417348246916
-0.4111542654842663 0.25606395531667614 53 nil_vol 0.6 nil_bias 0.54 Left 0.005 0.01 0.001 -0.41093242244844663 0.2561464839251131 -0.0002218430358196622 -8.252860843692802e-05
-0.3502356652418021 0.07503531986938672 53 nil_vol 0.6 nil_bias 0.54 Left 0.005 0.01 0.001 -0.34436858940117987 0.07721795139951995 -0.005867075840622224 -0.0021826315301332368
-0.2552336011883618 -0.1649106672886917 53 nil_vol 0.6 nil_bias 0.54 Left 0.005 0.01 0.001 -0.2544077612372877 -0.16460344366230223 -0.0008258399510741065 -0.00030722362638947455
-0.21751348572137838 -0.22132273347382514 53 nil_vol 0.6 nil_bias 0.54 Left 0.005 0.01 0.001 -0.23138735724916035 -0.22648400124403062 0.013873871527781963 0.005161267770205478
-0.2123203114269498 -0.2407759040263133 53 nil_vol 0.6 nil_bias 0.54 Left 0.005 0.01 0.001 -0.22439896263986503 -0.24526932556967534 0.012078651212915239 0.004493421543362042
-0.17559621600462344 -0.360654106062276 53 nil_vol 0.6 nil_bias 0.54 Left 0.005 0.01 0.001 -0.18075967267728216 -0.3625749817496485 0.005163456672658706 0.0019208756873724897
-0.033072426652751875 -0.7555480929306203 53 nil_vol 0.6 nil_bias 0.54 Left 0.005 0.01 0.001 -0.034386502409166964 -0.7560369468770918 0.0013140757564150893 0.000488853946471413
-0.021125583045677392 -0.7916832841300038 53 nil_vol 0.6 nil_bias 0.54 Home 0.005 0.01 0.001 0.0 -0.75 -0.021125583045677392 -0.04168328413000375
-0.057896154052403115 -0.7223638755405813 54 nil_vol 0.6 nil_bias 0.54 Home 0.005 0.01 0.001 -0.0462388661275489 -0.7183706643770691 -0.011657287924854218 -0.0039932111635122385
-0.17029479076800363 -0.34666367055977915 54 nil_vol 0.6 nil_bias 0.54 Home 0.005 0.01 0.001 -0.173223650811578 -0.3476669533728793 0.002928860043574382 0.001003282813100151
-0.2952132964473816 0.029197352329036717 54 nil_vol 0.6 nil_bias 0.54 Home 0.005 0.01 0.001 -0.3015725502807729 0.0270189860089457 0.006359253833391303 0.0021783663200910185
-0.3031593691204999 0.05972012642601601 54 nil_vol 0.6 nil_bias 0.54 Home 0.005 0.01 0.001 -0.3117646003011905 0.05677239918132182 0.008605231180690622 0.0029477272446941914
-0.31773473598114366 0.10459673956761437 54 nil_vol 0.6 nil_bias 0.54 Home 0.005 0.01 0.001 -0.32705339724624616 0.10140462640778936 0.009318661265102501 0.0031921131598250147
-0.3438104810070815 0.1661126854546823 54 nil_vol 0.6 nil_bias 0.54 Home 0.005 0.01 0.001 -0.34865117163964954 0.16445450389498462 0.0048406906325680595 0.0016581815596976967
-0.381176416764027 0.2501347258842266 54 nil_vol 0.6 nil_bias 0.54 Home 0.005 0.01 0.001 -0.3783344620808521 0.25110823921255865 -0.0028419546831749366 -0.0009735133283320669
-0.4049426553414714 0.3287849152755359 54 nil_vol 0.6 nil_bias 0.54 Left 0.005 0.01 0.001 -0.4 0.35 -0.004942655341471386 -0.021215084724464085
-0.3639839117436517 0.26749418713782386 55 nil_vol 0.6 nil_bias 0.54 Left 0.005 0.01 0.001 -0.38265721965170374 0.2613254079813805 0.01867330790805204 0.006168779156443348
-0.3378905707447925 0.14139844838377816 55 nil_vol 0.6 nil_bias 0.54 Left 0.005 0.01 0.001 -0.3425324349270517 0.13986499565244853 0.0046418641822592 0.0015334527313296256
-0.3206528219348437 0.034909828086161686 55 nil_vol 0.6 nil_bias 0.54 Left 0.005 0.01 0.001 -0.3091189312833932 0.038720080913015376 -0.011533890651450497 -0.003810252826853689
-0.27796052812610844 -0.00018339229584007563 55 nil_vol 0.6 nil_bias 0.54 Left 0.005 0.01 0.001 -0.2944657924761621 -0.005635952238382147 0.016505264350053683 0.005452559942542071
-0.21469061378570997 -0.21323383460033773 55 nil_vol 0.6 nil_bias 0.54 Left 0.005 0.01 0.001 -0.22478376023675473 -0.21656813357707594 0.010093146451044763 0.0033342989767381915
-0.17765186624799426 -0.3521032622022888 55 nil_vol 0.6 nil_bias 0.54 Left 0.005 0.01 0.001 -0.17977738925867848 -0.3528054346352296 0.0021255230106842125 0.0007021724329407948
-0.12730772484955272 -0.4474613697704132 55 nil_vol 0.6 nil_bias 0.54 Left 0.005 0.01 0.001 -0.14642158585937032 -0.453775686868225 0.019113861009817597 0.006314317097811838
-0.0510081523105995 -0.7425985443634028 55 nil_vol 0.6 nil_bias 0.54 Home 0.005 0.01 0.001 0.0 -0.75 -0.0510081523105995 0.007401455636597181
-0.07279614354065524 -0.6534060768507447 56 nil_vol 0.6 nil_bias 0.54 Home 0.005 0.01 0.001 -0.07355704470164809 -0.6535988581866854 0.0007609011609928554 0.00019278133594071358
-0.1530388288895384 -0.32537222855976 56 nil_vol 0.6 nil_bias 0.54 Home 0.005 0.01 0.001 -0.15649447161601185 -0.32624774755683195 0.003455642726473452 0.0008755189970719694
-0.1583631655349186 -0.29423855179912806 56 nil_vol 0.6 nil_bias 0.54 Home 0.005 0.01 0.001 -0.16422783832548066 -0.2957244208099526 0.005864672790562036 0.0014858690108245452
-0.1692096383610862 -0.21519610606116818 56 nil_vol 0.6 nil_bias 0.54 Home 0.005 0.01 0.001 -0.1837002641925388 -0.21886743993422908 0.014490625831452577 0.003671333873060908
-0.2074042111609015 -0.10817525446131412 56 nil_vol 0.6 nil_bias 0.54 Home 0.005 0.01 0.001 -0.21148331053916514 -0.10920873195864178 0.004079099378263651 0.0010334774973276518
-0.21762945711273637 -0.0862998834704083 56 nil_vol 0.6 nil_bias 0.54 Home 0.005 0.01 0.001 -0.217308106639958 -0.08621846636050856 -0.00032135047277836044 -8.141710989973628e-05
-0.23312186108963734 0.021223916235481588 56 nil_vol 0.6 nil_bias 0.54 Home 0.005 0.01 0.001 -0.24384152179567195 0.018507991201218266 0.010719660706034598 0.0027159250342633228
-0.3181629736152677 0.31185215079142004 56 nil_vol 0.6 nil_bias 0.54 Left 0.005 0.01 0.001 -0.4 0.35 0.08183702638473234 -0.03814784920857996
-0.256712381967045 0.08844313412791519 57 nil_vol 0.6 nil_bias 0.54 Left 0.005 0.01 0.001 -0.2538243007052575 0.08927798084748953 -0.0028880812617874535 -0.0008348467195743415
-0.2215186206457107 -0.059358074689690406 57 nil_vol 0.6 nil_bias 0.54 Left 0.005 0.01 0.001 -0.21168068912933902 -0.05651426106072183 -0.009837931516371684 -0.002843813628968578
-0.19930878523080434 -0.13544357697497916 57 nil_vol 0.6 nil_bias 0.54 Left 0.005 0.01 0.001 -0.18967027726356372 -0.13265740995658237 -0.009638507967240617 -0.0027861670183967884
-0.16405676269440728 -0.16927735531584556 57 nil_vol 0.6 nil_bias 0.54 Left 0.005 0.01 0.001 -0.1779258014123542 -0.17328642584669396 0.01386903871794691 0.004009070530848389
-0.15807861958116698 -0.2251083503956767 57 nil_vol 0.6 nil_bias 0.54 Left 0.005 0.01 0.001 -0.16257049588275604 -0.2264068000773849 0.004491876301589057 0.001298449681708205
-0.060147594106367906 -0.5667086330309175 57 nil_vol 0.6 nil_bias 0.54 Left 0.005 0.01 0.001 -0.06388817293865617 -0.5677899079966753 0.00374057883228827 0.0010812749657578384
-0.04347856463375331 -0.6299851848228362 57 nil_vol 0.6 nil_bias 0.54 Left 0.005 0.01 0.001 -0.045722147500607324 -0.6306337288306758 0.00224358286685401 0.0006485440078396633
-0.010440775836974446 -0.7526866350741714 57 nil_vol 0.6 nil_bias 0.54 Home 0.005 0.01 0.001 0.0 -0.75 -0.010440775836974446 -0.0026866350741714612
-3.981870995631378e-05 -0.7321505690103726 58 nil_vol 0.6 nil_bias 0.54 Home 0.005 0.01 0.001 -5.009970974907858e-05 -0.7321453684284925 1.0280999792764804e-05 -5.200581880044986e-06
0.04579526758242873 -0.6518208488798538 58 nil_vol 0.6 nil_bias 0.54 Home 0.005 0.01 0.001 0.04164383578262215 -0.6497208720848431 0.004151431799806579 -0.002099976795010772
0.23766461141413633 -0.2361949195289892 58 nil_vol 0.6 nil_bias 0.54 Home 0.005 0.01 0.001 0.2481424107679034 -0.24149505128274096 -0.010477799353767045 0.005300131753751756
0.36846208155735743 0.002446215427371813 58 nil_vol 0.6 nil_bias 0.54 Home 0.005 0.01 0.001 0.37091180258762957 0.001207038785216441 -0.0024497210302721283 0.001239176642155372
0.3697470200929482 0.01035464474988703 58 nil_vol 0.6 nil_bias 0.54 Home 0.005 0.01 0.001 0.37435896751588477 0.00802171889803327 -0.004611947422936583 0.0023329258518537603
0.3804080373735036 0.005258164871752414 58 nil_vol 0.6 nil_bias 0.54 Home 0.005 0.01 0.001 0.3744783242695622 0.008257674563788897 0.005929713103941429 -0.0029995096920364833
0.42138252898008044 0.11157289949057625 58 nil_vol 0.6 nil_bias 0.54 Home 0.005 0.01 0.001 0.4256482136665342 0.10941512856036295 -0.00426568468645376 0.0021577709302132947
0.49895687341424066 0.2543385877151905 58 nil_vol 0.6 nil_bias 0.54 Right 0.005 0.01 0.001 0.4 0.35 0.09895687341424067 -0.09566141228480944
0.47300367368527463 0.19469894495444065 59 nil_vol 0.6 nil_bias 0.54 Right 0.005 0.01 0.001 0.47067156412256306 0.19582630553281935 0.0023321095627115438 -0.001127360578378689
0.43679406551295563 0.1344036278371227 59 nil_vol 0.6 nil_bias 0.54 Right 0.005 0.01 0.001 0.44018657349345275 0.1327636621081538 -0.0033925079804971417 0.0016399657289688984
0.34143297657763366 -0.046656847976362985 59 nil_vol 0.6 nil_bias 0.54 Right 0.005 0.01 0.001 0.3511763800629918 -0.05136688783223442 -0.009743403485358128 0.004710039855871434
0.34262870296688475 -0.06127693704648506 59 nil_vol 0.6 nil_bias 0.54 Right 0.005 0.01 0.001 0.34567411921482205 -0.06274911583155318 -0.003045416247937279 0.001472178785068121
0.19559119707907932 -0.35227947196251264 59 nil_vol 0.6 nil_bias 0.54 Right 0.005 0.01 0.001 0.20379558107162082 -0.35624553737854664 -0.008204383992541506 0.003966065416034009
0.1962305477418831 -0.38077883804223983 59 nil_vol 0.6 nil_bias 0.54 Right 0.005 0.01 0.001 0.19274945827675644 -0.37909605130891405 0.003481089465126651 -0.0016827867333257672
0.0955792129977125 -0.5662011482074826 59 nil_vol 0.6 nil_bias 0.54 Right 0.005 0.01 0.001 0.10102804376426255 -0.5688351569619097 -0.005448830766550049 0.002634008754427141
0.006764054462767446 -0.7638339489061065 59 nil_vol 0.6 nil_bias 0.54 Home 0.005 0.01 0.001 0.0 -0.75 0.006764054462767446 -0.013833948906106485
0.027075833347650458 -0.7065333282027656 60 nil_vol 0.6 nil_bias 0.54 Home 0.005 0.01 0.001 0.033546935045827814 -0.7097371154280065 -0.006471101698177358 0.003203787225240952
0.10568959347181389 -0.5936774536512732 60 nil_vol 0.6 nil_bias 0.54 Home 0.005 0.01 0.001 0.09389750699307568 -0.587839292271402 0.011792086478738206 -0.005838161379871205
0.16139901124503467 -0.4801062907467398 60 nil_vol 0.6 nil_bias 0.54 Home 0.005 0.01 0.001 0.15002350918727478 -0.47447437675848986 0.011375502057759888 -0.005631913988249984
0.30962376061491864 -0.16810215908405968 60 nil_vol 0.6 nil_bias 0.54 Home 0.005 0.01 0.001 0.3032645267019467 -0.16495375664457446 0.0063592339129719365 -0.0031484024394852167
0.40028566346427097 0.049321615109516485 60 nil_vol 0.6 nil_bias 0.54 Home 0.005 0.01 0.001 0.40756592838410927 0.04571721807877327 -0.00728026491983832 0.003604397030743216
0.45880373721144146 0.12005220823340676 60 nil_vol 0.6 nil_bias 0.54 Home 0.005 0.01 0.001 0.44721028351211717 0.12579202821935742 0.011593453699324319 -0.0057398199859506685
0.4920124246657213 0.1790190130900174 60 nil_vol 0.6 nil_bias 0.54 Home 0.005 0.01 0.001 0.4771945910506656 0.1863551960548181 0.014817833615055757 -0.007336182964800696
0.4913570176289248 0.21496087309817824 60 nil_vol 0.6 nil_bias 0.54 Right 0.005 0.01 0.001 0.4 0.35 0.0913570176289248 -0.13503912690182174
0.4836932054599736 0.19906957086626267 61 nil_vol 0.6 nil_bias 0.54 Right 0.005 0.01 0.001 0.483598788398332 0.1991158003294014 9.441706164160549e-05 -4.622946313872528e-05
0.3854962416222849 0.024498751909913838 61 nil_vol 0.6 nil_bias 0.54 Right 0.005 0.01 0.001 0.395663497327442 0.01952055448805684 -0.010167255705157087 0.004978197421856999
0.35644997345392226 -0.043594382863385836 61 nil_vol 0.6 nil_bias 0.54 Right 0.005 0.01 0.001 0.36315343234142716 -0.04687660008296207 -0.006703458887504901 0.003282217219576233
0.30485970585962635 -0.16202702966018187 61 nil_vol 0.6 nil_bias 0.54 Right 0.005 0.01 0.001 0.30640243209693696 -0.16278239531635547 -0.0015427262373105873 0.0007553656561735954
0.29339822743481264 -0.1764761237026169 61 nil_vol 0.6 nil_bias 0.54 Right 0.005 0.01 0.001 0.29847941347605833 -0.1789640268284992 -0.005081186041245679 0.0024879031258823047
0.2621093791436777 -0.28735631244285936 61 nil_vol 0.6 nil_bias 0.54 Right 0.005 0.01 0.001 0.2486370775220654 -0.28075986408510123 0.013472301621612327 -0.006596448357758121
0.10284524661382531 -0.5772664416709863 61 nil_vol 0.6 nil_bias 0.54 Right 0.005 0.01 0.001 0.10333986595452999 -0.5775086223339009 -0.0004946193407046755 0.00024218066291454413
0.007079259475955846 -0.7741071332937336 61 nil_vol 0.6 nil_bias 0.54 Home 0.005 0.01 0.001 0.0 -0.75 0.007079259475955846 -0.02410713329373355
-0.03450290070520605 -0.6559508540654515 62 nil_vol 0.6 nil_bias 0.54 Home 0.005 0.01 0.001 -0.038946309185817166 -0.6577078267501653 0.004443408480611113 0.0017569726847137435
-0.13445856537203418 -0.4075948455071385 62 nil_vol 0.6 nil_bias 0.54 Home 0.005 0.01 0.001 -0.13738602980277345 -0.4087523972070832 0.0029274644307392644 0.0011575516999446699
-0.24956982323863033 -0.13691731662880405 62 nil_vol 0.6 nil_bias 0.54 Home 0.005 0.01 0.001 -0.24550772513286567 -0.13531111826878417 -0.00406209810576467 -0.0016061983600198727
-0.3644820620644456 0.18680342720067203 62 nil_vol 0.6 nil_bias 0.54 Home 0.005 0.01 0.001 -0.37174050918080154 0.18393335721441617 0.00725844711635595 0.0028700699862558455
-0.4003318861341127 0.31815077675130177 62 nil_vol 0.6 nil_bias 0.54 Home 0.005 0.01 0.001 -0.42150166396491257 0.30978001328166493 0.021169777830799853 0.00837076346963681
-0.43807549680224533 0.3200270152950035 62 nil_vol 0.6 nil_bias 0.54 Home 0.005 0.01 0.001 -0.4272465465241382 0.3243089015824737 -0.010828950278107177 -0.004281886287470219
-0.4514614143753669 0.35126387176492857 62 nil_vol 0.6 nil_bias 0.54 Home 0.005 0.01 0.001 -0.43973782115176635 0.35589950973304274 -0.011723593223600554 -0.004635637968114157
-0.46133227669075016 0.41051218966308595 62 nil_vol 0.6 nil_bias 0.54 Left 0.005 0.01 0.001 -0.4 0.35 -0.06133227669075013 0.06051218966308596
-0.39332095421272234 0.29193059179654096 63 nil_vol 0.6 nil_bias 0.54 Left 0.005 0.01 0.001 -0.40612046410393093 0.2862438332236845 0.012799509891208604 0.005686758572856463
-0.3513832073248222 0.1303511783767484 63 nil_vol 0.6 nil_bias 0.54 Left 0.005 0.01 0.001 -0.3392526764330469 0.13574071290802642 -0.012130530891775302 -0.0053895345312780195
-0.3388966572971897 0.12813653922535945 63 nil_vol 0.6 nil_bias 0.54 Left 0.005 0.01 0.001 -0.3363724529572605 0.1292580306568082 -0.0025242043399292067 -0.0011214914314487446
-0.2847338255669765 -0.0465989528491993 63 nil_vol 0.6 nil_bias 0.54 Left 0.005 0.01 0.001 -0.26260772043638825 -0.036768434407104866 -0.022126105130588287 -0.009830518442094434
-0.09343457893453612 -0.40001962518507916 63 nil_vol 0.6 nil_bias 0.54 Left 0.005 0.01 0.001 -0.09993404193510091 -0.4029073042643236 0.006499463000564792 0.0028876790792444285
-0.07414279655219205 -0.46806715829274453 63 nil_vol 0.6 nil_bias 0.54 Left 0.005 0.01 0.001 -0.07150461489728926 -0.4668950273072389 -0.002638181654902787 -0.0011721309855056044
-0.04789001659152582 -0.551741817624705 63 nil_vol 0.6 nil_bias 0.54 Left 0.005 0.01 0.001 -0.03612917538531618 -0.5465165343816838 -0.011760841206209637 -0.005225283243021182
0.0334968414868928 -0.7032277575194116 63 nil_vol 0.6 nil_bias 0.54 Home 0.005 0.01 0.001 0.0 -0.75 0.0334968414868928 0.04677224248058845
