x y trial vol omega bias theta state target_sigma moving_sigma staying_sigma x_mean y_mean x_noise y_noise
0.11375780965055188 -0.2671724462572473 0 nil_vol 0.6 nil_bias 0.43 Home 0.01 0.01 0.001 0.11644420248171633 -0.2678211991061856 -0.0026863928311644594 0.0006487528489383625
0.1298631672963578 -0.22078904806729638 0 nil_vol 0.6 nil_bias 0.43 Home 0.01 0.01 0.001 0.1279158425316937 -0.22031877712470438 0.0019473247646641146 -0.00047027094259198836
0.13538340425646955 -0.19015306162691845 0 nil_vol 0.6 nil_bias 0.43 Home 0.01 0.01 0.001 0.1352108051108977 -0.19011137964127767 0.00017259914557186468 -4.1681985640773686e-05
0.172339156224516 0.03398237293518484 0 nil_vol 0.6 nil_bias 0.43 Home 0.01 0.01 0.001 0.18839230325968698 0.030105603777421996 -0.01605314703517096 0.0038767691577628457
0.2430485437617076 0.19853568099660765 0 nil_vol 0.6 nil_bias 0.43 Home 0.01 0.01 0.001 0.22983792295070185 0.20172599173149353 0.013210620811005755 -0.0031903107348858644
0.25417297785826354 0.21649594533405953 0 nil_vol 0.6 nil_bias 0.43 Home 0.01 0.01 0.001 0.23454926629007197 0.22123499117981937 0.019623711568191583 -0.004739045845759856
0.259136442657991 0.3657105207384931 0 nil_vol 0.6 nil_bias 0.43 Home 0.01 0.01 0.001 0.26887174838297856 0.3633594843408736 -0.009735305724987549 0.002351036397619456
0.27490073472325993 0.38832465514547854 0 nil_vol 0.6 nil_bias 0.43 Right 0.01 0.01 0.001 0.4 0.35 -0.12509926527674006 0.03832465514547859
0.1671748155553606 0.03234289967597258 1 nil_vol 0.6 nil_bias 0.43 Right 0.01 0.01 0.001 0.18036380051961787 0.02887414344061473 -0.013188984964257276 0.003468756235357845
0.17675448150207468 -0.0008817647348521522 1 nil_vol 0.6 nil_bias 0.43 Right 0.01 0.01 0.001 0.17281067423782132 0.0001554724805971075 0.003943807264253349 -0.0010372372154492597
0.18208156970251158 -0.02375942669997593 1 nil_vol 0.6 nil_bias 0.43 Right 0.01 0.01 0.001 0.16752766894224774 -0.01993169210570972 0.014553900760263838 -0.00382773459426621
0.1572655284952507 -0.04958371659394518 1 nil_vol 0.6 nil_bias 0.43 Right 0.01 0.01 0.001 0.15956968577563868 -0.05018971925110577 -0.002304157280387984 0.0006060026571605912
0.05975718447378068 -0.44197921613824454 1 nil_vol 0.6 nil_bias 0.43 Right 0.01 0.01 0.001 0.056736417863107735 -0.4411847423372106 0.003020766610672946 -0.0007944738010339101
0.024238198019347373 -0.5456435489257186 1 nil_vol 0.6 nil_bias 0.43 Right 0.01 0.01 0.001 0.028938224366537424 -0.5468796748097305 -0.0047000263471900505 0.0012361258840118594
0.024828890445213466 -0.5501645031182848 1 nil_vol 0.6 nil_bias 0.43 Right 0.01 0.01 0.001 0.02786433609475089 -0.550962837565739 -0.0030354456495374263 0.0007983344474542537
-0.01398356551900479 -0.710077894295173 1 nil_vol 0.6 nil_bias 0.43 Home 0.01 0.01 0.001 0.0 -0.75 -0.01398356551900479 0.039922105704826995
-0.045278058717903504 -0.6912626770860258 2 nil_vol 0.6 nil_bias 0.43 Home 0.01 0.01 0.001 -0.028740804686818805 -0.6824344058770982 -0.0165372540310847 -0.00882827120892763
-0.27493781012057683 -0.21837646184235196 2 nil_vol 0.6 nil_bias 0.43 Home 0.01 0.01 0.001 -0.2761334235625754 -0.21901472982246295 0.0011956134419985802 0.0006382679801110004
-0.41093257015028556 0.00831183985293954 2 nil_vol 0.6 nil_bias 0.43 Home 0.01 0.01 0.001 -0.40047113289364267 0.013896588394820997 -0.010461437256642916 -0.005584748541881456
-0.40001730070960084 0.021472357992336447 2 nil_vol 0.6 nil_bias 0.43 Home 0.01 0.01 0.001 -0.4035177975828549 0.019603647763600685 0.0035004968732540204 0.0018687102287357604
-0.42611038453128985 0.07246324132821963 2 nil_vol 0.6 nil_bias 0.43 Home 0.01 0.01 0.001 -0.4304886818379139 0.07012592486784841 0.004378297306624059 0.0023373164603712193
-0.4457361128231195 0.07565793223494134 2 nil_vol 0.6 nil_bias 0.43 Home 0.01 0.01 0.001 -0.43616853002181344 0.08076550424327078 -0.009567582801306056 -0.005107572008329441
-0.4857983545688899 0.16860269893724336 2 nil_vol 0.6 nil_bias 0.43 Home 0.01 0.01 0.001 -0.48366705492292644 0.16974047497108125 -0.0021312996459634886 -0.0011377760338378844
-0.568708011182592 0.32904050817466907 2 nil_vol 0.6 nil_bias 0.43 Left 0.01 0.01 0.001 -0.4 0.35 -0.16870801118259188 -0.020959491825330898
-0.4811493393355377 0.1793672185049947 3 nil_vol 0.6 nil_bias 0.43 Left 0.01 0.01 0.001 -0.4949732254686944 0.17284155823545821 0.013823886133156644 0.006525660269536479
-0.46718282363718566 0.13914398770300013 3 nil_vol 0.6 nil_bias 0.43 Left 0.01 0.01 0.001 -0.47690057500786287 0.1345566565127669 0.00971775137067723 0.004587331190233227
-0.4269868911066786 0.04024529409022522 3 nil_vol 0.6 nil_bias 0.43 Left 0.01 0.01 0.001 -0.4313974179229089 0.0381632746540721 0.004410526816230357 0.002082019436153115
-0.37830894958563094 -0.06092286125960827 3 nil_vol 0.6 nil_bias 0.43 Left 0.01 0.01 0.001 -0.38347249528161054 -0.06336034842303123 0.005163545695979579 0.0024374871634229634
-0.32494126591998196 -0.18125938880304582 3 nil_vol 0.6 nil_bias 0.43 Left 0.01 0.01 0.001 -0.3272933186182191 -0.18236969141237708 0.0023520526982371407 0.00111030260933127
-0.0893943105594377 -0.694617150436203 3 nil_vol 0.6 nil_bias 0.43 Left 0.01 0.01 0.001 -0.08619607858223882 -0.6931074030941506 -0.0031982319771988697 -0.001509747342052363
-0.07580127558087198 -0.6967186578684009 3 nil_vol 0.6 nil_bias 0.43 Left 0.01 0.01 0.001 -0.08290776695684227 -0.7000733258670575 0.007106491375970291 0.003354667998656573
-0.06051596600399793 -0.747507867952163 3 nil_vol 0.6 nil_bias 0.43 Home 0.01 0.01 0.001 0.0 -0.75 -0.06051596600399793 0.002492132047837088
-0.049461629085149186 -0.7430334590680038 4 nil_vol 0.6 nil_bias 0.43 Home 0.01 0.01 0.001 -0.060875478690500855 -0.7462202212917377 0.011413849605351667 0.003186762223733939
-0.06661091128854581 -0.7118577264307673 4 nil_vol 0.6 nil_bias 0.43 Home 0.01 0.01 0.001 -0.07019049310846381 -0.7128571505089618 0.003579581819918004 0.0009994240781945201
-0.1532136143865691 -0.44614337458629333 4 nil_vol 0.6 nil_bias 0.43 Home 0.01 0.01 0.001 -0.1452760960284402 -0.4439272087414219 -0.007937518358128934 -0.0022161658448714575
-0.23230052859513478 -0.14601280968541738 4 nil_vol 0.6 nil_bias 0.43 Home 0.01 0.01 0.001 -0.22873235018356286 -0.1450165694542329 -0.0035681784115719297 -0.000996240231184477
-0.316185071945115 0.13816940844143527 4 nil_vol 0.6 nil_bias 0.43 Home 0.01 0.01 0.001 -0.3084047594117951 0.14034168220772025 -0.007780312533319914 -0.0021722737662849805
-0.3440698559365403 0.2748390419675097 4 nil_vol 0.6 nil_bias 0.43 Home 0.01 0.01 0.001 -0.34582016162090373 0.27435035425672183 0.00175030568436341 0.0004886877107878485
-0.362422589162517 0.2868870512005108 4 nil_vol 0.6 nil_bias 0.43 Home 0.01 0.01 0.001 -0.35026792190475353 0.29028065071324094 -0.012154667257763483 -0.0033935995127301346
-0.35677792214029336 0.3135971576888361 4 nil_vol 0.6 nil_bias 0.43 Left 0.01 0.01 0.001 -0.4 0.35 0.04322207785970669 -0.03640284231116387
-0.3023529252524234 0.21582850526633082 5 nil_vol 0.6 nil_bias 0.43 Left 0.01 0.01 0.001 -0.3178503524528056 0.2100049296127906 0.015497427200382146 0.005823575653540229
-0.21769645577998864 -0.024173404563224726 5 nil_vol 0.6 nil_bias 0.43 Left 0.01 0.01 0.001 -0.22834751798229522 -0.028175828044469775 0.010651062202306582 0.004002423481245047
-0.14365432442522122 -0.21892109646380062 5 nil_vol 0.6 nil_bias 0.43 Left 0.01 0.01 0.001 -0.15505936037366264 -0.22320684588648265 0.011405035948441427 0.004285749422682031
-0.04603521076742255 -0.49935149859077343 5 nil_vol 0.6 nil_bias 0.43 Left 0.01 0.01 0.001 -0.050640293905443945 -0.5010819826058523 0.0046050831380213975 0.001730484015078887
-0.040343333316976746 -0.5716689063681003 5 nil_vol 0.6 nil_bias 0.43 Left 0.01 0.01 0.001 -0.026123337677946 -0.5663253600280429 -0.014219995639030742 -0.0053435463400573775
-0.015671158192814214 -0.5729296000294761 5 nil_vol 0.6 nil_bias 0.43 Left 0.01 0.01 0.001 -0.02265538571382919 -0.5755541116225465 0.006984227521014977 0.0026245115930704616
0.003193610059584219 -0.6822556081725673 5 nil_vol 0.6 nil_bias 0.43 Left 0.01 0.01 0.001 0.01567771593814654 -0.6775643691616932 -0.012484105878562322 -0.004691239010874093
0.03651833480223312 -0.7330244495095378 5 nil_vol 0.6 nil_bias 0.43 Home 0.01 0.01 0.001 0.0 -0.75 0.03651833480223312 0.016975550490462173
-0.00686370877843815 -0.6191398270060361 6 nil_vol 0.6 nil_bias 0.43 Home 0.01 0.01 0.001 -0.01125359726911277 -0.6210120614836079 0.0043898884906746205 0.0018722344775717501
-0.017475395153113634 -0.549835490380053 6 nil_vol 0.6 nil_bias 0.43 Home 0.01 0.01 0.001 -0.03789532505651024 -0.5585443441188098 0.020419929903396607 0.008708853738756888
-0.16455994365010787 -0.30002278033607094 6 nil_vol 0.6 nil_bias 0.43 Home 0.01 0.01 0.001 -0.15067687205169825 -0.2941018177976477 -0.013883071598409626 -0.005920962538423212
-0.20391181238379663 -0.1336310150883404 6 nil_vol 0.6 nil_bias 0.43 Home 0.01 0.01 0.001 -0.21677586551623682 -0.13911737854541495 0.012864053132440172 0.005486363457074543
-0.22427240758578987 -0.12119039918522516 6 nil_vol 0.6 nil_bias 0.43 Home 0.01 0.01 0.001 -0.2243985598442065 -0.12124420160142158 0.0001261522584166278 5.380241619642037e-05
-0.27724300517653283 0.015186736343921054 6 nil_vol 0.6 nil_bias 0.43 Home 0.01 0.01 0.001 -0.281762626138452 0.013259172532576802 0.004519620961919154 0.001927563811344252
-0.38919707641885926 0.24925343309690234 6 nil_vol 0.6 nil_bias 0.43 Home 0.01 0.01 0.001 -0.38345565026407485 0.2517020820820085 -0.00574142615478441 -0.0024486489851061484
-0.43759740412449294 0.3786499964506453 6 nil_vol 0.6 nil_bias 0.43 Left 0.01 0.01 0.001 -0.4 0.35 -0.03759740412449291 0.028649996450645327
-0.38284909890562513 0.26037235354985694 7 nil_vol 0.6 nil_bias 0.43 Left 0.01 0.01 0.001 -0.3870462990681188 0.25860490841873707 0.004197200162493715 0.0017674451311198538
-0.3260744025015111 0.10101506256470706 7 nil_vol 0.6 nil_bias 0.43 Left 0.01 0.01 0.001 -0.3214967894385536 0.10294269994368493 -0.0045776130629575085 -0.0019276373789778732
-0.1709176371943648 -0.29959137407031106 7 nil_vol 0.6 nil_bias 0.43 Left 0.01 0.01 0.001 -0.15484023555173965 -0.2928211643699871 -0.016077401642625153 -0.006770209700323939
-0.1161991668377644 -0.3369529247308334 7 nil_vol 0.6 nil_bias 0.43 Left 0.01 0.01 0.001 -0.1332353489694727 -0.34412687784143964 0.017036182131708294 0.007173953110606257
-0.08354522694369983 -0.4559021761012781 7 nil_vol 0.6 nil_bias 0.43 Left 0.01 0.01 0.001 -0.08577182646917914 -0.4568397993591415 0.0022265995254793034 0.0009376232578634053
-0.05007238788604544 -0.5274047365399439 7 nil_vol 0.6 nil_bias 0.43 Left 0.01 0.01 0.001 -0.05515549458545982 -0.5295452377881629 0.00508310669941438 0.0021405012482189688
-0.006238981209205522 -0.6359862070786515 7 nil_vol 0.6 nil_bias 0.43 Left 0.01 0.01 0.001 -0.009716451345640642 -0.6374505731854148 0.0034774701364351196 0.0014643661067632364
0.032071159815343614 -0.7366847532269643 7 nil_vol 0.6 nil_bias 0.43 Home 0.01 0.01 0.001 0.0 -0.75 0.032071159815343614 0.013315246773035755
-0.04495336492345642 -0.5191861137388605 8 nil_vol 0.6 nil_bias 0.43 Home 0.01 0.01 0.001 -0.05597758752663394 -0.523744524310542 0.011024222603177525 0.004558410571681492
-0.11416536178699485 -0.35838783856750384 8 nil_vol 0.6 nil_bias 0.43 Home 0.01 0.01 0.001 -0.12286378745597726 -0.36198455435905963 0.008698425668982405 0.0035967157915558043
-0.1883978782785154 -0.24444276685450636 8 nil_vol 0.6 nil_bias 0.43 Home 0.01 0.01 0.001 -0.1739383929336994 -0.23846390800618406 -0.014459485344815995 -0.005978858848322316
-0.1934373967803684 -0.2084608033770544 8 nil_vol 0.6 nil_bias 0.43 Home 0.01 0.01 0.001 -0.18738004188369825 -0.20595614508128945 -0.006057354896670149 -0.0025046582957649315
-0.2614722572292376 -0.010957793280615927 8 nil_vol 0.6 nil_bias 0.43 Home 0.01 0.01 0.001 -0.2670554175582922 -0.013266376659549106 0.005583160329054578 0.0023085833789331794
-0.2802343931312816 0.003509799239862033 8 nil_vol 0.6 nil_bias 0.43 Home 0.01 0.01 0.001 -0.2749036295575332 0.005714018975293111 -0.005330763573748392 -0.0022042197354310783
-0.4247411807672612 0.3471174386413834 8 nil_vol 0.6 nil_bias 0.43 Home 0.01 0.01 0.001 -0.4173366601978764 0.35017913705374926 -0.007404520569384775 -0.0030616984123658744
-0.4450984731557321 0.4173192950326046 8 nil_vol 0.6 nil_bias 0.43 Left 0.01 0.01 0.001 -0.4 0.35 -0.045098473155732045 0.06731929503260463
-0.33324861658816474 0.10468571157012282 9 nil_vol 0.6 nil_bias 0.43 Left 0.01 0.01 0.001 -0.33759356842009725 0.10319869152889427 0.004344951831932504 0.0014870200412285552
-0.1946845186430278 -0.3055897288863071 9 nil_vol 0.6 nil_bias 0.43 Left 0.01 0.01 0.001 -0.1973744055936601 -0.3065103181031616 0.0026898869506323014 0.0009205892168545294
-0.18551662238576805 -0.3502953400367474 9 nil_vol 0.6 nil_bias 0.43 Left 0.01 0.01 0.001 -0.18271726725666815 -0.34933728633661326 -0.002799355129099896 -0.0009580537001341281
-0.1378402268379177 -0.45067409478014697 9 nil_vol 0.6 nil_bias 0.43 Left 0.01 0.01 0.001 -0.1469666983312542 -0.45379754621096674 0.009126471493336508 0.0031234514308197524
-0.1378095563448458 -0.4781230553899103 9 nil_vol 0.6 nil_bias 0.43 Left 0.01 0.01 0.001 -0.13855428592285252 -0.4783779322793738 0.0007447295780067277 0.0002548768894634991
-0.10880149088785343 -0.5785116004104088 9 nil_vol 0.6 nil_bias 0.43 Left 0.01 0.01 0.001 -0.10475805614425698 -0.5771277718360761 -0.0040434347435964425 -0.001383828574332779
-0.07515139050599871 -0.6709076373777235 9 nil_vol 0.6 nil_bias 0.43 Left 0.01 0.01 0.001 -0.0729236832256493 -0.6701452249275959 -0.002227707280349424 -0.0007624124501276663
-0.034889655705930514 -0.7812775654245278 9 nil_vol 0.6 nil_bias 0.43 Home 0.01 0.01 0.001 0.0 -0.75 -0.034889655705930514 -0.03127756542452773
-0.033199791448800864 -0.715506719594486 10 nil_vol 0.6 nil_bias 0.43 Home 0.01 0.01 0.001 -0.01655617873157963 -0.7205296991532865 -0.01664361271722123 0.00502297955880046
0.07360793615982177 -0.40074353921841394 10 nil_vol 0.6 nil_bias 0.43 Home 0.01 0.01 0.001 0.07942431692898502 -0.40249890100230584 -0.005816380769163255 0.0017553617838918854
0.14798970823974786 -0.22030885719840576 10 nil_vol 0.6 nil_bias 0.43 Home 0.01 0.01 0.001 0.13554230650135435 -0.21655227829006363 0.012447401738393519 -0.0037565789083421203
0.17068702267479485 -0.01601113797967322 10 nil_vol 0.6 nil_bias 0.43 Home 0.01 0.01 0.001 0.1939463816182111 -0.023030724803073443 -0.023259358943416252 0.0070195868234002225
0.24627028848739416 0.15530046300446906 10 nil_vol 0.6 nil_bias 0.43 Home 0.01 0.01 0.001 0.24764119790144856 0.1548867277126933 -0.0013709094140544114 0.000413735291775769
0.24809081085072673 0.167598102687834 10 nil_vol 0.6 nil_bias 0.43 Home 0.01 0.01 0.001 0.2511947345725633 0.16666135021277018 -0.0031039237218365608 0.000936752475063834
0.2716413783492563 0.23395906341223532 10 nil_vol 0.6 nil_bias 0.43 Home 0.01 0.01 0.001 0.2715163209961507 0.2339968052498399 0.000125057353105579 -3.774183760458771e-05
0.307183556915605 0.3521799780834011 10 nil_vol 0.6 nil_bias 0.43 Right 0.01 0.01 0.001 0.4 0.35 -0.092816443084395 0.0021799780834011687
0.2536453339976809 0.1536458116927008 11 nil_vol 0.6 nil_bias 0.43 Right 0.01 0.01 0.001 0.25368096811812957 0.15363620918689505 -3.563412044867793e-05 9.602505805755745e-06
0.1733462921362465 -0.14911929999250123 11 nil_vol 0.6 nil_bias 0.43 Right 0.01 0.01 0.001 0.17218056823679015 -0.14880516650550918 0.0011657238994563564 -0.00031413348699204936
0.1781282297245673 -0.16827211970076833 11 nil_vol 0.6 nil_bias 0.43 Right 0.01 0.01 0.001 0.16769251827592804 -0.1654599560073477 0.010435711448639258 -0.002812163693420642
0.12562909890390853 -0.30091819162475564 11 nil_vol 0.6 nil_bias 0.43 Right 0.01 0.01 0.001 0.13081343575935048 -0.3023152409731484 -0.005184336855441955 0.001397049348392766
0.09569078529314537 -0.4744751179406253 11 nil_vol 0.6 nil_bias 0.43 Right 0.01 0.01 0.001 0.0851836421712496 -0.47164370519465265 0.010507143121895773 -0.0028314127459726315
0.05028142493457636 -0.5739438175849889 11 nil_vol 0.6 nil_bias 0.43 Right 0.01 0.01 0.001 0.05711973946987259 -0.5757865726242593 -0.0068383145352962265 0.0018427550392702944
0.023412414779789337 -0.7292989934208534 11 nil_vol 0.6 nil_bias 0.43 Right 0.01 0.01 0.001 0.016270591055674077 -0.7273744502327235 0.007141823724115259 -0.001924543188129827
0.005258254920297768 -0.7682403367218643 11 nil_vol 0.6 nil_bias 0.43 Home 0.01 0.01 0.001 0.0 -0.75 0.005258254920297768 -0.018240336721864276
0.019292131658735508 -0.7507314813546142 12 nil_vol 0.6 nil_bias 0.43 Home 0.01 0.01 0.001 0.0010597991102013734 -0.7591819986109456 0.018232332548534135 0.008450517256331412
-0.026631280697610733 -0.7167897974793317 12 nil_vol 0.6 nil_bias 0.43 Home 0.01 0.01 0.001 -0.02001082417467315 -0.713721277203994 -0.0066204565229375815 -0.0030685202753376684
-0.1116953495145827 -0.5564791643800648 12 nil_vol 0.6 nil_bias 0.43 Home 0.01 0.01 0.001 -0.09621634372152732 -0.5493047885717657 -0.015479005793055377 -0.007174375808299144
-0.1344683947235511 -0.5078072934427326 12 nil_vol 0.6 nil_bias 0.43 Home 0.01 0.01 0.001 -0.11881316264600156 -0.5005512383838947 -0.015655232077549527 -0.007256055058837864
-0.13284751507012413 -0.47817078116183476 12 nil_vol 0.6 nil_bias 0.43 Home 0.01 0.01 0.001 -0.12983372968382595 -0.47677391955095766 -0.0030137853862981833 -0.0013968616108770923
-0.26222626048910547 -0.16336576710875675 12 nil_vol 0.6 nil_bias 0.43 Home 0.01 0.01 0.001 -0.27281976903182514 -0.16827576019422974 0.010593508542719675 0.0049099930854729955
-0.33536773083357796 -0.023185847486866737 12 nil_vol 0.6 nil_bias 0.43 Home 0.01 0.01 0.001 -0.33923649710828285 -0.024978984820122285 0.003868766274704908 0.0017931373332555477
-0.40167544640871666 0.1097355720637937 12 nil_vol 0.6 nil_bias 0.43 Left 0.01 0.01 0.001 -0.4 0.35 -0.0016754464087166436 -0.24026442793620628
-0.2253038232704402 -0.31152787556331624 13 nil_vol 0.6 nil_bias 0.43 Left 0.01 0.01 0.001 -0.22580291991663587 -0.31173613957180574 0.0004990966461956513 0.0002082640084894829
-0.2242690704908829 -0.3169389078232667 13 nil_vol 0.6 nil_bias 0.43 Left 0.01 0.01 0.001 -0.22372639219901824 -0.31671245798184733 -0.0005426782918646568 -0.00022644984141939863
-0.2103724722713364 -0.31138631245151843 13 nil_vol 0.6 nil_bias 0.43 Left 0.01 0.01 0.001 -0.2236388917277669 -0.31692214947899466 0.01326641945643051 0.005535837027476219
-0.21158171256714978 -0.3374473319043998 13 nil_vol 0.6 nil_bias 0.43 Left 0.01 0.01 0.001 -0.2145561777465549 -0.338688522455563 0.0029744651794051187 0.0012411905511632276
-0.12296926845966975 -0.5558652260455043 13 nil_vol 0.6 nil_bias 0.43 Left 0.01 0.01 0.001 -0.12378945144471842 -0.5562074735790494 0.0008201829850486698 0.000342247533545125
-0.11020659903112504 -0.6098597699045526 13 nil_vol 0.6 nil_bias 0.43 Left 0.01 0.01 0.001 -0.10270715309073553 -0.6067303866780754 -0.0074994459403895045 -0.003129383226477202
-0.09870707649801014 -0.6345120098464371 13 nil_vol 0.6 nil_bias 0.43 Left 0.01 0.01 0.001 -0.09224039049068944 -0.6318135786712464 -0.0064666860073207015 -0.002698431175190681
-0.04716495443826451 -0.7398351188439349 13 nil_vol 0.6 nil_bias 0.43 Home 0.01 0.01 0.001 0.0 -0.75 -0.04716495443826451 0.010164881156065063
0.10908915853316858 -0.3921664298634322 14 nil_vol 0.6 nil_bias 0.43 Home 0.01 0.01 0.001 0.10535200200708517 -0.39053465493607775 0.0037371565260834205 -0.0016317749273544499
0.12986905706012764 -0.3234311902859282 14 nil_vol 0.6 nil_bias 0.43 Home 0.01 0.01 0.001 0.13388593251107797 -0.3251851004048698 -0.0040168754509503244 0.0017539101189415975
0.14837456137098187 -0.2846660965785458 14 nil_vol 0.6 nil_bias 0.43 Home 0.01 0.01 0.001 0.15106502646074194 -0.28584084894595435 -0.0026904650897600618 0.001174752367408576
0.22015482713574214 -0.12359620191228063 14 nil_vol 0.6 nil_bias 0.43 Home 0.01 0.01 0.001 0.22162625784904916 -0.1242386806868665 -0.0014714307133070175 0.0006424787745858705
0.31916700808085247 0.1139469733850724 14 nil_vol 0.6 nil_bias 0.43 Home 0.01 0.01 0.001 0.32459223072127164 0.11157812899277464 -0.005425222640419152 0.0023688443922977574
0.32966151489852474 0.1636752086261265 14 nil_vol 0.6 nil_bias 0.43 Home 0.01 0.01 0.001 0.3445089839131638 0.15719227768554023 -0.014847469014639052 0.006482930940586264
0.41821723929126936 0.3065091904412329 14 nil_vol 0.6 nil_bias 0.43 Home 0.01 0.01 0.001 0.4110688764535594 0.30963041888558496 0.007148362837709958 -0.0031212284443520367
0.4433942484430306 0.3836632850997903 14 nil_vol 0.6 nil_bias 0.43 Right 0.01 0.01 0.001 0.4 0.35 0.04339424844303059 0.033663285099790344
0.3766249109902446 0.2365666592116125 15 nil_vol 0.6 nil_bias 0.43 Right 0.01 0.01 0.001 0.3804207968879925 0.23495917149060358 -0.0037958858977479174 0.0016074877210089033
0.3814022861874125 0.22652383656023856 15 nil_vol 0.6 nil_bias 0.43 Right 0.01 0.01 0.001 0.3775410492629554 0.22815899923666505 0.0038612369244571385 -0.0016351626764264844
0.18117228534590202 -0.1847228788501839 15 nil_vol 0.6 nil_bias 0.43 Right 0.01 0.01 0.001 0.19942059296213271 -0.19245070081651006 -0.018248307616230683 0.007727821966326166
0.18594540410233165 -0.2123323293171641 15 nil_vol 0.6 nil_bias 0.43 Right 0.01 0.01 0.001 0.19023229338137893 -0.21414774792115365 -0.004286889279047263 0.0018154186039895611
0.14069644698874664 -0.32825893662275324 15 nil_vol 0.6 nil_bias 0.43 Right 0.01 0.01 0.001 0.14172402551073093 -0.3286940971889447 -0.0010275785219842986 0.00043516056619147985
0.09241619476941199 -0.4660732327715353 15 nil_vol 0.6 nil_bias 0.43 Right 0.01 0.01 0.001 0.08489527069222835 -0.46288826003252703 0.007520924077183626 -0.0031849727390082295
0.04890628542536705 -0.5503744320978218 15 nil_vol 0.6 nil_bias 0.43 Right 0.01 0.01 0.001 0.048007647809427345 -0.5499938756290099 0.0008986376159396998 -0.0003805564688118858
-0.02822969587162826 -0.7300190503028493 15 nil_vol 0.6 nil_bias 0.43 Home 0.01 0.01 0.001 0.0 -0.75 -0.02822969587162826 0.019980949697150717
-0.057786903407178056 -0.6781927598038776 16 nil_vol 0.6 nil_bias 0.43 Home 0.01 0.01 0.001 -0.04806886247055802 -0.6747071137537577 -0.009718040936620037 -0.0034856460501199145
-0.05290757537767497 -0.6322213532796497 16 nil_vol 0.6 nil_bias 0.43 Home 0.01 0.01 0.001 -0.062122115079228886 -0.6355264045882281 0.009214539701553915 0.0033050513085784027
-0.25621666789939185 -0.04192938720912849 16 nil_vol 0.6 nil_bias 0.43 Home 0.01 0.01 0.001 -0.27288751689171753 -0.04790885151898516 0.01667084899232569 0.00597946430985667
-0.3114772190909592 0.09078946192114386 16 nil_vol 0.6 nil_bias 0.43 Home 0.01 0.01 0.001 -0.32136364351104835 0.08724342044483802 0.009886424420089128 0.0035460414763058435
-0.3789532053576393 0.22476579290616738 16 nil_vol 0.6 nil_bias 0.43 Home 0.01 0.01 0.001 -0.3716317734487718 0.22739182837780247 -0.007321431908867544 -0.0026260354716350852
-0.37130981005493074 0.24215078848215965 16 nil_vol 0.6 nil_bias 0.43 Home 0.01 0.01 0.001 -0.3762853795325593 0.2403661619087687 0.004975569477628579 0.0017846265733909572
-0.3935392263985387 0.2503581585184144 16 nil_vol 0.6 nil_bias 0.43 Home 0.01 0.01 0.001 -0.38142746333089794 0.2547023796811001 -0.012111763067640793 -0.004344221162685666
-0.41209865659680467 0.3402141922539262 16 nil_vol 0.6 nil_bias 0.43 Left 0.01 0.01 0.001 -0.4 0.35 -0.012098656596804647 -0.009785807746073783
-0.392975168816299 0.31925432763516565 17 nil_vol 0.6 nil_bias 0.43 Left 0.01 0.01 0.001 -0.40208352540101 0.31555503685640907 0.00910835658471098 0.0036992907787565792
-0.32699496586500987 0.1369750808137364 17 nil_vol 0.6 nil_bias 0.43 Left 0.01 0.01 0.001 -0.3291921800448864 0.13608269873811432 0.002197214179876517 0.0008923820756220772
-0.3258081609011593 0.10115134615261143 17 nil_vol 0.6 nil_bias 0.43 Left 0.01 0.01 0.001 -0.31653473983412156 0.10491767663405122 -0.009273421067037766 -0.003766330481439792
-0.24208265410250318 -0.10097960272463115 17 nil_vol 0.6 nil_bias 0.43 Left 0.01 0.01 0.001 -0.23420975153874674 -0.09778208233933572 -0.00787290256375644 -0.0031975203852954315
-0.16246793110877533 -0.3220574770468192 17 nil_vol 0.6 nil_bias 0.43 Left 0.01 0.01 0.001 -0.14586127689679335 -0.3153128088708385 -0.016606654211981996 -0.006744668175980667
-0.14883527968572918 -0.3649677696766421 17 nil_vol 0.6 nil_bias 0.43 Left 0.01 0.01 0.001 -0.12897094338445197 -0.35690001832962276 -0.019864336301277215 -0.008067751347019328
-0.0007490718825846742 -0.6607688964689078 17 nil_vol 0.6 nil_bias 0.43 Left 0.01 0.01 0.001 -0.00487611282328787 -0.6624450632234156 0.004127040940703196 0.0016761667545077406
0.03061919286504845 -0.7498412482298176 17 nil_vol 0.6 nil_bias 0.43 Home 0.01 0.01 0.001 0.0 -0.75 0.03061919286504845 0.0001587517701824305
0.031322517836316746 -0.7428443968783957 18 nil_vol 0.6 nil_bias 0.43 Home 0.01 0.01 0.001 0.028267542627632685 -0.74409454565086 0.00305497520868406 0.0012501487724642852
-0.014640782377664224 -0.6772331651337906 18 nil_vol 0.6 nil_bias 0.43 Home 0.01 0.01 0.001 -0.0013234047243600132 -0.6717834635197166 -0.013317377653304211 -0.005449701614073994
-0.038460808365934095 -0.6029564424951681 18 nil_vol 0.6 nil_bias 0.43 Home 0.01 0.01 0.001 -0.03077557414726041 -0.5998115115323032 -0.0076852342186736885 -0.0031449309628649885
-0.08660762854977523 -0.4029438996425325 18 nil_vol 0.6 nil_bias 0.43 Home 0.01 0.01 0.001 -0.10779003096115135 -0.41161210562245376 0.021182402411376117 0.008668205979921259
-0.24932497862223912 -0.041232037544266284 18 nil_vol 0.6 nil_bias 0.43 Home 0.01 0.01 0.001 -0.25791713762032403 -0.044748097836258216 0.0085921589980849 0.003516060291991935
-0.39786475630789053 0.30120390012999876 18 nil_vol 0.6 nil_bias 0.43 Home 0.01 0.01 0.001 -0.399254039853561 0.300635381238491 0.001389283545670471 0.0005685188915077663
-0.4119721426611337 0.30226262168098494 18 nil_vol 0.6 nil_bias 0.43 Home 0.01 0.01 0.001 -0.401648688279866 0.3064871580325883 -0.010323454381267682 -0.004224536351603348
-0.4151758057654416 0.3395432306165981 18 nil_vol 0.6 nil_bias 0.43 Left 0.01 0.01 0.001 -0.4 0.35 -0.01517580576544158 -0.01045676938340191
-0.3809092456129585 0.2244772476258827 19 nil_vol 0.6 nil_bias 0.43 Left 0.01 0.01 0.001 -0.37320068052179345 0.2273615691899929 -0.007708565091165058 -0.002884321564110208
-0.3626950389955418 0.22017831441491498 19 nil_vol 0.6 nil_bias 0.43 Left 0.01 0.01 0.001 -0.36955280111366673 0.21761233865614293 0.0068577621181249325 0.0025659757587720294
-0.3314333554632794 0.08673051388080374 19 nil_vol 0.6 nil_bias 0.43 Left 0.01 0.01 0.001 -0.32191344229257945 0.09029258938019563 -0.009519913170699952 -0.0035620754993918886
-0.21680333107519933 -0.17335155534304217 19 nil_vol 0.6 nil_bias 0.43 Left 0.01 0.01 0.001 -0.22247183432010384 -0.17547254491141795 0.0056685032449044935 0.0021209895683757716
-0.17754688413395187 -0.3356411979504572 19 nil_vol 0.6 nil_bias 0.43 Left 0.01 0.01 0.001 -0.1643841962870744 -0.330716101781533 -0.013162687846877465 -0.004925096168924223
-0.16629263493853247 -0.34795461984628506 19 nil_vol 0.6 nil_bias 0.43 Left 0.01 0.01 0.001 -0.15896056177137685 -0.3452111706445784 -0.007332073167155605 -0.0027434492017066776
-0.08450486636297995 -0.5982523104134482 19 nil_vol 0.6 nil_bias 0.43 Left 0.01 0.01 0.001 -0.06676373235281935 -0.5916140924322673 -0.0177411340101606 -0.006638217981180894
-0.018946781556625252 -0.71940846954334 19 nil_vol 0.6 nil_bias 0.43 Home 0.01 0.01 0.001 0.0 -0.75 -0.018946781556625252 0.03059153045666002
0.010211874224910107 -0.6244488178335876 20 nil_vol 0.6 nil_bias 0.43 Home 0.01 0.01 0.001 0.012225587224085864 -0.6251145255297229 -0.0020137129991757564 0.0006657076961353267
0.06521263679543712 -0.48516732774661736 20 nil_vol 0.6 nil_bias 0.43 Home 0.01 0.01 0.001 0.059152622432568816 -0.4831639647044642 0.006060014362868301 -0.0020033630421531297
0.12218892393286263 -0.2809407514273562 20 nil_vol 0.6 nil_bias 0.43 Home 0.01 0.01 0.001 0.12562905864343418 -0.28207801585059183 -0.0034401347105715535 0.0011372644232356549
0.21334352110292013 -0.036208617035046416 20 nil_vol 0.6 nil_bias 0.43 Home 0.01 0.01 0.001 0.20754413210269537 -0.03429141339584241 0.005799389000224752 -0.0019172036392040065
0.24535489143313485 0.10616709830349984 20 nil_vol 0.6 nil_bias 0.43 Home 0.01 0.01 0.001 0.2531283681934397 0.10359728656409994 -0.007773476760304845 0.0025698117393999002
0.30535300874047605 0.2536336064101081 20 nil_vol 0.6 nil_bias 0.43 Home 0.01 0.01 0.001 0.3029870250031897 0.2544157702951738 0.002365983737286347 -0.0007821638850656659
0.33627177137995345 0.3273561994613839 20 nil_vol 0.6 nil_bias 0.43 Home 0.01 0.01 0.001 0.3280037861759421 0.3300894893513018 0.008267985204011364 -0.0027332898899179127
0.34279319785130646 0.37482628706858234 20 nil_vol 0.6 nil_bias 0.43 Right 0.01 0.01 0.001 0.4 0.35 -0.05720680214869355 0.024826287068582385
0.3209929329867512 0.3079971065212768 21 nil_vol 0.6 nil_bias 0.43 Right 0.01 0.01 0.001 0.3213789249339415 0.3078736500411735 -0.0003859919471903199 0.00012345648010331299
0.3116590226642105 0.27448928476730167 21 nil_vol 0.6 nil_bias 0.43 Right 0.01 0.01 0.001 0.31079008992453977 0.2747672060510672 0.0008689327396707579 -0.0002779212837655036
0.23130206563099628 0.0010503478601964975 21 nil_vol 0.6 nil_bias 0.43 Right 0.01 0.01 0.001 0.2239917494291182 0.0033884948430429884 0.007310316201878086 -0.002338146982846491
0.153846382624049 -0.19134924688872054 21 nil_vol 0.6 nil_bias 0.43 Right 0.01 0.01 0.001 0.1609769670776622 -0.1936299080893762 -0.007130584453613194 0.0022806612006556577
0.12240940946865578 -0.29600223847030593 21 nil_vol 0.6 nil_bias 0.43 Right 0.01 0.01 0.001 0.12769343425367635 -0.29769229212423787 -0.0052840247850205685 0.00169005365393194
0.08399273542163445 -0.4160107235071618 21 nil_vol 0.6 nil_bias 0.43 Right 0.01 0.01 0.001 0.08930661288769037 -0.4177103253056835 -0.00531387746605593 0.0016996017985217425
0.08203626923764243 -0.45985162188410067 21 nil_vol 0.6 nil_bias 0.43 Right 0.01 0.01 0.001 0.07640420585776858 -0.45805025083048345 0.005632063379873849 -0.0018013710536172321
-0.006166598820761617 -0.7162113911146226 21 nil_vol 0.6 nil_bias 0.43 Home 0.01 0.01 0.001 0.0 -0.75 -0.006166598820761617 0.0337886088853774
0.035753026799042395 -0.5840750150760274 22 nil_vol 0.6 nil_bias 0.43 Home 0.01 0.01 0.001 0.03822216285476568 -0.5849097486702273 -0.0024691360557232856 0.0008347335941998403
0.15219632815142817 -0.22486734670908198 22 nil_vol 0.6 nil_bias 0.43 Home 0.01 0.01 0.001 0.15914633175678916 -0.2272169140712197 -0.006950003605361002 0.0023495673621376973
0.15411544938969737 -0.2084193266541576 22 nil_vol 0.6 nil_bias 0.43 Home 0.01 0.01 0.001 0.16433337684544738 -0.21187367146056924 -0.010217927455750017 0.0034543448064116356
0.21846613074635837 -0.07259788275731884 22 nil_vol 0.6 nil_bias 0.43 Home 0.01 0.01 0.001 0.21214084729009675 -0.0704595127061669 0.00632528345626164 -0.002138370051151926
0.27599215514084957 0.11222901349743512 22 nil_vol 0.6 nil_bias 0.43 Home 0.01 0.01 0.001 0.2741162214737822 0.11286320489760604 0.0018759336670673761 -0.0006341914001709136
0.28325241984592875 0.1720996535000801 22 nil_vol 0.6 nil_bias 0.43 Home 0.01 0.01 0.001 0.29302519058620335 0.1687958015205946 -0.009772770740274592 0.003303851979485519
0.32129085797082774 0.23884413280789377 22 nil_vol 0.6 nil_bias 0.43 Home 0.01 0.01 0.001 0.3171764569651265 0.2402350763047123 0.004114401005701288 -0.0013909434968185357
0.34167522856825644 0.3127022690791965 22 nil_vol 0.6 nil_bias 0.43 Right 0.01 0.01 0.001 0.4 0.35 -0.05832477143174356 -0.03729773092080348
0.28478326591188863 0.10706985814087604 23 nil_vol 0.6 nil_bias 0.43 Right 0.01 0.01 0.001 0.2715206408490727 0.1116988031649021 0.013262625062815942 -0.004628945024026066
0.15479000968344575 -0.16348991665604556 23 nil_vol 0.6 nil_bias 0.43 Right 0.01 0.01 0.001 0.1732277661644267 -0.16992509526605748 -0.018437756480980953 0.006435178610011918
0.1763026819093719 -0.18552405395412708 23 nil_vol 0.6 nil_bias 0.43 Right 0.01 0.01 0.001 0.16870848594075444 -0.18287351414968306 0.00759419596861747 -0.002650539804444029
0.1465712388698457 -0.25168226452639225 23 nil_vol 0.6 nil_bias 0.43 Right 0.01 0.01 0.001 0.14489671719006741 -0.2510978199869047 0.0016745216797782688 -0.0005844445394875414
0.1581182589892948 -0.26840084345322074 23 nil_vol 0.6 nil_bias 0.43 Right 0.01 0.01 0.001 0.1409490704843916 -0.26240842269790887 0.017169188504903215 -0.005992420755311842
0.08775852883552483 -0.42489397032165355 23 nil_vol 0.6 nil_bias 0.43 Right 0.01 0.01 0.001 0.0846203555724434 -0.42379867949937133 0.0031381732630814223 -0.0010952908222822155
0.06841456484766402 -0.48650137510722097 23 nil_vol 0.6 nil_bias 0.43 Right 0.01 0.01 0.001 0.063352402464256 -0.4847345701749768 0.005062162383408028 -0.001766804932244183
-0.03260211160198167 -0.7596587130498357 23 nil_vol 0.6 nil_bias 0.43 Home 0.01 0.01 0.001 0.0 -0.75 -0.03260211160198167 -0.009658713049835696
-0.010109162732182939 -0.6722831199505113 24 nil_vol 0.6 nil_bias 0.43 Home 0.01 0.01 0.001 0.003570940883156487 -0.6783707507919632 -0.013680103615339426 0.006087630841451885
0.014602074906106356 -0.5969741609021698 24 nil_vol 0.6 nil_bias 0.43 Home 0.01 0.01 0.001 0.035628579797088535 -0.6063309321124957 -0.02102650489098218 0.009356771210325814
0.09878524116193783 -0.49247394521272936 24 nil_vol 0.6 nil_bias 0.43 Home 0.01 0.01 0.001 0.08835938225446521 -0.48783444963445105 0.010425858907472624 -0.004639495578278296
0.19976596520951284 -0.2534940325287106 24 nil_vol 0.6 nil_bias 0.43 Home 0.01 0.01 0.001 0.19381837247905326 -0.25084736040133415 0.0059475927304595754 -0.0026466721273764554
0.3488903141879489 0.11890720917592344 24 nil_vol 0.6 nil_bias 0.43 Home 0.01 0.01 0.001 0.35679368594294825 0.1153902175653303 -0.007903371754999347 0.003516991610593147
0.38962973165410253 0.15611013620894526 24 nil_vol 0.6 nil_bias 0.43 Home 0.01 0.01 0.001 0.3773463990359301 0.1615762055154929 0.01228333261817242 -0.005466069306547649
0.4003940292057759 0.20980726494098217 24 nil_vol 0.6 nil_bias 0.43 Home 0.01 0.01 0.001 0.39907113204863376 0.2103959526995206 0.001322897157142146 -0.0005886877585384234
0.475150681658894 0.3813616614921538 24 nil_vol 0.6 nil_bias 0.43 Right 0.01 0.01 0.001 0.4 0.35 0.07515068165889399 0.03136166149215383
0.47263183736625725 0.38117907123754197 25 nil_vol 0.6 nil_bias 0.43 Right 0.01 0.01 0.001 0.47470427831627965 0.38030419900474366 -0.0020724409500224093 0.0008748722327983076
0.45686210457259036 0.34850558755685146 25 nil_vol 0.6 nil_bias 0.43 Right 0.01 0.01 0.001 0.4606123143041053 0.34692245228767193 -0.003750209731514974 0.0015831352691795487
0.407353426531618 0.20928968323967595 25 nil_vol 0.6 nil_bias 0.43 Right 0.01 0.01 0.001 0.40324361674285114 0.2110246221609687 0.004109809788766844 -0.0017349389212927445
0.15726250327477875 -0.42640189425029573 25 nil_vol 0.6 nil_bias 0.43 Right 0.01 0.01 0.001 0.1376515106836375 -0.4181231961887576 0.01961099259114123 -0.008278698061538145
0.13574294810136994 -0.4590536159258737 25 nil_vol 0.6 nil_bias 0.43 Right 0.01 0.01 0.001 0.12269766738227372 -0.45354660552344317 0.013045280719096207 -0.005507010402430526
0.041215271697365455 -0.6276971413358593 25 nil_vol 0.6 nil_bias 0.43 Right 0.01 0.01 0.001 0.04797595023266893 -0.6305511333520606 -0.006760678535303474 0.0028539920162012748
0.013791537759904259 -0.6831940871519733 25 nil_vol 0.6 nil_bias 0.43 Right 0.01 0.01 0.001 0.02394375222285139 -0.6874798017992108 -0.01015221446294713 0.004285714647237494
-0.003552154199778166 -0.7526134753711536 25 nil_vol 0.6 nil_bias 0.43 Home 0.01 0.01 0.001 0.0 -0.75 -0.003552154199778166 -0.0026134753711536765
-0.005305132834290218 -0.7456152744475364 26 nil_vol 0.6 nil_bias 0.43 Home 0.01 0.01 0.001 -0.005854574232738868 -0.7458009689337508 0.0005494413984486492 0.0001856944862144457
-0.05095755723861674 -0.57987397038153 26 nil_vol 0.6 nil_bias 0.43 Home 0.01 0.01 0.001 -0.060807733449598673 -0.583203030433766 0.009850176210981939 0.003329060052235937
-0.06761431739525078 -0.5486360973919964 26 nil_vol 0.6 nil_bias 0.43 Home 0.01 0.01 0.001 -0.07199044893991784 -0.550115096792275 0.004376131544667055 0.0014789994002785815
-0.19306637899206336 -0.18990773929328916 26 nil_vol 0.6 nil_bias 0.43 Home 0.01 0.01 0.001 -0.1936615955297055 -0.19010890438469996 0.0005952165376421245 0.0002011650914107914
-0.20601366979877414 -0.17268541697089285 26 nil_vol 0.6 nil_bias 0.43 Home 0.01 0.01 0.001 -0.20021279984946644 -0.17072489931082035 -0.005800869949307692 -0.001960517660072503
-0.21658709076969707 -0.15416399644870543 26 nil_vol 0.6 nil_bias 0.43 Home 0.01 0.01 0.001 -0.20691469575418606 -0.1508950210348764 -0.009672395015510999 -0.0032689754138290417
-0.23189435319142682 -0.08024220837577074 26 nil_vol 0.6 nil_bias 0.43 Home 0.01 0.01 0.001 -0.23090608189779066 -0.07990820272816135 -0.0009882712936361495 -0.00033400564760939077
-0.3628920918393963 0.31061808244234423 26 nil_vol 0.6 nil_bias 0.43 Left 0.01 0.01 0.001 -0.4 0.35 0.03710790816060372 -0.03938191755765572
-0.290516470240306 0.1405666806131525 27 nil_vol 0.6 nil_bias 0.43 Left 0.01 0.01 0.001 -0.3064387119696387 0.1354356614413209 0.015922241729332643 0.005131019171831579
-0.26081038865517375 -0.006318174145822275 27 nil_vol 0.6 nil_bias 0.43 Left 0.01 0.01 0.001 -0.26076279722032947 -0.00630283757646527 -4.7591434844266666e-05 -1.5336569357004773e-05
-0.22761540720351384 -0.10608299660876615 27 nil_vol 0.6 nil_bias 0.43 Left 0.01 0.01 0.001 -0.22851476335698492 -0.10637281846577662 0.0008993561534710858 0.0002898218570104739
-0.17545998654495704 -0.22813866116995088 27 nil_vol 0.6 nil_bias 0.43 Left 0.01 0.01 0.001 -0.18797542774216436 -0.23217182244324686 0.012515441197207329 0.0040331612732959765
-0.1960401624816748 -0.29676908755057835 27 nil_vol 0.6 nil_bias 0.43 Left 0.01 0.01 0.001 -0.16987577169143525 -0.28833748645783197 -0.026164390790239543 -0.008431601092746354
-0.14935335056987958 -0.30513415342641353 27 nil_vol 0.6 nil_bias 0.43 Left 0.01 0.01 0.001 -0.16304147780324726 -0.30954521842937044 0.013688127233367682 0.0044110650029569225
-0.14884908156827945 -0.3835540975082664 27 nil_vol 0.6 nil_bias 0.43 Left 0.01 0.01 0.001 -0.1401003041837399 -0.3807347618108652 -0.008748777384539554 -0.002819335697401229
-0.03042623009698563 -0.7210681459924508 27 nil_vol 0.6 nil_bias 0.43 Home 0.01 0.01 0.001 0.0 -0.75 -0.03042623009698563 0.02893185400754919
-0.0646168184357545 -0.6079595175910505 28 nil_vol 0.6 nil_bias 0.43 Home 0.01 0.01 0.001 -0.07037497342922633 -0.6100311795177465 0.005758154993471834 0.0020716619266960127
-0.10181269468146578 -0.5703238095716796 28 nil_vol 0.6 nil_bias 0.43 Home 0.01 0.01 0.001 -0.08662654854624131 -0.5648601565791405 -0.015186146135224475 -0.0054636529925391
-0.14048045360459702 -0.399023119717511 28 nil_vol 0.6 nil_bias 0.43 Home 0.01 0.01 0.001 -0.1456252477651798 -0.40087410743757945 0.005144794160582776 0.0018509877200684707
-0.13272980396862308 -0.3881979408048394 28 nil_vol 0.6 nil_bias 0.43 Home 0.01 0.01 0.001 -0.14818529309570966 -0.3937584976879642 0.015455489127086587 0.005560556883124841
-0.23392008782614543 -0.17364557863944916 28 nil_vol 0.6 nil_bias 0.43 Home 0.01 0.01 0.001 -0.22812709766203026 -0.171561383757872 -0.005792990164115159 -0.0020841948815771426
-0.28914635811173456 -0.05035587611196625 28 nil_vol 0.6 nil_bias 0.43 Home 0.01 0.01 0.001 -0.27372979760996435 -0.04480932492181389 -0.015416560501770224 -0.005546551190152359
-0.38876355656480144 0.2607680380056925 28 nil_vol 0.6 nil_bias 0.43 Home 0.01 0.01 0.001 -0.3842537929349865 0.26239055522186294 -0.004509763629814912 -0.001622517216170462
-0.42591944969714507 0.37819965826597735 28 nil_vol 0.6 nil_bias 0.43 Left 0.01 0.01 0.001 -0.4 0.35 -0.02591944969714506 0.028199658265977364
-0.36955814501938256 0.26600202097696113 29 nil_vol 0.6 nil_bias 0.43 Left 0.01 0.01 0.001 -0.37752238166714125 0.2626658065504089 0.00796423664775872 0.0033362144265522533
-0.28874519785090114 0.05483705064721396 29 nil_vol 0.6 nil_bias 0.43 Left 0.01 0.01 0.001 -0.2902065881362561 0.05422487504665635 0.0014613902853549837 0.0006121756005576088
-0.21696208567030795 -0.15407948875165378 29 nil_vol 0.6 nil_bias 0.43 Left 0.01 0.01 0.001 -0.20504004396073405 -0.14908535192416117 -0.011922041709573885 -0.004994136827492607
-0.08014964831263226 -0.42674045322551274 29 nil_vol 0.6 nil_bias 0.43 Left 0.01 0.01 0.001 -0.08744951515549543 -0.42979836349992984 0.007299866842863176 0.0030579102744170985
-0.076554846627825 -0.4526797457376828 29 nil_vol 0.6 nil_bias 0.43 Left 0.01 0.01 0.001 -0.07766900721776582 -0.45314646700653194 0.001114160589940824 0.00046672126884911183
-0.048298851280809345 -0.5030722863883872 29 nil_vol 0.6 nil_bias 0.43 Left 0.01 0.01 0.001 -0.05549274697879564 -0.5060858054074997 0.007193895697986293 0.003013519019112548
-0.0035368501094219535 -0.6496118130040838 29 nil_vol 0.6 nil_bias 0.43 Left 0.01 0.01 0.001 0.0034110287645384707 -0.6467013502995674 -0.006947878873960424 -0.0029104627045163905
0.0315551225878389 -0.7138871467704282 29 nil_vol 0.6 nil_bias 0.43 Home 0.01 0.01 0.001 0.0 -0.75 0.0315551225878389 0.03611285322957182
-0.0646503939553318 -0.5187116737475638 30 nil_vol 0.6 nil_bias 0.43 Home 0.01 0.01 0.001 -0.06697963745062216 -0.519894768936365 0.0023292434952903603 0.0011830951888011855
-0.12174090311658321 -0.41326341613993894 30 nil_vol 0.6 nil_bias 0.43 Home 0.01 0.01 0.001 -0.12126404364591431 -0.41302120438894624 -0.00047685947066889714 -0.0002422117509927074
-0.2454387724087 -0.20771579393365736 30 nil_vol 0.6 nil_bias 0.43 Home 0.01 0.01 0.001 -0.22962492286623118 -0.1996834480892018 -0.015813849542468804 -0.008032345844455559
-0.22436352560537878 -0.1876994246154012 30 nil_vol 0.6 nil_bias 0.43 Home 0.01 0.01 0.001 -0.23338459839157874 -0.19228150795394372 0.009021072786199964 0.0045820833385425115
-0.2941278526248706 -0.0606631114704686 30 nil_vol 0.6 nil_bias 0.43 Home 0.01 0.01 0.001 -0.2989846496117235 -0.06313002966075143 0.004856796986852894 0.0024669181902828314
-0.3606954633928265 0.06659925515200625 30 nil_vol 0.6 nil_bias 0.43 Home 0.01 0.01 0.001 -0.3640203785821419 0.06491042735379415 0.003324915189315442 0.0016888277982121031
-0.459452588884527 0.2953153662440599 30 nil_vol 0.6 nil_bias 0.43 Home 0.01 0.01 0.001 -0.47662089152210274 0.28659505156186027 0.01716830263757574 0.008720314682199649
-0.48331453765776067 0.29977330794295076 30 nil_vol 0.6 nil_bias 0.43 Left 0.01 0.01 0.001 -0.4 0.35 -0.08331453765776066 -0.05022669205704923
-0.36181370625730175 0.0719276337929603 31 nil_vol 0.6 nil_bias 0.43 Left 0.01 0.01 0.001 -0.3625885683181355 0.07151780370491517 0.0007748620608337951 0.00040983008804512926
-0.35962592644694746 0.03205779846547175 31 nil_vol 0.6 nil_bias 0.43 Left 0.01 0.01 0.001 -0.34563246031184003 0.039459042826353874 -0.013993466135107461 -0.0074012443608821215
-0.2370507713340136 -0.1542212604262846 31 nil_vol 0.6 nil_bias 0.43 Left 0.01 0.01 0.001 -0.2418507912481926 -0.15676002530261568 0.004800019914179002 0.0025387648763310782
-0.12143190301558496 -0.42269097983378734 31 nil_vol 0.6 nil_bias 0.43 Left 0.01 0.01 0.001 -0.1056209942366802 -0.414328477054958 -0.015810908778904755 -0.008362502778829342
-0.08951083129963092 -0.41620033681173946 31 nil_vol 0.6 nil_bias 0.43 Left 0.01 0.01 0.001 -0.10132580159874904 -0.42244935913802006 0.011814970299118132 0.006249022326280587
-0.019350563465992805 -0.5866135835348406 31 nil_vol 0.6 nil_bias 0.43 Left 0.01 0.01 0.001 -0.01555886812469831 -0.5846081287395821 -0.0037916953412944943 -0.0020054547952585143
0.002346678556623027 -0.6725542663060408 31 nil_vol 0.6 nil_bias 0.43 Left 0.01 0.01 0.001 0.02470257319791036 -0.6607300736757971 -0.022355894641287333 -0.01182419263024372
0.068012794814936 -0.742616320089314 31 nil_vol 0.6 nil_bias 0.43 Home 0.01 0.01 0.001 0.0 -0.75 0.068012794814936 0.0073836799106860515
0.09837094584269432 -0.6418884061416731 32 nil_vol 0.6 nil_bias 0.76 Home 0.005 0.01 0.001 0.1039353261945819 -0.6439135429575514 -0.005564380351887589 0.00202513681587834
0.24196949552242572 -0.28837115500235794 32 nil_vol 0.6 nil_bias 0.76 Home 0.005 0.01 0.001 0.234343813329593 -0.28559581457300454 0.007625682192832722 -0.0027753404293534164
0.2589694036177392 -0.27737888420352425 32 nil_vol 0.6 nil_bias 0.76 Home 0.005 0.01 0.001 0.23986486724748024 -0.27042585484409637 0.01910453637025896 -0.006953029359427903
0.24790795936271295 -0.18291182636877018 32 nil_vol 0.6 nil_bias 0.76 Home 0.005 0.01 0.001 0.26893068420112304 -0.19056297372894337 -0.021022724838410094 0.007651147360173193
0.3779775615761459 0.08115144811119185 32 nil_vol 0.6 nil_bias 0.76 Home 0.005 0.01 0.001 0.3690082488804479 0.08441579817436129 0.008969312695698024 -0.0032643500631694437
0.3710070360405419 0.12249319623343247 32 nil_vol 0.6 nil_bias 0.76 Home 0.005 0.01 0.001 0.3814792644414298 0.11868186524278035 -0.01047222840088792 0.0038113309906521137
0.39745521111663407 0.1821127833691357 32 nil_vol 0.6 nil_bias 0.76 Home 0.005 0.01 0.001 0.4037331662898354 0.17982794348658326 -0.006277955173201342 0.0022848398825524355
0.4565599620728172 0.32497783272036873 32 nil_vol 0.6 nil_bias 0.76 Right 0.005 0.01 0.001 0.4 0.35 0.056559962072817174 -0.025022167279631233
0.47751032005395466 0.3143350581105423 33 nil_vol 0.6 nil_bias 0.76 Right 0.005 0.01 0.001 0.45607014524713846 0.32387727524891474 0.02144017480681622 -0.00954221713837245
0.3660550893150383 0.12532004240834718 33 nil_vol 0.6 nil_bias 0.76 Right 0.005 0.01 0.001 0.36742785473329304 0.12470907604174503 -0.0013727654182547563 0.0006109663666021547
0.31736631692805006 0.007358147722606243 33 nil_vol 0.6 nil_bias 0.76 Right 0.005 0.01 0.001 0.3155576271737414 0.008163127650571922 0.0018086897543086332 -0.0008049799279656793
0.30568038383106305 -0.05052912234335176 33 nil_vol 0.6 nil_bias 0.76 Right 0.005 0.01 0.001 0.29212163466206653 -0.04449463195971182 0.013558749168996529 -0.0060344903836399445
0.2801979997646045 -0.0781116690624793 33 nil_vol 0.6 nil_bias 0.76 Right 0.005 0.01 0.001 0.2776622382831925 -0.07698309679640514 0.0025357614814120236 -0.0011285722660741519
0.2127818345678132 -0.21597123222944983 33 nil_vol 0.6 nil_bias 0.76 Right 0.005 0.01 0.001 0.2153042032418236 -0.21709384385959307 -0.002522368674010393 0.0011226116301432296
0.1567606326553936 -0.3542583962928815 33 nil_vol 0.6 nil_bias 0.76 Right 0.005 0.01 0.001 0.1546712708917748 -0.35332849978743297 0.002089361763618809 -0.0009298965054485053
-0.010156958928129732 -0.7236770266749265 33 nil_vol 0.6 nil_bias 0.76 Home 0.005 0.01 0.001 0.0 -0.75 -0.010156958928129732 0.026322973325073478
-0.024738685969665348 -0.6731187018751471 34 nil_vol 0.6 nil_bias 0.76 Home 0.005 0.01 0.001 -0.028526597491714996 -0.6745346397219907 0.0037879115220496484 0.0014159378468435416
-0.12390841006594266 -0.44502532200335554 34 nil_vol 0.6 nil_bias 0.76 Home 0.005 0.01 0.001 -0.1154939336621752 -0.44187995402627583 -0.008414476403767468 -0.0031453679770797275
-0.1819563778157456 -0.20971723326539235 34 nil_vol 0.6 nil_bias 0.76 Home 0.005 0.01 0.001 -0.19978603810309786 -0.21638203803980927 0.017829660287352247 0.006664804774416915
-0.25153534241769104 -0.11763753429409116 34 nil_vol 0.6 nil_bias 0.76 Home 0.005 0.01 0.001 -0.23851630978016128 -0.1127709631153655 -0.013019032637529739 -0.004866571178725656
-0.25492686219874694 -0.046926481001471405 34 nil_vol 0.6 nil_bias 0.76 Home 0.005 0.01 0.001 -0.26212365820597 -0.04961667473575526 0.007196796007223045 0.002690193734283858
-0.30172760727324555 0.035107825894141534 34 nil_vol 0.6 nil_bias 0.76 Home 0.005 0.01 0.001 -0.29476669256977067 0.03770984616835493 -0.006960914703474847 -0.0026020202742134003
-0.3398386917964336 0.1638876371785623 34 nil_vol 0.6 nil_bias 0.76 Home 0.005 0.01 0.001 -0.3416758022452843 0.16320091728074593 0.0018371104488506932 0.00068671989781638
-0.37569012134175206 0.25419589386633923 34 nil_vol 0.6 nil_bias 0.76 Left 0.005 0.01 0.001 -0.4 0.35 0.024309878658247953 -0.09580410613366075
-0.3585313146655885 0.20530866047892266 35 nil_vol 0.6 nil_bias 0.76 Left 0.005 0.01 0.001 -0.3579281587447758 0.20552879343962271 -0.0006031559208127489 -0.000220132960700072
-0.21891551186672564 -0.15305753209469514 35 nil_vol 0.6 nil_bias 0.76 Left 0.005 0.01 0.001 -0.22609861242422105 -0.1556791381142416 0.007183100557495406 0.002621606019546478
-0.14287603609322033 -0.35733112358776953 35 nil_vol 0.6 nil_bias 0.76 Left 0.005 0.01 0.001 -0.15137049403528668 -0.36043133385149306 0.008494457942066356 0.003100210263723541
-0.13963238719745413 -0.43774960465455626 35 nil_vol 0.6 nil_bias 0.76 Left 0.005 0.01 0.001 -0.12508896791905066 -0.43244171355378835 -0.014543419278403455 -0.005307891100767898
-0.11621983580665209 -0.4611015114326479 35 nil_vol 0.6 nil_bias 0.76 Left 0.005 0.01 0.001 -0.11481603174781496 -0.4605891670569213 -0.0014038040588371195 -0.0005123443757265714
-0.0475831169343051 -0.6757652788516486 35 nil_vol 0.6 nil_bias 0.76 Left 0.005 0.01 0.001 -0.0376117219147884 -0.6721260329581517 -0.009971395019516705 -0.003639245893496944
-0.03145557616502005 -0.6964232251929836 35 nil_vol 0.6 nil_bias 0.76 Left 0.005 0.01 0.001 -0.029062740754737026 -0.6955499154480941 -0.002392835410283029 -0.0008733097448895024
-0.019873923542456304 -0.7207269243304872 35 nil_vol 0.6 nil_bias 0.76 Home 0.005 0.01 0.001 0.0 -0.75 -0.019873923542456304 0.029273075669512722
-0.02470879689138582 -0.7131437405445006 36 nil_vol 0.6 nil_bias 0.76 Home 0.005 0.01 0.001 -0.018150207641135844 -0.7151828985579631 -0.006558589250249978 0.0020391580134625246
0.06663797926371301 -0.4459796665013136 36 nil_vol 0.6 nil_bias 0.76 Home 0.005 0.01 0.001 0.06564487927781698 -0.445670897691873 0.0009930999858960277 -0.0003087688094405698
0.0788772561445889 -0.37266943205758846 36 nil_vol 0.6 nil_bias 0.76 Home 0.005 0.01 0.001 0.08750777440844279 -0.37535278205963374 -0.00863051826385389 0.0026833500020452656
0.0998488699384811 -0.3710702676573426 36 nil_vol 0.6 nil_bias 0.76 Home 0.005 0.01 0.001 0.08980972825123447 -0.3679489567414235 0.010039141687246641 -0.003121310915919063
0.12830530649567104 -0.2486377327163368 36 nil_vol 0.6 nil_bias 0.76 Home 0.005 0.01 0.001 0.12702868094233172 -0.24824081180423918 0.001276625553339319 -0.0003969209120976253
0.21848768822629763 0.07760602596102441 36 nil_vol 0.6 nil_bias 0.76 Home 0.005 0.01 0.001 0.22747069823643618 0.0748130812974308 -0.00898301001013853 0.002792944663593605
0.24586629281866829 0.09688822500301378 36 nil_vol 0.6 nil_bias 0.76 Home 0.005 0.01 0.001 0.23535069012190846 0.10015767437502143 0.010515602696759822 -0.0032694493720076515
0.2994075617836691 0.30618521471854315 36 nil_vol 0.6 nil_bias 0.76 Right 0.005 0.01 0.001 0.4 0.35 -0.10059243821633089 -0.04381478528145681
0.2525651887836464 0.17467532889883378 37 nil_vol 0.6 nil_bias 0.76 Right 0.005 0.01 0.001 0.2638136972279186 0.17169825304670325 -0.011248508444272153 0.002977075852130535
0.2166132166101747 0.0332969999238659 37 nil_vol 0.6 nil_bias 0.76 Right 0.005 0.01 0.001 0.22649188848717555 0.03068247057165513 -0.009878671877000849 0.002614529352210771
0.11290010301892908 -0.2638694922040108 37 nil_vol 0.6 nil_bias 0.76 Right 0.005 0.01 0.001 0.14620188011617818 -0.27268327555319233 -0.033301777097249095 0.008813783349181552
0.11921059611644506 -0.36474801458327943 37 nil_vol 0.6 nil_bias 0.76 Right 0.005 0.01 0.001 0.12166381241300034 -0.3653972927549331 -0.0024532162965552728 0.0006492781716536623
0.09788406487888163 -0.418719920622031 37 nil_vol 0.6 nil_bias 0.76 Right 0.005 0.01 0.001 0.10691840083553286 -0.4211109846061876 -0.009034335956651237 0.0023910639841566426
0.08520928690900133 -0.4824880322365856 37 nil_vol 0.6 nil_bias 0.76 Right 0.005 0.01 0.001 0.09031636662699843 -0.48383969266149257 -0.005107079717997104 0.0013516604249069935
0.07680733527391563 -0.541440713424532 37 nil_vol 0.6 nil_bias 0.76 Right 0.005 0.01 0.001 0.07518508106806746 -0.5410113610489549 0.0016222542058481745 -0.0004293523755771427
0.01437709193555244 -0.7707667361922528 37 nil_vol 0.6 nil_bias 0.76 Home 0.005 0.01 0.001 0.0 -0.75 0.01437709193555244 -0.02076673619225276
-0.010862277025932017 -0.6948154999900203 38 nil_vol 0.6 nil_bias 0.76 Home 0.005 0.01 0.001 -0.014788261648772276 -0.6963542570782821 0.00392598462284026 0.0015387570882618316
-0.03063174987235035 -0.6555525021533388 38 nil_vol 0.6 nil_bias 0.76 Home 0.005 0.01 0.001 -0.030760406790906237 -0.6556029281647475 0.00012865691855588394 5.042601140871729e-05
-0.18531145427129822 -0.2661280783277752 38 nil_vol 0.6 nil_bias 0.76 Home 0.005 0.01 0.001 -0.18366479815152295 -0.26548268512845064 -0.0016466561197752765 -0.0006453931993245675
-0.18153827044743412 -0.2583005350524839 38 nil_vol 0.6 nil_bias 0.76 Home 0.005 0.01 0.001 -0.18582175990992458 -0.2599794131954486 0.0042834894624904545 0.0016788781429647067
-0.21719631310534032 -0.17685844297452197 38 nil_vol 0.6 nil_bias 0.76 Home 0.005 0.01 0.001 -0.21824000424980738 -0.17726750905622835 0.0010436911444670612 0.0004090660817063873
-0.25717644942362666 -0.09050656546891522 38 nil_vol 0.6 nil_bias 0.76 Home 0.005 0.01 0.001 -0.2529018869937272 -0.08883118620228247 -0.004274562429899482 -0.0016753792666327448
-0.30012842356601444 0.019361146358974568 38 nil_vol 0.6 nil_bias 0.76 Home 0.005 0.01 0.001 -0.2959490084090105 0.020999233441693743 -0.004179415157003939 -0.0016380870827191764
-0.3852022883178853 0.24872003949570004 38 nil_vol 0.6 nil_bias 0.76 Left 0.005 0.01 0.001 -0.4 0.35 0.014797711682114738 -0.10127996050429995
-0.25543815417139715 -0.06186420106603345 39 nil_vol 0.6 nil_bias 0.76 Left 0.005 0.01 0.001 -0.2678618300694575 -0.06648906688838069 0.012423675898060347 0.004624865822347234
-0.23077576343008013 -0.1666124136247595 39 nil_vol 0.6 nil_bias 0.76 Left 0.005 0.01 0.001 -0.2306123334772661 -0.1665515748191339 -0.0001634299528140422 -6.083880562559517e-05
-0.2264911640361211 -0.16614217588848015 39 nil_vol 0.6 nil_bias 0.76 Left 0.005 0.01 0.001 -0.23024459042864312 -0.16753943492694084 0.003753426392522018 0.0013972590384606985
-0.20571846298965898 -0.201821168712996 39 nil_vol 0.6 nil_bias 0.76 Left 0.005 0.01 0.001 -0.21605092938316237 -0.2056675561329484 0.010332466393503372 0.003846387419952399
-0.14742877753423606 -0.39420162462040703 39 nil_vol 0.6 nil_bias 0.76 Left 0.005 0.01 0.001 -0.14605691958488395 -0.39369093366266367 -0.0013718579493521073 -0.0005106909577433912
-0.13730734772924783 -0.4179241731866952 39 nil_vol 0.6 nil_bias 0.76 Left 0.005 0.01 0.001 -0.13706884964390584 -0.41783538934746406 -0.00023849808534198388 -8.878383923115742e-05
-0.11979874842698521 -0.44967332188858833 39 nil_vol 0.6 nil_bias 0.76 Left 0.005 0.01 0.001 -0.12455734589695061 -0.4514447681965677 0.004758597469965407 0.0017714463079793494
-0.0020110855757199575 -0.7806381068213862 39 nil_vol 0.6 nil_bias 0.76 Home 0.005 0.01 0.001 0.0 -0.75 -0.0020110855757199575 -0.030638106821386235
0.013600165697419982 -0.7000843776499722 40 nil_vol 0.6 nil_bias 0.76 Home 0.005 0.01 0.001 0.02812108754997281 -0.7059420776663641 -0.014520921852552828 0.005857700016391822
0.03641348078351583 -0.6716167390148654 40 nil_vol 0.6 nil_bias 0.76 Home 0.005 0.01 0.001 0.04119047740768644 -0.6735437663405299 -0.004776996624170617 0.0019270273256644882
0.041758055854278296 -0.6485693854018287 40 nil_vol 0.6 nil_bias 0.76 Home 0.005 0.01 0.001 0.04993452298204372 -0.6518677497973315 -0.008176467127765421 0.0032983643955027935
0.1185530507153092 -0.4840219916133649 40 nil_vol 0.6 nil_bias 0.76 Home 0.005 0.01 0.001 0.11777040115849348 -0.4837062729304644 0.0007826495568157152 -0.0003157186829004587
0.1839779682758756 -0.2822889098947732 40 nil_vol 0.6 nil_bias 0.76 Home 0.005 0.01 0.001 0.19691618499330107 -0.28750815100407096 -0.012938216717425495 0.0052192411092977856
0.273638872020706 -0.10379476045145737 40 nil_vol 0.6 nil_bias 0.76 Home 0.005 0.01 0.001 0.2713913932162886 -0.10288813367092953 0.0022474788044174665 -0.0009066267805278495
0.4502332245658641 0.3546891677862047 40 nil_vol 0.6 nil_bias 0.76 Home 0.005 0.01 0.001 0.4551729777963702 0.3526964848923001 -0.004939753230506123 0.0019926828939045836
0.4736537631116848 0.39850935318301706 40 nil_vol 0.6 nil_bias 0.76 Right 0.005 0.01 0.001 0.4 0.35 0.07365376311168477 0.048509353183017065
0.4589577328101655 0.37629046977463804 41 nil_vol 0.6 nil_bias 0.76 Right 0.005 0.01 0.001 0.4647351728473291 0.3741731841645169 -0.005777440037163624 0.0021172856101211277
0.3958199828554505 0.20752084284976288 41 nil_vol 0.6 nil_bias 0.76 Right 0.005 0.01 0.001 0.40273287840023253 0.2049874415219971 -0.00691289554478202 0.0025334013277657666
0.2688017440353615 -0.16390791687915054 41 nil_vol 0.6 nil_bias 0.76 Right 0.005 0.01 0.001 0.2676912109431254 -0.16350093459623116 0.0011105330922360674 -0.0004069822829193913
0.2488671454440348 -0.2250924690456864 41 nil_vol 0.6 nil_bias 0.76 Right 0.005 0.01 0.001 0.24556320343047258 -0.22388165788416992 0.003303942013562199 -0.0012108111615164738
0.19517449228324493 -0.39647862861837563 41 nil_vol 0.6 nil_bias 0.76 Right 0.005 0.01 0.001 0.18383386805585217 -0.3923225767455746 0.011340624227392772 -0.0041560518728010675
0.05484505172776845 -0.7250061462527015 41 nil_vol 0.6 nil_bias 0.76 Right 0.005 0.01 0.001 0.06107680837950763 -0.7272899274083051 -0.006231756651739184 0.002283781155603591
0.050018540189939 -0.7607976056013857 41 nil_vol 0.6 nil_bias 0.76 Right 0.005 0.01 0.001 0.0489417138071756 -0.7604029759747417 0.0010768263827633997 -0.00039462962664395734
0.04823842641370431 -0.7623220372129849 41 nil_vol 0.6 nil_bias 0.76 Home 0.005 0.01 0.001 0.0 -0.75 0.04823842641370431 -0.012322037212984825
0.03803945406354285 -0.6732795592873551 42 nil_vol 0.6 nil_bias 0.76 Home 0.005 0.01 0.001 0.025485147135925614 -0.6766123403144686 0.012554306927617238 0.003332781027113533
-0.1314177519080166 -0.1374213540276847 42 nil_vol 0.6 nil_bias 0.76 Home 0.005 0.01 0.001 -0.11855958352606709 -0.134007907162488 -0.012858168381949527 -0.003413446865196718
-0.12312981936325898 -0.11798471469652996 42 nil_vol 0.6 nil_bias 0.76 Home 0.005 0.01 0.001 -0.12283408793955201 -0.11790620713066158 -0.0002957314237069605 -7.85075658683849e-05
-0.13272354451053925 -0.07720168966935574 42 nil_vol 0.6 nil_bias 0.76 Home 0.005 0.01 0.001 -0.13357955472050692 -0.07742893396115491 0.0008560102099676679 0.00022724429179916378
-0.15339383909273896 -0.05395069712292569 42 nil_vol 0.6 nil_bias 0.76 Home 0.005 0.01 0.001 -0.14070643254282822 -0.050582582253931974 -0.012687406549910726 -0.003368114868993716
-0.14220508065435822 -0.02791303425491606 42 nil_vol 0.6 nil_bias 0.76 Home 0.005 0.01 0.001 -0.14642696536515287 -0.02903381434607699 0.004221884710794663 0.0011207800911609313
-0.2293323263685425 0.269927351648187 42 nil_vol 0.6 nil_bias 0.76 Home 0.005 0.01 0.001 -0.2260250076566448 0.2708053426927888 -0.0033073187118977145 -0.0008779910446017999
-0.257299443033833 0.38861352076358174 42 nil_vol 0.6 nil_bias 0.76 Left 0.005 0.01 0.001 -0.4 0.35 0.14270055696616699 0.038613520763581766
-0.23307665298930733 0.27556959701168676 43 nil_vol 0.6 nil_bias 0.76 Left 0.005 0.01 0.001 -0.23114649183699312 0.27601792191010666 -0.0019301611523141946 -0.00044832489841987625
-0.22174865933777307 0.2168555370036218 43 nil_vol 0.6 nil_bias 0.76 Left 0.005 0.01 0.001 -0.21762701583531693 0.2178128847371756 -0.00412164350245614 -0.0009573477335538035
-0.19261759322663385 0.0710855643116091 43 nil_vol 0.6 nil_bias 0.76 Left 0.005 0.01 0.001 -0.1840105354564758 0.07308475401443448 -0.008607057770158062 -0.001999189702825386
-0.16313986531668623 0.005521640697833556 43 nil_vol 0.6 nil_bias 0.76 Left 0.005 0.01 0.001 -0.1680523930176382 0.004380591682380364 0.004912527700951949 0.0011410490154531922
-0.08565678692535002 -0.34736509500861634 43 nil_vol 0.6 nil_bias 0.76 Left 0.005 0.01 0.001 -0.0863157123559217 -0.34751814579216006 0.0006589254305716794 0.00015305078354371193
-0.06019902131166584 -0.4564924412975311 43 nil_vol 0.6 nil_bias 0.76 Left 0.005 0.01 0.001 -0.060962692497711995 -0.4566698217232535 0.0007636711860461605 0.0001773804257224007
-0.04996745992646401 -0.500323478443143 43 nil_vol 0.6 nil_bias 0.76 Left 0.005 0.01 0.001 -0.050779313423638506 -0.5005120503332239 0.0008118534971744972 0.0001885718900808804
0.0025075451424180655 -0.7299265323206543 43 nil_vol 0.6 nil_bias 0.76 Home 0.005 0.01 0.001 0.0 -0.75 0.0025075451424180655 0.020073467679345702
-0.009175025526753849 -0.6821051143372673 44 nil_vol 0.6 nil_bias 0.76 Home 0.005 0.01 0.001 -0.0075343361924381826 -0.6817630376727106 -0.001640689334315666 -0.00034207666455668233
0.006708388413918747 -0.6786311652223915 44 nil_vol 0.6 nil_bias 0.76 Home 0.005 0.01 0.001 -0.0075667704637723075 -0.6816074744070515 0.014275158877691055 0.0029763091846599097
-0.0006803946922295211 -0.631352269077334 44 nil_vol 0.6 nil_bias 0.76 Home 0.005 0.01 0.001 -0.01732137354679166 -0.6348218415445075 0.01664097885456214 0.003469572467173528
-0.10599194558207695 -0.2640471941209832 44 nil_vol 0.6 nil_bias 0.76 Home 0.005 0.01 0.001 -0.09509977912723627 -0.26177622429583824 -0.010892166454840669 -0.0022709698251449787
-0.10864448121460415 -0.17274491606242667 44 nil_vol 0.6 nil_bias 0.76 Home 0.005 0.01 0.001 -0.11345337873237071 -0.17374755049703072 0.00480889751776656 0.0010026344346040566
-0.21675948538945763 0.2458559314424092 44 nil_vol 0.6 nil_bias 0.76 Home 0.005 0.01 0.001 -0.2015979764095263 0.24901704080846987 -0.015161508979931324 -0.0031611093660606684
-0.2401914724401396 0.3447844866030318 44 nil_vol 0.6 nil_bias 0.76 Home 0.005 0.01 0.001 -0.22234104296277732 0.3485062243194943 -0.017850429477362283 -0.0037217377164625036
-0.22672847045076647 0.36954947640439195 44 nil_vol 0.6 nil_bias 0.76 Left 0.005 0.01 0.001 -0.4 0.35 0.17327152954923355 0.01954947640439198
-0.21005046661690868 0.2689199133554587 45 nil_vol 0.6 nil_bias 0.76 Left 0.005 0.01 0.001 -0.21423925286129966 0.2684026980403679 0.00418878624439099 0.0005172153150907658
-0.1993850566807178 0.1677772738212052 45 nil_vol 0.6 nil_bias 0.76 Left 0.005 0.01 0.001 -0.20177792750340848 0.16748181127804326 0.0023928708226906878 0.0002954625431619282
-0.18855073803081512 0.09838143243286232 45 nil_vol 0.6 nil_bias 0.76 Left 0.005 0.01 0.001 -0.1931751710384542 0.09781042512057347 0.00462443300763906 0.0005710073122888426
-0.18955009619727792 -0.11200730200481293 45 nil_vol 0.6 nil_bias 0.76 Left 0.005 0.01 0.001 -0.16760230413897292 -0.10929727253024057 -0.021947792058305007 -0.002710029474572357
-0.15392848112285315 -0.1996878336934686 45 nil_vol 0.6 nil_bias 0.76 Left 0.005 0.01 0.001 -0.15640348827104433 -0.1999934381161621 0.0024750071481911898 0.0003056044226935051
-0.16348334904588466 -0.20139011917784272 45 nil_vol 0.6 nil_bias 0.76 Left 0.005 0.01 0.001 -0.1563399424271969 -0.2005080786320752 -0.00714340661868777 -0.0008820405457675075
-0.08206911508663176 -0.71140164694292 45 nil_vol 0.6 nil_bias 0.76 Left 0.005 0.01 0.001 -0.09308874798637118 -0.7127623090941709 0.011019632899739423 0.0013606621512509175
-0.08979681109601947 -0.7394228111353538 45 nil_vol 0.6 nil_bias 0.76 Home 0.005 0.01 0.001 0.0 -0.75 -0.08979681109601947 0.010577188864646179
-0.1651438599831603 -0.4416637745732932 46 nil_vol 0.6 nil_bias 0.76 Home 0.005 0.01 0.001 -0.17394272566164398 -0.44417142956108147 0.008798865678483685 0.002507654987788244
-0.18731298413188796 -0.44444778050710554 46 nil_vol 0.6 nil_bias 0.76 Home 0.005 0.01 0.001 -0.17487428236526353 -0.44090278122350907 -0.012438701766624437 -0.0035449992835964676
-0.2159049937944813 -0.34404379168041355 46 nil_vol 0.6 nil_bias 0.76 Home 0.005 0.01 0.001 -0.20348745248458944 -0.34050482307472585 -0.012417541309891858 -0.0035389686056877126
-0.3014311608894367 0.004022956519565355 46 nil_vol 0.6 nil_bias 0.76 Home 0.005 0.01 0.001 -0.301658549470486 0.003958151335548443 0.00022738858104924512 6.480518401691251e-05
-0.3109419823967549 0.008819739758377892 46 nil_vol 0.6 nil_bias 0.76 Home 0.005 0.01 0.001 -0.3036373949933153 0.010901529128201193 -0.00730458740343957 -0.0020817893698233
-0.3410780357550601 0.13476674252548743 46 nil_vol 0.6 nil_bias 0.76 Home 0.005 0.01 0.001 -0.3390993877963811 0.13533065230703933 -0.0019786479586790017 -0.0005639097815519205
-0.3573968927348723 0.17646281139948808 46 nil_vol 0.6 nil_bias 0.76 Home 0.005 0.01 0.001 -0.3513158737594204 0.17819588678918474 -0.0060810189754518665 -0.001733075389696677
-0.38117510675732025 0.2829660332768377 46 nil_vol 0.6 nil_bias 0.76 Left 0.005 0.01 0.001 -0.4 0.35 0.01882489324267975 -0.06703396672316225
-0.34624174792150353 0.16221275438866328 47 nil_vol 0.6 nil_bias 0.76 Left 0.005 0.01 0.001 -0.33795924554894385 0.16525351398800825 -0.008282502372559699 -0.003040759599344971
-0.2642340119136228 -0.08390643535202227 47 nil_vol 0.6 nil_bias 0.76 Left 0.005 0.01 0.001 -0.24859316664285894 -0.07816420332363033 -0.01564084527076383 -0.005742232028391935
-0.24323685237482182 -0.10199632895835097 47 nil_vol 0.6 nil_bias 0.76 Left 0.005 0.01 0.001 -0.24024669347768418 -0.10089855029665551 -0.0029901588971376378 -0.0010977786616954582
-0.13338581330283558 -0.4438332085414051 47 nil_vol 0.6 nil_bias 0.76 Left 0.005 0.01 0.001 -0.11660650258373861 -0.4376730110739678 -0.016779310719096968 -0.006160197467437347
-0.07857259093729034 -0.5333537681224308 47 nil_vol 0.6 nil_bias 0.76 Left 0.005 0.01 0.001 -0.08113394283044773 -0.5342941186356069 0.0025613518931573787 0.0009403505131760922
-0.04904915935483753 -0.6181640162886595 47 nil_vol 0.6 nil_bias 0.76 Left 0.005 0.01 0.001 -0.05018909558581197 -0.6185825216969356 0.0011399362309744388 0.00041850540827619503
-0.027687411494637708 -0.6321568607966629 47 nil_vol 0.6 nil_bias 0.76 Left 0.005 0.01 0.001 -0.04312481340487734 -0.6378244025534907 0.015437401910239632 0.0056675417568278165
-0.0035282011655514344 -0.7456787146432038 47 nil_vol 0.6 nil_bias 0.76 Home 0.005 0.01 0.001 0.0 -0.75 -0.0035282011655514344 0.004321285356796183
-0.04837168140078965 -0.6530802298687916 48 nil_vol 0.6 nil_bias 0.76 Home 0.005 0.01 0.001 -0.03838079675376485 -0.6494612580671817 -0.009990884647024797 -0.003618971801609864
-0.12431035987636573 -0.41680992875517864 48 nil_vol 0.6 nil_bias 0.76 Home 0.005 0.01 0.001 -0.12284565613214209 -0.4162793729800565 -0.0014647037442236386 -0.0005305557751221006
-0.14800039371581925 -0.3618214252768481 48 nil_vol 0.6 nil_bias 0.76 Home 0.005 0.01 0.001 -0.14320147468189007 -0.360083125489034 -0.004798919033929173 -0.0017382997878141173
-0.1950055010922046 -0.2449524805231029 48 nil_vol 0.6 nil_bias 0.76 Home 0.005 0.01 0.001 -0.1860765061192097 -0.2417181542181137 -0.008928994972994915 -0.0032343263049891785
-0.18779519319587626 -0.21859987700965738 48 nil_vol 0.6 nil_bias 0.76 Home 0.005 0.01 0.001 -0.1936786219016483 -0.22073101587625532 0.005883428705772049 0.002131138866597928
-0.2750969407349711 0.0643444271782079 48 nil_vol 0.6 nil_bias 0.76 Home 0.005 0.01 0.001 -0.2944070891942278 0.05734976301903749 0.019310148459256733 0.0069946641591704115
-0.36011456082850435 0.22996325194709416 48 nil_vol 0.6 nil_bias 0.76 Home 0.005 0.01 0.001 -0.35730151422248946 0.23098221440171662 -0.002813046606014865 -0.0010189624546224493
-0.37281239221688467 0.2738030489678061 48 nil_vol 0.6 nil_bias 0.76 Left 0.005 0.01 0.001 -0.4 0.35 0.027187607783115342 -0.07619695103219387
-0.3387733795578728 0.18852716815887693 49 nil_vol 0.6 nil_bias 0.76 Left 0.005 0.01 0.001 -0.33453856773037605 0.19047221585078455 -0.004234811827496748 -0.001945047691907614
-0.2740895388843479 0.0717310768424054 49 nil_vol 0.6 nil_bias 0.76 Left 0.005 0.01 0.001 -0.2789710221723106 0.06948901315950737 0.004881483287962738 0.0022420636828980344
-0.2432860818535965 0.0017210072861703182 49 nil_vol 0.6 nil_bias 0.76 Left 0.005 0.01 0.001 -0.24705097223330294 -8.205637951952394e-06 0.003764890379706459 0.0017292129241222706
-0.16728805297729024 -0.17703302209542407 49 nil_vol 0.6 nil_bias 0.76 Left 0.005 0.01 0.001 -0.1660125970619585 -0.17644720560928462 -0.0012754559153317264 -0.0005858164861394406
-0.020374140508316357 -0.4760820199450506 49 nil_vol 0.6 nil_bias 0.76 Left 0.005 0.01 0.001 -0.026993937381679045 -0.4791224904910683 0.0066197968733626876 0.0030404705460177197
0.03645500033449881 -0.6333880541738313 49 nil_vol 0.6 nil_bias 0.76 Left 0.005 0.01 0.001 0.04257015582374479 -0.6305793652510356 -0.006115155489245979 -0.002808688922795638
0.06680222717391739 -0.6478651783949329 49 nil_vol 0.6 nil_bias 0.76 Left 0.005 0.01 0.001 0.0533478155815969 -0.6540447852534239 0.013454411592320482 0.006179606858491068
0.09090251847910814 -0.7358099268847484 49 nil_vol 0.6 nil_bias 0.76 Home 0.005 0.01 0.001 0.0 -0.75 0.09090251847910814 0.014190073115251512
0.02652691325226477 -0.6231769271074521 50 nil_vol 0.6 nil_bias 0.76 Home 0.005 0.01 0.001 0.036899879678103015 -0.6184056563795718 -0.010372966425838244 -0.004771270727880352
0.020785121949641515 -0.6000456770214742 50 nil_vol 0.6 nil_bias 0.76 Home 0.005 0.01 0.001 0.0271154721144492 -0.5971338952612109 -0.006330350164807685 -0.0029117817602633067
0.027775116133296862 -0.5953918732146931 50 nil_vol 0.6 nil_bias 0.76 Home 0.005 0.01 0.001 0.02656930873993174 -0.5959465104595505 0.0012058073933651214 0.0005546372448573496
0.003219659840800446 -0.5534411459695749 50 nil_vol 0.6 nil_bias 0.76 Home 0.005 0.01 0.001 0.006354743162768989 -0.5519990964468546 -0.003135083321968543 -0.0014420495227203639
-0.016683721614772645 -0.4923265925628213 50 nil_vol 0.6 nil_bias 0.76 Home 0.005 0.01 0.001 -0.020322952006540898 -0.4940005354570164 0.003639230391768255 0.001673942894195114
-0.04783821167472071 -0.4559052090944321 50 nil_vol 0.6 nil_bias 0.76 Home 0.005 0.01 0.001 -0.03959068479483578 -0.4521115803518016 -0.008247526879884925 -0.0037936287426305177
-0.36246359395951944 0.28488019969908335 50 nil_vol 0.6 nil_bias 0.76 Home 0.005 0.01 0.001 -0.3757706096115574 0.2787593494379794 0.013307015652037969 0.006120850261103941
-0.4150054400206199 0.36405771160772904 50 nil_vol 0.6 nil_bias 0.76 Left 0.005 0.01 0.001 -0.4 0.35 -0.015005440020619853 0.01405771160772908
-0.2646939009201816 -0.06640171473637366 51 nil_vol 0.6 nil_bias 0.76 Left 0.005 0.01 0.001 -0.2678966306874282 -0.06749347344078471 0.003202729767246617 0.0010917587044110533
-0.24457147764453446 -0.14825354522376866 51 nil_vol 0.6 nil_bias 0.76 Left 0.005 0.01 0.001 -0.24080455349671476 -0.14696946179303516 -0.003766924147819701 -0.0012840834307335024
-0.22483383262561854 -0.16928554290139106 51 nil_vol 0.6 nil_bias 0.76 Left 0.005 0.01 0.001 -0.2323266807013367 -0.17183973345194992 0.007492848075718138 0.0025541905505588602
-0.2293088839617066 -0.22065772766375794 51 nil_vol 0.6 nil_bias 0.76 Left 0.005 0.01 0.001 -0.21710368307381744 -0.21649717236349164 -0.012205200887889163 -0.004160555300266282
-0.13923200288206308 -0.4257855505610418 51 nil_vol 0.6 nil_bias 0.76 Left 0.005 0.01 0.001 -0.14508100080425324 -0.42777937921900033 0.0058489979221901444 0.0019938286579585605
-0.12215228965390383 -0.4568700691729432 51 nil_vol 0.6 nil_bias 0.76 Left 0.005 0.01 0.001 -0.13380982908277778 -0.4608439355520695 0.011657539428873948 0.003973866379126256
-0.0682675952817024 -0.6543007904900774 51 nil_vol 0.6 nil_bias 0.76 Left 0.005 0.01 0.001 -0.06790558661875634 -0.6541773876001784 -0.0003620086629460629 -0.0001234028898989335
-0.06149998613861982 -0.6729685428727983 51 nil_vol 0.6 nil_bias 0.76 Home 0.005 0.01 0.001 0.0 -0.75 -0.06149998613861982 0.07703145712720166
-0.07441587473744637 -0.660672112789755 52 nil_vol 0.6 nil_bias 0.76 Home 0.005 0.01 0.001 -0.06588531423211384 -0.6581479662824206 -0.00853056050533253 -0.002524146507334503
-0.0752193929657351 -0.602535261835478 52 nil_vol 0.6 nil_bias 0.76 Home 0.005 0.01 0.001 -0.0817675009437321 -0.6044728114105591 0.006548107977996998 0.0019375495750810598
-0.09906812405955662 -0.5376633751505102 52 nil_vol 0.6 nil_bias 0.76 Home 0.005 0.01 0.001 -0.101337369559112 -0.5383348325651088 0.0022692454995553854 0.0006714574145985716
-0.14152141342411986 -0.4097262393552942 52 nil_vol 0.6 nil_bias 0.76 Home 0.005 0.01 0.001 -0.1395633859119758 -0.40914686965233577 -0.001958027512144062 -0.0005793697029584157
-0.15098276959117032 -0.3698897535708693 52 nil_vol 0.6 nil_bias 0.76 Home 0.005 0.01 0.001 -0.15116352729167548 -0.36994323879239943 0.00018075770050515787 5.348522153013261e-05
-0.15013520960403287 -0.35089216420009334 52 nil_vol 0.6 nil_bias 0.76 Home 0.005 0.01 0.001 -0.15626403597877664 -0.35270565062671194 0.0061288263747437755 0.0018134864266185805
-0.32326124115241367 0.2498227880210315 52 nil_vol 0.6 nil_bias 0.76 Home 0.005 0.01 0.001 -0.33364021131379074 0.246751707138809 0.010378970161377064 0.0030710808822224877
-0.4059256512145605 0.4910462902528697 52 nil_vol 0.6 nil_bias 0.76 Left 0.005 0.01 0.001 -0.4 0.35 -0.005925651214560455 0.14104629025286974
-0.4018369715189243 0.4817468946803419 53 nil_vol 0.6 nil_bias 0.76 Left 0.005 0.01 0.001 -0.4029324214007428 0.4814067404899045 0.0010954498818185271 0.00034015419043737616
-0.2869356812027357 0.1237641069432735 53 nil_vol 0.6 nil_bias 0.76 Left 0.005 0.01 0.001 -0.29144412880982595 0.12236416398707611 0.00450844760709022 0.00139994295619738
-0.2777300911005764 0.0598781430230022 53 nil_vol 0.6 nil_bias 0.76 Left 0.005 0.01 0.001 -0.27254152996156944 0.06148927178668773 -0.005188561139006957 -0.0016111287636855283
-0.2704835465077122 0.04829912715292586 53 nil_vol 0.6 nil_bias 0.76 Left 0.005 0.01 0.001 -0.2686249873952583 0.04887623860345364 -0.0018585591124539416 -0.0005771114505277832
-0.17973059326530116 -0.1934207240455768 53 nil_vol 0.6 nil_bias 0.76 Left 0.005 0.01 0.001 -0.19218697676831248 -0.1972886244548684 0.012456383503011313 0.003867900409291586
-0.18183116520488574 -0.22363209640260193 53 nil_vol 0.6 nil_bias 0.76 Left 0.005 0.01 0.001 -0.1838155825595605 -0.22424828879074543 0.001984417354674753 0.0006161923881434974
-0.1428607750404596 -0.3573200991188848 53 nil_vol 0.6 nil_bias 0.76 Left 0.005 0.01 0.001 -0.1425269112011872 -0.3572164292149952 -0.0003338638392723867 -0.00010366990388961149
4.488303762726771e-05 -0.8163618977707271 53 nil_vol 0.6 nil_bias 0.76 Home 0.005 0.01 0.001 0.0 -0.75 4.488303762726771e-05 -0.06636189777072711
0.0944614120737089 -0.6149009463322602 54 nil_vol 0.6 nil_bias 0.76 Home 0.005 0.01 0.001 0.09556238444590737 -0.6154243034994111 -0.001100972372198478 0.0005233571671508638
0.1655702681123301 -0.4527441927778196 54 nil_vol 0.6 nil_bias 0.76 Home 0.005 0.01 0.001 0.1715439867174037 -0.45558385390416084 -0.005973718605073591 0.002839661126341247
0.33499936408416936 -0.12796066896798333 54 nil_vol 0.6 nil_bias 0.76 Home 0.005 0.01 0.001 0.3287049528476874 -0.12496856370104581 0.006294411236481956 -0.002992105266937521
0.38963615718049316 -0.03802711355711799 54 nil_vol 0.6 nil_bias 0.76 Home 0.005 0.01 0.001 0.37364648304247544 -0.030426277449098205 0.015989674138017742 -0.00760083610801979
0.4735152079456629 0.2029928707973879 54 nil_vol 0.6 nil_bias 0.76 Home 0.005 0.01 0.001 0.4825604627067896 0.19869312720029086 -0.00904525476112672 0.0042997435970970384
0.4995445790814671 0.19747683641375682 54 nil_vol 0.6 nil_bias 0.76 Home 0.005 0.01 0.001 0.4852193138464011 0.2042864807076804 0.014325265235065991 -0.006809644293923596
0.5057881942685486 0.2480816544399788 54 nil_vol 0.6 nil_bias 0.76 Home 0.005 0.01 0.001 0.5059917489888742 0.24798489286404835 -0.00020355472032564006 9.676157593045241e-05
0.5236526298071493 0.2851376120203832 54 nil_vol 0.6 nil_bias 0.76 Right 0.005 0.01 0.001 0.4 0.35 0.12365262980714926 -0.0648623879796168
0.4609843125385398 0.16896697550101356 55 nil_vol 0.6 nil_bias 0.76 Right 0.005 0.01 0.001 0.4628737106453537 0.167986738890475 -0.001889398106813947 0.0009802366105385641
0.42151543716448797 0.09639897719749883 55 nil_vol 0.6 nil_bias 0.76 Right 0.005 0.01 0.001 0.4248388120167284 0.0946747806457183 -0.0033233748522404453 0.0017241965517805337
0.27654738505711207 -0.18202264648478073 55 nil_vol 0.6 nil_bias 0.76 Right 0.005 0.01 0.001 0.2802808155899321 -0.18395958358552966 -0.00373343053282006 0.0019369371007489289
0.26588064476217216 -0.23379205483162716 55 nil_vol 0.6 nil_bias 0.76 Right 0.005 0.01 0.001 0.25685630122099756 -0.2291101448131751 0.009024343541174614 -0.004681910018452067
0.19960103253708844 -0.2882359831654808 55 nil_vol 0.6 nil_bias 0.76 Right 0.005 0.01 0.001 0.22054417529843567 -0.29910147265674863 -0.020943142761347226 0.01086548949126783
0.14698436679638052 -0.45645444109782046 55 nil_vol 0.6 nil_bias 0.76 Right 0.005 0.01 0.001 0.14062086692220693 -0.45315300053570357 0.00636349987417358 -0.0033014405621169243
0.027924141244455192 -0.6819245622319434 55 nil_vol 0.6 nil_bias 0.76 Right 0.005 0.01 0.001 0.02320291560498411 -0.6794751482086454 0.0047212256394710845 -0.0024494140232980675
-0.001905027060895384 -0.7278705038083938 55 nil_vol 0.6 nil_bias 0.76 Home 0.005 0.01 0.001 0.0 -0.75 -0.001905027060895384 0.02212949619160615
-0.14494157924459086 -0.4477438839239893 56 nil_vol 0.6 nil_bias 0.76 Home 0.005 0.01 0.001 -0.13143539126393525 -0.4416319831083669 -0.013506187980655627 -0.006111900815622397
-0.15308568099150194 -0.3995160400423614 56 nil_vol 0.6 nil_bias 0.76 Home 0.005 0.01 0.001 -0.15093447307494923 -0.39854256259346293 -0.002151207916552715 -0.0009734774488984757
-0.3891592604555821 0.08475623766076085 56 nil_vol 0.6 nil_bias 0.76 Home 0.005 0.01 0.001 -0.3729575198573148 0.09208794603908932 -0.016201740598267265 -0.007331708378328474
-0.3727461215688676 0.12036292997768455 56 nil_vol 0.6 nil_bias 0.76 Home 0.005 0.01 0.001 -0.3835419228612851 0.1154775495269661 0.010795801292417459 0.004885380450718457
-0.3887905629003751 0.12582287872089978 56 nil_vol 0.6 nil_bias 0.76 Home 0.005 0.01 0.001 -0.3883198462320094 0.12603589023780093 -0.0004707166683657069 -0.00021301151690114158
-0.43045120789457114 0.24703816488414432 56 nil_vol 0.6 nil_bias 0.76 Home 0.005 0.01 0.001 -0.44093055899264344 0.24229598636454752 0.01047935109807229 0.004742178519596792
-0.4511359214180706 0.26150525211985715 56 nil_vol 0.6 nil_bias 0.76 Home 0.005 0.01 0.001 -0.44988036345895777 0.2620734247030726 -0.001255557959112805 -0.0005681725832154629
-0.5325680929748485 0.4447982515982718 56 nil_vol 0.6 nil_bias 0.76 Left 0.005 0.01 0.001 -0.4 0.35 -0.13256809297484848 0.09479825159827185
-0.455635468583162 0.26067921647355724 57 nil_vol 0.6 nil_bias 0.76 Left 0.005 0.01 0.001 -0.45592068636946137 0.26056055886710605 0.00028521778629934014 0.00011865760645121177
-0.40765100204319893 0.1201898504616328 57 nil_vol 0.6 nil_bias 0.76 Left 0.005 0.01 0.001 -0.3990173114340151 0.12378167787120004 -0.008633690609183847 -0.003591827409567234
-0.38429046972269654 0.08777749386650174 57 nil_vol 0.6 nil_bias 0.76 Left 0.005 0.01 0.001 -0.38407583460457717 0.08786678734888537 -0.000214635118119366 -8.929348238362653e-05
-0.21156885582338025 -0.306220750445763 57 nil_vol 0.6 nil_bias 0.76 Left 0.005 0.01 0.001 -0.2188632491357837 -0.3092553972754496 0.007294393312403452 0.0030346468296865896
-0.097728472773423 -0.565309252589162 57 nil_vol 0.6 nil_bias 0.76 Left 0.005 0.01 0.001 -0.11018297377239716 -0.5704906309921607 0.012454500998974159 0.0051813784029987
-0.06729277209983682 -0.7035618820355313 57 nil_vol 0.6 nil_bias 0.76 Left 0.005 0.01 0.001 -0.05666200016501538 -0.6991392197293638 -0.010630771934821445 -0.004422662306167504
-0.036847120791609365 -0.7544850320610823 57 nil_vol 0.6 nil_bias 0.76 Left 0.005 0.01 0.001 -0.03411043782521489 -0.7533465047110826 -0.0027366829663944747 -0.0011385273499997066
-0.02514620409279967 -0.7748938709313897 57 nil_vol 0.6 nil_bias 0.76 Home 0.005 0.01 0.001 0.0 -0.75 -0.02514620409279967 -0.024893870931389752
-0.057271922757314714 -0.7344590395916047 58 nil_vol 0.6 nil_bias 0.76 Home 0.005 0.01 0.001 -0.0410792149336139 -0.7288550980999076 -0.016192707823700813 -0.005603941491697146
-0.15030458366994395 -0.44817399101477107 58 nil_vol 0.6 nil_bias 0.76 Home 0.005 0.01 0.001 -0.13950970158944193 -0.4444381187784821 -0.010794882080502026 -0.0037358722362889857
-0.15392087517391695 -0.40046397316864557 58 nil_vol 0.6 nil_bias 0.76 Home 0.005 0.01 0.001 -0.1546418401610961 -0.4007134833586461 0.0007209649871791488 0.00024951019000049753
-0.21784113477194522 -0.2892135786016085 58 nil_vol 0.6 nil_bias 0.76 Home 0.005 0.01 0.001 -0.1958619615402883 -0.28160706817931824 -0.021979173231656927 -0.007606510422290274
-0.21711728354921866 -0.225809606504041 58 nil_vol 0.6 nil_bias 0.76 Home 0.005 0.01 0.001 -0.2153802816381237 -0.22520846819000961 -0.0017370019110949774 -0.0006011383140313884
-0.21806164629471056 -0.21109415249888108 58 nil_vol 0.6 nil_bias 0.76 Home 0.005 0.01 0.001 -0.22002927424317562 -0.2117751054327991 0.001967627948465057 0.000680952933918015
-0.3591036267634331 0.19916223884775605 58 nil_vol 0.6 nil_bias 0.76 Home 0.005 0.01 0.001 -0.36190961460189663 0.19819114791939707 0.0028059878384635454 0.0009710909283589868
-0.40594742497426584 0.32543933521968177 58 nil_vol 0.6 nil_bias 0.76 Left 0.005 0.01 0.001 -0.4 0.35 -0.0059474249742658344 -0.02456066478031823
-0.267823866289417 0.029764904017961953 59 nil_vol 0.6 nil_bias 0.76 Left 0.005 0.01 0.001 -0.27759823275549844 0.025581152785339012 0.009774366466081404 0.00418375123262294
-0.2645301837437584 -0.02217606970025763 59 nil_vol 0.6 nil_bias 0.76 Left 0.005 0.01 0.001 -0.25829832004151065 -0.019508626491913317 -0.006231863702247763 -0.0026674432083443125
-0.2078515960494098 -0.1210555030533139 59 nil_vol 0.6 nil_bias 0.76 Left 0.005 0.01 0.001 -0.2137518997564174 -0.1235810276479467 0.0059003037070076 0.002525524594632808
-0.20574857345560238 -0.17313337347681115 59 nil_vol 0.6 nil_bias 0.76 Left 0.005 0.01 0.001 -0.19458682943194552 -0.1683557788900678 -0.011161744023656862 -0.004777594586743338
-0.19114248192985936 -0.19236654814891768 59 nil_vol 0.6 nil_bias 0.76 Left 0.005 0.01 0.001 -0.1853674793707084 -0.18989465657833954 -0.005775002559150938 -0.0024718915705781506
-0.1632546546878069 -0.27766419940863774 59 nil_vol 0.6 nil_bias 0.76 Left 0.005 0.01 0.001 -0.15019238734613588 -0.27207311815736607 -0.013062267341671001 -0.005591081251271687
-0.08873711457385801 -0.4085983258028409 59 nil_vol 0.6 nil_bias 0.76 Left 0.005 0.01 0.001 -0.09128778202013771 -0.4096900955977852 0.0025506674462797006 0.0010917697949442762
0.024347556328014955 -0.6798453009625074 59 nil_vol 0.6 nil_bias 0.76 Home 0.005 0.01 0.001 0.0 -0.75 0.024347556328014955 0.07015469903749261
-0.03715880173492765 -0.5773927387882452 60 nil_vol 0.6 nil_bias 0.76 Home 0.005 0.01 0.001 -0.032899416781172475 -0.575065600097298 -0.0042593849537551805 -0.0023271386909471804
-0.05150166493222853 -0.5491500656449041 60 nil_vol 0.6 nil_bias 0.76 Home 0.005 0.01 0.001 -0.04807991946400718 -0.5472805759518791 -0.003421745468221353 -0.0018694896930250022
-0.08866775381286059 -0.4925254319340587 60 nil_vol 0.6 nil_bias 0.76 Home 0.005 0.01 0.001 -0.08044902432283219 -0.4880350833052475 -0.008218729490028403 -0.004490348628811213
-0.17154473028591166 -0.29772251316477905 60 nil_vol 0.6 nil_bias 0.76 Home 0.005 0.01 0.001 -0.18146585688868871 -0.303142975937169 0.009921126602777063 0.005420462772389954
-0.3111080914628143 -0.07128800365318959 60 nil_vol 0.6 nil_bias 0.76 Home 0.005 0.01 0.001 -0.3088231710601645 -0.07003962466597147 -0.002284920402649813 -0.0012483789872181196
-0.34087363579134494 -0.014773685555030155 60 nil_vol 0.6 nil_bias 0.76 Home 0.005 0.01 0.001 -0.33944459858659026 -0.01399292311958611 -0.0014290372047546774 -0.0007807624354440455
-0.5447460799785593 0.3309207385166655 60 nil_vol 0.6 nil_bias 0.76 Home 0.005 0.01 0.001 -0.5317650062510305 0.3380130204421903 -0.012981073727528816 -0.007092281925524821
-0.5410946227586813 0.3550891097752329 60 nil_vol 0.6 nil_bias 0.76 Left 0.005 0.01 0.001 -0.4 0.35 -0.1410946227586812 0.005089109775232913
-0.5160674036807659 0.3150564020918164 61 nil_vol 0.6 nil_bias 0.76 Left 0.005 0.01 0.001 -0.5217659858448427 0.31247186553757816 0.005698582164076868 0.0025845365542382574
-0.4784838534499644 0.23967206840736466 61 nil_vol 0.6 nil_bias 0.76 Left 0.005 0.01 0.001 -0.4869971671296068 0.23581093773148598 0.00851331367964239 0.0038611306758786893
-0.4133462026593437 0.061968348525664844 61 nil_vol 0.6 nil_bias 0.76 Left 0.005 0.01 0.001 -0.40903861581123296 0.06392201267385944 -0.004307586848110736 -0.0019536641481945967
-0.3352397865635793 -0.09949519437509396 61 nil_vol 0.6 nil_bias 0.76 Left 0.005 0.01 0.001 -0.3349764897014116 -0.09937577864232128 -0.00026329686216769704 -0.00011941573277269426
-0.2853195517057037 -0.21619901722473897 61 nil_vol 0.6 nil_bias 0.76 Left 0.005 0.01 0.001 -0.2825600677779673 -0.21494748010959008 -0.002759483927736369 -0.0012515371151488768
-0.21841729046650055 -0.3190726763761979 61 nil_vol 0.6 nil_bias 0.76 Left 0.005 0.01 0.001 -0.23244882700213104 -0.325436543395099 0.01403153653563049 0.006363867018901065
-0.1119186202035108 -0.6026622289849264 61 nil_vol 0.6 nil_bias 0.76 Left 0.005 0.01 0.001 -0.10760343923281096 -0.6007051205962411 -0.004315180970699845 -0.001957108388685266
-0.03995786656146325 -0.7498552083640352 61 nil_vol 0.6 nil_bias 0.76 Home 0.005 0.01 0.001 0.0 -0.75 -0.03995786656146325 0.00014479163596477654
-0.06053829637492337 -0.7152643321938716 62 nil_vol 0.6 nil_bias 0.76 Home 0.005 0.01 0.001 -0.055098996113106154 -0.7130280184760721 -0.005439300261817217 -0.002236313717799519
-0.12885587200968449 -0.5502460641172622 62 nil_vol 0.6 nil_bias 0.76 Home 0.005 0.01 0.001 -0.12301284535327153 -0.547843762343828 -0.005843026656412943 -0.002402301773434184
-0.14141373827747078 -0.4743773973127453 62 nil_vol 0.6 nil_bias 0.76 Home 0.005 0.01 0.001 -0.1515110022545204 -0.4785287860681392 0.010097263977049624 0.0041513887553938835
-0.16798897369598906 -0.42441508166983005 62 nil_vol 0.6 nil_bias 0.76 Home 0.005 0.01 0.001 -0.17292495062723137 -0.4264444590512492 0.0049359769312423245 0.002029377381419161
-0.24887590352147315 -0.2892345319480883 62 nil_vol 0.6 nil_bias 0.76 Home 0.005 0.01 0.001 -0.2321625883416929 -0.2823630201345517 -0.016713315179780266 -0.006871511813536565
-0.2807099664678768 -0.18972672640369811 62 nil_vol 0.6 nil_bias 0.76 Home 0.005 0.01 0.001 -0.2717616578125176 -0.1860477190987404 -0.0089483086553592 -0.0036790073049577134
-0.4352337053496472 0.20462546857225178 62 nil_vol 0.6 nil_bias 0.76 Home 0.005 0.01 0.001 -0.4327952117831872 0.20562803073116054 -0.0024384935664600064 -0.0010025621589087475
-0.4473796248303363 0.24110114037333824 62 nil_vol 0.6 nil_bias 0.76 Left 0.005 0.01 0.001 -0.4 0.35 -0.047379624830336246 -0.10889885962666175
-0.4034157727510641 0.19038257494662786 63 nil_vol 0.6 nil_bias 0.76 Left 0.005 0.01 0.001 -0.42071448745943213 0.18250985766337452 0.017298714708368027 0.00787271728325333
-0.3190358470547809 -0.034850927216400034 63 nil_vol 0.6 nil_bias 0.76 Left 0.005 0.01 0.001 -0.32131966323876315 -0.035890301496311894 0.00228381618398225 0.0010393742799118606
-0.27932860083301564 -0.11376824496157285 63 nil_vol 0.6 nil_bias 0.76 Left 0.005 0.01 0.001 -0.2847534850509845 -0.11623713241722827 0.005424884217968862 0.002468887455655418
-0.19093138666590118 -0.318846246581421 63 nil_vol 0.6 nil_bias 0.76 Left 0.005 0.01 0.001 -0.19226832493311374 -0.3194546927683412 0.0013369382672125609 0.0006084461869202104
-0.16455662266675242 -0.3946851741822582 63 nil_vol 0.6 nil_bias 0.76 Left 0.005 0.01 0.001 -0.15915036237100633 -0.39222476255135835 -0.005406260295746077 -0.0024604116308998155
-0.13969292776261286 -0.40265255352172064 63 nil_vol 0.6 nil_bias 0.76 Left 0.005 0.01 0.001 -0.15188037036933616 -0.40819910953274 0.0121874426067233 0.005546556011019409
-0.10433111046073044 -0.5074080533559847 63 nil_vol 0.6 nil_bias 0.76 Left 0.005 0.01 0.001 -0.10631836588704124 -0.5083124615969847 0.0019872554263108007 0.0009044082410000028
-0.017644285538607904 -0.7031559397487318 63 nil_vol 0.6 nil_bias 0.76 Home 0.005 0.01 0.001 0.0 -0.75 -0.017644285538607904 0.04684406025126821
