x y trial vol omega bias theta state target_sigma moving_sigma staying_sigma x_mean y_mean x_noise y_noise
-0.042206110679018985 -0.656420785256081 0 nil_vol 0.6 nil_bias 0.43 Home 0.04 0.01 0.001 -0.03566676822157713 -0.6539914473958108 -0.00653934245744185 -0.0024293378602701717
-0.044372904503453284 -0.6250894652103117 0 nil_vol 0.6 nil_bias 0.43 Home 0.04 0.01 0.001 -0.046157448215157514 -0.6257524155956699 0.0017845437117042313 0.0006629503853581747
-0.11011425564275579 -0.45318342432092923 0 nil_vol 0.6 nil_bias 0.43 Home 0.04 0.01 0.001 -0.11024767949266598 -0.4532329907126818 0.00013342384991018452 4.956639175257607e-05
-0.22038109608090042 -0.16121977904634013 0 nil_vol 0.6 nil_bias 0.43 Home 0.04 0.01 0.001 -0.21892965542041712 -0.16068057502523325 -0.001451440660483311 -0.0005392040211068892
-0.2592893185524803 -0.10605477088427763 0 nil_vol 0.6 nil_bias 0.43 Home 0.04 0.01 0.001 -0.2416564104153777 -0.09950422064120523 -0.017632908137102603 -0.006550550243072393
-0.3827908923764018 0.2713357311131771 0 nil_vol 0.6 nil_bias 0.43 Home 0.04 0.01 0.001 -0.37983044153588885 0.2724355259866116 -0.002960450840512963 -0.0010997948734344511
-0.41359389989567685 0.3271995234252118 0 nil_vol 0.6 nil_bias 0.43 Home 0.04 0.01 0.001 -0.401802371309468 0.33158002605393344 -0.011791528586208827 -0.00438050262872165
-0.4254600560593729 0.3952622766210171 0 nil_vol 0.6 nil_bias 0.43 Left 0.04 0.01 0.001 -0.4 0.35 -0.0254600560593729 0.04526227662101709
-0.3562376489747947 0.24973510933504356 1 nil_vol 0.6 nil_bias 0.43 Left 0.04 0.01 0.001 -0.3655508625230519 0.2459971490885273 0.009313213548257199 0.0037379602465162664
-0.29692792985055616 0.09675133297655175 1 nil_vol 0.6 nil_bias 0.43 Left 0.04 0.01 0.001 -0.3044393935457854 0.09373652476449573 0.007511463695229279 0.0030148082120560237
-0.256356143870381 -0.058610333837126764 1 nil_vol 0.6 nil_bias 0.43 Left 0.04 0.01 0.001 -0.2451056607233441 -0.05409482922211717 -0.011250483147036937 -0.004515504615009597
-0.17841959046414504 -0.26407091993817916 1 nil_vol 0.6 nil_bias 0.43 Left 0.04 0.01 0.001 -0.1632699260026121 -0.2579904362026948 -0.015149664461532967 -0.006080483735484361
-0.13373395305106422 -0.31253902228540664 1 nil_vol 0.6 nil_bias 0.43 Left 0.04 0.01 0.001 -0.14031595490406684 -0.31518078080855616 0.006582001853002604 0.0026417585231495308
-0.14161550577439136 -0.32440903006761307 1 nil_vol 0.6 nil_bias 0.43 Left 0.04 0.01 0.001 -0.1373062729608715 -0.3226794722875346 -0.004309232813519845 -0.0017295577800784888
-0.09417087616693058 -0.4231129987039206 1 nil_vol 0.6 nil_bias 0.43 Left 0.04 0.01 0.001 -0.09660419281632443 -0.424089636988385 0.002433316649393855 0.0009766382844643865
0.021843954191913522 -0.7192059075563207 1 nil_vol 0.6 nil_bias 0.43 Home 0.04 0.01 0.001 0.0 -0.75 0.021843954191913522 0.030794092443679276
0.11493221555843984 -0.33226473689372316 2 nil_vol 0.6 nil_bias 0.43 Home 0.04 0.01 0.001 0.11167649055017606 -0.33151035620980357 0.003255725008263777 -0.0007543806839195699
0.17960827476814853 0.015108287669756701 2 nil_vol 0.6 nil_bias 0.43 Home 0.04 0.01 0.001 0.19136018992787546 0.0123852635282653 -0.011751915159726923 0.0027230241414914016
0.21216014487300813 0.030208957132265964 2 nil_vol 0.6 nil_bias 0.43 Home 0.04 0.01 0.001 0.1963394951821726 0.033874743555729614 0.015820649690835523 -0.0036657864234636507
0.2664926185781936 0.25745805310153985 2 nil_vol 0.6 nil_bias 0.43 Home 0.04 0.01 0.001 0.2490805885324534 0.2614925766257912 0.017412030045740212 -0.004034523524251341
0.3148211203410894 0.5552586933215587 2 nil_vol 0.6 nil_bias 0.43 Home 0.04 0.01 0.001 0.3170302275990218 0.5547468233571543 -0.0022091072579324073 0.0005118699644044739
0.3243703843797942 0.5602380373529968 2 nil_vol 0.6 nil_bias 0.43 Home 0.04 0.01 0.001 0.3186117658659201 0.5615723609097781 0.00575861851387412 -0.001334323556781271
0.327729426720848 0.5828857251442116 2 nil_vol 0.6 nil_bias 0.43 Home 0.04 0.01 0.001 0.3237632061127553 0.583804734030808 0.0039662206080927015 -0.000919008886596497
0.33481401477342126 0.6314973577750078 2 nil_vol 0.6 nil_bias 0.43 Right 0.04 0.01 0.001 0.4 0.35 -0.06518598522657874 0.2814973577750079
0.26097698987875345 0.34097623315734965 3 nil_vol 0.6 nil_bias 0.43 Right 0.04 0.01 0.001 0.262942006686867 0.34049091845348184 -0.0019650168081135444 0.0004853147038678082
0.2485334211188182 0.2656352786783967 3 nil_vol 0.6 nil_bias 0.43 Right 0.04 0.01 0.001 0.24468886634592085 0.26658479674532026 0.0038445547728973525 -0.0009495180669235449
0.24041146256534274 0.13717650597529796 3 nil_vol 0.6 nil_bias 0.43 Right 0.04 0.01 0.001 0.21431949875955644 0.14362063084764004 0.026091963805786284 -0.006444124872342082
0.17305838255830566 0.012497128537613483 3 nil_vol 0.6 nil_bias 0.43 Right 0.04 0.01 0.001 0.18142463634305517 0.010430853093421955 -0.008366253784749502 0.002066275444191529
0.11243971136650574 -0.28704185604509697 3 nil_vol 0.6 nil_bias 0.43 Right 0.04 0.01 0.001 0.10821340158620354 -0.2859980531264593 0.004226309780302196 -0.0010438029186376628
0.013325882467476478 -0.6703838760036657 3 nil_vol 0.6 nil_bias 0.43 Right 0.04 0.01 0.001 0.013281504893736418 -0.6703729157467513 4.437757374006131e-05 -1.0960256914395411e-05
0.0035539806523895174 -0.6976588798723463 3 nil_vol 0.6 nil_bias 0.43 Right 0.04 0.01 0.001 0.006370676618366766 -0.6983545400636331 -0.002816695965977249 0.0006956601912867251
-0.006715527098568925 -0.7513399741608054 3 nil_vol 0.6 nil_bias 0.43 Home 0.04 0.01 0.001 0.0 -0.75 -0.006715527098568925 -0.0013399741608054049
-0.03853307288937043 -0.6986803504111002 4 nil_vol 0.6 nil_bias 0.43 Home 0.04 0.01 0.001 -0.01913874681944053 -0.6944454936721743 -0.019394326069929902 -0.004234856738925901
-0.04651011401126996 -0.5795790171663082 4 nil_vol 0.6 nil_bias 0.43 Home 0.04 0.01 0.001 -0.044324667759244006 -0.5791018130729779 -0.0021854462520259545 -0.00047720409333026735
-0.08157558100146337 -0.44888281891955223 4 nil_vol 0.6 nil_bias 0.43 Home 0.04 0.01 0.001 -0.07315994442820965 -0.44704521883352233 -0.00841563657325372 -0.001837600086029883
-0.09177962704725412 -0.39964163820916027 4 nil_vol 0.6 nil_bias 0.43 Home 0.04 0.01 0.001 -0.08388708383346836 -0.39791825840747763 -0.00789254321378575 -0.0017233798016826514
-0.11718694580957126 -0.3085052670005699 4 nil_vol 0.6 nil_bias 0.43 Home 0.04 0.01 0.001 -0.10403783531347 -0.3056340871000921 -0.013149110496101261 -0.0028711799004778197
-0.16929477558346756 0.007043298626852849 4 nil_vol 0.6 nil_bias 0.43 Home 0.04 0.01 0.001 -0.1721753046159588 0.006414319422268333 0.0028805290324912434 0.0006289792045845159
-0.24057406141016066 0.25612429196379993 4 nil_vol 0.6 nil_bias 0.43 Home 0.04 0.01 0.001 -0.22733219747065753 0.2590157250838757 -0.013241863939503143 -0.002891433120075796
-0.26125711791393386 0.41438130402438317 4 nil_vol 0.6 nil_bias 0.43 Left 0.04 0.01 0.001 -0.4 0.35 0.13874288208606617 0.06438130402438318
-0.25372367663643175 0.41258063190140576 5 nil_vol 0.6 nil_bias 0.43 Left 0.04 0.01 0.001 -0.26046226887259993 0.41099767003423676 0.006738592236168164 0.0015829618671689704
-0.15700880244632165 -0.11661775267086413 5 nil_vol 0.6 nil_bias 0.43 Left 0.04 0.01 0.001 -0.13759168338838623 -0.11205647963908477 -0.019417119057935403 -0.004561273031779362
-0.12008716456842314 -0.1647649549127166 5 nil_vol 0.6 nil_bias 0.43 Left 0.04 0.01 0.001 -0.12494203725374664 -0.1659054124536224 0.0048548726853235025 0.0011404575409058098
-0.1289372702954918 -0.23410740733232419 5 nil_vol 0.6 nil_bias 0.43 Left 0.04 0.01 0.001 -0.10996751637702304 -0.2296512247900206 -0.018969753918468748 -0.004456182542303605
-0.06622616125485435 -0.45162923534145843 5 nil_vol 0.6 nil_bias 0.43 Left 0.04 0.01 0.001 -0.05826216390286676 -0.44975841371038144 -0.007963997351987592 -0.0018708216310770126
-0.0641308354616628 -0.5121715490088949 5 nil_vol 0.6 nil_bias 0.43 Left 0.04 0.01 0.001 -0.04467436179806977 -0.5076010311915773 -0.01945647366359303 -0.0045705178173176715
0.000511758586974019 -0.7269989668807035 5 nil_vol 0.6 nil_bias 0.43 Left 0.04 0.01 0.001 0.006532158468613269 -0.7255847154905404 -0.00602039988163925 -0.0014142513901631622
0.01695574109106575 -0.7699574034178474 5 nil_vol 0.6 nil_bias 0.43 Home 0.04 0.01 0.001 0.0 -0.75 0.01695574109106575 -0.019957403417847373
0.14670116454870843 -0.5831406963268682 6 nil_vol 0.6 nil_bias 0.43 Home 0.04 0.01 0.001 0.14388310242899022 -0.5812452739711829 0.0028180621197182298 -0.001895422355685337
0.174392652315673 -0.5264460961430752 6 nil_vol 0.6 nil_bias 0.43 Home 0.04 0.01 0.001 0.17876356213967842 -0.5293859604339067 -0.004370909824005431 0.002939864290831503
0.2753077922911697 -0.40084588245191866 6 nil_vol 0.6 nil_bias 0.43 Home 0.04 0.01 0.001 0.268361673787626 -0.39617393849272275 0.006946118503543702 -0.004671943959195877
0.4376337346356151 -0.13315535785624905 6 nil_vol 0.6 nil_bias 0.43 Home 0.04 0.01 0.001 0.44288966934915097 -0.1366904879324642 -0.005255934713535859 0.0035351300762151293
0.5404467213930392 -0.012191375580117247 6 nil_vol 0.6 nil_bias 0.43 Home 0.04 0.01 0.001 0.5309318905401812 -0.005791721369913128 0.009514830852857935 -0.006399654210204119
0.5497782052536335 0.03472045078445987 6 nil_vol 0.6 nil_bias 0.43 Home 0.04 0.01 0.001 0.5555632186240759 0.030829463572520255 -0.005785013370442387 0.0038909872119396163
0.5533638565917947 0.03518886457351746 6 nil_vol 0.6 nil_bias 0.43 Home 0.04 0.01 0.001 0.5568969939236734 0.03281248420997207 -0.0035331373318787905 0.0023763803635453917
0.6224532075501124 0.13027966970490412 6 nil_vol 0.6 nil_bias 0.43 Right 0.04 0.01 0.001 0.4 0.35 0.22245320755011236 -0.21972033029509586
0.49071818261757344 -0.0698874014683386 7 nil_vol 0.6 nil_bias 0.43 Right 0.04 0.01 0.001 0.48552452965268833 -0.06626916566137245 0.005193652964885128 -0.003618235806966151
0.4644297775174089 -0.1003723981139775 7 nil_vol 0.6 nil_bias 0.43 Right 0.04 0.01 0.001 0.4626364037152204 -0.09912301750456343 0.0017933738021884663 -0.0012493806094140635
0.19666923567889355 -0.5000028675970364 7 nil_vol 0.6 nil_bias 0.43 Right 0.04 0.01 0.001 0.18770715217104367 -0.49375929844207644 0.008962083507849892 -0.006243569154959989
0.1625283870980332 -0.5255823997077306 7 nil_vol 0.6 nil_bias 0.43 Right 0.04 0.01 0.001 0.16455399930680403 -0.5269935726671785 -0.0020256122087708387 0.001411172959447926
0.0820829773434432 -0.6516361183056727 7 nil_vol 0.6 nil_bias 0.43 Right 0.04 0.01 0.001 0.07914556183970689 -0.64958972398025 0.0029374155037363175 -0.002046394325422806
0.07373395270275224 -0.6485873626619106 7 nil_vol 0.6 nil_bias 0.43 Right 0.04 0.01 0.001 0.07784742897882646 -0.6514530772666073 -0.004113476276074226 0.002865714604696683
0.011878744189427453 -0.7564023070901157 7 nil_vol 0.6 nil_bias 0.43 Right 0.04 0.01 0.001 0.007067891487860023 -0.7530507547964718 0.004810852701567431 -0.003351552293643886
-0.0016654545801428602 -0.7655866897435872 7 nil_vol 0.6 nil_bias 0.43 Home 0.04 0.01 0.001 0.0 -0.75 -0.0016654545801428602 -0.01558668974358729
-0.023622939618914027 -0.7166431652403034 8 nil_vol 0.6 nil_bias 0.43 Home 0.04 0.01 0.001 -0.020079300938468155 -0.7153444178750976 -0.0035436386804458733 -0.0012987473652056895
-0.06369006936562917 -0.5854229108756246 8 nil_vol 0.6 nil_bias 0.43 Home 0.04 0.01 0.001 -0.06722134104030128 -0.5867171257199916 0.0035312716746721136 0.0012942148443669305
-0.08463502159057512 -0.5373438627693754 8 nil_vol 0.6 nil_bias 0.43 Home 0.04 0.01 0.001 -0.08523597307463471 -0.5375641121308145 0.0006009514840595843 0.00022024936143902535
-0.08653013651168864 -0.5283116567764152 8 nil_vol 0.6 nil_bias 0.43 Home 0.04 0.01 0.001 -0.08837870282008188 -0.5289891583049096 0.0018485663083932318 0.0006775015284943322
-0.1901383780377995 -0.2974496892114203 8 nil_vol 0.6 nil_bias 0.43 Home 0.04 0.01 0.001 -0.17523943679005316 -0.2919892113143255 -0.01489894124774635 -0.005460477897094819
-0.17840473644185761 -0.2720110296221053 8 nil_vol 0.6 nil_bias 0.43 Home 0.04 0.01 0.001 -0.1820692351563377 -0.2733540723190069 0.0036644987144800697 0.0013430426969015363
-0.18915613163095457 -0.22596580054805634 8 nil_vol 0.6 nil_bias 0.43 Home 0.04 0.01 0.001 -0.19821964836375086 -0.2292875891212457 0.0090635167327963 0.003321788573189346
-0.28209646161746876 -0.00042928472627490333 8 nil_vol 0.6 nil_bias 0.43 Left 0.04 0.01 0.001 -0.4 0.35 0.11790353838253127 -0.3504292847262749
-0.2445145241986502 -0.11865865535073973 9 nil_vol 0.6 nil_bias 0.43 Left 0.04 0.01 0.001 -0.2427503330060127 -0.11806859670116578 -0.0017641911926374924 -0.000590058649573951
-0.21680992891224377 -0.170635884086766 9 nil_vol 0.6 nil_bias 0.43 Left 0.04 0.01 0.001 -0.22432749927204645 -0.17315024161960843 0.007517570359802684 0.00251435753284242
-0.20842189210900003 -0.21875419748618882 9 nil_vol 0.6 nil_bias 0.43 Left 0.04 0.01 0.001 -0.20900894143456478 -0.21895054442053566 0.0005870493255647577 0.00019634693434682443
-0.16056873196400728 -0.38000548752573726 9 nil_vol 0.6 nil_bias 0.43 Left 0.04 0.01 0.001 -0.15568784822906986 -0.37837300705684945 -0.0048808837349374155 -0.00163248046888783
-0.12196318387162809 -0.5100672676759679 9 nil_vol 0.6 nil_bias 0.43 Left 0.04 0.01 0.001 -0.11267938711685954 -0.5069621707914017 -0.009283796754768547 -0.003105096884566172
-0.099050058535883 -0.5428103234279514 9 nil_vol 0.6 nil_bias 0.43 Left 0.04 0.01 0.001 -0.10052452353342736 -0.5433034790614939 0.0014744649975443622 0.0004931556335424116
-0.06375226328588066 -0.6236327281457702 9 nil_vol 0.6 nil_bias 0.43 Left 0.04 0.01 0.001 -0.07266071690384476 -0.6266122862194898 0.008908453617964109 0.0029795580737196166
-0.027958694428310824 -0.7602649568503886 9 nil_vol 0.6 nil_bias 0.43 Home 0.04 0.01 0.001 0.0 -0.75 -0.027958694428310824 -0.010264956850388689
-0.028430925840731806 -0.7282665296161547 10 nil_vol 0.6 nil_bias 0.43 Home 0.04 0.01 0.001 -0.023326502949915867 -0.729023362443212 -0.005104422890815941 0.0007568328270573237
0.0059185273597303755 -0.4769545247018534 10 nil_vol 0.6 nil_bias 0.43 Home 0.04 0.01 0.001 0.01387287744928075 -0.47813391625981183 -0.007954350089550375 0.0011793915579584302
0.11237282471312807 0.16341460399042465 10 nil_vol 0.6 nil_bias 0.43 Home 0.04 0.01 0.001 0.10906793684715839 0.16390461974347081 0.0033048878659696795 -0.0004900157530461695
0.15094590777085357 0.4530017840655093 10 nil_vol 0.6 nil_bias 0.43 Home 0.04 0.01 0.001 0.15191115594044308 0.4528586667108879 -0.0009652481695895059 0.0001431173546213679
0.15186020847072584 0.4839344888242985 10 nil_vol 0.6 nil_bias 0.43 Home 0.04 0.01 0.001 0.1564185576318584 0.48325862235395933 -0.004558349161132559 0.0006758664703391901
0.17558662849520515 0.5246631584571974 10 nil_vol 0.6 nil_bias 0.43 Home 0.04 0.01 0.001 0.16283787705959507 0.5265534159450368 0.01274875143561009 -0.0018902574878394453
0.1650367612626229 0.5616061006673855 10 nil_vol 0.6 nil_bias 0.43 Home 0.04 0.01 0.001 0.16797064054368527 0.561171094360497 -0.002933879281062358 0.00043500630688857243
0.18877178652494933 0.7014634309321058 10 nil_vol 0.6 nil_bias 0.43 Right 0.04 0.01 0.001 0.4 0.35 -0.2112282134750507 0.35146343093210586
0.14559026928714244 0.37446760045277794 11 nil_vol 0.6 nil_bias 0.43 Right 0.04 0.01 0.001 0.14203517918155462 0.3749765116541906 0.003555090105587819 -0.000508911201412671
0.07858844976838147 -0.12441549769974009 11 nil_vol 0.6 nil_bias 0.43 Right 0.04 0.01 0.001 0.07070867734522694 -0.12328750816034051 0.00787977242315453 -0.0011279895393995793
0.04698980522511072 -0.28664826402855764 11 nil_vol 0.6 nil_bias 0.43 Right 0.04 0.01 0.001 0.047316880317728766 -0.2866950848329234 -0.00032707509261804525 4.682080436576948e-05
0.043920722024767545 -0.31911381930317684 11 nil_vol 0.6 nil_bias 0.43 Right 0.04 0.01 0.001 0.04270112979156113 -0.3189392346568808 0.001219592233206416 -0.0001745846462960509
0.03809179783827224 -0.351219501710411 11 nil_vol 0.6 nil_bias 0.43 Right 0.04 0.01 0.001 0.03808044179073802 -0.3512178760920378 1.1356047534216805e-05 -1.6256183731754118e-06
0.026280315683751002 -0.4121451502877833 11 nil_vol 0.6 nil_bias 0.43 Right 0.04 0.01 0.001 0.029296886241848175 -0.412576972407975 -0.003016570558097173 0.00043182212019165985
0.014512901296886734 -0.4468154731468636 11 nil_vol 0.6 nil_bias 0.43 Right 0.04 0.01 0.001 0.024197194525112348 -0.4482017798663086 -0.009684293228225614 0.0013863067194450176
-0.012707108621762142 -0.7060033818095908 11 nil_vol 0.6 nil_bias 0.43 Home 0.04 0.01 0.001 0.0 -0.75 -0.012707108621762142 0.043996618190409266
0.06640291225031672 -0.4805912650699731 12 nil_vol 0.6 nil_bias 0.43 Home 0.04 0.01 0.001 0.06681028282780248 -0.4807350626789755 -0.0004073705774857584 0.00014379760900239184
0.13582348212853662 -0.28157918336217114 12 nil_vol 0.6 nil_bias 0.43 Home 0.04 0.01 0.001 0.13696768314710578 -0.2819830745113646 -0.001144201018569147 0.0004038911491935049
0.16773037325859338 -0.1809769070504095 12 nil_vol 0.6 nil_bias 0.43 Home 0.04 0.01 0.001 0.17207986372084585 -0.18251223228845392 -0.00434949046225248 0.0015353252380444196
0.3104695713233209 0.18671307472626641 12 nil_vol 0.6 nil_bias 0.43 Home 0.04 0.01 0.001 0.30330527017411024 0.1892419990825317 0.007164301149210693 -0.002528924356265277
0.3009724698856278 0.193856251499438 12 nil_vol 0.6 nil_bias 0.43 Home 0.04 0.01 0.001 0.30449512481180135 0.19261279067109194 -0.0035226549261735173 0.0012434608283460476
0.31576297097413 0.22615487481774288 12 nil_vol 0.6 nil_bias 0.43 Home 0.04 0.01 0.001 0.3162717407153736 0.2259752843505689 -0.0005087697412436353 0.00017959046717397746
0.3283993161276613 0.26755227127347153 12 nil_vol 0.6 nil_bias 0.43 Home 0.04 0.01 0.001 0.3306656045280212 0.2667522948606119 -0.0022662884003598663 0.0007999764128596082
0.390356697908945 0.43585382130489925 12 nil_vol 0.6 nil_bias 0.43 Right 0.04 0.01 0.001 0.4 0.35 -0.009643302091055033 0.08585382130489928
0.3506673226349285 0.24980008736022732 13 nil_vol 0.6 nil_bias 0.43 Right 0.04 0.01 0.001 0.3382252597161046 0.2533541911884388 0.012442062918823864 -0.0035541038282115136
0.299203304836309 0.13983531971760113 13 nil_vol 0.6 nil_bias 0.43 Right 0.04 0.01 0.001 0.3053007952002112 0.13809355760096365 -0.006097490363902172 0.0017417621166374935
0.2904897590537539 0.11727604049003615 13 nil_vol 0.6 nil_bias 0.43 Right 0.04 0.01 0.001 0.2986854758418057 0.11493491517975635 -0.008195716788051793 0.0023411253102797944
0.27565030603415125 -0.03210151539484398 13 nil_vol 0.6 nil_bias 0.43 Right 0.04 0.01 0.001 0.2581150133625356 -0.027092518798410625 0.017535292671615636 -0.005008996596433358
0.08116869157433752 -0.6251596233296168 13 nil_vol 0.6 nil_bias 0.43 Right 0.04 0.01 0.001 0.08681504548565905 -0.6267725172831833 -0.005646353911321525 0.0016128939535664931
0.0649009477067719 -0.6666800653524134 13 nil_vol 0.6 nil_bias 0.43 Right 0.04 0.01 0.001 0.07462214036031817 -0.6694569463447511 -0.00972119265354626 0.0027768809923375947
0.06709288376718431 -0.6967717421000921 13 nil_vol 0.6 nil_bias 0.43 Right 0.04 0.01 0.001 0.06684022270691659 -0.6966995688883508 0.00025266106026772294 -7.217321174119087e-05
0.051393856484443355 -0.7507735829567351 13 nil_vol 0.6 nil_bias 0.43 Home 0.04 0.01 0.001 0.0 -0.75 0.051393856484443355 -0.0007735829567350956
0.09709010784093022 -0.6384526075096563 14 nil_vol 0.6 nil_bias 0.43 Home 0.04 0.01 0.001 0.0990881075405293 -0.6393075143026679 -0.001997999699599072 0.0008549067930116262
0.09714595679198562 -0.6362705930593954 14 nil_vol 0.6 nil_bias 0.43 Home 0.04 0.01 0.001 0.09988591181826834 -0.6374429686933785 -0.0027399550262827083 0.0011723756339830653
0.10320360180373216 -0.6324609828369561 14 nil_vol 0.6 nil_bias 0.43 Home 0.04 0.01 0.001 0.1022011431856521 -0.6320320494980363 0.001002458618080055 -0.00042893333891974946
0.16064428696613106 -0.49316476123626046 14 nil_vol 0.6 nil_bias 0.43 Home 0.04 0.01 0.001 0.1614688938249304 -0.4935175951257215 -0.0008246068587993301 0.000352833889461038
0.16664658237942714 -0.47464300860046943 14 nil_vol 0.6 nil_bias 0.43 Home 0.04 0.01 0.001 0.16909644956926606 -0.47569126106166343 -0.002449867189838916 0.0010482524611939964
0.2768556521752177 -0.21761598363743373 14 nil_vol 0.6 nil_bias 0.43 Home 0.04 0.01 0.001 0.27910942027159547 -0.21858032895532986 -0.0022537680963777627 0.0009643453178961257
0.4038660103586496 0.09319394806008385 14 nil_vol 0.6 nil_bias 0.43 Home 0.04 0.01 0.001 0.4111738747016436 0.0900670492570026 -0.007307864342994027 0.0031268988030812516
0.45046191907358774 0.18188700143734726 14 nil_vol 0.6 nil_bias 0.43 Right 0.04 0.01 0.001 0.4 0.35 0.05046191907358773 -0.16811299856265272
0.3192533285974586 -0.056375864283794895 15 nil_vol 0.6 nil_bias 0.43 Right 0.04 0.01 0.001 0.33431998455414236 -0.06350673325936546 -0.015066655956683798 0.007130868975570559
0.2929801983442852 -0.13964576305686965 15 nil_vol 0.6 nil_bias 0.43 Right 0.04 0.01 0.001 0.29731359899209675 -0.1416967100172991 -0.004333400647811576 0.002050946960429452
0.2989732953790027 -0.14596876237819215 15 nil_vol 0.6 nil_bias 0.43 Right 0.04 0.01 0.001 0.2959654497558341 -0.1445451848372154 0.003007845623168582 -0.001423577540976744
0.21102469150041672 -0.31041813610922386 15 nil_vol 0.6 nil_bias 0.43 Right 0.04 0.01 0.001 0.2162820899557124 -0.31290640023663624 -0.005257398455295697 0.002488264127412401
0.1650253776515206 -0.42048549339095614 15 nil_vol 0.6 nil_bias 0.43 Right 0.04 0.01 0.001 0.16530381492340007 -0.4206172744384159 -0.0002784372718794781 0.0001317810474597767
0.15330831058695052 -0.439493570388983 15 nil_vol 0.6 nil_bias 0.43 Right 0.04 0.01 0.001 0.1558095965498259 -0.4406773992706524 -0.0025012859628753834 0.0011838288816693747
0.14816433095052522 -0.485616236214874 15 nil_vol 0.6 nil_bias 0.43 Right 0.04 0.01 0.001 0.13703383007576653 -0.480348302600503 0.011130500874758711 -0.005267933614371015
0.04301484538004399 -0.6789989440104203 15 nil_vol 0.6 nil_bias 0.43 Home 0.04 0.01 0.001 0.0 -0.75 0.04301484538004399 0.07100105598957973
-0.07851315164973813 -0.4756404973598414 16 nil_vol 0.6 nil_bias 0.43 Home 0.04 0.01 0.001 -0.0821786400326475 -0.4779226926126682 0.0036654883829093693 0.002282195252826781
-0.10723718941184063 -0.42360635539867414 16 nil_vol 0.6 nil_bias 0.43 Home 0.04 0.01 0.001 -0.11354981273527026 -0.42753670177455866 0.006312623323429636 0.0039303463758845435
-0.14278606742198216 -0.41293042480212255 16 nil_vol 0.6 nil_bias 0.43 Home 0.04 0.01 0.001 -0.12827079953752465 -0.4038929727632964 -0.01451526788445751 -0.009037452038826183
-0.15459654487082808 -0.38197786442856513 16 nil_vol 0.6 nil_bias 0.43 Home 0.04 0.01 0.001 -0.14545806624748403 -0.37628809260184304 -0.00913847862334405 -0.005689771826722081
-0.2305858668760899 -0.2519714102842894 16 nil_vol 0.6 nil_bias 0.43 Home 0.04 0.01 0.001 -0.22501809786570895 -0.24850482284028774 -0.005567769010380957 -0.003466587444001637
-0.2119147292829978 -0.2374492493692184 16 nil_vol 0.6 nil_bias 0.43 Home 0.04 0.01 0.001 -0.2263180219221461 -0.2464169837206362 0.014403292639148309 0.008967734351417789
-0.39254074361616503 0.012333231968672125 16 nil_vol 0.6 nil_bias 0.43 Home 0.04 0.01 0.001 -0.38885073481851296 0.014630694047710668 -0.0036900087976520575 -0.0022974620790385423
-0.4193176685630261 0.0635643650669005 16 nil_vol 0.6 nil_bias 0.43 Left 0.04 0.01 0.001 -0.4 0.35 -0.019317668563026053 -0.2864356349330995
-0.37856975308580587 0.006751902976892155 17 nil_vol 0.6 nil_bias 0.43 Left 0.04 0.01 0.001 -0.3926300429177866 0.0007757298930162887 0.014060289831980693 0.005976173083875866
-0.3123812369287716 -0.13690267230671965 17 nil_vol 0.6 nil_bias 0.43 Left 0.04 0.01 0.001 -0.3307863092375126 -0.14472554786993214 0.018405072308740982 0.007822875563212497
-0.2012232252135064 -0.44971305773220516 17 nil_vol 0.6 nil_bias 0.43 Left 0.04 0.01 0.001 -0.20116517633387684 -0.44968838468804057 -5.804887962957495e-05 -2.4673044164591457e-05
-0.13449314948416574 -0.5887055141972771 17 nil_vol 0.6 nil_bias 0.43 Left 0.04 0.01 0.001 -0.1409169472298442 -0.5914358794772778 0.006423797745678486 0.0027303652800006483
-0.13507323315243266 -0.6369822871462405 17 nil_vol 0.6 nil_bias 0.43 Left 0.04 0.01 0.001 -0.12362598279228965 -0.6321167580352351 -0.01144725036014303 -0.004865529111005386
-0.12747326751371738 -0.6521853579919579 17 nil_vol 0.6 nil_bias 0.43 Left 0.04 0.01 0.001 -0.11698994209426017 -0.6477295346803522 -0.010483325419457219 -0.004455823311605682
-0.09955463795527683 -0.6751357233316475 17 nil_vol 0.6 nil_bias 0.43 Left 0.04 0.01 0.001 -0.10445580399041338 -0.6772189105837458 0.004901166035136545 0.0020831872520983064
-0.069480189392224 -0.7595069018116138 17 nil_vol 0.6 nil_bias 0.43 Home 0.04 0.01 0.001 0.0 -0.75 -0.069480189392224 -0.009506901811613889
0.015739310790293285 -0.5519417783657334 18 nil_vol 0.6 nil_bias 0.43 Home 0.04 0.01 0.001 0.021034454908968103 -0.5542771517030387 -0.005295144118674818 0.002335373337305323
0.04363259560727431 -0.4685068120701923 18 nil_vol 0.6 nil_bias 0.43 Home 0.04 0.01 0.001 0.05638256980267528 -0.47413006785321377 -0.012749974195400969 0.005623255783021473
0.17186698823751667 -0.2078320637883841 18 nil_vol 0.6 nil_bias 0.43 Home 0.04 0.01 0.001 0.1735110027389019 -0.2085571408678044 -0.001644014501385243 0.0007250770794203163
0.29066617103510967 0.05388032453530676 18 nil_vol 0.6 nil_bias 0.43 Home 0.04 0.01 0.001 0.28948611134498503 0.05440077872408444 0.0011800596901246263 -0.0005204541887776854
0.34080438476381997 0.1658674369548052 18 nil_vol 0.6 nil_bias 0.43 Home 0.04 0.01 0.001 0.3389986706176035 0.1666638301364367 0.0018057141462164445 -0.0007963931816315315
0.38792480725586487 0.28343904983612983 18 nil_vol 0.6 nil_bias 0.43 Home 0.04 0.01 0.001 0.3900817228557251 0.2824877625680522 -0.0021569155998602623 0.0009512872680776445
0.432388703676482 0.36893995184333467 18 nil_vol 0.6 nil_bias 0.43 Home 0.04 0.01 0.001 0.42889100589005236 0.37048257844032784 0.003497697786429644 -0.0015426265969931522
0.4489296519903134 0.41591750627350943 18 nil_vol 0.6 nil_bias 0.43 Right 0.04 0.01 0.001 0.4 0.35 0.048929651990313405 0.06591750627350945
0.39472957500879147 0.32998088020626426 19 nil_vol 0.6 nil_bias 0.43 Right 0.04 0.01 0.001 0.4146306855184126 0.32266138709288467 -0.01990111050962115 0.007319493113379591
0.358753770470812 0.1947849105093767 19 nil_vol 0.6 nil_bias 0.43 Right 0.04 0.01 0.001 0.36654469441932996 0.19191946166115928 -0.007790923948517995 0.0028654488482174243
0.2571933265674916 -0.12072873747397923 19 nil_vol 0.6 nil_bias 0.43 Right 0.04 0.01 0.001 0.25222666261639326 -0.11890203224720508 0.004966663951098349 -0.0018267052267741555
0.1965469260248298 -0.3121930909449978 19 nil_vol 0.6 nil_bias 0.43 Right 0.04 0.01 0.001 0.1829718509975347 -0.3072002706635436 0.013575075027295075 -0.0049928202814541875
0.16575658703753168 -0.38193314983013604 19 nil_vol 0.6 nil_bias 0.43 Right 0.04 0.01 0.001 0.15670943158543182 -0.37860566757756 0.009047155452099847 -0.0033274822525760687
0.06546739105806006 -0.6535201047183823 19 nil_vol 0.6 nil_bias 0.43 Right 0.04 0.01 0.001 0.056773772803853095 -0.6503226510430582 0.008693618254206965 -0.0031974536753240877
0.04782199251823858 -0.7344021185065214 19 nil_vol 0.6 nil_bias 0.43 Right 0.04 0.01 0.001 0.028467970550592026 -0.727283840838554 0.019354021967646552 -0.007118277667967335
0.016726507118918866 -0.7592079314386627 19 nil_vol 0.6 nil_bias 0.43 Home 0.04 0.01 0.001 0.0 -0.75 0.016726507118918866 -0.009207931438662734
0.1240555999976082 -0.5313713401396134 20 nil_vol 0.6 nil_bias 0.43 Home 0.04 0.01 0.001 0.1201051382867647 -0.5295927412420479 0.003950461710843508 -0.0017785988975654852
0.15581279961358327 -0.47828232372840696 20 nil_vol 0.6 nil_bias 0.43 Home 0.04 0.01 0.001 0.1453310777368429 -0.4735631844633974 0.01048172187674037 -0.004719139265009563
0.2868419501536968 -0.18442062736900977 20 nil_vol 0.6 nil_bias 0.43 Home 0.04 0.01 0.001 0.27742025786924945 -0.18017874053732064 0.00942169228444733 -0.0042418868316891475
0.29953457878578765 -0.09296367745511652 20 nil_vol 0.6 nil_bias 0.43 Home 0.04 0.01 0.001 0.3137958968968167 -0.09938448761016316 -0.014261318111029039 0.006420810155046645
0.3426832313117016 -0.03361894473935892 20 nil_vol 0.6 nil_bias 0.43 Home 0.04 0.01 0.001 0.34328354155952956 -0.03388921976621295 -0.0006003102478279483 0.0002702750268540315
0.40497734358979876 0.13354232199969931 20 nil_vol 0.6 nil_bias 0.43 Home 0.04 0.01 0.001 0.41635850705831173 0.12841823112633466 -0.011381163468512985 0.005124090873364663
0.457506530649494 0.18943653380420453 20 nil_vol 0.6 nil_bias 0.43 Home 0.04 0.01 0.001 0.44613545868601756 0.19455608122390566 0.011371071963476437 -0.005119547419701129
0.6037898034188428 0.5447235379043506 20 nil_vol 0.6 nil_bias 0.43 Right 0.04 0.01 0.001 0.4 0.35 0.20378980341884279 0.19472353790435057
0.5606317282525713 0.4357641745583057 21 nil_vol 0.6 nil_bias 0.43 Right 0.04 0.01 0.001 0.552355732062436 0.439821960822636 0.008275996190135294 -0.004057786264330318
0.3042385936817965 -0.06288201803464182 21 nil_vol 0.6 nil_bias 0.43 Right 0.04 0.01 0.001 0.30555865711920605 -0.0635292555588386 -0.001320063437409537 0.0006472375241967719
0.25939771592796473 -0.13327950783878384 21 nil_vol 0.6 nil_bias 0.43 Right 0.04 0.01 0.001 0.2690412375485241 -0.13800780261716006 -0.009643521620559354 0.00472829477837622
0.27103215718734064 -0.148945845368658 21 nil_vol 0.6 nil_bias 0.43 Right 0.04 0.01 0.001 0.2651034910386257 -0.14603897355391127 0.005928666148714945 -0.002906871814746733
0.1655714938982693 -0.3237408901389782 21 nil_vol 0.6 nil_bias 0.43 Right 0.04 0.01 0.001 0.1755709507795029 -0.3286437027854845 -0.009999456881233618 0.004902812646506273
0.1731295961462321 -0.37304239015372986 21 nil_vol 0.6 nil_bias 0.43 Right 0.04 0.01 0.001 0.15754781305751486 -0.36540251889973674 0.015581783088717233 -0.007639871253993123
0.1349122517672084 -0.4120875116665545 21 nil_vol 0.6 nil_bias 0.43 Right 0.04 0.01 0.001 0.13470710921001267 -0.4119869286513266 0.00020514255719572005 -0.00010058301522789624
-0.020686667231361498 -0.7289179393120842 21 nil_vol 0.6 nil_bias 0.43 Home 0.04 0.01 0.001 0.0 -0.75 -0.020686667231361498 0.021082060687915887
-0.03863982332230164 -0.5986860755813216 22 nil_vol 0.6 nil_bias 0.43 Home 0.04 0.01 0.001 -0.041526904948103446 -0.5991497289461919 0.002887081625801809 0.0004636533648703356
-0.045290434079278276 -0.5737957638564913 22 nil_vol 0.6 nil_bias 0.43 Home 0.04 0.01 0.001 -0.0455908975852003 -0.5738440170524857 0.0003004635059220288 4.825319599434491e-05
-0.08464092962306626 -0.38430467684688924 22 nil_vol 0.6 nil_bias 0.43 Home 0.04 0.01 0.001 -0.07624662913868452 -0.382956586917414 -0.008394300484381736 -0.001348089929475191
-0.09380986436322626 -0.2675493630115044 22 nil_vol 0.6 nil_bias 0.43 Home 0.04 0.01 0.001 -0.09475614625739931 -0.2677013319688169 0.0009462818941730508 0.00015196895731251094
-0.12468719589274944 -0.04320329780252139 22 nil_vol 0.6 nil_bias 0.43 Home 0.04 0.01 0.001 -0.13065566869866377 -0.04416180984280038 0.005968472805914324 0.000958512040278988
-0.13739969774438007 0.025912625375247567 22 nil_vol 0.6 nil_bias 0.43 Home 0.04 0.01 0.001 -0.14179594922853686 0.025206605574758068 0.004396251484156781 0.0007060198004895013
-0.14549890114928285 0.04408191831467532 22 nil_vol 0.6 nil_bias 0.43 Home 0.04 0.01 0.001 -0.14484413349784353 0.04418707129063726 -0.0006547676514393231 -0.00010515297596193753
-0.19367408534234573 0.34824192657778585 22 nil_vol 0.6 nil_bias 0.43 Left 0.04 0.01 0.001 -0.4 0.35 0.2063259146576543 -0.0017580734222141002
-0.18891080695429915 0.30702178735558056 23 nil_vol 0.6 nil_bias 0.43 Left 0.04 0.01 0.001 -0.18678343757684326 0.307380535618995 -0.0021273693774558817 -0.00035874826341444004
-0.16804021892485 0.2991426512948254 23 nil_vol 0.6 nil_bias 0.43 Left 0.04 0.01 0.001 -0.18491438287190726 0.29629708198432947 0.016874163947057257 0.002845569310495956
-0.17845801654056365 0.15837777639414552 23 nil_vol 0.6 nil_bias 0.43 Left 0.04 0.01 0.001 -0.1621209910348712 0.16113276553314196 -0.016337025505692424 -0.002754989138996439
-0.08524094599187418 -0.26271802220893353 23 nil_vol 0.6 nil_bias 0.43 Left 0.04 0.01 0.001 -0.09049561671965455 -0.2636041419483557 0.005254670727780363 0.000886119739422164
-0.052710315192314505 -0.5090901285437617 23 nil_vol 0.6 nil_bias 0.43 Left 0.04 0.01 0.001 -0.04919804558105523 -0.5084978380665952 -0.0035122696112592773 -0.0005922904771664209
-0.026273024751895115 -0.6357218563112106 23 nil_vol 0.6 nil_bias 0.43 Left 0.04 0.01 0.001 -0.027702998327822248 -0.6359629994537832 0.001429973575927135 0.00024114314257258571
-0.015976896323597927 -0.7273451961075602 23 nil_vol 0.6 nil_bias 0.43 Left 0.04 0.01 0.001 -0.012394660825515519 -0.7267411069551557 -0.0035822354980824087 -0.0006040891524045063
-0.011801914831160679 -0.730256077773407 23 nil_vol 0.6 nil_bias 0.43 Home 0.04 0.01 0.001 0.0 -0.75 -0.011801914831160679 0.01974392222659303
-0.03829320114292214 -0.678591407210064 24 nil_vol 0.6 nil_bias 0.43 Home 0.04 0.01 0.001 -0.02218204245606848 -0.6755352425400354 -0.016111158686853658 -0.0030561646700285384
-0.06859294577865736 -0.4250584971137691 24 nil_vol 0.6 nil_bias 0.43 Home 0.04 0.01 0.001 -0.06965728398055773 -0.4252603940023066 0.0010643382019003742 0.00020189688853749734
-0.10333237835484597 -0.2813889442258407 24 nil_vol 0.6 nil_bias 0.43 Home 0.04 0.01 0.001 -0.09717033740371683 -0.2802200517696155 -0.006162040951129143 -0.0011688924562251752
-0.1583760008638566 -0.06760036751225282 24 nil_vol 0.6 nil_bias 0.43 Home 0.04 0.01 0.001 -0.13822768101840288 -0.0637783839746966 -0.020148319845453715 -0.0038219835375562163
-0.14352093423829482 -0.02735465511652998 24 nil_vol 0.6 nil_bias 0.43 Home 0.04 0.01 0.001 -0.1450808552945479 -0.027650560315703787 0.0015599210562530779 0.0002959051991738079
-0.21424328661314698 0.2819334933687468 24 nil_vol 0.6 nil_bias 0.43 Home 0.04 0.01 0.001 -0.20416910487087164 0.28384448927652783 -0.010074181742275335 -0.001910995907781048
-0.23552272716530068 0.4590761333306829 24 nil_vol 0.6 nil_bias 0.43 Home 0.04 0.01 0.001 -0.23734369510135828 0.4587307095173122 0.0018209679360576062 0.00034542381337073554
-0.2453000426776839 0.5006741229815969 24 nil_vol 0.6 nil_bias 0.43 Left 0.04 0.01 0.001 -0.4 0.35 0.15469995732231612 0.15067412298159688
-0.22644628952419252 0.36355612625357564 25 nil_vol 0.6 nil_bias 0.43 Left 0.04 0.01 0.001 -0.21823763220676623 0.3651958433681801 -0.008208657317426293 -0.0016397171146044932
-0.2300058230092086 0.32363226624627744 25 nil_vol 0.6 nil_bias 0.43 Left 0.04 0.01 0.001 -0.2107052459546537 0.32748764542636716 -0.019300577054554898 -0.0038553791800897182
-0.20690905127427225 0.24691830325933903 25 nil_vol 0.6 nil_bias 0.43 Left 0.04 0.01 0.001 -0.1950830294660678 0.24928060559536575 -0.011826021808204476 -0.0023623023360267075
-0.13410429640117713 -0.05174972262781386 25 nil_vol 0.6 nil_bias 0.43 Left 0.04 0.01 0.001 -0.13491835224675525 -0.05191233403314133 0.0008140558455781063 0.0001626114053274632
-0.08014635784044466 -0.2768907626142129 25 nil_vol 0.6 nil_bias 0.43 Left 0.04 0.01 0.001 -0.08960063121396805 -0.2787792972742974 0.009454273373523394 0.0018885346600845075
-0.0407499119303861 -0.5051399193744838 25 nil_vol 0.6 nil_bias 0.43 Left 0.04 0.01 0.001 -0.044244609089868187 -0.5058380012313787 0.0034946971594820844 0.0006980818568948546
-0.00380175053375369 -0.6542062776691371 25 nil_vol 0.6 nil_bias 0.43 Left 0.04 0.01 0.001 -0.014192742037637762 -0.6562819260910121 0.010390991503884072 0.002075648421875005
-0.0025307866588131357 -0.7146633349957903 25 nil_vol 0.6 nil_bias 0.43 Home 0.04 0.01 0.001 0.0 -0.75 -0.0025307866588131357 0.03533666500420978
-0.013346529518440852 -0.6487617795025102 26 nil_vol 0.6 nil_bias 0.43 Home 0.04 0.01 0.001 -0.02428593052672751 -0.6525961441571435 0.010939401008286657 0.0038343646546332506
-0.040338353740083176 -0.6196593414531367 26 nil_vol 0.6 nil_bias 0.43 Home 0.04 0.01 0.001 -0.03632380948672875 -0.6182522053057496 -0.004014544253354424 -0.0014071361473871177
-0.12947635206176872 -0.39378177528407393 26 nil_vol 0.6 nil_bias 0.43 Home 0.04 0.01 0.001 -0.11658645504052613 -0.38926374312649276 -0.0128898970212426 -0.0045180321575811755
-0.1391273546209077 -0.3810132200483171 26 nil_vol 0.6 nil_bias 0.43 Home 0.04 0.01 0.001 -0.12162823124724056 -0.37487960998134645 -0.017499123373667127 -0.006133610066970639
-0.16729223591493614 -0.2517162702876892 26 nil_vol 0.6 nil_bias 0.43 Home 0.04 0.01 0.001 -0.16507104787711577 -0.25093772264170194 -0.002221188037820359 -0.0007785476459872904
-0.2376528166390271 -0.05815387352872055 26 nil_vol 0.6 nil_bias 0.43 Home 0.04 0.01 0.001 -0.23319170851770352 -0.05659021247562057 -0.004461108121323584 -0.0015636610530999798
-0.22744120319244887 -0.040899048667766495 26 nil_vol 0.6 nil_bias 0.43 Home 0.04 0.01 0.001 -0.23746065246171988 -0.04441096144140755 0.010019449269271013 0.003511912773641053
-0.32033966330183633 0.1920419626837471 26 nil_vol 0.6 nil_bias 0.43 Left 0.04 0.01 0.001 -0.4 0.35 0.0796603366981637 -0.15795803731625288
-0.30704982707130896 0.19505890654740007 27 nil_vol 0.6 nil_bias 0.43 Left 0.04 0.01 0.001 -0.31974412055566037 0.19041427741741807 0.012694293484351391 0.0046446291299820155
-0.31082401395036297 0.15289654238589792 27 nil_vol 0.6 nil_bias 0.43 Left 0.04 0.01 0.001 -0.3065845497580991 0.15444769124716992 -0.004239464192263838 -0.0015511488612720053
-0.3027855282738433 0.14178499493591862 27 nil_vol 0.6 nil_bias 0.43 Left 0.04 0.01 0.001 -0.3020499533199161 0.14205412947755397 -0.0007355749539272537 -0.0002691345416353642
-0.164822339451569 -0.23026022426120585 27 nil_vol 0.6 nil_bias 0.43 Left 0.04 0.01 0.001 -0.16570783273282966 -0.23058421140500526 0.0008854932812606628 0.00032398714379942297
-0.12709301207527784 -0.34460653395455804 27 nil_vol 0.6 nil_bias 0.43 Left 0.04 0.01 0.001 -0.12435545505585005 -0.3436049077440805 -0.002737557019427792 -0.001001626210477576
-0.0690345352594924 -0.47057931996134933 27 nil_vol 0.6 nil_bias 0.43 Left 0.04 0.01 0.001 -0.07685122256546192 -0.4734393147776045 0.007816687305969532 0.002859994816255168
0.005850048989637596 -0.6566256856983655 27 nil_vol 0.6 nil_bias 0.43 Left 0.04 0.01 0.001 -0.007975559427466306 -0.6616842439925286 0.013825608417103901 0.005058558294163021
0.028138359504060118 -0.7603876437597014 27 nil_vol 0.6 nil_bias 0.43 Home 0.04 0.01 0.001 0.0 -0.75 0.028138359504060118 -0.010387643759701375
0.04372345960816541 -0.7088234488020535 28 nil_vol 0.6 nil_bias 0.43 Home 0.04 0.01 0.001 0.038086203434194985 -0.7077579189179162 0.005637256173970429 -0.0010655298841373319
0.12956944481596902 -0.22561372137775437 28 nil_vol 0.6 nil_bias 0.43 Home 0.04 0.01 0.001 0.12923111084659325 -0.22554977094795958 0.00033833396937575974 -6.395042979477836e-05
0.1345711520545033 -0.20466061874652489 28 nil_vol 0.6 nil_bias 0.43 Home 0.04 0.01 0.001 0.13322749324030136 -0.20440664614417492 0.001343658814201917 -0.00025397260234996433
0.18089887042030578 0.07453399150840519 28 nil_vol 0.6 nil_bias 0.43 Home 0.04 0.01 0.001 0.185777357869982 0.07361188082075876 -0.0048784874496762215 0.0009221106876464257
0.18481046834483214 0.1374028688641544 28 nil_vol 0.6 nil_bias 0.43 Home 0.04 0.01 0.001 0.19738558534836995 0.13502597440516872 -0.012575117003537811 0.0023768944589856633
0.22217971915081156 0.2604121922364331 28 nil_vol 0.6 nil_bias 0.43 Home 0.04 0.01 0.001 0.22112329117512686 0.2606118737026982 0.0010564279756846895 -0.00019968146626516033
0.23533927991169415 0.29626244337006713 28 nil_vol 0.6 nil_bias 0.43 Home 0.04 0.01 0.001 0.22811974032037183 0.29762704965136166 0.007219539591322326 -0.0013646062812945547
0.23315899652569763 0.3242875671822152 28 nil_vol 0.6 nil_bias 0.43 Right 0.04 0.01 0.001 0.4 0.35 -0.1668410034743024 -0.02571243281778481
0.2161287425513664 0.20536262713599315 29 nil_vol 0.6 nil_bias 0.43 Right 0.04 0.01 0.001 0.20480854429960246 0.20812542695263103 0.011320198251763957 -0.002762799816637891
0.18858066028672207 0.11293028210780454 29 nil_vol 0.6 nil_bias 0.43 Right 0.04 0.01 0.001 0.18196909983664067 0.11454389501395032 0.006611560450081402 -0.001613612906145781
0.1546633405284415 -0.014122517396840466 29 nil_vol 0.6 nil_bias 0.43 Right 0.04 0.01 0.001 0.15079715279686415 -0.013178938272311869 0.0038661877315773613 -0.0009435791245285978
0.15497036726340083 -0.014440430559789368 29 nil_vol 0.6 nil_bias 0.43 Right 0.04 0.01 0.001 0.15074118488592073 -0.013408259211093287 0.0042291823774801025 -0.0010321713486960815
0.03326998584218686 -0.5190249060310624 29 nil_vol 0.6 nil_bias 0.43 Right 0.04 0.01 0.001 0.027674054419156713 -0.5176591668482653 0.005595931423030146 -0.0013657391827971558
-0.00477861812768912 -0.6876708240196507 29 nil_vol 0.6 nil_bias 0.43 Right 0.04 0.01 0.001 -0.013310663134136924 -0.6855884989706449 0.008532045006447804 -0.002082325049005842
-0.008631740454666992 -0.7009352023687477 29 nil_vol 0.6 nil_bias 0.43 Right 0.04 0.01 0.001 -0.016582577814697713 -0.6989947264590624 0.007950837360030721 -0.0019404759096853846
-0.030634066637521454 -0.7565687997773315 29 nil_vol 0.6 nil_bias 0.43 Home 0.04 0.01 0.001 0.0 -0.75 -0.030634066637521454 -0.006568799777331485
-0.04891767645553255 -0.7511571028408234 30 nil_vol 0.6 nil_bias 0.43 Home 0.04 0.01 0.001 -0.03147332272579197 -0.7491765992089059 -0.01744435372974058 -0.001980503631917456
-0.08526199063355605 -0.4501799637775143 30 nil_vol 0.6 nil_bias 0.43 Home 0.04 0.01 0.001 -0.06567171384878479 -0.4479558278236348 -0.019590276784771266 -0.002224135953879485
-0.07700016274154212 -0.16564321145227573 30 nil_vol 0.6 nil_bias 0.43 Home 0.04 0.01 0.001 -0.09745969565062712 -0.16796603635376206 0.020459532909085004 0.002322824901486342
-0.08793849901862637 -0.1174212082249504 30 nil_vol 0.6 nil_bias 0.43 Home 0.04 0.01 0.001 -0.10300399457560458 -0.11913163379470726 0.015065495556978212 0.0017104255697568546
-0.10216600284766754 -0.11244140818192429 30 nil_vol 0.6 nil_bias 0.43 Home 0.04 0.01 0.001 -0.10374322374620518 -0.11262047424342958 0.001577220898537632 0.00017906606150529751
-0.13141831306014826 0.03338161669996155 30 nil_vol 0.6 nil_bias 0.43 Home 0.04 0.01 0.001 -0.12046047029810251 0.03462568958018597 -0.010957842762045745 -0.0012440728802244221
-0.13663815342934027 0.06368891639101691 30 nil_vol 0.6 nil_bias 0.43 Home 0.04 0.01 0.001 -0.12392397676655557 0.06513239050577047 -0.01271417666278469 -0.0014434741147535594
-0.1314451484810607 0.13137916619227685 30 nil_vol 0.6 nil_bias 0.43 Right 0.04 0.01 0.001 0.4 0.35 -0.5314451484810607 -0.21862083380772313
-0.12938804928123374 0.06960686329370264 31 nil_vol 0.6 nil_bias 0.43 Right 0.04 0.01 0.001 -0.12427006651340554 0.07020716977409237 -0.005117982767828199 -0.0006003064803897375
-0.11232129822947004 -0.09776457295091162 31 nil_vol 0.6 nil_bias 0.43 Right 0.04 0.01 0.001 -0.10467328057027106 -0.09686750964077068 -0.007648017659198981 -0.000897063310140949
-0.12219435022180017 -0.10062293887095515 31 nil_vol 0.6 nil_bias 0.43 Right 0.04 0.01 0.001 -0.10447655048830787 -0.09854475485182912 -0.017717799733492304 -0.0020781840191260352
-0.08770323276472111 -0.16930119104649444 31 nil_vol 0.6 nil_bias 0.43 Right 0.04 0.01 0.001 -0.09606227348318155 -0.17028165279104673 0.008359040718460437 0.0009804617445523084
-0.07953466691340838 -0.3130418871240636 31 nil_vol 0.6 nil_bias 0.43 Right 0.04 0.01 0.001 -0.07932036398838174 -0.3130167507684923 -0.0002143029250266427 -2.513635557131054e-05
-0.05307614910661897 -0.6422932097179316 31 nil_vol 0.6 nil_bias 0.43 Right 0.04 0.01 0.001 -0.04086633193850231 -0.6408610766485378 -0.012209817168116654 -0.0014321330693937858
-0.03248425524816263 -0.7155459735493883 31 nil_vol 0.6 nil_bias 0.43 Right 0.04 0.01 0.001 -0.03211140322175818 -0.7155022404033754 -0.0003728520264044578 -4.373314601292049e-05
-0.025498452084092953 -0.7718817250044533 31 nil_vol 0.6 nil_bias 0.43 Home 0.04 0.01 0.001 0.0 -0.75 -0.025498452084092953 -0.02188172500445333
-0.005552241693129779 -0.7304638796750705 32 nil_vol 0.6 nil_bias 0.54 Home 0.005 0.01 0.001 -0.010962459696449931 -0.7286449891826018 0.005410218003320153 -0.0018188904924688004
0.022190479199454858 -0.6391893814949482 32 nil_vol 0.6 nil_bias 0.54 Home 0.005 0.01 0.001 0.019424712813591066 -0.6382595435141958 0.0027657663858637917 -0.0009298379807523915
0.02429915743001324 -0.6194482249314324 32 nil_vol 0.6 nil_bias 0.54 Home 0.005 0.01 0.001 0.02560176194424487 -0.6198861545980241 -0.0013026045142316334 0.0004379296665917833
0.12331071382880933 -0.30477180697403805 32 nil_vol 0.6 nil_bias 0.54 Home 0.005 0.01 0.001 0.13070590250608302 -0.30725803550805486 -0.007395188677273687 0.002486228534016813
0.24234431769944012 0.009241137337004865 32 nil_vol 0.6 nil_bias 0.54 Home 0.005 0.01 0.001 0.23764286623256287 0.01082174376888223 0.004701451466877264 -0.0015806064318773653
0.27594143377659225 0.15533025652662225 32 nil_vol 0.6 nil_bias 0.54 Home 0.005 0.01 0.001 0.28518157684359974 0.15222376278398242 -0.009240143067007479 0.003106493742639829
0.36633190146560335 0.38935508301059263 32 nil_vol 0.6 nil_bias 0.54 Home 0.005 0.01 0.001 0.3650490383325282 0.38978637571533337 0.001282863133075125 -0.00043129270474075615
0.384683828302736 0.44818928376728706 32 nil_vol 0.6 nil_bias 0.54 Right 0.005 0.01 0.001 0.4 0.35 -0.01531617169726401 0.09818928376728711
0.27739974549504814 0.13522923096339948 33 nil_vol 0.6 nil_bias 0.54 Right 0.005 0.01 0.001 0.28576122679094584 0.13260822611464584 -0.00836148129589771 0.0026210048487536448
0.26577240625772797 0.1272858596490286 33 nil_vol 0.6 nil_bias 0.54 Right 0.005 0.01 0.001 0.28245378458464127 0.12205688502940176 -0.01668137832691328 0.00522897461962684
0.2773982810604737 0.1230529789585029 33 nil_vol 0.6 nil_bias 0.54 Right 0.005 0.01 0.001 0.2822857842568979 0.1215209334844059 -0.004887503196424193 0.0015320454740969931
0.2545168669896575 0.08689483201722259 33 nil_vol 0.6 nil_bias 0.54 Right 0.005 0.01 0.001 0.2699184877706864 0.0820670124817598 -0.015401620781028922 0.004827819535462792
0.26889427619936135 0.026765800051315815 33 nil_vol 0.6 nil_bias 0.54 Right 0.005 0.01 0.001 0.2540429381222432 0.031421126988386616 0.014851338077118144 -0.004655326937070802
0.22144606771848993 -0.018065473405018045 33 nil_vol 0.6 nil_bias 0.54 Right 0.005 0.01 0.001 0.23700225562167845 -0.02294174382643055 -0.015556187903188516 0.004876270421412503
0.14391768202380295 -0.3826865841467188 33 nil_vol 0.6 nil_bias 0.54 Right 0.005 0.01 0.001 0.12599686483996114 -0.37706909281112 0.01792081718384181 -0.005617491335598824
0.0039283205910006095 -0.7664899098082738 33 nil_vol 0.6 nil_bias 0.54 Home 0.005 0.01 0.001 0.0 -0.75 0.0039283205910006095 -0.016489909808273834
0.07250337325283777 -0.5785947686469565 34 nil_vol 0.6 nil_bias 0.54 Home 0.005 0.01 0.001 0.0747211894628818 -0.5794341202248425 -0.0022178162100440196 0.0008393515778860759
0.12886776860338006 -0.46713856283321037 34 nil_vol 0.6 nil_bias 0.54 Home 0.005 0.01 0.001 0.11867965896760542 -0.46328278530767136 0.01018810963577465 -0.003855777525538988
0.14345887100605778 -0.42403992128972323 34 nil_vol 0.6 nil_bias 0.54 Home 0.005 0.01 0.001 0.13477522417181026 -0.42075352062265153 0.008683646834247527 -0.003286400667071697
0.1394963456776468 -0.3957197501564746 34 nil_vol 0.6 nil_bias 0.54 Home 0.005 0.01 0.001 0.14365396928018742 -0.39729323848938725 -0.004157623602540629 0.0015734883329126738
0.29069643399534334 -0.025499202861475282 34 nil_vol 0.6 nil_bias 0.54 Home 0.005 0.01 0.001 0.28515615230558783 -0.02340243570954914 0.005540281689755514 -0.0020967671519261403
0.4010167573643676 0.2707379674383418 34 nil_vol 0.6 nil_bias 0.54 Home 0.005 0.01 0.001 0.3970449917348508 0.2722411162263392 0.003971765629516791 -0.001503148787997376
0.4108844828109358 0.3338952491375514 34 nil_vol 0.6 nil_bias 0.54 Home 0.005 0.01 0.001 0.41918905597419265 0.33075231215445866 -0.008304573163256841 0.0031429369830927693
0.43537752555512466 0.3735270578013522 34 nil_vol 0.6 nil_bias 0.54 Right 0.005 0.01 0.001 0.4 0.35 0.03537752555512461 0.02352705780135223
0.39890053037073697 0.27663416213829883 35 nil_vol 0.6 nil_bias 0.54 Right 0.005 0.01 0.001 0.3969030706008387 0.27743391930244665 0.001997459769898299 -0.0007997571641478417
0.38882136702709336 0.21583819028825688 35 nil_vol 0.6 nil_bias 0.54 Right 0.005 0.01 0.001 0.37453170722743623 0.2215595860180908 0.014289659799657127 -0.0057213957298339335
0.34489012594553803 0.13855652709304841 35 nil_vol 0.6 nil_bias 0.54 Right 0.005 0.01 0.001 0.34179459553402053 0.13979593759871017 0.003095530411517523 -0.0012394105056617512
0.257153529827921 -0.09824614848246081 35 nil_vol 0.6 nil_bias 0.54 Right 0.005 0.01 0.001 0.24795950327868377 -0.09456497867322239 0.009194026549237252 -0.003681169809238426
0.20098904512694965 -0.17597270487284977 35 nil_vol 0.6 nil_bias 0.54 Right 0.005 0.01 0.001 0.21337871258016897 -0.18093336813948768 -0.012389667453219328 0.004960663266637909
0.006821871265372724 -0.6627691981395323 35 nil_vol 0.6 nil_bias 0.54 Right 0.005 0.01 0.001 0.018573888353326906 -0.6674745544129944 -0.011752017087954182 0.004705356273462144
0.0199827429695043 -0.6723468520391177 35 nil_vol 0.6 nil_bias 0.54 Right 0.005 0.01 0.001 0.017087257904108977 -0.6711875371134154 0.0028954850653953243 -0.0011593149257023063
-0.013678944253727381 -0.7480286756961715 35 nil_vol 0.6 nil_bias 0.54 Home 0.005 0.01 0.001 0.0 -0.75 -0.013678944253727381 0.001971324303828544
0.04570167077876011 -0.5677559060733636 36 nil_vol 0.6 nil_bias 0.54 Home 0.005 0.01 0.001 0.037407332137536914 -0.5654353022728851 0.008294338641223198 -0.0023206038004785186
0.04823606663124968 -0.4916842443082181 36 nil_vol 0.6 nil_bias 0.54 Home 0.005 0.01 0.001 0.0573296961787802 -0.4942284750420902 -0.009093629547530522 0.002544230733872108
0.11484514128669668 -0.3106643489075508 36 nil_vol 0.6 nil_bias 0.54 Home 0.005 0.01 0.001 0.10913458130104696 -0.3090666389780699 0.005710559985649722 -0.0015977099294808856
0.11081511771575588 -0.29036940140691747 36 nil_vol 0.6 nil_bias 0.54 Home 0.005 0.01 0.001 0.11410796836872071 -0.29129068061556956 -0.003292850652964837 0.0009212792086520675
0.1456378385348755 -0.1367135447723122 36 nil_vol 0.6 nil_bias 0.54 Home 0.005 0.01 0.001 0.15650514671032073 -0.13975401824991673 -0.010867308175445244 0.0030404734776045277
0.1838374300368581 -0.07589655806704514 36 nil_vol 0.6 nil_bias 0.54 Home 0.005 0.01 0.001 0.17505848866600576 -0.07344037131236814 0.008778941370852335 -0.0024561867546769975
0.19092353787755836 -0.0012068884025243465 36 nil_vol 0.6 nil_bias 0.54 Home 0.005 0.01 0.001 0.19495269841142693 -0.002334173608985912 -0.004029160533868559 0.0011272852064615657
0.28660999159642075 0.32526876682291994 36 nil_vol 0.6 nil_bias 0.54 Right 0.005 0.01 0.001 0.4 0.35 -0.11339000840357925 -0.02473123317708002
0.26992408202768714 0.2344212763951559 37 nil_vol 0.6 nil_bias 0.54 Right 0.005 0.01 0.001 0.26334970917582 0.23613695759353948 0.006574372851867119 -0.0017156811983835725
0.18690740107652676 -0.07890122762223051 37 nil_vol 0.6 nil_bias 0.54 Right 0.005 0.01 0.001 0.18150377170268245 -0.07749106949329126 0.005403629373844311 -0.0014101581289392413
0.11296711310373368 -0.3069881336453845 37 nil_vol 0.6 nil_bias 0.54 Right 0.005 0.01 0.001 0.12106180049520052 -0.3091005637246107 -0.008094687391466838 0.0021124300792261974
0.10273870847832672 -0.4257330721397466 37 nil_vol 0.6 nil_bias 0.54 Right 0.005 0.01 0.001 0.09139718675926375 -0.42277333194659206 0.011341521719062969 -0.0029597401931545585
0.08354415782120311 -0.5118523340077651 37 nil_vol 0.6 nil_bias 0.54 Right 0.005 0.01 0.001 0.06913218018577305 -0.5080913122924223 0.014411977635430064 -0.003761021715342723
0.06027215281046904 -0.5105771870239287 37 nil_vol 0.6 nil_bias 0.54 Right 0.005 0.01 0.001 0.0679598974896102 -0.5125834192990316 -0.0076877446791411615 0.002006232275102859
0.03837678522416825 -0.6187306050095881 37 nil_vol 0.6 nil_bias 0.54 Right 0.005 0.01 0.001 0.04013917389859356 -0.6191905267665504 -0.001762388674425308 0.0004599217569622508
0.01967611075950178 -0.697603583279868 37 nil_vol 0.6 nil_bias 0.54 Home 0.005 0.01 0.001 0.0 -0.75 0.01967611075950178 0.05239641672013197
0.018848867677876125 -0.6544941818535793 38 nil_vol 0.6 nil_bias 0.54 Home 0.005 0.01 0.001 0.006440314124342124 -0.6587177535942025 0.012408553553534001 0.004223571740623197
-0.010669338753736166 -0.6204939722849759 38 nil_vol 0.6 nil_bias 0.54 Home 0.005 0.01 0.001 -0.006995744144696815 -0.6192435694632203 -0.0036735946090393507 -0.0012504028217555944
-0.03120859974846897 -0.5172379063994554 38 nil_vol 0.6 nil_bias 0.54 Home 0.005 0.01 0.001 -0.040625056348877975 -0.5204430406500116 0.009416456600409004 0.0032051342505561658
-0.1421400276664331 -0.21705790868096606 38 nil_vol 0.6 nil_bias 0.54 Home 0.005 0.01 0.001 -0.14370832668961395 -0.21759171976592262 0.0015682990231808407 0.00053381108495656
-0.16678229680564918 -0.18717840745289205 38 nil_vol 0.6 nil_bias 0.54 Home 0.005 0.01 0.001 -0.15538116890814851 -0.18329773905819424 -0.011401127897500671 -0.0038806683946978103
-0.16960111719081938 -0.1732178499304535 38 nil_vol 0.6 nil_bias 0.54 Home 0.005 0.01 0.001 -0.15993230646078122 -0.1699268204330474 -0.00966881073003817 -0.0032910294974060903
-0.30451697045926124 0.2622506403369509 38 nil_vol 0.6 nil_bias 0.54 Home 0.005 0.01 0.001 -0.30677362317784557 0.2614825302901599 0.0022566527185843427 0.0007681100467909767
-0.3445600240960235 0.3724962902504283 38 nil_vol 0.6 nil_bias 0.54 Left 0.005 0.01 0.001 -0.4 0.35 0.05543997590397652 0.02249629025042834
-0.32291641770864377 0.2769057085241187 39 nil_vol 0.6 nil_bias 0.54 Left 0.005 0.01 0.001 -0.3177543975044983 0.2783758588840507 -0.005162020204145448 -0.0014701503599319624
-0.29982861231916097 0.22090227736156465 39 nil_vol 0.6 nil_bias 0.54 Left 0.005 0.01 0.001 -0.3012690102011653 0.2204920500898904 0.001440397882004335 0.00041022727167424374
-0.28934104262102167 0.05550337562528736 39 nil_vol 0.6 nil_bias 0.54 Left 0.005 0.01 0.001 -0.2569105110113799 0.06473963504178698 -0.03243053160964174 -0.009236259416499621
-0.2311622349934935 0.004202842774742 39 nil_vol 0.6 nil_bias 0.54 Left 0.005 0.01 0.001 -0.23903127806396535 0.001961728628562587 0.007869043070471851 0.0022411141461794134
-0.18728819040751984 -0.18483834929059548 39 nil_vol 0.6 nil_bias 0.54 Left 0.005 0.01 0.001 -0.1859397377880143 -0.18445430815446717 -0.001348452619505557 -0.00038404113612830693
-0.08341390714434528 -0.5316089058392244 39 nil_vol 0.6 nil_bias 0.54 Left 0.005 0.01 0.001 -0.08679536133584398 -0.5325719485822057 0.0033814541914986966 0.0009630427429813252
-0.0235601393961682 -0.7605022586441678 39 nil_vol 0.6 nil_bias 0.54 Left 0.005 0.01 0.001 -0.022006516830781975 -0.760059784829 -0.0015536225653862254 -0.00044247381516769856
-0.015952073722466265 -0.7813182618540445 39 nil_vol 0.6 nil_bias 0.54 Home 0.005 0.01 0.001 0.0 -0.75 -0.015952073722466265 -0.03131826185404452
0.06632759839491219 -0.5067506313306125 40 nil_vol 0.6 nil_bias 0.54 Home 0.005 0.01 0.001 0.06457243296526638 -0.5062368422474396 0.0017551654296458026 -0.0005137890831729481
0.0904996389635001 -0.4538585347115037 40 nil_vol 0.6 nil_bias 0.54 Home 0.005 0.01 0.001 0.08074131750069828 -0.45100198401092867 0.00975832146280183 -0.002856550700575066
0.10329612845710964 -0.3428961713551963 40 nil_vol 0.6 nil_bias 0.54 Home 0.005 0.01 0.001 0.11166957525082957 -0.3453473280829191 -0.008373446793719931 0.0024511567277228216
0.18826579180010425 -0.10697624672465018 40 nil_vol 0.6 nil_bias 0.54 Home 0.005 0.01 0.001 0.18198599504287902 -0.10513796358397876 0.006279796757225242 -0.0018382831406714324
0.22980170843639816 0.11885161040833443 40 nil_vol 0.6 nil_bias 0.54 Home 0.005 0.01 0.001 0.24615322721511634 0.11406503490958031 -0.01635151877871818 0.004786575498754126
0.26951307567374383 0.26367397252081126 40 nil_vol 0.6 nil_bias 0.54 Home 0.005 0.01 0.001 0.288335318545474 0.2581641426523661 -0.018822242871730198 0.005509829868445155
0.31697185721054494 0.370584051962877 40 nil_vol 0.6 nil_bias 0.54 Home 0.005 0.01 0.001 0.3209067807138749 0.369432182911115 -0.0039349235033299765 0.0011518690517620226
0.33623034350557923 0.42177932019342435 40 nil_vol 0.6 nil_bias 0.54 Right 0.005 0.01 0.001 0.4 0.35 -0.06376965649442079 0.07177932019342437
0.24913264647893882 0.06190931132538947 41 nil_vol 0.6 nil_bias 0.54 Right 0.005 0.01 0.001 0.2391751093550325 0.06461515697466746 0.009957537123906318 -0.002705845649277996
0.23479046243510118 0.02742767525141971 41 nil_vol 0.6 nil_bias 0.54 Right 0.005 0.01 0.001 0.2294632144049472 0.028875293344693964 0.005327248030153957 -0.0014476180932742537
0.19711578427500273 -0.09750845203544944 41 nil_vol 0.6 nil_bias 0.54 Right 0.005 0.01 0.001 0.19525713779186854 -0.09700338633121419 0.0018586464831341846 -0.0005050657042352592
0.19864024362457913 -0.0987701110404545 41 nil_vol 0.6 nil_bias 0.54 Right 0.005 0.01 0.001 0.19504269981410083 -0.09779252008131067 0.003597543810478315 -0.000977590959143816
0.050012666165338795 -0.6146420859161754 41 nil_vol 0.6 nil_bias 0.54 Right 0.005 0.01 0.001 0.05427971616744759 -0.6158016074464279 -0.00426705000210879 0.00115952153025248
0.0368347422659888 -0.7075605127804154 41 nil_vol 0.6 nil_bias 0.54 Right 0.005 0.01 0.001 0.02986029926275191 -0.7056652884873382 0.006974443003236885 -0.0018952242930772563
0.0017385792191062892 -0.7817646222540808 41 nil_vol 0.6 nil_bias 0.54 Right 0.005 0.01 0.001 0.008669400481793654 -0.783647992843234 -0.006930821262687365 0.0018833705891531732
0.007350861753187967 -0.7885002276123915 41 nil_vol 0.6 nil_bias 0.54 Home 0.005 0.01 0.001 0.0 -0.75 0.007350861753187967 -0.0385002276123915
-0.009389280585406352 -0.7563850986246035 42 nil_vol 0.6 nil_bias 0.54 Home 0.005 0.01 0.001 -0.0059233328360764476 -0.7550112821538006 -0.0034659477493299033 -0.0013738164708027828
-0.05731818032546589 -0.6184474989700292 42 nil_vol 0.6 nil_bias 0.54 Home 0.005 0.01 0.001 -0.05968240695947742 -0.619384620278665 0.0023642266340115356 0.0009371213086358939
-0.09378826058317263 -0.5953747896297085 42 nil_vol 0.6 nil_bias 0.54 Home 0.005 0.01 0.001 -0.07253801351506303 -0.5869517141703505 -0.021250247068109594 -0.008423075459357913
-0.08239666001211583 -0.5396219864194364 42 nil_vol 0.6 nil_bias 0.54 Home 0.005 0.01 0.001 -0.09008967727966757 -0.5426713093165794 0.007693017267551739 0.0030493228971429642
-0.23115540758557881 -0.18347274259906154 42 nil_vol 0.6 nil_bias 0.54 Home 0.005 0.01 0.001 -0.23228904744487422 -0.18392208956655687 0.0011336398592954125 0.00044934696749530993
-0.24172781193701182 -0.15967327011002325 42 nil_vol 0.6 nil_bias 0.54 Home 0.005 0.01 0.001 -0.24187721071341187 -0.15973248811173024 0.00014939877640005955 5.921800170699794e-05
-0.3863528710871104 0.2069192000654783 42 nil_vol 0.6 nil_bias 0.54 Home 0.005 0.01 0.001 -0.38709268961155185 0.2066259541922596 0.0007398185244414107 0.00029324587321869584
-0.39684084054475605 0.23121918225810467 42 nil_vol 0.6 nil_bias 0.54 Left 0.005 0.01 0.001 -0.4 0.35 0.0031591594552439622 -0.1187808177418953
-0.3318607674570131 0.12343755374196076 43 nil_vol 0.6 nil_bias 0.54 Left 0.005 0.01 0.001 -0.3479268025135795 0.11658238450182012 0.016066035056566414 0.006855169240140637
-0.23475666135720222 -0.11208725207238121 43 nil_vol 0.6 nil_bias 0.54 Left 0.005 0.01 0.001 -0.24795374288982164 -0.11771827597239848 0.013197081532619432 0.00563102390001727
-0.2048929741987853 -0.20272458703478574 43 nil_vol 0.6 nil_bias 0.54 Left 0.005 0.01 0.001 -0.21063690028264484 -0.20517544595978365 0.005743926083859535 0.0024508589249979252
-0.1662151350307247 -0.2894115778901836 43 nil_vol 0.6 nil_bias 0.54 Left 0.005 0.01 0.001 -0.173388446586334 -0.2924723370975937 0.0071733115556093284 0.0030607592074100593
-0.06068377994354027 -0.5467353570719791 43 nil_vol 0.6 nil_bias 0.54 Left 0.005 0.01 0.001 -0.06424867511184207 -0.548256451705224 0.003564895168301803 0.001521094633244956
0.007789763466619021 -0.6843992941584092 43 nil_vol 0.6 nil_bias 0.54 Left 0.005 0.01 0.001 -0.0040099995016940615 -0.6894341003104267 0.011799762968313083 0.005034806152017563
0.0025861820775354835 -0.7059446202856965 43 nil_vol 0.6 nil_bias 0.54 Left 0.005 0.01 0.001 0.0029657253518407534 -0.7057826740824075 -0.0003795432743052701 -0.00016194620328905242
0.003944016801203914 -0.7080754350880695 43 nil_vol 0.6 nil_bias 0.54 Home 0.005 0.01 0.001 0.0 -0.75 0.003944016801203914 0.04192456491193057
0.1471591997283611 -0.3136031091697469 44 nil_vol 0.6 nil_bias 0.54 Home 0.005 0.01 0.001 0.13210358713428372 -0.30877090543087427 0.01505561259407739 -0.004832203738872599
0.1401049508136023 -0.2924899402662098 44 nil_vol 0.6 nil_bias 0.54 Home 0.005 0.01 0.001 0.1375883226723719 -0.2916822109335495 0.002516628141230422 -0.0008077293326602671
0.23286778440611924 0.013554975837616005 44 nil_vol 0.6 nil_bias 0.54 Home 0.005 0.01 0.001 0.23530523411800694 0.012772659373407103 -0.0024374497118876894 0.0007823164642089016
0.27125448216976883 0.12033501333824065 44 nil_vol 0.6 nil_bias 0.54 Home 0.005 0.01 0.001 0.26996133259855115 0.12075005870115185 0.0012931495712176532 -0.00041504536291121053
0.2778267144128037 0.13147597930460841 44 nil_vol 0.6 nil_bias 0.54 Home 0.005 0.01 0.001 0.27381695081021035 0.13276294086471585 0.004009763602593376 -0.001286961560107434
0.28199473784179135 0.15603793741388586 44 nil_vol 0.6 nil_bias 0.54 Home 0.005 0.01 0.001 0.28135329978392615 0.1562438114267899 0.000641438057865195 -0.00020587401290404387
0.3355502915382057 0.2900119235977309 44 nil_vol 0.6 nil_bias 0.54 Home 0.005 0.01 0.001 0.32533900616748324 0.29328930676887544 0.010211285370722481 -0.003277383171144488
0.32877558729177064 0.3039966024152012 44 nil_vol 0.6 nil_bias 0.54 Right 0.005 0.01 0.001 0.4 0.35 -0.07122441270822939 -0.04600339758479879
0.3027637645205776 0.2860354744604698 45 nil_vol 0.6 nil_bias 0.54 Right 0.005 0.01 0.001 0.3209674624370575 0.2800899781572084 -0.018203697916479862 0.005945496303261432
0.2511908106714812 0.01932119318813099 45 nil_vol 0.6 nil_bias 0.54 Right 0.005 0.01 0.001 0.23728169784146294 0.02386403823488681 0.013909112830018269 -0.00454284504675582
0.19018694721736124 -0.13628404110034278 45 nil_vol 0.6 nil_bias 0.54 Right 0.005 0.01 0.001 0.18547815593929481 -0.13474610626616668 0.004708791278066421 -0.001537934834176117
0.19340299448001105 -0.138614826961987 45 nil_vol 0.6 nil_bias 0.54 Right 0.005 0.01 0.001 0.18510027679328064 -0.13590308248347693 0.00830271768673042 -0.0027117444785100422
0.11273599304334403 -0.3953683554436046 45 nil_vol 0.6 nil_bias 0.54 Right 0.005 0.01 0.001 0.1015497888047408 -0.391714837556564 0.011186204238603233 -0.0036535178870406005
0.10549822339028866 -0.42523833739815664 45 nil_vol 0.6 nil_bias 0.54 Right 0.005 0.01 0.001 0.09203669332337 -0.420841677026384 0.013461530066918671 -0.004396660371772662
0.07740769243428672 -0.492937903408713 45 nil_vol 0.6 nil_bias 0.54 Right 0.005 0.01 0.001 0.06934904336287412 -0.4903058740000076 0.008058649071412604 -0.002632029408705433
-0.012686493089510502 -0.7414792071961609 45 nil_vol 0.6 nil_bias 0.54 Home 0.005 0.01 0.001 0.0 -0.75 -0.012686493089510502 0.008520792803839085
-0.014796524415211797 -0.720195720529631 46 nil_vol 0.6 nil_bias 0.54 Home 0.005 0.01 0.001 -0.005951226868189024 -0.7235113962011085 -0.008845297547022775 0.0033156756714774562
-0.007875634408966293 -0.7155010706661806 46 nil_vol 0.6 nil_bias 0.54 Home 0.005 0.01 0.001 -0.0035555708059983038 -0.7171204542665003 -0.004320063602967989 0.001619383600319638
0.03971041502523251 -0.5819794027829465 46 nil_vol 0.6 nil_bias 0.54 Home 0.005 0.01 0.001 0.04619159884002603 -0.5844088861759972 -0.006481183814793521 0.0024294833930507457
0.11577802957099727 -0.4116915223589718 46 nil_vol 0.6 nil_bias 0.54 Home 0.005 0.01 0.001 0.11153168339397138 -0.41009977186816154 0.004246346177025893 -0.0015917504908102337
0.12665325923092552 -0.3793915406189889 46 nil_vol 0.6 nil_bias 0.54 Home 0.005 0.01 0.001 0.12348754568711381 -0.3782048672115334 0.003165713543811709 -0.0011866734074554857
0.24398215689168776 -0.04056471746712316 46 nil_vol 0.6 nil_bias 0.54 Home 0.005 0.01 0.001 0.24930467465081743 -0.04255987280826745 -0.00532251775912968 0.001995155341144291
0.33013341845635163 0.17604717452198956 46 nil_vol 0.6 nil_bias 0.54 Home 0.005 0.01 0.001 0.33111236358841617 0.17568021518106947 -0.0009789451320645383 0.0003669593409201023
0.4210307727626748 0.4155574416972723 46 nil_vol 0.6 nil_bias 0.54 Right 0.005 0.01 0.001 0.4 0.35 0.02103077276267481 0.06555744169727233
0.35916764930413575 0.22697986178045657 47 nil_vol 0.6 nil_bias 0.54 Right 0.005 0.01 0.001 0.36089285137585014 0.22643128579913632 -0.0017252020717143683 0.0005485759813202455
0.33374292021386787 0.201857319484794 47 nil_vol 0.6 nil_bias 0.54 Right 0.005 0.01 0.001 0.3513033429189724 0.19627349468201113 -0.017560422705104568 0.005583824802782856
0.36718035952724914 0.18749449469643306 47 nil_vol 0.6 nil_bias 0.54 Right 0.005 0.01 0.001 0.35022606277493445 0.19288558489449512 0.016954296752314676 -0.0053910901980620506
0.3425401775299 0.1760445715841409 47 nil_vol 0.6 nil_bias 0.54 Right 0.005 0.01 0.001 0.3446569659544702 0.17537147983083573 -0.0021167884245702033 0.0006730917533051699
0.3282031809257227 0.13003042386588967 47 nil_vol 0.6 nil_bias 0.54 Right 0.005 0.01 0.001 0.3300525287925537 0.12944237227617578 -0.0018493478668310105 0.0005880515897138863
0.3028817643426175 0.11133863976070285 47 nil_vol 0.6 nil_bias 0.54 Right 0.005 0.01 0.001 0.3223295773066943 0.10515466673156115 -0.019447812964076824 0.006183973029141698
0.3146584720894304 0.08351020605677752 47 nil_vol 0.6 nil_bias 0.54 Right 0.005 0.01 0.001 0.31537470119723626 0.08328246109164755 -0.0007162291078058676 0.0002277449651299624
0.029932149711508184 -0.8143982576183739 47 nil_vol 0.6 nil_bias 0.54 Home 0.005 0.01 0.001 0.0 -0.75 0.029932149711508184 -0.06439825761837396
0.008959457785557835 -0.767422999337037 48 nil_vol 0.6 nil_bias 0.54 Home 0.005 0.01 0.001 0.013722065133571125 -0.765833328173 -0.0047626073480132895 -0.00158967116403695
-0.02491489416609735 -0.6677873830376629 48 nil_vol 0.6 nil_bias 0.54 Home 0.005 0.01 0.001 -0.019596410308153428 -0.6660121704686703 -0.005318483857943925 -0.001775212568992546
-0.12301343078863654 -0.388680993949767 48 nil_vol 0.6 nil_bias 0.54 Home 0.005 0.01 0.001 -0.11325200384860046 -0.3854228082979723 -0.009761426940036086 -0.0032581856517946792
-0.2163053354468219 -0.1338246218877298 48 nil_vol 0.6 nil_bias 0.54 Home 0.005 0.01 0.001 -0.19914293983350972 -0.1280961283507479 -0.017162395613312162 -0.005728493536981891
-0.21099030286143428 -0.10699092282528133 48 nil_vol 0.6 nil_bias 0.54 Home 0.005 0.01 0.001 -0.20666891763944126 -0.10554852353133926 -0.004321385221993014 -0.0014423992939420753
-0.21830195298584065 -0.09055578258736831 48 nil_vol 0.6 nil_bias 0.54 Home 0.005 0.01 0.001 -0.21233769901406982 -0.0885650237737382 -0.005964253971770834 -0.0019907588136301026
-0.31421061422275465 0.25357222329429246 48 nil_vol 0.6 nil_bias 0.54 Home 0.005 0.01 0.001 -0.32530124086836193 0.2498703751087652 0.011090626645607293 0.0037018481855272535
-0.35464714609458803 0.33778983104806737 48 nil_vol 0.6 nil_bias 0.54 Left 0.005 0.01 0.001 -0.4 0.35 0.045352853905411994 -0.012210168951932625
-0.32918603888693193 0.26013598231305396 49 nil_vol 0.6 nil_bias 0.54 Left 0.005 0.01 0.001 -0.3296969880929789 0.2599721600954829 0.0005109492060469725 0.00016382221757107606
-0.3016276746946968 0.21128869186250965 49 nil_vol 0.6 nil_bias 0.54 Left 0.005 0.01 0.001 -0.31292643003587955 0.2076660477055571 0.011298755341182768 0.003622644156952534
-0.2622505234761744 0.04233702828266495 49 nil_vol 0.6 nil_bias 0.54 Left 0.005 0.01 0.001 -0.2601355164496933 0.0430151488025835 -0.0021150070264811093 -0.0006781205199185492
-0.24384243336323266 0.04128397345364902 49 nil_vol 0.6 nil_bias 0.54 Left 0.005 0.01 0.001 -0.25811341448374303 0.036708364476458366 0.014270981120510355 0.0045756089771906575
-0.21407068539891985 -0.1790442800676018 49 nil_vol 0.6 nil_bias 0.54 Left 0.005 0.01 0.001 -0.19128086806898437 -0.1717373337628716 -0.022789817329935493 -0.007306946304730232
-0.01901558982406559 -0.6805344359032001 49 nil_vol 0.6 nil_bias 0.54 Left 0.005 0.01 0.001 -0.02729731011962555 -0.6831897483453477 0.008281720295559961 0.0026553124421477103
-0.010982123580857366 -0.7112640451339096 49 nil_vol 0.6 nil_bias 0.54 Left 0.005 0.01 0.001 -0.017614257863105776 -0.7133904618745341 0.00663213428224841 0.0021264167406245234
-0.009563824504019231 -0.7384991595478196 49 nil_vol 0.6 nil_bias 0.54 Home 0.005 0.01 0.001 0.0 -0.75 -0.009563824504019231 0.011500840452180364
-0.10345569473341454 -0.481974693766002 50 nil_vol 0.6 nil_bias 0.54 Home 0.005 0.01 0.001 -0.11360107290925507 -0.48615750387973655 0.010145378175840528 0.004182810113734551
-0.11225536598409917 -0.4846453152492139 50 nil_vol 0.6 nil_bias 0.54 Home 0.005 0.01 0.001 -0.11393843895179494 -0.48533922478214736 0.0016830729676957645 0.0006939095329334847
-0.13448702776497598 -0.4027086845233696 50 nil_vol 0.6 nil_bias 0.54 Home 0.005 0.01 0.001 -0.1460418584038214 -0.4074725939233904 0.011554830638845411 0.0047639094000207875
-0.21124533902063772 -0.22990940103540908 50 nil_vol 0.6 nil_bias 0.54 Home 0.005 0.01 0.001 -0.21808610154454172 -0.23272976023490943 0.006840762523904013 0.0028203591995003587
-0.3662318219899243 0.10742383070781213 50 nil_vol 0.6 nil_bias 0.54 Home 0.005 0.01 0.001 -0.35947553122914805 0.11020936327601183 -0.006756290760776278 -0.0027855325681997063
-0.37317852598766227 0.11844978636480294 50 nil_vol 0.6 nil_bias 0.54 Home 0.005 0.01 0.001 -0.3643701989434095 0.12208134733840159 -0.008808327044252755 -0.0036315609735986564
-0.41127550113140404 0.23500777239774653 50 nil_vol 0.6 nil_bias 0.54 Home 0.005 0.01 0.001 -0.4109787642546958 0.23513011322994626 -0.00029673687670823793 -0.00012234083219972127
-0.4264455817831436 0.27264477651517993 50 nil_vol 0.6 nil_bias 0.54 Left 0.005 0.01 0.001 -0.4 0.35 -0.026445581783143584 -0.07735522348482006
-0.36525756595072945 0.10811956453109976 51 nil_vol 0.6 nil_bias 0.54 Left 0.005 0.01 0.001 -0.36183895214513606 0.10947313994812752 -0.003418613805593358 -0.001353575417027757
-0.28055899374464477 -0.13849456001259572 51 nil_vol 0.6 nil_bias 0.54 Left 0.005 0.01 0.001 -0.265948440642965 -0.13270961715790558 -0.014610553101679753 -0.005784942854690139
-0.2060082578002344 -0.2656225552352056 51 nil_vol 0.6 nil_bias 0.54 Left 0.005 0.01 0.001 -0.2123312622002991 -0.2681261031070602 0.006323004400064707 0.002503547871854577
-0.2132266191375595 -0.27032856641345193 51 nil_vol 0.6 nil_bias 0.54 Left 0.005 0.01 0.001 -0.2116987395035126 -0.2697236135201361 -0.0015278796340469185 -0.0006049528933158687
-0.19539435457297796 -0.3114343912605179 51 nil_vol 0.6 nil_bias 0.54 Left 0.005 0.01 0.001 -0.19521221310107406 -0.3113622736617453 -0.00018214147190390747 -7.211759877263746e-05
-0.14069829486263463 -0.40362160552163906 51 nil_vol 0.6 nil_bias 0.54 Left 0.005 0.01 0.001 -0.15624545841237764 -0.40977739251080136 0.015547163549743006 0.006155786989162277
-0.10768259351416654 -0.5504559087502938 51 nil_vol 0.6 nil_bias 0.54 Left 0.005 0.01 0.001 -0.10151216013930242 -0.5480127702726576 -0.00617043337486411 -0.0024431384776362657
-0.009006405314036769 -0.7816469265702837 51 nil_vol 0.6 nil_bias 0.54 Home 0.005 0.01 0.001 0.0 -0.75 -0.009006405314036769 -0.03164692657028367
-0.0878105484229905 -0.5153717640001276 52 nil_vol 0.6 nil_bias 0.54 Home 0.005 0.01 0.001 -0.10254405532370149 -0.520652089180802 0.014733506900710985 0.005280325180674336
-0.13410574485385665 -0.38240380984498784 52 nil_vol 0.6 nil_bias 0.54 Home 0.005 0.01 0.001 -0.15004360281257567 -0.388115761064244 0.015937857958719024 0.005711951219256145
-0.1764388447315691 -0.2877077569239032 52 nil_vol 0.6 nil_bias 0.54 Home 0.005 0.01 0.001 -0.18493716909555738 -0.2907534619576817 0.008498324363988289 0.003045705033778491
-0.22356522623276093 -0.22912089297070684 52 nil_vol 0.6 nil_bias 0.54 Home 0.005 0.01 0.001 -0.20890818544235945 -0.22386797239441192 -0.014657040790401489 -0.005252920576294915
-0.279939652030815 -0.0006477412385569922 52 nil_vol 0.6 nil_bias 0.54 Home 0.005 0.01 0.001 -0.2878870516244123 -0.003496000955524159 0.007947399593597311 0.0028482597169671667
-0.35601043094935253 0.21082160726795723 52 nil_vol 0.6 nil_bias 0.54 Home 0.005 0.01 0.001 -0.3637074732042179 0.20806307283966585 0.007697042254865367 0.0027585344282913863
-0.40495558836801854 0.30683397309151006 52 nil_vol 0.6 nil_bias 0.54 Home 0.005 0.01 0.001 -0.3997716987317004 0.308691821542999 -0.005183889636318145 -0.0018578484514889342
-0.4318991852734943 0.39833602497169207 52 nil_vol 0.6 nil_bias 0.54 Left 0.005 0.01 0.001 -0.4 0.35 -0.03189918527349429 0.04833602497169207
-0.3050490281447549 0.10796706069875966 53 nil_vol 0.6 nil_bias 0.54 Left 0.005 0.01 0.001 -0.308397376066171 0.10654983452531447 0.003348347921416128 0.0014172261734452004
-0.28197639047434747 0.046019586590182286 53 nil_vol 0.6 nil_bias 0.54 Left 0.005 0.01 0.001 -0.2826555853401043 0.045732109672248056 0.0006791948657568445 0.0002874769179342316
-0.22142484634625184 -0.08750744102288444 53 nil_vol 0.6 nil_bias 0.54 Left 0.005 0.01 0.001 -0.2255257578411196 -0.08924319825060134 0.004100911494867779 0.0017357572277168986
-0.18452957123567015 -0.1849546929314358 53 nil_vol 0.6 nil_bias 0.54 Left 0.005 0.01 0.001 -0.18494106477936298 -0.1851288622334355 0.00041149354369281936 0.0001741693019996959
-0.13330910320479103 -0.3018693434042836 53 nil_vol 0.6 nil_bias 0.54 Left 0.005 0.01 0.001 -0.1351920109817802 -0.3026663054423875 0.0018829077769891658 0.000796962038103843
-0.13907331448981144 -0.31986841357841617 53 nil_vol 0.6 nil_bias 0.54 Left 0.005 0.01 0.001 -0.12960692839320376 -0.3158616584684585 -0.009466386096607693 -0.004006755109957656
0.011276594022614512 -0.649915269673602 53 nil_vol 0.6 nil_bias 0.54 Left 0.005 0.01 0.001 0.011707795470774551 -0.6497327587778701 -0.00043120144816003993 -0.00018251089573195352
0.030187326614716077 -0.6933926211583002 53 nil_vol 0.6 nil_bias 0.54 Home 0.005 0.01 0.001 0.0 -0.75 0.030187326614716077 0.0566073788416997
0.002886426540230444 -0.632561389284221 54 nil_vol 0.6 nil_bias 0.54 Home 0.005 0.01 0.001 0.0020549912347540868 -0.6329483609633342 0.0008314353054763572 0.0003869716791132142
-0.04827082069787242 -0.5021094694262346 54 nil_vol 0.6 nil_bias 0.54 Home 0.005 0.01 0.001 -0.056958832236876415 -0.5061530966227934 0.008688011539003997 0.004043627196558782
-0.17118899375762567 -0.26890195247219945 54 nil_vol 0.6 nil_bias 0.54 Home 0.005 0.01 0.001 -0.16805959769156883 -0.2674454499129312 -0.0031293960660568414 -0.0014565025592682614
-0.23662293201291312 -0.11095986964012429 54 nil_vol 0.6 nil_bias 0.54 Home 0.005 0.01 0.001 -0.24013194189318482 -0.11259305437073375 0.0035090098802717084 0.001633184730609464
-0.26124644296148314 -0.0557604178559902 54 nil_vol 0.6 nil_bias 0.54 Home 0.005 0.01 0.001 -0.2656330913173429 -0.05780207842629004 0.004386648355859782 0.002041660570299839
-0.3237997792103999 0.08960584840275167 54 nil_vol 0.6 nil_bias 0.54 Home 0.005 0.01 0.001 -0.3323815829111448 0.08561165310454433 0.008581803700744912 0.003994195298207346
-0.37619143817093875 0.1739472942634659 54 nil_vol 0.6 nil_bias 0.54 Home 0.005 0.01 0.001 -0.3739753473277221 0.1749787207485075 -0.0022160908432166783 -0.0010314264850416106
-0.4542373999237965 0.34742726884717323 54 nil_vol 0.6 nil_bias 0.54 Left 0.005 0.01 0.001 -0.4 0.35 -0.05423739992379649 -0.002572731152826759
-0.38795080671478654 0.16915316238077074 55 nil_vol 0.6 nil_bias 0.54 Left 0.005 0.01 0.001 -0.381519855238046 0.17181610817297682 -0.0064309514767405766 -0.002662945792206075
-0.30176849255732613 -0.0022254619032224515 55 nil_vol 0.6 nil_bias 0.54 Left 0.005 0.01 0.001 -0.3083275973344247 -0.004941473760874671 0.00655910477709859 0.002716011857652219
-0.26494709470841427 -0.07215351821878821 55 nil_vol 0.6 nil_bias 0.54 Left 0.005 0.01 0.001 -0.27822035865884137 -0.07764974727812252 0.013273263950427105 0.00549622905933431
-0.08096439185121977 -0.5498856861715768 55 nil_vol 0.6 nil_bias 0.54 Left 0.005 0.01 0.001 -0.08242515416190149 -0.5504905625825889 0.0014607623106817184 0.0006048764110119913
-0.08067331114508548 -0.5643464066387622 55 nil_vol 0.6 nil_bias 0.54 Left 0.005 0.01 0.001 -0.0772710548828453 -0.5629375911578326 -0.0034022562622401864 -0.001408815480929612
-0.01638289949965746 -0.7372884876325434 55 nil_vol 0.6 nil_bias 0.54 Left 0.005 0.01 0.001 -0.0067304210759251415 -0.7332915632433913 -0.009652478423732317 -0.003996924389152066
0.01038860472647668 -0.786785143737304 55 nil_vol 0.6 nil_bias 0.54 Left 0.005 0.01 0.001 0.014683861506455897 -0.7850065521851738 -0.004295256779979218 -0.001778591552130239
0.015412251699347141 -0.7867655973750256 55 nil_vol 0.6 nil_bias 0.54 Home 0.005 0.01 0.001 0.0 -0.75 0.015412251699347141 -0.036765597375025584
-0.010463051670843208 -0.7314653722572516 56 nil_vol 0.6 nil_bias 0.54 Home 0.005 0.01 0.001 -0.0011852659543243188 -0.7288084404743355 -0.00927778571651889 -0.002656931782916177
-0.1375561139330239 -0.2865231125735759 56 nil_vol 0.6 nil_bias 0.54 Home 0.005 0.01 0.001 -0.1285810610215637 -0.2839528760901706 -0.008975052911460184 -0.002570236483405246
-0.16689909519705118 -0.15710040743648096 56 nil_vol 0.6 nil_bias 0.54 Home 0.005 0.01 0.001 -0.16505939318880256 -0.15657356160427904 -0.0018397020082486218 -0.0005268458322019201
-0.16710765711048842 -0.09857727457265157 56 nil_vol 0.6 nil_bias 0.54 Home 0.005 0.01 0.001 -0.18056450698001547 -0.10243098850922361 0.013456849869527068 0.003853713936572042
-0.18592414000474003 -0.06430645564708316 56 nil_vol 0.6 nil_bias 0.54 Home 0.005 0.01 0.001 -0.19106115274021104 -0.0657775709350572 0.005137012735471015 0.0014711152879740388
-0.23247162829711612 0.07978206714040981 56 nil_vol 0.6 nil_bias 0.54 Home 0.005 0.01 0.001 -0.232725099227843 0.07970947924147886 0.0002534709307269034 7.258789893094672e-05
-0.2502784691024884 0.14554780186761046 56 nil_vol 0.6 nil_bias 0.54 Home 0.005 0.01 0.001 -0.25148097223636035 0.14520343426815707 0.001202503133871937 0.00034436759945340027
-0.3358803451331799 0.4399190537583275 56 nil_vol 0.6 nil_bias 0.54 Left 0.005 0.01 0.001 -0.4 0.35 0.06411965486682017 0.08991905375832754
-0.3150772604402515 0.4109592914352366 57 nil_vol 0.6 nil_bias 0.54 Left 0.005 0.01 0.001 -0.3262311064724888 0.40762645015460214 0.01115384603223727 0.0033328412806344146
-0.23009753883656758 0.0850055417134974 57 nil_vol 0.6 nil_bias 0.54 Left 0.005 0.01 0.001 -0.22985183197474485 0.08507896051178915 -0.0002457068618227363 -7.341879829173992e-05
-0.23237601235895358 0.06590672688609273 57 nil_vol 0.6 nil_bias 0.54 Left 0.005 0.01 0.001 -0.2247995145556651 0.06817063339587004 -0.007576497803288479 -0.0022639065097773124
-0.18333416982480016 -0.03958224151516709 57 nil_vol 0.6 nil_bias 0.54 Left 0.005 0.01 0.001 -0.19184258290259132 -0.042124610331841894 0.008508413077791158 0.002542368816674809
-0.1641102217583478 -0.15069410662887042 57 nil_vol 0.6 nil_bias 0.54 Left 0.005 0.01 0.001 -0.15978729000356467 -0.14940238668186157 -0.004322931754783125 -0.0012917199470088652
-0.0848921990364517 -0.39006085659743756 57 nil_vol 0.6 nil_bias 0.54 Left 0.005 0.01 0.001 -0.0876323303852044 -0.3908796255536423 0.002740131348752707 0.0008187689562047568
0.014810941661198063 -0.7365349309233098 57 nil_vol 0.6 nil_bias 0.54 Left 0.005 0.01 0.001 0.015582793748338375 -0.7363042965312687 -0.0007718520871403114 -0.00023063439204109847
0.018474370647137448 -0.745981386078551 57 nil_vol 0.6 nil_bias 0.54 Home 0.005 0.01 0.001 0.0 -0.75 0.018474370647137448 0.004018613921448986
0.05814092852724969 -0.6293132726731585 58 nil_vol 0.6 nil_bias 0.54 Home 0.005 0.01 0.001 0.05777104781785644 -0.6291888205493197 0.0003698807093932505 -0.00012445212383886873
0.06147198875165057 -0.6099892470414666 58 nil_vol 0.6 nil_bias 0.54 Home 0.005 0.01 0.001 0.06395045804020358 -0.610823166624177 -0.002478469288553006 0.0008339195827103606
0.15176306491699598 -0.3610881499599598 58 nil_vol 0.6 nil_bias 0.54 Home 0.005 0.01 0.001 0.14836265062622309 -0.3599440276262676 0.003400414290772886 -0.0011441223336921837
0.17459842265232658 -0.2893810269872292 58 nil_vol 0.6 nil_bias 0.54 Home 0.005 0.01 0.001 0.17235827583993518 -0.2886272947123822 0.002240146812391399 -0.0007537322748469585
0.1924976744328197 -0.23387754718959927 58 nil_vol 0.6 nil_bias 0.54 Home 0.005 0.01 0.001 0.19095439420071694 -0.23335828652613078 0.0015432802321027753 -0.0005192606634684837
0.20035628877213266 -0.16777821386227243 58 nil_vol 0.6 nil_bias 0.54 Home 0.005 0.01 0.001 0.21173199725928035 -0.1716057481062716 -0.011375708487147683 0.003827534243999175
0.29670152921040455 0.07471692253901405 58 nil_vol 0.6 nil_bias 0.54 Home 0.005 0.01 0.001 0.2948236842255098 0.07534875272284192 0.00187784498489476 -0.0006318301838278722
0.3494020832046133 0.2375597002682282 58 nil_vol 0.6 nil_bias 0.54 Right 0.005 0.01 0.001 0.4 0.35 -0.05059791679538674 -0.11244029973177176
0.29437703854332137 0.08522580382749251 59 nil_vol 0.6 nil_bias 0.54 Right 0.005 0.01 0.001 0.2916026687075538 0.08628584791050073 0.002774369835767571 -0.0010600440830082238
0.24967437158643402 -0.030664165207857436 59 nil_vol 0.6 nil_bias 0.54 Right 0.005 0.01 0.001 0.24726901985450878 -0.029745117271959054 0.0024053517319252288 -0.000919047935898383
0.0496195207738727 -0.49041219973448225 59 nil_vol 0.6 nil_bias 0.54 Right 0.005 0.01 0.001 0.06849901421169247 -0.4976257640729283 -0.018879493437819764 0.007213564338446069
-0.018458336674425764 -0.7069015491021 59 nil_vol 0.6 nil_bias 0.54 Right 0.005 0.01 0.001 -0.012353311923911647 -0.7092341852488633 -0.006105024750514117 0.0023326361467633184
-0.037589403147334305 -0.7259320579695411 59 nil_vol 0.6 nil_bias 0.54 Right 0.005 0.01 0.001 -0.021135409165242924 -0.7322188762364155 -0.016453993982091377 0.006286818266874397
-0.025599645311645856 -0.7414263279377479 59 nil_vol 0.6 nil_bias 0.54 Right 0.005 0.01 0.001 -0.024773973679113825 -0.7417418043811872 -0.000825671632532031 0.0003154764434393331
-0.031097645398883645 -0.7402777997595034 59 nil_vol 0.6 nil_bias 0.54 Right 0.005 0.01 0.001 -0.025091438195362137 -0.7425726792400009 -0.006006207203521509 0.0022948794804975464
-0.03138696876523554 -0.7590494752461101 59 nil_vol 0.6 nil_bias 0.54 Home 0.005 0.01 0.001 0.0 -0.75 -0.03138696876523554 -0.009049475246110099
0.22123840414074147 -0.2117018025078526 60 nil_vol 0.6 nil_bias 0.54 Home 0.005 0.01 0.001 0.2163847295372759 -0.20951340530285634 0.004853674603465593 -0.002188397204996247
0.2594756599827622 -0.1401803807417775 60 nil_vol 0.6 nil_bias 0.54 Home 0.005 0.01 0.001 0.24964388731893572 -0.13574748699106876 0.009831772663826455 -0.004432893750708733
0.2797513302911798 -0.060575665121073236 60 nil_vol 0.6 nil_bias 0.54 Home 0.005 0.01 0.001 0.28289737822226857 -0.06199413732237469 -0.0031460479310887308 0.0014184722013014545
0.3280944696912624 0.006027313402310022 60 nil_vol 0.6 nil_bias 0.54 Home 0.005 0.01 0.001 0.31602090888621615 0.01147097184229895 0.012073560805046218 -0.005443658439988927
0.30996381513685034 0.024323016104761293 60 nil_vol 0.6 nil_bias 0.54 Home 0.005 0.01 0.001 0.31981328913185664 0.01988214127850807 -0.009849473995006271 0.004440874826253221
0.34039010217679944 0.027271753334477473 60 nil_vol 0.6 nil_bias 0.54 Home 0.005 0.01 0.001 0.32605851086493687 0.03373349972918527 0.014331591311862589 -0.006461746394707795
0.43586504565098555 0.2634861646639231 60 nil_vol 0.6 nil_bias 0.54 Home 0.005 0.01 0.001 0.43069840098664486 0.2658156720302758 0.005166644664340678 -0.002329507366352657
0.4450114206371927 0.29756070433892723 60 nil_vol 0.6 nil_bias 0.54 Right 0.005 0.01 0.001 0.4 0.35 0.04501142063719265 -0.05243929566107276
0.34360303858404406 0.10679751316153736 61 nil_vol 0.6 nil_bias 0.54 Right 0.005 0.01 0.001 0.35293589642207734 0.10239445785187312 -0.009332857838033304 0.004403055309664247
0.3363737215904693 0.07203472833901295 61 nil_vol 0.6 nil_bias 0.54 Right 0.005 0.01 0.001 0.33820515146400365 0.07117069642414961 -0.0018314298735343593 0.0008640319148633328
0.30405313786045574 -0.016338318822698032 61 nil_vol 0.6 nil_bias 0.54 Right 0.005 0.01 0.001 0.2982187485980854 -0.013585770882276249 0.005834389262370358 -0.0027525479404217836
0.11411662989162014 -0.4196510089185305 61 nil_vol 0.6 nil_bias 0.54 Right 0.005 0.01 0.001 0.10800549933437104 -0.41676789998072017 0.006111130557249093 -0.002883108937810334
0.05672622354802384 -0.48213053557658503 61 nil_vol 0.6 nil_bias 0.54 Right 0.005 0.01 0.001 0.07344705607289154 -0.490019089298104 -0.016720832524867696 0.007888553721518995
0.03303377670098445 -0.5820433283066156 61 nil_vol 0.6 nil_bias 0.54 Right 0.005 0.01 0.001 0.030578377828881564 -0.580884920321754 0.0024553988721028853 -0.0011584079848616282
0.026002590305717613 -0.6157680958778321 61 nil_vol 0.6 nil_bias 0.54 Right 0.005 0.01 0.001 0.01628426402956351 -0.6111831842833481 0.009718326276154102 -0.004584911594484012
-0.03860271960681465 -0.7275234024751197 61 nil_vol 0.6 nil_bias 0.54 Home 0.005 0.01 0.001 0.0 -0.75 -0.03860271960681465 0.022476597524880338
0.05740338005314533 -0.5362205488618659 62 nil_vol 0.6 nil_bias 0.54 Home 0.005 0.01 0.001 0.05997859323871069 -0.5375569315161766 -0.0025752131855653533 0.0013363826543106526
0.09983231789811721 -0.4771414109785931 62 nil_vol 0.6 nil_bias 0.54 Home 0.005 0.01 0.001 0.09313440320603046 -0.47366559116502216 0.00669791469208675 -0.0034758198135709465
0.16096100158198243 -0.3107836905918582 62 nil_vol 0.6 nil_bias 0.54 Home 0.005 0.01 0.001 0.17411741866251496 -0.31761108945648464 -0.013156417080532527 0.006827398864626492
0.20162668890214033 -0.231703091968739 62 nil_vol 0.6 nil_bias 0.54 Home 0.005 0.01 0.001 0.21507653189999804 -0.23868276145252687 -0.013449842997857706 0.006979669483787863
0.41083580051172147 0.1274370777329734 62 nil_vol 0.6 nil_bias 0.54 Home 0.005 0.01 0.001 0.4062940644100127 0.12979396895300943 0.004541736101708757 -0.0023568912200360565
0.4295452383127475 0.19276430244088744 62 nil_vol 0.6 nil_bias 0.54 Home 0.005 0.01 0.001 0.43697192478281316 0.18891029336962661 -0.007426686470065641 0.0038540090712608156
0.5110964602339769 0.31931400134367777 62 nil_vol 0.6 nil_bias 0.54 Home 0.005 0.01 0.001 0.5060127436657762 0.32195214822769336 0.005083716568200698 -0.0026381468840155874
0.5197481163930242 0.34842025063965537 62 nil_vol 0.6 nil_bias 0.54 Right 0.005 0.01 0.001 0.4 0.35 0.11974811639302424 -0.0015797493603445863
0.46366840499101414 0.25013319912185217 63 nil_vol 0.6 nil_bias 0.54 Right 0.005 0.01 0.001 0.47233230104147744 0.24611760694817714 -0.008663896050463294 0.004015592173675008
0.4262447600922188 0.13813997353424542 63 nil_vol 0.6 nil_bias 0.54 Right 0.005 0.01 0.001 0.4229862079280825 0.13965026595830074 0.0032585521641363083 -0.0015102924240553198
0.3850884549506478 0.06154141755462229 63 nil_vol 0.6 nil_bias 0.54 Right 0.005 0.01 0.001 0.3864840673293149 0.06089457113441854 -0.001395612378667099 0.0006468464202037472
0.3236608647545582 -0.1064742605585979 63 nil_vol 0.6 nil_bias 0.54 Right 0.005 0.01 0.001 0.3115192518221704 -0.10084679624195475 0.01214161293238782 -0.00562746431664316
0.1218937768137185 -0.5219250555453673 63 nil_vol 0.6 nil_bias 0.54 Right 0.005 0.01 0.001 0.11733483534293726 -0.5198120512360263 0.004558941470781248 -0.0021130043093410228
0.1127243402702089 -0.5624143671845443 63 nil_vol 0.6 nil_bias 0.54 Right 0.005 0.01 0.001 0.10026563644796999 -0.5566399357657783 0.012458703822238914 -0.005774431418765953
-0.011804692592342535 -0.7556051357448463 63 nil_vol 0.6 nil_bias 0.54 Right 0.005 0.01 0.001 0.004537493379261015 -0.7631795057172104 -0.01634218597160355 0.007574369972364057
-0.003809530268856437 -0.7811887412397172 63 nil_vol 0.6 nil_bias 0.54 Home 0.005 0.01 0.001 0.0 -0.75 -0.003809530268856437 -0.031188741239717162
