0.08160020705329857 -0.48473246784178997
0.167846243518954 -0.23332934163813626
0.19693265564525272 -0.16408176373266875
0.1793522107924971 -0.0943069119096454
0.30923446096164026 0.19917197335860165
0.29526397804671556 0.21362106013648377
0.30704988452074283 0.2202097215210518
0.3746992738091713 0.4353973995859073
0.3639767277211085 0.3880484494568193
0.29137148345361524 0.1977304101858112
0.23510639245776 -0.004769062710078682
0.16394697815703904 -0.15268281421145136
0.1097876860813239 -0.34589930475161706
0.058493386976502686 -0.48630737091707177
-0.007566042103775782 -0.6941504479124381
-0.013884875442257725 -0.7238665982500964
-0.08754683170145812 -0.5400235695250218
-0.09775770837313512 -0.5310752642285789
-0.09363858069895736 -0.48604510185337646
-0.2263577363699337 -0.185224863128798
-0.22062802491699177 -0.11751853086821268
-0.2402044814961016 -0.06100171830803392
-0.28311182967119375 0.1128349717858325
-0.4286727172086121 0.5490526924922632
-0.42450473199988975 0.5118265656485987
-0.40791683492207026 0.507453361933989
-0.4079990447992009 0.500697405457462
-0.3036189930759823 0.14827616562870613
-0.25564904732010185 0.005054607450223118
-0.09740527492822447 -0.5675162262934211
-0.08511097109025366 -0.5843290037824677
-0.013185570438420552 -0.7889037125936985
-0.1256232787409094 -0.42202180492860325
-0.15345708954126383 -0.386201665415971
-0.1841158015575716 -0.3009685061770471
-0.20105824657669977 -0.27892298785025904
-0.2599758062355767 -0.12784218141115294
-0.2559646875962085 -0.09256307909513518
-0.280339590627681 -0.018621089018825778
-0.3875951538138097 0.26541089218658864
-0.3506256791167272 0.21218934587882352
-0.30625908440983657 0.05296336302292176
-0.27829727320465397 -0.03500595929143516
-0.18591260873015378 -0.17554465853074308
-0.19284966338075435 -0.25316354165900107
-0.13625337402842624 -0.39488297156639235
-0.04413755487069565 -0.5691072844905148
0.0011750757811011313 -0.7346117132200644
-0.021070963524372238 -0.7359747234479502
-0.2063997739627657 -0.4038702632305801
-0.23869292839717537 -0.3430309507597153
-0.5015979167580178 0.13476692860395595
-0.6893195498409977 0.47326567045234863
-0.7149920607198864 0.4675943636399259
-0.7642912075559026 0.5689049049832804
-0.7900233953880165 0.6064319167415635
-0.7777849471724158 0.5789877214448476
-0.5337722211285615 0.1866269786614187
-0.5123023605393854 0.13553676233445383
-0.33891946549641205 -0.1391382048517418
-0.23365106076072287 -0.3444235424047933
-0.18188331158479 -0.3867347589895992
-0.02304561248788105 -0.7023927357551589
0.00026498902195275974 -0.7255512304035734
-0.03524398436593341 -0.6496056426188797
-0.037767397344758265 -0.5561940878419619
-0.1334487150942458 -0.3226876208082347
-0.14399183983572456 -0.31968739911249955
-0.18787716275380628 -0.18355177543144624
-0.320394280815498 0.15086098219905922
-0.31080651207528875 0.15499001561053352
-0.33155652892812354 0.19834040351535628
-0.2809040631581538 0.023011245700956362
-0.24950231522004426 -0.09682681043408561
-0.179355542829061 -0.33598064832533575
-0.11544164343098749 -0.5382913200087823
-0.11948483141772011 -0.5596178170234772
-0.10300206391557445 -0.5600190794433817
-0.08075586094176532 -0.6481710280590113
-0.045198051054949465 -0.7687121032594195
0.05016989638440475 -0.503770674362797
0.15793516629308912 -0.17558324606654718
0.2698908111484674 0.06895410040297463
0.3494197576793932 0.302647012208045
0.3388260583654924 0.31915301504008703
0.36303067240316 0.35021809919840335
0.41261285731187497 0.5385247376998435
0.4320207759673794 0.5593836601715318
0.4141547704703913 0.5049140803900771
0.27675267757381344 0.06490794441509795
0.243622331259014 -0.03766212961032374
0.17986209606290687 -0.266633344361135
0.12509579978489996 -0.35451587657807554
0.05764610105544772 -0.6181695552408107
0.016051897718105206 -0.7001088481307649
0.010598883010685322 -0.7416328926948089
0.06281589231094734 -0.5311278913184972
0.05432249281633984 -0.43942646637550314
0.04684523947652666 -0.4299050134967851
0.16282031629512436 0.13127663475833817
0.16222230880894695 0.19806974517641254
0.20322153325499503 0.3894642976267373
0.20937173645426513 0.45072964387032693
0.21870962577906747 0.5352082850465072
0.21239630954177804 0.3916062568220245
0.19700129815464135 0.3729585950757341
0.1648250134085617 0.23726818522300938
0.14107263879579365 0.07433024492690637
0.1196389761088821 -0.1276598066812745
0.0456473057876684 -0.31142872780439435
0.0682418560656618 -0.33181258021762816
-0.005027106564167742 -0.7268918969240351
-0.05845591883120091 -0.6414768008471786
-0.09567081935492003 -0.5353298706264625
-0.2361861347145364 -0.2648315402961676
-0.2584630327150462 -0.24264889427708422
-0.3012895832254384 -0.16728716170745705
-0.3694318816157491 -0.017914187465678747
-0.3781623693511182 -0.018503602638619495
-0.46899995757084706 0.15715755568791479
-0.44171843355199963 0.06644152092337853
-0.4200655063104033 0.06323144806643456
-0.315817027497965 -0.09860885468379535
-0.26619802677147764 -0.19887628934941448
-0.08398021334878228 -0.5643274317978643
0.016500356246832052 -0.7578660968586238
0.029672197009877666 -0.7759644262900738
0.0490681962242887 -0.8072658094114732
0.05679575729277602 -0.7979647169382054
-0.005234357867571961 -0.6087086819619897
-0.03988529791436323 -0.5679924406953536
-0.03959077784896207 -0.5190554599667622
-0.07962896559284717 -0.3981599801403341
-0.21732075761160857 0.06177258383996931
-0.2961157099554138 0.267085874154774
-0.29028403583618445 0.30064954615850237
-0.22435363775773207 0.09678092060181959
-0.21768433361612732 -0.03763350517903371
-0.18943083601630345 -0.14571129490908705
-0.10643868006606604 -0.4456834997186986
-0.07385072727471279 -0.5051279745655088
-0.08159791534787456 -0.5082243880222802
-0.07911672741850326 -0.5672789307000125
-0.023649701694747737 -0.74417715976356
-0.10515735574806578 -0.08012656859591233
-0.1152557250632824 0.013259351183267272
-0.10422810881922288 0.0552947203666355
-0.11075339626077686 0.07174260925118393
-0.12341251413337899 0.1632655622241058
-0.13076543305383947 0.2524072202865094
-0.14413531478854508 0.25778165567240074
-0.14161434775026155 0.3950953273745222
-0.13295147809757035 0.27123126209304405
-0.13300454150534988 0.21163954616202693
-0.05953447354271011 -0.12191416610371485
-0.05080363201814919 -0.26758286254469144
-0.05620531784953778 -0.33360725181520506
-0.034866675905928506 -0.364977577454485
-0.02710035414432486 -0.5576552493784255
0.00042362123398460047 -0.7406554099086696
0.0010097889288117356 -0.7334695118378993
-0.09735650845992885 -0.5867883108179407
-0.18725436265056894 -0.5083306614513804
-0.4788977192509573 -0.08288670786411374
-0.5033070144723711 -0.040330307211992836
-0.5282725334757913 0.007382426315803814
-0.6818209188889505 0.18858159554013262
-0.6798759097481721 0.2010930889222279
-0.6621101566441248 0.1802086096373177
-0.5868991459850512 0.05744510065054538
-0.5050401031270749 -0.045675979271746395
-0.31833300103666184 -0.26852425080290176
-0.3098966428329095 -0.3130990847129167
-0.1804415333928106 -0.5055512828021108
-0.09841135538381496 -0.6046988663945181
0.019381805890240425 -0.7633343962221061
0.04248041416128986 -0.7031325365156178
0.09767026394244199 -0.5564760366392282
0.17230982465393105 -0.29054582077064967
0.25666339133434496 0.021699948552960344
0.28188895116089835 0.1336184630061964
0.3523484021221534 0.31080080233800683
0.3802337102476812 0.3964101409887564
0.38770214748827014 0.4158019871816673
0.37325955668006644 0.38226428822013814
0.289604634160765 0.05610552832257258
0.2739308540103103 0.009981531313880562
0.2379311854345984 0.007327905850764914
0.2129121790600192 -0.1399104488107223
0.14086379711615107 -0.3717265146354566
0.12412675281228497 -0.45748950238409025
0.03226397809952785 -0.7096829190221356
0.030303242183359766 -0.6772784713011889
0.02839555795592973 -0.5928928669636978
0.013138494292146067 -0.5197740443076238
0.01673502755235825 -0.40311297147091
0.00011157628708099564 0.07853256248825834
-0.013793416316216093 0.10323496056059381
-0.022405831575939165 0.17228577848850885
-0.021000556579236274 0.3443389693275054
-0.02669470278305865 0.21724691523356565
-0.03321667987817846 0.16318841075452756
0.011932479478194225 -0.08738649408729245
0.0012395003636364085 -0.38457203671785684
0.0019572409957987584 -0.45298338992962867
0.018007893951997807 -0.5556403702077838
0.02976535994622093 -0.7449011160691498
0.03634577631779221 -0.7902072074291203
0.0892084774262439 -0.6812485545272334
0.10357245203142496 -0.6330878873484129
0.18169669718323198 -0.4496425345192031
0.3461650799093876 -0.07480840774145699
0.4334889264871744 0.08639385318486204
0.430294198987156 0.0893855046858997
0.4478953231938816 0.12502467011157173
0.45753509083564364 0.14132287270346017
0.3934408311634706 -0.0030560202830827786
0.25517722857095504 -0.2743639470868633
0.24583590509365938 -0.30434358722770155
0.21492195801720448 -0.3738131919644881
0.1132863801439552 -0.5817326146505425
0.08032459499744034 -0.6108548142711738
0.06741231598737588 -0.6063577026412003
0.030337258908219446 -0.7158564020826269
0.035443137472883565 -0.7021287850478298
0.012940755185114984 -0.590418450042371
0.004269566188644186 -0.5471458895751364
0.00980192042895962 -0.5005522403672265
-0.06621440742613517 -0.24464306728889812
-0.07136559368587161 -0.20033629415913193
-0.07429565113300797 -0.17026578046872617
-0.16900173841965646 0.2756315022278763
-0.16490067235329028 0.23356661486173885
-0.1477578700679941 0.18467286361054355
-0.14585730827580579 0.09245344979808023
-0.15042729887820216 0.030183620659482116
-0.08688466338168721 -0.14400839875253646
-0.026926934706687857 -0.6240802356749698
-0.04479796471387214 -0.6282286411727394
-0.011652717661102534 -0.7423299244021689
-0.03134178256851465 -0.7002493304020573
-0.11837182959094394 -0.5762168166310259
-0.16538812294500368 -0.5020044286613755
-0.2767752983281768 -0.3104306997307611
-0.4356888044477412 -0.07169929737934388
-0.528091807745216 0.10124492233708704
-0.6248458156617944 0.26797346482080664
-0.7456976018305145 0.4493357770275936
-0.6776943455874886 0.33544853577158423
-0.6181093359085119 0.2360214629871303
-0.5685154234671406 0.13690725116625974
-0.3653918020711343 -0.15991328711236538
-0.2597095950482668 -0.3622948481644972
-0.23113952235340351 -0.4138371185048373
-0.1775977819676025 -0.5201994018793877
-0.0036346675935565675 -0.7953561615664231
0.013848616628047029 -0.4890119051862867
0.06103159700252388 -0.23558736255347876
0.04422788156950401 -0.21010723544821314
0.034380344338399815 -0.15362353644438229
0.06244242055468639 0.10045431258491092
0.10684421818022066 0.25075806255571575
0.10368295682909787 0.5812970941266522
0.1006474832125796 0.6455172638377575
0.06759519158840786 0.47383856529602075
0.08648287611681733 0.44216155870756635
-0.0015142237752347283 -0.2670564065717379
-0.021864170936710704 -0.3965308882068917
-0.02371143855044746 -0.4091685050489215
-0.03813526501873804 -0.5037971370237484
-0.06913477264480193 -0.6828013922586331
-0.062460099833181376 -0.7159201713999143
-0.04231735393650198 -0.6695794395057925
-0.014567622734480175 -0.5244404380032871
0.06950576495981155 -0.2646387903657658
0.09721496113539332 -0.23422484939755261
0.10336080908967207 -0.1959869631243063
0.24751421369686477 0.32449273564741926
0.24568117145257945 0.38283743288539096
0.3513517576907244 0.6554991006409678
0.3091557475215978 0.4162853034820128
0.2900731310125442 0.4000136491149076
0.2688529865076195 0.3247248939818646
0.2582594022894843 0.3076893714611174
0.17674766168717207 -0.03009946493420491
0.184830528506195 -0.03899803436965286
0.12571762140366768 -0.2154338996827471
0.0016238003726627085 -0.7399889339399229
-0.05172107950347474 -0.6801673783177004
-0.12922187056280357 -0.6183237510088474
-0.1747426402303199 -0.5519950030718052
-0.49021031587837777 -0.21733205917252382
-0.5957708101721049 -0.05665781418908824
-0.6666094329894258 -0.020714852740952014
-0.7799039678695285 0.12058566981429895
-0.8793023331536693 0.23715935400601434
-0.8344574952532591 0.18188045080676388
-0.7799493181333846 0.1166799471196185
-0.7838874680084399 0.10913835830334247
-0.6179834625782191 -0.08640494245701842
-0.600582307935984 -0.12199320854943378
-0.3962123348623866 -0.362884216121358
-0.13801193997899394 -0.6644810374416233
-0.036687450457238535 -0.7863350634123171
-0.0646352155443637 -0.6658782582491629
-0.12273486104975044 -0.5550989866178387
-0.19989456629554392 -0.34215113244773687
-0.2872819158760862 -0.10231474360896745
-0.34414556242514255 -0.041886031607447916
-0.3527657276510296 0.0320105918475628
-0.42456603133340426 0.1934629590277184
-0.43635910536076683 0.2442685975271178
-0.38178157916513167 0.16536066034182093
-0.2574428650077574 -0.108556118962913
-0.2699590553604086 -0.12999165458542225
-0.24840559486138358 -0.15035021164506918
-0.15157600440639793 -0.41446867924075326
-0.08228137125957023 -0.5649082775449493
-0.0410617194740217 -0.6230305203549562
-0.013552799855736026 -0.7145123735390361
0.07365142359684279 -0.5731659967915914
0.1243263011082488 -0.411681492258292
0.18604795689214862 -0.334061749051822
0.2699847816942626 -0.17107108351850997
0.27837501876826715 -0.11975528649246961
0.33792854041643955 -0.0140653909654763
0.4278112240358409 0.19088059988802822
0.5302843072453014 0.39574632954695427
0.3400075935657487 -0.052986697946334656
0.33252837033958094 -0.07421098863935269
0.32521224839513196 -0.08198182296933895
0.2460133235481724 -0.29732633411354165
0.21465628340265777 -0.3195731743810963
0.2127536571849238 -0.3766457101300758
0.19035099986556026 -0.45040111380129394
0.061417875026594626 -0.7530290011191136
0.04729266182763852 -0.7037255459971308
0.00885525623113797 -0.6731091037979686
-0.12282382696343025 -0.4239977649418319
-0.2192493919101809 -0.250597172145026
-0.3227027330189087 -0.08456644460318707
-0.3539105402104501 0.006625638817795302
-0.4484690860026824 0.18074349353051702
-0.5957721750373582 0.4553760280985735
-0.5817153357608063 0.42734327165760083
-0.556305850888155 0.35744695725218106
-0.5452624976654856 0.3469781921166391
-0.5148992911671388 0.2932552003509353
-0.5034351148080687 0.24055833168075702
-0.13308756533927205 -0.4814464230947658
-0.052017044308678394 -0.7152814465482145
-0.015075523508564172 -0.7570010622513048
-0.061960532513419694 -0.6244689376546908
-0.09478817018989419 -0.47891281858220275
-0.13661812877913376 -0.4125067073202564
-0.28716753269732576 -0.04314285069368011
-0.3178282494290073 0.11046161899617449
-0.5160597340573098 0.6193410551530139
-0.5294376715837413 0.626422513544109
-0.5106529617542662 0.6546659796853574
-0.46648596073215004 0.5837358558593144
-0.4939370836014551 0.5735635558440003
-0.45135259280770057 0.4807580944231223
-0.24160578451855516 -0.1655218268459611
-0.12994311749527973 -0.43747670585153875
-0.1174888850849313 -0.4880419651025159
-0.1151715969240087 -0.48823227988126805
-0.039624649174494354 -0.6944286867448785
-0.13519576433409394 -0.5866511223071239
-0.1528130996495427 -0.5173565995085239
-0.28808502160008753 -0.3374015188464669
-0.454360078835044 -0.07621786196002904
-0.5314134807075628 0.039854999881679704
-0.6398754081290129 0.20497227804914597
-0.6476598547371551 0.2034622353668235
-0.7164616896397275 0.28944008115052233
-0.6225895630090593 0.1449920158381244
-0.6153624690840387 0.1308148059809454
-0.48615898200471963 -0.02179066927611464
-0.43255464268020466 -0.106478817754231
-0.3409664988002034 -0.2640173864768613
-0.3139109579848742 -0.2704728595807059
-0.15567777848961248 -0.5313548634090494
0.012339023702870012 -0.7621840026346743
-0.11204821839142735 -0.5061890377041649
-0.1739967829820993 -0.4195380028500736
-0.18418700445703004 -0.3905103841908565
-0.2298676668682817 -0.3127078919106976
-0.300432022955427 -0.17253083061402918
-0.355229141786144 -0.08694355595241204
-0.3883673146181918 -0.049715055014106294
-0.406294329027074 -0.0021800116641152445
-0.39169728487669014 -0.023842750187966933
-0.3944836910791498 -0.032302387560688706
-0.31795512156064154 -0.15990902976945537
-0.2339003539885317 -0.38084205115007913
-0.16613695144772678 -0.48611057942258495
-0.16349288856226468 -0.5145611746169764
-0.14223894047151714 -0.5100267998404524
-0.005070451182125998 -0.7749630019090168
-0.0898014384515086 -0.5957998741207725
-0.20395158913382774 -0.43833010682851825
-0.2679968272629723 -0.3327283892180139
-0.29071712989023696 -0.3136302692641207
-0.3127960605455206 -0.27199293989216194
-0.37532445822785665 -0.18904570723521052
-0.47983463259125725 0.035679937565935516
-0.5213196105357831 0.07672889818007023
-0.4055706923184739 -0.10651452014780582
-0.3498679818744938 -0.23464522365689822
-0.21308525208660645 -0.40857318444897023
-0.1863339078638607 -0.4820210735389873
-0.15069186769268675 -0.5381571571792716
-0.012548040161403652 -0.7464643391190909
-0.004104703090523675 -0.742711877302234
0.011603763371613025 -0.7951308554546173
0.08825631728281473 -0.698442119649183
0.0949188873001538 -0.6752926120563753
0.3588142212235626 -0.29605378529872056
0.5941898747609311 0.07591455443099614
0.6289671936185406 0.07844816605213767
0.6709972811150089 0.15064216535849265
0.683431690535501 0.17644943547563388
0.7893609352189593 0.33013769164800644
0.7790373856952678 0.31588749726304
0.6382452911314401 0.13785072348948402
0.5572096043041652 0.03643066459320872
0.358465097813243 -0.204415336079997
0.33303930724352526 -0.25406295128792483
0.11129373972310644 -0.5103634789381823
0.09204086530644037 -0.5417879410821871
-0.05214166032627654 -0.6958498211741818
-0.04979081702930803 -0.6641025855802738
-0.04684995831777119 -0.6294104958366384
-0.04413023667891596 -0.5682977865228178
-0.049460716769699445 -0.35474923167600897
-0.050802505216973 -0.1680782481618368
-0.041303767385764766 -0.05736747393405889
-0.0545489913245633 -0.011610507709101518
-0.039444971296480946 0.2384139341118393
-0.0457438526615181 0.12958825338371494
-0.034068247956372824 -0.0005352149740119873
0.023945462723338595 -0.3404007598148165
0.021170162778583225 -0.49621808024628555
0.015837350310637387 -0.6605981461922196
0.019505139348678716 -0.6759471692442217
0.0381556344988455 -0.7621605313974757
0.03860617954893491 -0.7909670753171075
0.10636604882473685 -0.6557066941462218
0.12389367900439655 -0.6117169742583187
0.2030817889826752 -0.4148507451259211
0.25042614913362854 -0.3090324291484506
0.2982385820202544 -0.13292810970171054
0.326791479195461 -0.0674973116322702
0.36470482472524274 0.019449779317950267
0.4965957466314369 0.31499984801607916
0.475300460557388 0.2637420537191536
0.4446127885592802 0.19791296770670624
0.34978657814589975 0.04548158312397226
0.24943404446325418 -0.165760848766871
0.08411196303936462 -0.5175736833268109
-0.007347306066000301 -0.6789033967391078
-0.03251994638802069 -0.7550932304220361
-0.04447142069007356 -0.7561172125625133
-0.1513403929924724 -0.6305582915976164
-0.29898352802002154 -0.4783061401718581
-0.4369901793529377 -0.3219059755695687
-0.5023054864187616 -0.23530267017405473
-0.521333188303324 -0.22271098779802234
-0.5837778707526763 -0.16664771749568658
-0.6269072801355777 -0.0942142611884542
-0.6874526965000766 -0.03018722385223116
-0.5447669012340108 -0.18753602449775106
-0.4803631660949278 -0.1997244989530758
-0.4330887394537936 -0.2710928875819753
-0.42958401550446584 -0.2738198582855653
-0.34631778270934926 -0.35021412242104194
-0.06819566175031173 -0.6082582457404305
-0.016825255568674168 -0.6473109973291671
0.07985352445171845 -0.7570128899027697
0.007772574035654886 -0.6202240658035069
0.007379239132989917 -0.613284447383871
-0.1593726076596927 -0.35003031844309346
-0.17239659309069152 -0.3023091186272798
-0.2348183902869376 -0.2224287851021617
-0.35368450978566723 0.02905878921558865
-0.46825879589325764 0.18743559434360374
-0.4568812573063302 0.19503544307711626
-0.3019082279473816 -0.15767748499696738
-0.27945974895598863 -0.16051155881546925
-0.2411565482804315 -0.2675831241171198
-0.18155038329196188 -0.40089084484646076
-0.16218772131184672 -0.4288759906841733
-0.16659842025141788 -0.4361896965767584
-0.13153257142141167 -0.4942458941051413
-0.01751653517914551 -0.735214087776941
-0.26781207094846604 -0.4645164606463576
-0.34968236373392236 -0.3931872863995816
-0.4215066232616685 -0.28054969307624866
-0.5479711761826747 -0.16025245057976997
-0.6145208450998009 -0.07321902647286224
-0.7089477466927605 0.026407059370301675
-0.7343788592638122 0.06255872434899284
-0.7928522018316809 0.11462785735471737
-0.7434865500990783 0.08045542910365346
-0.6933006279618146 -0.0039012553053440115
-0.6501403277666087 -0.05051765651923139
-0.5567843114124834 -0.12129265225637262
-0.5204399983266625 -0.1599600307544579
-0.3551042162491831 -0.34762958053956666
-0.2574976885487684 -0.4061802750374582
0.054282574829700204 -0.7309731911480437
