0.05827572686696298 -0.5608985817932823
0.08884240727970794 -0.5388854051820664
0.12839133519145718 -0.3512857925322098
0.17950917123176793 -0.16510022521905526
0.24495483966647663 0.11928301200323646
0.31388895311936066 0.2276568073053511
0.32005597952517634 0.27275768149400226
0.4108292920088411 0.5927635784535622
0.3424207858119837 0.34479756167307224
0.24867369642064638 -0.006183921889447954
0.21264708459452036 -0.10283432202616839
0.22419310231325365 -0.12481101652942195
0.17074924969031077 -0.27461281593256187
0.1393952343218651 -0.3799666843134932
0.07414093501875389 -0.5931084464855617
0.022345401926520795 -0.8137530030560534
0.028235170577789438 -0.790656619359472
0.15917041153380757 -0.5455316594097024
0.23365433555837295 -0.44461077974211255
0.2808407402248624 -0.3706729306438673
0.3223088426839706 -0.2720051100299066
0.5294217123116022 0.08585050512858036
0.6456460448106346 0.2773936632956186
0.6935424293935948 0.3789680946911834
0.6918702640814979 0.36904413657342394
0.628246801619833 0.2681059101766775
0.3520907531564798 -0.16423679956456838
0.3028870670027721 -0.23219034965492463
0.2145654102372515 -0.3578291161993097
0.11974320424917337 -0.4990406512289681
-0.01486909745401941 -0.6946624362177815
-0.04883125282236496 -0.7674994997897109
0.005507234864872902 -0.48412262711060633
0.01335800786017391 -0.3978195770192546
0.07772652023206343 -0.0627002756863099
0.09903479919276541 0.00810839405742492
0.1276190240411765 0.2125224539686026
0.15406817273354412 0.22609074483391622
0.1657568602864147 0.40669102377318034
0.19368781941857846 0.5717254961555398
0.14951138951280815 0.24963037101132296
0.12462520377600823 0.04731358045405479
0.1034186487079779 -0.042929352300513555
0.12293682481522161 -0.06506158767157946
0.07011355104413426 -0.4842796981053553
0.05600015382053503 -0.6432724594373357
0.028561557123304993 -0.6953900519697956
0.03856586936590076 -0.7216090324386093
0.06953929408706537 -0.7082429722184278
0.05999973245591613 -0.6709442604928186
0.16661311232717693 -0.46923871975258813
0.40855502708096164 -0.041047806386108096
0.40306795755046754 -0.02973435116743207
0.4675654049735037 0.08859468566739845
0.5584973949652181 0.2289443924762301
0.6636577276978828 0.4329642039948413
0.5348580826218574 0.1767454200340944
0.3988506157480336 -0.06985830699626239
0.2964806675343723 -0.2736275882567141
0.2953914899481219 -0.27663444942566157
0.25000793540537547 -0.3559839362569056
0.11937979917145464 -0.6340385458322553
0.07096612366485285 -0.6893608592264578
0.010709922390068903 -0.795395056336251
0.004093272286921962 -0.7872259766557048
0.06718283225650395 -0.7114667500380664
0.08582849988468295 -0.6275830657906423
0.08503342802822282 -0.6084031898304406
0.1650548534271741 -0.3672400373898533
0.3615164585759106 0.1101274515999438
0.4003460305167453 0.15481413039181735
0.4228474329179505 0.24287917206531517
0.3896543270183265 0.12211589955650357
0.37102595678124245 0.10496621309599431
0.268694745778794 -0.131555917234637
0.27237717647791515 -0.1721641430218765
0.112226536817518 -0.471659356536487
0.006095305596478076 -0.7661913820670214
0.01688712758796747 -0.7787608068610201
-0.009036690604136257 -0.7832237448882001
-0.047451502887413996 -0.5995801903319821
-0.07847864308276109 -0.20403088428367427
-0.09836364992887417 -0.1572464048132735
-0.13769807157842875 -0.03269148350783906
-0.12133873269764348 -0.006394026506065072
-0.17718484255089376 0.2760784138025062
-0.208623721232567 0.4336511897722534
-0.20241625182822176 0.5059636407129053
-0.17438683474823935 0.22769104709369511
-0.04600954048448262 -0.320988782884716
-0.04141210650229085 -0.38682867908115753
-0.047809044250069335 -0.3976909884440043
-0.02634950644878277 -0.47723983510417617
0.014028787312196835 -0.5281752326835369
0.017382844161513127 -0.6914531782638954
0.02362803506334416 -0.7155960377609993
0.09373464305635305 -0.5671317928708719
0.08560466857127488 -0.5413596176840874
0.22933658153292216 -0.20374052630272335
0.25297956697831353 -0.13289740908176464
0.2740988199121289 -0.11154018773953206
0.3431176032238481 0.0057844697379471465
0.35452589104854054 0.14072197720959934
0.486268224024016 0.4121932307834842
0.4123485581937627 0.21434629844346742
0.3234398872955789 0.042609312977234935
0.3385853958878613 0.02374880268285985
0.24417643232181444 -0.161796549436824
0.1801883113923934 -0.3190847673786849
0.11425330168094569 -0.5246624674940401
0.07642035121244711 -0.5661265086271055
0.016901358570581546 -0.7386412759707571
0.025429646295174822 -0.7080227232708645
0.03461078427140666 -0.6785403202400565
0.052217681436007655 -0.6465283879706599
0.09504237616819335 -0.5751278578786249
0.10836495164962456 -0.530915301203174
0.2272099383060038 -0.29554380377063455
0.3405395315093911 -0.02410458303670142
0.3553093511647541 0.013247391121654295
0.3322884713534778 -0.038943743607736926
0.3213369035913971 -0.07880419198641818
0.08784757685019726 -0.5783394831468276
0.025924252175394045 -0.6452197936926599
0.009392865553967683 -0.7126528629856523
-0.0075782403264887015 -0.7228634427952695
-0.029483420786681182 -0.7381750860000079
-0.020800571020162743 -0.7539024764281175
-0.010589322547855485 -0.5854453097590502
-0.0086619716401648 -0.5409165319336054
-0.012865903332619496 -0.4272526763664717
-0.016606573802160424 -0.25262514821080656
-0.03455889552218412 -0.19840338264235016
-0.04279801968553896 -0.02083713175840482
-0.0526930657991649 0.10420678865125005
-0.047448261387759705 0.21390321113539895
-0.03539450146443559 0.13326539181650662
-0.03219354564178055 0.10283266587453911
-0.03886033300349291 -0.02639556712249045
-0.035564489750558835 -0.039346175679690336
-0.04873596110551202 -0.19868226490164095
-0.06616147936481794 -0.3061218581438732
-0.037434678564376954 -0.6102402643725744
-0.05168132701912538 -0.6606654165517603
0.03479994771529397 -0.39026226028171634
0.03911417203400865 -0.36216691452426925
0.09123418156297504 -0.23812771663381374
0.07370877178515618 -0.21267628136254
0.09999127505798816 -0.05220196123915102
0.2214085990808457 0.32300448235052764
0.23536771003285983 0.33070731822616345
0.259985449185733 0.46303391543829225
0.22383441895474654 0.3484158933988397
0.1713308362709923 0.05019732475710433
0.10826925117040706 -0.14823924731099083
0.04820170764284234 -0.4630447290805249
0.036128539701483324 -0.49612343783401847
0.04852746822740304 -0.5052549508966935
0.003263701184860466 -0.6912714561291271
-0.010841112806084912 -0.7366290809885387
0.03760757654522409 -0.6303182841487317
0.01341174784035521 -0.46594091834273293
0.042402578513405946 -0.22586356806541996
0.07933964875873362 -0.07740108560167747
0.10628246674596976 0.09319711476130585
0.11794287865835386 0.10487034634093455
0.11264483611492734 0.27889895024715583
0.18922283995208722 0.7116101607099106
0.168477166232962 0.5566243465393665
0.15654767443402326 0.49701130689983813
0.12016973454604886 0.2638663545717955
0.05216459192050428 -0.08274949540878655
0.0528417847751244 -0.13145565199590536
0.02223750294424691 -0.3821741594381218
-0.04167423248780675 -0.6551377241300558
-0.044011557864056285 -0.7937745579908144
-0.014494440747228533 -0.7550781238831856
0.1303868253909767 -0.3719974445083162
0.21298806444654594 -0.10519418219411247
0.2383114299031734 -0.027428751882450243
0.2853984259043538 0.07203596092836127
0.31637723246766397 0.1729075077790305
0.37600577840528643 0.35014191095456443
0.3922506668398296 0.35829587591289314
0.3232195490454909 0.19135991457539908
0.30276932710246984 0.14386259070407056
0.2798263334366797 0.07074239799275099
0.1504354311434796 -0.31173772192565463
0.11683196554143084 -0.410995555341706
0.093987144146961 -0.44320098510138384
0.05127899574115744 -0.6117168987858781
0.0014294175464328795 -0.7078879446953317
0.030806625190752505 -0.6443550041750343
0.044629999282515764 -0.6359995635700797
0.08300443113603623 -0.5323884305873848
0.12325343530999266 -0.42826999544247973
0.3410678905343435 0.0372324642649236
0.3604950276908759 0.04540666289198424
0.38525904199491656 0.09553950637271057
0.49279593595537585 0.31760781819875983
0.4165919923761566 0.17791988395884756
0.4316587534436911 0.1690606706674404
0.1817033778777707 -0.3732738988596796
0.1668278348320649 -0.38745119582442844
0.15251451196834703 -0.4161901552337339
0.08107125309207566 -0.5419104434821577
0.06235574160303687 -0.6038445748223243
-0.008006366392132903 -0.7629136571947132
0.03431401490867525 -0.6685548377890537
0.17177137426248723 -0.37372872890934733
0.18416830856233016 -0.3798426918236818
0.26987683215888175 -0.2275143100458206
0.27041872146351315 -0.18502792595809175
0.42995847036455365 0.1175285046002285
0.4820135479331597 0.1918526528076704
0.5532334974103572 0.35566962506824223
0.43226730220060594 0.12384917582583398
0.36172824135044124 -0.006226603026851345
0.33226067825065214 -0.06644927716655015
0.3325327070429147 -0.08455998299576263
0.14837570951524442 -0.40216318087676284
0.13202418615547784 -0.41087339370281545
-0.023180913459456706 -0.7004162524092976
-0.026735608410233567 -0.7242420915844934
-0.049160471934800595 -0.6882849780153193
-0.07873397034658247 -0.5414111353664461
-0.09706033139915762 -0.362073859756827
-0.21801371854909013 0.01626879025177452
-0.2044754008110257 0.06468158802880486
-0.2690585047071275 0.21584651068442642
-0.3175887658387153 0.4953159443892674
-0.3310246045859465 0.5174106141881284
-0.25701848022401635 0.21391244835697054
-0.2489654110769164 0.18471219748307416
-0.1728759110386508 -0.11520238727700756
-0.11827335576270125 -0.32446052542860154
-0.04987176460439908 -0.5921141419075888
-0.04370160459278655 -0.6810878712215603
-0.016691551869226773 -0.6801745100963379
-0.007613755077130012 -0.7554142584301462
0.008146204521830833 -0.6172420679652753
0.06641256584084167 -0.3169314636746851
0.09114234291090031 -0.1915293405119047
0.07433943816817909 -0.13046855085071016
0.08511707871454585 0.007612704527389255
0.11323135099905075 0.07505132768344988
0.14509898834926982 0.3107401487677663
0.1760954185927385 0.5181824402938187
0.12827302789104536 0.1562479215704041
0.13609073897870116 -0.0008259173658754801
0.1246184572525133 -0.1406803682122296
0.11482171239294191 -0.2301565234789858
0.11025159150847987 -0.3607845855466177
0.07689592882844475 -0.47744059367963604
0.05016350612039493 -0.7210054202422714
0.05670377030165986 -0.813856010901202
-0.07426113428258009 -0.3999893789444007
-0.05987272971334339 -0.36838141591690715
-0.07287420099243735 -0.3023515410339956
-0.11795160105490524 -0.2413546987152689
-0.22766868764581516 0.21799700061384347
-0.350377971537856 0.5410847752879047
-0.3464867339006171 0.5548591566589356
-0.3760882708397837 0.6451246668995524
-0.34863834111181236 0.5346343054709068
-0.3328580585937595 0.44049405370464506
-0.2497653708671399 0.1548108275071034
-0.25632695442578196 0.10977890749301492
-0.1957109655713764 -0.04733453470083853
-0.0911151708425623 -0.38938273891064706
-0.09117335123839608 -0.40952202499164364
-0.002195866662535294 -0.7448700366197456
0.01799913636976957 -0.6493922527035216
0.055365684718127875 -0.6493078392744039
0.09847758983446495 -0.5533681492081457
0.24525121098218958 -0.27993959180917094
0.2242469515456275 -0.2690825394621637
0.36363036302039353 -0.013297664531802537
0.4514964727575457 0.1845329238936998
0.5239182306786534 0.3145315862151949
0.48805907384623587 0.24087895037693216
0.4759281843707289 0.22053128094998406
0.3463313727357818 -0.007112032751368358
0.18739236601428746 -0.34774661392434225
0.06656280988646036 -0.5808456176196364
0.018519307464406637 -0.6549303911901346
-0.002056969410709134 -0.7092025333376168
-0.01649310680283368 -0.7242323608768929
-0.16989153156780118 -0.5478786041346069
-0.26689011576565536 -0.3966630017120618
-0.32272247119228276 -0.3647340385797736
-0.5742367424595813 -0.012628904130106465
-0.7322528046864805 0.1545143105691686
-0.735629458800572 0.1685031531557973
-0.7472171367560227 0.1832806977088741
-0.8059884926195707 0.24961368358384503
-0.7786552599758857 0.2487029443684017
-0.7397860518931763 0.16661562534539406
-0.4999807546815177 -0.1213673309085133
-0.46553788553731695 -0.12921054665235732
-0.29233745043990494 -0.33777615621545193
-0.15204558060294204 -0.5276203759393037
-0.047320614464000155 -0.6057683646049533
0.014931613939739952 -0.6866715043266229
0.005125753845380914 -0.4782150275407076
0.011041470241785502 -0.46705047988956805
-4.7569573384656505e-05 -0.42481798687866756
0.012632296529252704 0.05429863110984379
0.011488157788525277 0.12946910788379254
0.0004325384643246123 0.21321368710698088
0.0014200547533904963 0.23188047364087674
0.004222185744398643 0.3661180020978543
0.0009064946568222792 0.22335854640901107
-0.022408495268430285 0.08189408347924045
-0.014810476227626842 -0.17882205663799278
-0.03606475228284651 -0.3051446447056265
-0.036927074419599575 -0.6482013019185037
-0.0309183946626776 -0.6570579451207534
-0.04971206764663921 -0.7666684027629928
-0.04881756279346102 -0.782519940757173
-0.018495319149474724 -0.7332780202402249
-0.02040970550028179 -0.7192080388310004
0.01959324503719969 -0.6275260503408625
0.08464949988935513 -0.5248456911793711
0.1941040231936254 -0.381769256601419
0.26665904571283894 -0.23155251995152387
0.4074887500167241 0.04876517111939998
0.42412935870680474 0.07767192204244411
0.32778387401326964 -0.10227382600062036
0.248318538966948 -0.26961253807587243
0.2121800166391184 -0.3123056832021737
0.10348108250428693 -0.5076507893373288
0.10119114171902859 -0.5286977029542644
0.07082320782208221 -0.6092726212433216
0.04275065765330063 -0.6541549593301546
0.018340275671345357 -0.6957850870923715
0.019139700833971485 -0.6755110635182546
0.22025235002812138 -0.35134683569033015
0.2802890489251595 -0.22097644547378595
0.30147782004671 -0.19846107220722262
0.3956403904839385 -0.02275317092049457
0.5338438618342314 0.23516030573062777
0.6428836174352294 0.3824463965897328
0.6396183882121785 0.3948406941949004
0.6150754421182159 0.3298437285938281
0.4157879492296226 -0.06413463921461103
0.3649387514120219 -0.148928926396501
0.3533562039367512 -0.16566068536505335
0.3475006249966304 -0.19476065676500165
0.06509712146105234 -0.7152560300773952
0.07768475121307401 -0.7252274717663972
0.04235660938069067 -0.7687987302242018
0.10540011183864186 -0.6668721001671889
0.17532140637367494 -0.6087033483574568
0.31906679818275024 -0.37834607793557423
0.3917659529995135 -0.27203467714640867
0.4028915995546908 -0.26827995155230033
0.4739068505399801 -0.12293962834857405
0.5566495568504393 -0.05253851171164348
0.5784028336552474 0.012808185648010895
0.5492660204926934 -0.025338868057863725
0.5243923414931217 -0.04974128803805594
0.5189862060750146 -0.09173051044121909
0.3005435242667924 -0.360575989655651
0.16578854322671766 -0.571921126019901
0.06544607295956899 -0.7072472361497991
0.03254732154688162 -0.7569644039164541
0.008345533138385647 -0.7811544316202911
0.057557207849516165 -0.706614451349758
0.0874946899177687 -0.6848784769132047
0.2846064890032054 -0.3078698136773274
0.35698279001849403 -0.2374260641760552
0.4262755630546938 -0.11043818761224788
0.6225925748139925 0.24942916787731512
0.6391175855812449 0.2573018565252295
0.6450210965742115 0.2744783814851121
0.546784062893686 0.13011759637383352
0.5464992953876945 0.11937683108536716
0.30420080872079663 -0.24965771441847318
0.09187840911942943 -0.543084458987497
0.06467751566322655 -0.588204603817868
0.04137223054388671 -0.627564989591614
0.03904529989726831 -0.6459635871483924
-0.05048003143006137 -0.7528678897131865
0.04952241745060178 -0.6620124833408149
0.05375328507921868 -0.6286173954541833
0.46314091393333834 -0.13185138068959415
0.48772386211468 -0.08536648599896994
0.6933577289503787 0.1488651838017646
0.7853006332853621 0.24489792514202216
0.8570906903858615 0.3444540446159547
0.8906876679249881 0.3784033853323689
0.7678467396756891 0.22429735130253053
0.7210996664257776 0.17054176904033524
0.6175247304036079 0.023300020694551705
0.2782906304166754 -0.4001040994698355
0.26272856163946195 -0.43307704718357104
0.11530725853691659 -0.593158539581777
0.09064969753215249 -0.6516478702118594
-0.040100945133010525 -0.8103351351998018
0.037271836860024485 -0.6510060839969527
0.10493195862008066 -0.5039023200953926
0.10741563287091827 -0.4451838378801743
0.19751403638814702 -0.29750715181202714
0.25282094973482777 -0.09703762482591019
0.3861104907445447 0.17078817516289133
0.38688633392556215 0.20987629036284167
0.4222540529977115 0.25201617846967517
0.37858328653130213 0.1577996793318128
0.3048822000463221 0.0020828181493929773
0.07354717348882353 -0.5092754225198688
0.0739736566242184 -0.5523796454689427
0.05582071772115265 -0.5570197089392751
0.022062042172188663 -0.6079871246519645
-0.005796373353010397 -0.6657464904966672
-0.039024905970298375 -0.7536963315380838
0.08150732045281618 -0.5568323820600496
0.11003343026046072 -0.5088844545657196
0.18037440144115652 -0.3939310748141478
0.3614904243668448 -0.19507102612733035
0.3883981356838282 -0.08476723488657689
0.5293268226088833 0.12578658726411865
0.53962518759516 0.13657079350546486
0.6133512115914868 0.2363006312262642
0.595466315013014 0.20625411408605843
0.3274962476175345 -0.2065469732675291
0.3057502393253041 -0.23145661824218092
0.19945058597672133 -0.39532469052228003
0.07667936723407236 -0.575141963006726
0.06285679187871156 -0.6093438646061343
-0.0009701665708283791 -0.7154813710790591
-0.04092631141868744 -0.7682205483054625
-0.040576781852247126 -0.751060170774154
-0.02162615708219883 -0.6455766672734583
-0.02238279003337858 -0.5222362786871368
0.0062536158680102615 -0.3951711707090182
0.019966023622228806 -0.2403645869281543
0.005496098115445972 -0.23177353310904564
0.027570754138277323 0.07063267269954168
0.052812734353829216 0.13723354728205323
0.05915461009012137 0.12006312334139839
0.0563812859897922 0.07403713765810298
0.05065165259903232 0.07166515170815384
0.061697007387511646 0.0381937172140243
0.04569755429076019 0.028858531549032274
0.034341157057238315 -0.259985984165774
0.03186854747634796 -0.5833571743157299
0.03023905343498813 -0.733040225378108
0.26065881418870707 -0.3623370244088278
0.33940453986974756 -0.24482466711459588
0.3656730824938999 -0.2123631563834672
0.443885881632904 -0.09586056672125383
0.4737985180472443 -0.03202099881603117
0.47073936060887994 -0.022161217753422946
0.5453500675945571 0.10294336828420843
0.67263188797558 0.28109890892298234
0.6226628242090325 0.2123751708451496
0.4994262279278096 0.045307923727041934
0.4428350841248301 -0.1108487954659526
0.38873931450645793 -0.1469924779319197
0.37413312404596955 -0.16510650269768642
0.27680123078626917 -0.352866664563596
0.07748409126555146 -0.6654676346441507
0.009258505625579064 -0.756814679379806
0.22590662957659596 -0.32944772800696986
0.24906447504518303 -0.2571437155294042
0.32757841839565127 -0.09555770180545436
0.362771754112733 -0.05524530919836806
0.36184823979274244 -0.03242183821561278
0.514789763742956 0.2768453069216578
0.5298074827323631 0.27494138118668865
0.6664828208814616 0.5833380336411298
0.4297532877141748 0.07805198975472712
0.42231833134937624 0.08144838644037578
0.3503674399615544 -0.04729146721968533
0.3120453803215439 -0.1940849284257176
0.22011934190294916 -0.32472043265237593
0.1396416634999394 -0.507687911118372
0.08299986318527107 -0.6465741214918281
0.014903154417421521 -0.7552847595016997
0.012769659663693192 -0.7416060845193158
0.02723000256824488 -0.7370856320914885
0.13857401518181647 -0.5326000427235306
0.11857860372931199 -0.49920313995930965
0.21545680921503993 -0.34173785780267646
0.2578013112160857 -0.28000932614668733
0.36945471067814456 -0.047707727932354664
0.4062239158746215 0.05293484381728669
0.41103683215264053 0.04620844128813824
0.3744126263974451 0.012559170791184255
0.3123332635994398 -0.12062429242571035
0.18371193050703047 -0.36447424620318436
0.1507202378966551 -0.4381755137694595
0.10281493685407243 -0.47242972938434485
0.002845955218197578 -0.7189759584751464
-0.007843008615286246 -0.746032286453292
-0.018590525414814308 -0.7354002121297929
-0.06505072180232815 -0.6280951337692167
-0.08714347761326958 -0.5832310305453596
-0.22454205658781895 -0.31570270012943324
-0.3493859362523174 -0.05988402017119032
-0.35104891292111157 -0.05136277675781623
-0.44483518723782145 0.09502668204338598
-0.4346484758425298 0.10973630483770214
-0.4059177968923556 0.0973744037837877
-0.4096061005140438 0.06401095656666897
-0.3525273284921168 -0.0751051534869816
-0.27589485567582106 -0.28265359872510215
-0.1945220798256954 -0.4862736946519559
-0.1570892798935422 -0.5524874982871766
-0.056827978776700296 -0.7948278749853752
-0.04981006598395353 -0.8132538477871771
