-0.04526998016837555 -0.6743637170342607
-0.07817697167593696 -0.5740249704502425
-0.12472843232729935 -0.522193478958744
-0.22422252081302066 -0.3391248188637508
-0.2571679648862687 -0.2582762715545893
-0.30947618690211115 -0.14929934025678368
-0.3692848335766583 -0.04203433793312233
-0.372995364310316 -0.038569572357400106
-0.36827125338300676 -0.04437071347470653
-0.36666488223069643 -0.07907665365982745
-0.2908037207321719 -0.18928693326760426
-0.2801886958225662 -0.2470385043330759
-0.1955551889752477 -0.3998144015069321
-0.06064184942254576 -0.6236577764496746
-0.013056467622390329 -0.7100029607984115
-0.020384021685209065 -0.7168816465035673
-0.1186396808440448 -0.5466135488709182
-0.1930213136358623 -0.4306767060663437
-0.27783544829782125 -0.28473427918565986
-0.2977587737568807 -0.25190732938224547
-0.3153850486330333 -0.2109379460626563
-0.35683176348489953 -0.15605446547394936
-0.38389270969745304 -0.12003487668751776
-0.5237405259194171 0.1053625705264
-0.39593441930382944 -0.0727410718088531
-0.3670566022763806 -0.12490993656129724
-0.21554096079350946 -0.31245614139394623
-0.16380288454589895 -0.3999488399683613
-0.18510411821704137 -0.4201139036434074
-0.10218327711282389 -0.5077627877116712
-0.08440497682354912 -0.5080245776468304
0.016485388963662632 -0.6758218087451189
-0.04989006176643951 -0.47961859420974867
-0.2096538707279894 0.10294051408710164
-0.2030264026634346 0.20048686370624194
-0.24006224961331088 0.2736847598811555
-0.30053731100884884 0.5006366017504321
-0.3556595712900477 0.722257854446617
-0.36249965110912435 0.7764294828069104
-0.3843070734817159 0.807515365671517
-0.3385438418996036 0.6399980774273234
-0.33030041407806093 0.5859577083010329
-0.3057145372612915 0.5171661337993341
-0.17001409713023216 -0.06751087044245227
-0.15252202994358177 -0.12912925528128216
-0.10586123641185875 -0.32285690291445307
0.010700191609225501 -0.692582548894898
0.008613830732433178 -0.7563178542305719
0.021947114709871096 -0.7542613493691397
0.020337181946266946 -0.7446446462685912
0.09020554372788678 -0.64274022285613
0.2377123094228287 -0.3795812412191515
0.4375369861787544 -0.016064509359812695
0.4870167361295418 0.08684611953421904
0.5053958390662168 0.09293765612407846
0.5085544839235808 0.10692957571286563
0.45609475501572244 0.020538074336894283
0.25741818434685115 -0.3176059264896623
0.254222528256712 -0.3358186414438804
0.1789594254054595 -0.46013189346609246
0.1765037238515856 -0.47890238579574285
0.15416244256797668 -0.5001071653125057
0.1181345060049714 -0.5731615108641714
0.01284562601739887 -0.7561770988212311
-0.04405443973870893 -0.6856932465674447
-0.03930938242852325 -0.6794010366739316
-0.07698013199348432 -0.6148214476596413
-0.1765032255338539 -0.48429865280563456
-0.7035943557384621 0.2569718486802638
-0.8002409460819844 0.3715670343311644
-0.8976591886242106 0.4977780384876138
-0.9768665281408817 0.6114986191569873
-0.6612421597294164 0.1930646824620965
-0.3941659461553719 -0.18293469527032694
-0.38410601519655163 -0.18097317387606662
-0.3502510177163473 -0.2447033251515956
-0.28334413229908306 -0.3302216841429749
-0.09607756662584349 -0.5907516256543281
-0.01634090279316624 -0.7104348368141928
0.02068290208676785 -0.7469533714084152
0.05729246387941211 -0.6180053110561257
0.13656732373804736 -0.4757445199872878
0.1847233511226657 -0.34958735566060894
0.21160997102325374 -0.34827225231023046
0.3917843617843175 0.08056333837829119
0.3881709463082448 0.12118474931710868
0.4849884209155252 0.3236970371490567
0.5408238038609483 0.4600002856414163
0.518544826172459 0.4197389291007058
0.34363828150497727 -0.021858726029950457
0.2976297229618593 -0.19438822510560955
0.28252214903697614 -0.2459372302463133
0.2670839044496394 -0.2813165212809006
0.2461874932695002 -0.29458712270996723
0.17470832881271217 -0.4608900380360625
0.08366255183783633 -0.7223663881515052
0.07223549148379285 -0.6860411908236065
0.058880602560134845 -0.25719542073964785
0.059320606371095284 -0.08565143219531825
0.05311757402132203 -0.01342229120652052
0.05585117274452549 0.07384949851475542
0.04027613541734741 0.20517309481879722
0.05867030083072766 0.3601226848431456
0.032400593708233394 0.5869341789533815
0.03084741182533537 0.4181666785261481
0.027062136923386347 0.14831368981311474
0.034081596532406847 0.03816411913710419
0.00722996119184947 -0.005352624170076945
0.015276880312671144 -0.0316925914974062
0.00949155399366584 -0.22479475109094704
-0.005363748724325925 -0.6974357792725288
-0.0005792687734459612 -0.7664291824781105
-0.03295902512342471 -0.5859708886154771
-0.07515420908942767 -0.327526124625412
-0.09046077697805702 -0.3157896383187522
-0.08341656117263198 -0.27779404312868594
-0.0929567380850115 -0.20179161031891504
-0.12022526480606764 -0.1051431344033798
-0.14678980540876244 0.11357974401051736
-0.15572513204951588 0.1869139374818731
-0.15486477498813675 0.15717321625284025
-0.127031168245391 0.048084642226285355
-0.1233944095755835 -0.04552682717464256
-0.1173967684090268 -0.09791093037741788
-0.08789942804165435 -0.2913305832520708
-0.03163490741168351 -0.5721700095719938
-0.030718646460309047 -0.7323573040577465
-0.011295002819795123 -0.7969386754565576
-0.021057662583777077 -0.4749836791003936
-0.03114424654745784 -0.4276036517265947
-0.04760298629127885 -0.37928543813697724
-0.05184582100792583 -0.2927204405508424
-0.07588997325863886 -0.10099947738169306
-0.08096715994699771 -0.021269903518178812
-0.07629908815059727 0.13756198458728108
-0.12337837039483507 0.5774834787146067
-0.12077602312104398 0.5119105836179628
-0.10761928572998229 0.40854138688288083
-0.09790075821517986 0.30941220628520566
-0.10585988114390948 0.30558051403908404
-0.06790977680984898 -0.2920671257184421
-0.06241618226990818 -0.4132976233989937
-0.022584321778349653 -0.4599222310800256
-0.026616330218082688 -0.7342126739472319
-0.06472865547854707 -0.6167220172058616
-0.2549587970967852 -0.15017489356779248
-0.3384293111907654 0.04054113440362021
-0.4326675878305435 0.24700481167134417
-0.4509888343747719 0.2633313743951267
-0.4255037518404023 0.28167332794213695
-0.5065053089204344 0.43253532492256197
-0.5507615004084113 0.5624192601869769
-0.5285697584505326 0.5051870758375699
-0.36374353788971225 0.10144753256879833
-0.27800469427512425 -0.10352646867029254
-0.1324209248549023 -0.42362514844387833
-0.09368728145601775 -0.5078926581734005
-0.08545583880543936 -0.5083589498172449
-0.08145747416987877 -0.5359591283504226
-0.0027418942050751625 -0.7504795131472733
-0.03881825572734411 -0.5083360848361731
-0.03368033914309566 -0.4833696974374254
-0.03972226589117212 -0.47288519955132546
-0.05986664935132318 -0.2877692626544782
-0.15668055067485076 0.4236623575481786
-0.152927668531457 0.458779494286423
-0.17876027951557855 0.5243388597759335
-0.18852383531636088 0.6722718745396175
-0.1765856577376794 0.5308123485731648
-0.10004187942632906 0.17643045441470054
-0.1053345732292684 0.1417722551619222
-0.07377661456331287 0.045384467929547
-0.037960289421389154 -0.31862622297166243
-0.008893416704645232 -0.3838480019863392
0.04003536378148579 -0.6980400194069941
0.0499813345438135 -0.7668168650576058
-0.007644996269989544 -0.6641050658924841
-0.0888674951015028 -0.49114558535146086
-0.13184094486845843 -0.43554805969481064
-0.12613123135197596 -0.4058922217241592
-0.1796016038370018 -0.35483046776447363
-0.28531151487468287 -0.10463636972811954
-0.3347426104034348 -0.03573887675519063
-0.4550224876542791 0.20286670884866578
-0.4071121307812465 0.101999070260756
-0.3724428474502928 0.0036396627270717974
-0.35480614393650106 -0.01921752935101666
-0.25731160350103793 -0.2500945475013614
-0.19409158506264923 -0.4040314741025724
-0.18427749152110567 -0.45404832505019854
-0.14256403732511205 -0.5980550211300384
-0.061506196631568436 -0.7322567363982304
-0.08123464776906468 -0.6798256029036325
-0.09493304011463871 -0.6612543068739593
-0.10454662980328662 -0.6023314177913506
-0.15217166364419402 -0.46915348701401133
-0.18011758849723247 -0.3999729746920872
-0.22576468559533971 -0.27619366549964935
-0.23137956545799665 -0.2709041665543145
-0.364720481609626 0.08815528253661936
-0.3523804909760706 0.08371958580776688
-0.27494751988338734 -0.12504647639994865
-0.2483179904098524 -0.18260588737415806
-0.2289478454214076 -0.20700868464915045
-0.225588054361212 -0.209165712384499
-0.20629536289703004 -0.2575794554826883
-0.02972215845136045 -0.6445567206173517
-0.004353239358035857 -0.6813494532650134
0.002206103138480766 -0.6801020086231248
0.01819632231259216 -0.41203354569653083
0.04439735948242134 -0.2591958400662332
0.049044507435576694 -0.14436511717315006
0.05333347472496197 -0.12755652305233836
0.08827606241098136 0.15687480668780132
0.0866065663309762 0.2026595329741585
0.13589606466914517 0.5795322053115823
0.13863252031889714 0.5700116756379853
0.12584365795152458 0.48296838039065404
0.11377516382549878 0.3685480090010986
0.08204881689390854 0.09325020349056293
0.09291800096700058 -0.05704808723453597
0.020799816212264934 -0.541865853217771
0.015833931487803016 -0.7232946316499896
0.0022696418147191808 -0.7655166311912409
-0.02553382272169214 -0.7030248422296603
-0.11598876199566728 -0.5440225384701484
-0.14021165252069925 -0.5233029599118173
-0.32953559207445815 -0.18964719938621907
-0.4651254243808495 0.06616357469785761
-0.5723506402165989 0.2782111522442409
-0.5935763873769141 0.3006160813363757
-0.5957385505181368 0.31507260397144404
-0.5928451530356122 0.2899817062378436
-0.5815501419949755 0.2963962435871751
-0.5752503800793095 0.2591537846822296
-0.5473859003981029 0.2247511042098665
-0.29947064726950173 -0.1669912097286996
-0.23847619664288267 -0.25957955128409044
-0.16262214576377942 -0.4227225781661478
0.05140734483911908 -0.7773729937033211
0.1427520883060349 -0.561569940086974
0.17028872585264063 -0.5488518027098458
0.15773062044707453 -0.5408555828659827
0.38195693022181043 -0.12924828561143176
0.397310550761706 -0.1007013435744258
0.4105746900315913 -0.03735355824536218
0.4566960277388233 0.04196930338776198
0.4755317533825306 0.05479817474092474
0.47587227555021017 0.036416756744832454
0.3625761405507681 -0.12337956762263519
0.28458378193126144 -0.20954509026786536
0.1966512116295845 -0.3698870644228663
0.10821277834746232 -0.504446660734511
-0.02754235022462003 -0.6665767617590491
-0.054816374083206845 -0.7074280557930664
-0.05529576208464113 -0.7149111184889848
-0.09750628545312068 -0.619479855373632
-0.12574051651706875 -0.4535892925596702
-0.2350759802516519 -0.1809795625122438
-0.27691657671262276 -0.06016941688884951
-0.29516962099963806 -0.002200512952852179
-0.30930516853821105 0.10558134897452238
-0.41615192820193675 0.41904885111353785
-0.42428862198852835 0.4547604146340985
-0.39817899110125454 0.36879121783521907
-0.3846053550054753 0.33994336441883816
-0.34152145342735535 0.27489720187450545
-0.3403214653694767 0.23366720700650181
-0.2260795327416044 -0.09440460074460506
-0.025599957755557814 -0.6604151902897599
-0.015095709029603952 -0.7019444813269422
0.006129368800391221 -0.7307032099594586
-0.034621443624272684 -0.7107197920942326
-0.20686020225730678 -0.4954381132217148
-0.306248554891437 -0.38513461706701846
-0.36344478231318134 -0.35902660686843757
-0.35893799329849896 -0.3465107080990809
-0.38266686977239345 -0.31513957160920625
-0.5183769262762395 -0.19217367932804638
-0.5691137389333738 -0.12269832071660514
-0.5663612941831859 -0.1308224646939214
-0.5105975161997636 -0.19699678894935516
-0.49156877624856615 -0.22879348177226402
-0.2534776517603031 -0.47860095488473403
-0.15705238534012733 -0.5610527978484268
-0.10330481859964201 -0.6077237433431811
-0.05131315566270839 -0.6731640961696415
0.008618440575282637 -0.7413842811666995
-0.09671859317036297 -0.37916434269670346
-0.166114519982017 -0.13509608232897607
-0.19525423184106677 -0.076915196791296
-0.20998002192412232 -0.008633345127934563
-0.27531243524699717 0.19222963182871594
-0.31138065247601415 0.2969442115732015
-0.3188364404720585 0.30913575958928285
-0.33862714386213516 0.39049265659923615
-0.2832785290466947 0.18408211230885058
-0.24967035802288204 0.09241473170086512
-0.2173226430519038 0.0009557154576274283
-0.21891391440905733 -0.04960442375144018
-0.1883586503349283 -0.11192694923524434
-0.18928177696336798 -0.11579872938161713
-0.06681407014239663 -0.5230357266110822
-0.006649553699446205 -0.7490162147700876
-0.02864317150366779 -0.6509346834261396
-0.02402636400217726 -0.6248279856463075
-0.032386495317480266 -0.6113110888319184
-0.07651260851514659 -0.3284341056337879
-0.07576950926330683 -0.26405493306892835
-0.10442133807702887 -0.06829467006864351
-0.15435838823618403 0.2789960646749994
-0.1662023451746596 0.31471169375672625
-0.15477588805110395 0.150652758101815
-0.14373351210325483 0.1262165701840558
-0.12082309049770978 0.08485582673401472
-0.13355962747651412 0.0030965539234669368
-0.11422230463876275 -0.04544475255765776
-0.08698155101002164 -0.2598143401094101
-0.04469845474290008 -0.5996120552586581
-0.023706231613550677 -0.7640582103524756
-0.04138785734898893 -0.7297877087880705
-0.134524970105672 -0.5040773246481317
-0.12882314105622503 -0.41470983270018147
-0.19428739483795512 -0.24689762014000446
-0.2731438350100197 -0.02572731289796324
-0.31576036196256685 0.1069823463839221
-0.36622287700764145 0.2975992801741651
-0.5258558625793447 0.7407844468819356
-0.5182008435754477 0.7207700448157474
-0.5073144147670163 0.6983669343124654
-0.2915966123455557 0.12970893363736444
-0.2601206190840344 0.04191661033165003
-0.24782133449367075 -0.04832200071409399
-0.17574572396107593 -0.26612831556877925
-0.0562621603082098 -0.5449058484399729
0.012025921109952632 -0.7380845055286305
-0.04926155946626811 -0.6343285191797075
-0.13322597379158838 -0.4846608613023476
-0.21519166039863968 -0.31908001222501836
-0.25514914420997686 -0.2598288919955623
-0.34552079489439014 -0.1271796148504467
-0.5120381132524195 0.12282702589881665
-0.5806194951815065 0.2925612572466783
-0.6267306019694913 0.34741688132231674
-0.6169897717745114 0.3286079607032564
-0.5591075047823807 0.23035751107308872
-0.49548595001394297 0.06887155490359438
-0.456835799236884 0.054578289295253504
-0.4579109007358962 0.01719171137377415
-0.44328247839069307 -0.013758759595655378
-0.19286351477101182 -0.44547340321056556
-0.042592728768387454 -0.7545060691255988
-0.09400989934414045 -0.698752488063804
-0.21105152715891806 -0.5555571114898447
-0.3389145546920217 -0.3848652953391065
-0.45229570008049375 -0.24992935936219485
-0.5648720402786138 -0.14215358784830748
-0.6124597135975821 -0.07366338486628009
-0.6081164114614901 -0.04529465117933884
-0.6288710575760521 -0.03968753443036743
-0.606609173494451 -0.06248478714501364
-0.5091809479696142 -0.18502359833157128
-0.49766159623923695 -0.1865172196999276
-0.40936707567740704 -0.31224625682249757
-0.39003698367748707 -0.30790201093568353
-0.19279725659783656 -0.5509312728917765
-0.08461938848960224 -0.6719971334025436
-0.002846233947380334 -0.7447105700801869
-0.025367331976709477 -0.7221026606883422
-0.0580635644258721 -0.6175330427114929
-0.0636958872320727 -0.610928785631376
-0.17182890754137728 -0.3762219404103148
-0.17268137669716394 -0.35855198905034674
-0.34106292772921326 0.02745789815793894
-0.5220346415727699 0.37791679387613086
-0.6144121246650636 0.5579602948337274
-0.4011292534176084 0.11382490437695515
-0.36183611065140564 0.045338236475793645
-0.3066754370985251 -0.08622363070218232
-0.22891974929562214 -0.22508838016863258
-0.2154844794546799 -0.309931223559033
-0.11892279470641243 -0.47025440817334524
-0.06986163283855007 -0.5911833360484585
0.0005960083266072604 -0.7198590948841778
-0.007826714155119822 -0.6554998172486939
-0.0415363856029921 -0.49254361132212326
-0.06291943962029872 -0.2867132008817604
-0.09892016116971603 -0.18435168614013883
-0.08547845450604322 -0.11765669168486463
-0.12579759275707073 0.10228792801410046
-0.1632043463538515 0.2541464712002238
-0.1984261778816827 0.47478449419966184
-0.17574617034842202 0.3234955578151376
-0.1516211096066688 0.16997013646600775
-0.15407758281540568 0.08760201028425224
-0.10524904260389747 -0.13630077181281752
-0.0994321913330953 -0.16415148143587152
-0.08355831328998407 -0.34297585230054556
-0.0483970387866179 -0.5881681447510446
-0.006317998574004199 -0.73619189260772
-0.10785086917827018 -0.5169487604325371
-0.173854190890795 -0.2470981845378179
-0.32094593797484544 0.09264135658446357
-0.4181591022256644 0.2801278872057848
-0.45216880734415354 0.36734745313389566
-0.4660722979537269 0.40014534656867967
-0.5468671243653584 0.6184758564820423
-0.5461889566280794 0.6206007685109259
-0.5105404187452606 0.5472486049881995
-0.5288925802639126 0.5321020069201138
-0.5055677695002553 0.49923854266925316
-0.45479153987155196 0.38862261870305315
-0.3645016303949482 0.1433448093560504
-0.30463775408135274 0.03750665665248672
-0.18370765058976649 -0.3174875040656191
0.009970090206282436 -0.7561481124770747
-0.046256605372466966 -0.6116295778086229
-0.08734205838134863 -0.32101605068583267
-0.17471295537554454 -0.07373668530146676
-0.1866939076740057 0.026992901107133614
-0.19104666120111244 0.12473488837673878
-0.2741183195035548 0.4373297615175095
-0.2708949227635762 0.4557104070055348
-0.3033769049473926 0.5596049109953948
-0.30308889305995484 0.4889575534417764
-0.27897262795326244 0.3261688996392221
-0.24642912584886123 0.31925392583948925
-0.24853868954686542 0.23879189217546704
-0.23668748618286434 0.19870243128064435
-0.13275067550590017 -0.33651932763685344
-0.05946621311104912 -0.6905469247261751
-0.048065403506273044 -0.7654037923232568
-0.06933046978875429 -0.5659882103538246
-0.06839302973311151 -0.5132041069581018
-0.08632001318587162 -0.4552367819331847
-0.08015950557587351 -0.29654113283780104
-0.11337856751913841 -0.17432969120703606
-0.11004020915589721 -0.15953266231340735
-0.10714669175614042 -0.058071259108056696
-0.1420172926487781 0.18374865461017367
-0.12457619061921635 0.10732269414345061
-0.09682112804047194 -0.012312526269686793
-0.09414609518552358 -0.20086343583729613
-0.06786033307473345 -0.2188698060174124
-0.06258167756044189 -0.31941817599323247
-0.05590329063495135 -0.43119389467426683
-0.017029917976662996 -0.6018502033557741
0.007457311522071424 -0.7491434941450776
-0.019229042700240315 -0.7290052378500796
-0.06420880589156419 -0.6395258247006376
-0.11454533286583417 -0.5220139971639675
-0.15213173311069444 -0.44277178962878
-0.36677327230334505 0.006741153130463593
-0.39501212248228385 0.05557701291738229
-0.42206483660407684 0.10456849702284494
-0.4641648051644767 0.1825800112022158
-0.4372305455847575 0.14007601356035154
-0.3915696988535327 0.0362206658263099
-0.30138282258680676 -0.15208219913501114
-0.21131700826486252 -0.258793889535093
-0.0649288342434895 -0.6111580998933821
-0.03189575172415163 -0.6379392641630505
-0.009533056944520737 -0.702335369855466
0.022830647191047593 -0.7628154034918019
0.012199342491684726 -0.6877298278249293
-0.014894874018625125 -0.543233410836941
-0.034032187965197726 -0.4900884284013017
-0.06633688843443987 -0.3350252744569698
-0.09864660993296238 -0.22169051612802051
-0.12034942457929867 -0.0548246940257836
-0.17038882503171024 0.13381730215349666
-0.2147545200992684 0.36407348476351387
-0.21094558032560254 0.3590035623340407
-0.20011344599559316 0.2292386713518389
-0.17295082574414639 0.18458920514478544
-0.07526998737838234 -0.2485505996720314
-0.07976677575408582 -0.37019871252471426
0.019497403844971985 -0.7348875191398904
0.013259598739603865 -0.7671860848221572
0.023846463132055296 -0.7858066058707882
-0.07434150537641607 -0.603653271978227
-0.08255125471591909 -0.6067695352641131
-0.17263859831014275 -0.46864304083035707
-0.3698265615981144 -0.08172956309525621
-0.3854579032202852 -0.06386537611763259
-0.45503489131280306 0.020332536619710358
-0.45387542607827236 0.042494821212811805
-0.4750545561805546 0.07648854818183098
-0.4143406846610678 -0.04657457819085801
-0.30267899385229224 -0.22642658613792557
-0.30850164849938894 -0.2546484192267442
-0.28414444211135736 -0.2549686317826784
-0.2646178525632616 -0.31701378102644423
-0.2057255921576173 -0.4595500188668789
-0.19695010745396307 -0.46348007667858193
-0.0299126932411965 -0.7512694877226552
0.21494881375969238 -0.5445478632073684
0.2593468779026778 -0.5249302596868249
0.296353645296861 -0.49417130456811703
0.3027553793989198 -0.4638041051712287
0.42079866136431876 -0.3811961068125876
0.4866755485927654 -0.31428005694357314
0.5986333555740129 -0.21987875727193545
0.6885290745902882 -0.15055038551412325
0.6120197547769437 -0.23562037626981333
0.58254624503457 -0.25035043741030516
0.5473052743814979 -0.276698187115414
0.4818468776286175 -0.3321003989137569
0.31651452826369136 -0.4917467961211264
0.15759788777157746 -0.6301772728388172
0.09881849890520096 -0.6891191498155449
0.010935785474135127 -0.7833075868782098
