-0.06790450852411628 -0.6298084627231061
-0.18852035049685487 -0.38648642186563803
-0.2164487992460589 -0.37185937397354996
-0.2648179316759327 -0.27184803901130594
-0.2760621987549942 -0.259328404794065
-0.2987270787106699 -0.1984651671519402
-0.40418214823759774 -0.06052461856229847
-0.46431904489804593 0.06021591986907887
-0.44987062240149533 0.028892510626075
-0.42779981421073393 0.03512519985687723
-0.31146251806664227 -0.18849962764473582
-0.26147693264996313 -0.29841154849405854
-0.2508027442385521 -0.31738032286906787
-0.22824837080193436 -0.34787260915735063
-0.19543741440623077 -0.41721862692249717
0.030991308814634726 -0.7781548242470271
0.027943549605508468 -0.7722173716900712
0.016631414832413788 -0.7173207103526154
0.0016957526137723455 -0.6761764628704605
0.0062678843229518125 -0.6180313425445596
-0.0566922119320245 -0.3374744505081132
-0.13530577736967422 -0.07803897903658398
-0.1408662731948931 0.08194400206498231
-0.1865912155483944 0.23149017199468663
-0.10687018077224761 -0.12600467529639306
-0.11252507594461873 -0.3636204402296935
-0.09241003838303218 -0.448100017792239
-0.05707580461700885 -0.5311268958358588
-0.05806196998403267 -0.6989929469450733
-0.0414932920522923 -0.7255176343970425
-0.0547568332323175 -0.7277099967748489
-0.03011938900824944 -0.783869354792925
-0.1433282006941029 -0.49679259604066456
-0.1268314853111507 -0.44387144508452936
-0.21918214490786878 -0.15355451162204137
-0.24209053227540472 -0.07016449873522644
-0.28836033554078017 0.11468453331456226
-0.33098862441235344 0.13707960261383217
-0.33926214143381994 0.19885757238078935
-0.348051291486842 0.2231383002321357
-0.28100740524410717 0.04878701582261699
-0.19666073474532608 -0.178241135834198
-0.17647929905531318 -0.23864029953257326
-0.13347305841846488 -0.32246099753855073
-0.11651092206250688 -0.3456929605563475
-0.047283673959644335 -0.5215765713208871
-0.05169989548838849 -0.5735202218337367
-0.00037673461078385794 -0.702738375193618
-0.006992458013414569 -0.6647432357453412
-0.05897869289445567 -0.5426776070199539
-0.06162259411829484 -0.5386294888243987
-0.12071293549961748 -0.30102532546350913
-0.2692563163150786 0.11950187456333577
-0.274470560460692 0.13917959859318985
-0.4065409694338964 0.49334830068035895
-0.39677343645626234 0.5081987647697274
-0.3850646301861523 0.45280933014538344
-0.3605105024795529 0.41223308596399766
-0.16303636817168485 -0.281986516048843
-0.18616298145535679 -0.29338335766143747
-0.1516103997269542 -0.3173720877312767
-0.0950939511171917 -0.4954495367261278
-0.061901043281616615 -0.6321633137081627
-0.03624299148671326 -0.7229071549642639
-0.07599319136445513 -0.56146032607123
-0.15491631648917017 -0.35648165147855043
-0.19700405291976833 -0.20496600254527317
-0.3262677410447435 0.21918619237373171
-0.3543758594460088 0.2765486219379382
-0.38579463342225145 0.3588541587156892
-0.3851732988451403 0.3880061066130804
-0.39120206507043687 0.39854481693697885
-0.31169725954815947 0.19940894465585848
-0.30113589651077205 0.1757476087364642
-0.29138457056439027 0.07889351748474346
-0.18613655754491737 -0.1802422285102502
-0.14187268778129047 -0.30634522820772614
-0.06230627550303948 -0.5412299576986777
0.020015684458072832 -0.7254888186583615
0.027506628457523084 -0.7286417534867484
-0.00623571583262335 -0.654082821406227
-0.008067148363815913 -0.6363469506435291
-0.031076486457445436 -0.48669852132216745
-0.09874871959165901 -0.3180674272488575
-0.1276248306194865 -0.21302192854805588
-0.15782622722747836 -0.11950054693723025
-0.19743241300291275 -0.010673604980929383
-0.30332109323423095 0.33818207288721264
-0.28226716987484307 0.297651257114961
-0.2985312807124122 0.2429283008381547
-0.2888595339650018 0.21949444343938154
-0.23880279073661084 0.10404393107557715
-0.2552104535200706 0.07064522715753459
-0.16904357387838853 -0.3149888340331562
-0.1508552211293753 -0.34766491118122056
-0.06871823788183147 -0.6990514955596369
-0.11325302559453596 -0.6397067482947464
-0.13180004185522212 -0.5671143448061301
-0.13737661928597494 -0.5246717746630347
-0.22469331731556894 -0.38085049432702706
-0.3578346283074282 -0.0974894177464836
-0.49599140235695544 0.21551092945836908
-0.5270140859901126 0.25469232261897984
-0.5401838142228816 0.28402255731225834
-0.5106103709088702 0.2527335945079453
-0.43230069499492835 0.08117494120306168
-0.3800200688744427 -0.0386077987837612
-0.3356606426967443 -0.1340733080937759
-0.23353637630024887 -0.32676465205982136
-0.14275488563671174 -0.46817290889968344
-0.0827370272164173 -0.604874238281096
-0.012839944917247768 -0.7318271663874834
-0.008804351522054832 -0.6991801304759054
-0.11204385453124187 -0.21157788780648198
-0.11848404437710208 -0.16874455839406924
-0.12220414837729583 -0.012505511995287369
-0.17435647357581346 0.08348638308186518
-0.24680765319999404 0.6038671700455721
-0.24155586036366178 0.6277242582837371
-0.24920464143350105 0.6379457768883638
-0.1738703380031287 0.3069592124129406
-0.14376699835020154 0.16785830234048826
-0.1404433952644062 -0.027529636437737
-0.1240253934502519 -0.061214228893935504
-0.11020906765117143 -0.11674855762082408
-0.09429648720232808 -0.18674699977438117
0.002379668289724302 -0.7698056267584552
0.009453423709718996 -0.7872463437147339
0.0030746871301671475 -0.7710708518733453
-0.22100910841504814 -0.5367040463491546
-0.3421003069501731 -0.3595093541455664
-0.4038406012250491 -0.3014649370040777
-0.4271366698360276 -0.2984582859895418
-0.4472027141907738 -0.27143030883952796
-0.4833613724996917 -0.2461202359144006
-0.5728869955668772 -0.12954425613979192
-0.44406463640674293 -0.27039244224635733
-0.3995723818137087 -0.3098897429521077
-0.2905584690740918 -0.4449544925823309
-0.2897606214305195 -0.4651939524126213
-0.20950948703826802 -0.5397848179042042
-0.04854967890194943 -0.711017649922702
-0.01138196004511712 -0.7320821139294006
0.02566146747128456 -0.7894872647690938
-0.0510828485146562 -0.5314991110104618
-0.08649655363541696 -0.3678533516336712
-0.14074818639868553 -0.26110473140251356
-0.1748190709614877 -0.10902263392686563
-0.21137243328023114 0.03848862308139437
-0.2796035684261809 0.3231158085386137
-0.30897966518224057 0.3620265921022625
-0.3092904953648868 0.4019947932123525
-0.2794080974321851 0.34317036608297286
-0.25499386755168935 0.13244789371287793
-0.2502443916190455 0.106209835507759
-0.16643763456345415 -0.11974223748574234
-0.16904002906866492 -0.17169127483880608
-0.07991690703386461 -0.5689438389527242
-0.10479957053433692 -0.5994684725979498
-0.038448702715519006 -0.7969992633052241
-0.11908417409111961 -0.6390033492773768
-0.16470867790004093 -0.5458203543296233
-0.23530868323711016 -0.381762133602969
-0.3112755367582439 -0.29745625511123797
-0.29677550517640183 -0.2337845820112636
-0.36297187032089706 -0.07975222168228094
-0.5156094487431677 0.23631389179429863
-0.5859324663211756 0.342108983561378
-0.5624233228612933 0.31197160706981625
-0.48171218137552774 0.16187854811249933
-0.49499256416246556 0.138471694322456
-0.3457563188278009 -0.08952547478488444
-0.13036816759121247 -0.4802695794420669
-0.09282097634406719 -0.5524556255981083
-0.03342702953226455 -0.6303237610706711
0.012630709913632323 -0.7210132237212085
-0.008616086456822976 -0.668613612359016
-0.03856788221633657 -0.5837779057746607
-0.08621904845413166 -0.5184629327758499
-0.20389316249563103 -0.12799826386816968
-0.2648135797106142 -0.03328115970396722
-0.26151727503277966 -0.028569871308403258
-0.2547694237647515 0.03853072789233249
-0.3307714211993667 0.18963779215870213
-0.22339016518893162 -0.028685687556705995
-0.24815758766021231 -0.08209448755288944
-0.2092028487952272 -0.16992804177254134
-0.14651853673448062 -0.3568734550044436
-0.07176441418213486 -0.531809605758919
-0.01619545184934881 -0.6409265324846799
0.0019680849925827167 -0.7197757549228012
0.004417430616223274 -0.7431558798824625
-0.02908349140184835 -0.6969143851214706
-0.005352959821201708 -0.6688714147594367
-0.029650240803247442 -0.6163140456258612
-0.2996612628424326 0.14814104341534645
-0.3614070291761841 0.2510430074973157
-0.35979943862133285 0.25232606735085833
-0.42768483412036173 0.4156464327698469
-0.4373983730307754 0.45011745478183857
-0.3699090798088724 0.2561016444327117
-0.3636313961950361 0.24713676833293416
-0.3184261207501677 0.14536666989785882
-0.24120058127151414 -0.004809212814359693
-0.2192687988633893 -0.08109072599151289
-0.19116543603757027 -0.1443808791788082
-0.19443853782948387 -0.17835985201413102
0.062002536040443215 -0.8011230370306527
0.04403469884332432 -0.6453695935054574
0.022251592777027134 -0.5775189585016242
0.01777373138357284 -0.29210181384622036
-0.007277809140225895 -0.1324486638228302
-0.0675892361779545 0.044608953386304585
-0.10568227189640957 0.602181781735707
-0.10182840846003041 0.7055270690528682
-0.11826424434924737 0.7074419369166229
-0.09925589751719212 0.6179022195461205
-0.06461237604312857 0.30660602582765195
-0.06526825167016968 0.2529315909183759
-0.017086731098857506 -0.1622976707791273
0.00698773805323195 -0.2843448772680994
0.024472722560742285 -0.48533632148040334
0.02492750155322565 -0.6242316067524395
0.03436613622889147 -0.7281317360817802
-0.07002168162363602 -0.41602438155604177
-0.09205421685397627 -0.3130820094148928
-0.12364898312415473 -0.18708120767960712
-0.18602774570273184 0.028833352758001207
-0.3070692653117838 0.4451731449460607
-0.33324389209995636 0.46460086835398023
-0.3538910284222223 0.5649157765305028
-0.3698517601381694 0.6223901842390681
-0.3435379999732138 0.537338371525065
-0.21050109937496975 0.04727476744737158
-0.1468972126438311 -0.1550147530000407
-0.1762680023591806 -0.16338354588970724
-0.09011068095330589 -0.45706096883590014
-0.06437340707869862 -0.5246407676186576
-0.05369461149105552 -0.5663275641521588
0.0044518787665599 -0.7898768164371404
-0.049606476022475254 -0.6319215667598908
-0.14646062709669005 -0.44523762313556925
-0.16163052369281874 -0.3911977537714802
-0.15284444910445485 -0.37332218317398946
-0.23517961248906163 -0.22066489909644152
-0.23576130193394754 -0.20908470040285534
-0.3044432015742581 -0.03526490091588186
-0.45581120453278934 0.31136016017886115
-0.40631509795681237 0.23126521472747208
-0.36786515621543586 0.07392149902445297
-0.3101316719484651 -0.01921631685015849
-0.23854253854076607 -0.17248619962438153
-0.19520270367813986 -0.28382534404369225
-0.025500736276905727 -0.7028188900399994
-0.04819024613257353 -0.7416239356253514
-0.014281277971121895 -0.7394000387309907
-0.09614738873435617 -0.5794459826659689
-0.08067754777185315 -0.5514031129384718
-0.1675359869136323 -0.38235504123718966
-0.17839992474767313 -0.3573494287492791
-0.17625065620190986 -0.33340470948311135
-0.21409070754685708 -0.24175017778591304
-0.34116163307733166 0.09618423253933167
-0.3614011947080626 0.10478881103660942
-0.3013564076706249 -0.006837065899849679
-0.21734542698493434 -0.18280583718741408
-0.13816169005273066 -0.3619558901246228
-0.08962186418001176 -0.48070323028841383
-0.0713058795053333 -0.5601678160398637
-0.005039603146862818 -0.6970399622067597
-0.0022532553066780562 -0.7004059832763724
0.024892410284122115 -0.7558473542005347
0.001767372834627282 -0.6640905977129857
-0.07861254242246979 -0.4563398524554585
-0.10884016794576164 -0.4358531760833814
-0.11352627316210953 -0.43695763012177447
-0.19883459227822128 -0.18290507557568536
-0.2064137911693532 -0.14957079437578263
-0.3095020652969087 0.07211799548031086
-0.4635674793958363 0.47951948721014537
-0.44238866876172456 0.45831156510355275
-0.4578243133165598 0.4506504685963538
-0.4205898528976596 0.39348302141676833
-0.43123302673945746 0.384419311521972
-0.18707415766063093 -0.20906588612457333
-0.12368911529961468 -0.35066341191043543
-0.12238228351992939 -0.4359942989535106
0.004059586562449413 -0.7046067436315561
0.001163699270011278 -0.36851012464146365
-0.021458614233038152 -0.12829668757522414
-0.038265731515415895 0.13624882499142257
-0.01909008825009338 0.23659079336932362
-0.047538922000588374 0.34465386224322975
-0.026616165846198525 0.5607750539393205
-0.054776307988608886 0.6006717113384614
-0.04433541623832277 0.6150251156843844
-0.0023545649829437715 0.0428445121372914
-0.02382585338736789 -0.07839175478705233
0.0071571981005386295 -0.1281691667989424
-0.009389359708053577 -0.16545284252488865
0.013082138547911949 -0.5030184677593578
0.00774972994880322 -0.5204322426012612
0.0029093554457447785 -0.5283987338335531
0.018273443129356096 -0.7056660397064531
0.013976943774427007 -0.6707886468400004
-0.007583505454302064 -0.6672511140341927
-0.04940534886731939 -0.41205894471562043
-0.10506669369404475 -0.2884600287862933
-0.13245325753553833 -0.14107759866772643
-0.228459744375924 0.22720378608736488
-0.2248378824443263 0.25445203240570324
-0.24186052062699137 0.27770705800996937
-0.24521089522034553 0.2621286990740202
-0.23880188355899123 0.2510153999770826
-0.23005198575963828 0.1638860097304558
-0.19579290280638867 0.1436088623960014
-0.16959590828569496 0.014193945324524495
0.007619172353136291 -0.6446479218149712
0.028344443793317395 -0.6816336602935548
0.01922185959456203 -0.6979261958347736
-0.018186918732466764 -0.6632013821774927
-0.15093233767287376 -0.474856105608543
-0.2115415174371373 -0.3525500880519092
-0.24107352126982204 -0.31084458134781606
-0.29902832065769663 -0.2185296630461208
-0.4044571823538258 -0.07945201869648379
-0.4668615728345015 -0.009878301982153049
-0.4793334950031041 0.03517638588070887
-0.3766595981676292 -0.13499595522190636
-0.3786471529256725 -0.15072440513317678
-0.34447361402991755 -0.193110785733729
-0.29244654165567396 -0.29802235676778827
-0.24885174145274896 -0.35519841359567694
-0.008689971189994535 -0.7296545457793316
6.940188589379948e-05 -0.7610203916173386
0.04998366859019707 -0.8338052966153141
0.011552528690285028 -0.710907460137577
-0.04240130460031565 -0.5654094616280342
-0.0773944991566949 -0.44339058396583503
-0.1006395918596107 -0.3104018156834897
-0.19533116094955416 -0.04577984166966918
-0.23960572360866358 0.037579099451817394
-0.28927807699635893 0.24475398870713613
-0.3513539378492118 0.44462851790305974
-0.30618909002783606 0.2519146634619446
-0.23719727088889492 0.07620053202509838
-0.19901211588771786 -0.14120587625525746
-0.20426888987115335 -0.15182302289284846
-0.16384740853025853 -0.24195660905191346
-0.1651356671656515 -0.24735256035152
-0.0303912968735614 -0.6903508632574805
-0.028597495375250886 -0.7163307125014362
-0.04046362535707946 -0.6294829821479043
-0.0047734921634895 -0.22985160670140814
-0.0034724353161783017 0.08963694848273111
0.007561220960681937 0.12958131007244847
0.0119134816361805 0.14022752877388006
0.004050135395454868 0.16925172673199168
0.014203503426506557 0.28165498436060554
0.011992796239253756 0.30465099328623235
0.00942398910043163 0.28549331468408545
0.006173938147945948 0.2402462111615575
0.007625648009341675 0.13938735392218848
0.015125555588930474 0.10916426495132647
0.028935485554635036 -0.08698393332666557
0.011780238026055836 -0.7290367548729899
0.016808976276353603 -0.7812337125903709
0.01803051297162747 -0.8053730708327563
0.21349069157803452 -0.4579066717850262
0.29561617579539284 -0.35952709792067544
0.3234902952016524 -0.2995205090378022
0.36694227451711064 -0.1999759297671114
0.40637529348482315 -0.1064305038079705
0.5618254639102158 0.1382574996135111
0.5733713293412918 0.16849398202237287
0.6993505636527033 0.3753367409707012
0.6076593744625045 0.20589094394075202
0.5690635301997173 0.1381972460330109
0.4588818709913885 0.009350340483920175
0.442621957701012 -0.01636280836578957
0.4054403707299338 -0.06254438126732541
0.08095722386291555 -0.5801840731913894
0.012718788765874352 -0.7013701678275255
-0.02777835698981097 -0.7548328863627451
-0.02017611912194686 -0.7211269539346444
-0.03311243501485465 -0.6508557673931061
-0.06533997085816785 -0.09292818896551024
-0.07235872673284788 0.015822060521903436
-0.08143865767681899 0.06088456852634035
-0.07878508721335568 0.1077368902777262
-0.10612037229335083 0.24359014925732564
-0.09153725470521495 0.2689060774031191
-0.06171184625092703 0.1475053363480845
-0.0779432866471077 0.13167810059552087
-0.07032021326570267 0.08137819057359363
-0.06555010051368568 -0.22591848551445995
-0.040413300446322784 -0.35382705795051417
-0.020496195729572723 -0.40134814529493085
-0.003178112123703893 -0.6659539059985087
-0.001991476422923019 -0.7292100141325631
0.03797920720910392 -0.626571022555794
0.07036525455134329 -0.5154224368257303
0.13346021041483827 -0.39472194549868866
0.264433795731954 -0.08802563220668595
0.2989933858580096 0.03924716662986475
0.3527347544162457 0.16129253474694266
0.37429022199887246 0.16330688143703118
0.37134098860976167 0.1955880693832239
0.27210796595493925 -0.0827828506470616
0.1607811295756193 -0.35472796098440007
0.11565427843319724 -0.49131186590682074
0.08167283609354885 -0.590334744047612
0.044355710408709795 -0.6381923593241975
0.034266372659201155 -0.7065929610282567
0.029659507321231807 -0.7725806320853502
-0.0013909747296339205 -0.805577488532105
0.0467009478715956 -0.659332434010067
0.14223498119086458 -0.15286946192314868
0.1268341950261685 -0.14796290414622554
0.195790265558203 0.12422340838359547
0.23629370619371273 0.15351788930501878
0.25199026353910464 0.28595321927991085
0.25871862747773144 0.41827266453496836
0.3003446983645814 0.5345483131592351
0.2512369023599198 0.37755724796760187
0.206881561606845 0.17507141564506837
0.16056584366140508 0.026545176556121416
0.10705952211835726 -0.17544944886158795
0.09381370153025946 -0.18900079942927314
0.04875916087926376 -0.4304227038998016
-0.04261242006864814 -0.6314030335924486
-0.061589371952978186 -0.7409337494113863
-0.20689644976584454 -0.5936387778875227
-0.25685565346271105 -0.5312083927103082
-0.40956803619556315 -0.3981545713882505
-0.4046294536180617 -0.38044103731683676
-0.4391340765302168 -0.3615910039813307
-0.6334055023419148 -0.13210643600535268
-0.6433359086012959 -0.11658601931434172
-0.7468389987322965 -0.002462960633144662
-0.5814141572303888 -0.18639528130635846
-0.5641847891627955 -0.19280772691198692
-0.5016778423799806 -0.2699593111085344
-0.4374403905581073 -0.3302339573356339
-0.22365686995663023 -0.5639819732904714
-0.17265435925799827 -0.6107278694423482
-0.15888104900035 -0.6278509835704018
-0.004842045843880296 -0.7885685067716882
-0.03083864545694946 -0.6463920395153718
-0.02490455481677586 -0.6281363398735629
-0.07025098088355741 -0.476372926034814
-0.0721260519257978 -0.461876605265515
-0.07651860242159682 -0.3572830219219366
-0.0930152680913704 -0.35451824761234546
-0.08965829031231737 -0.35317351750387005
-0.23701069489779858 0.390353941497791
-0.2127120992674914 0.238058706815095
-0.16846692054178522 -0.05504493756904698
-0.16085588202073117 -0.05958438560795685
-0.1019560680788524 -0.36219663776408095
-0.08816223573667144 -0.45798858733289877
-0.08927397801864431 -0.47165821901975197
-0.02181881234617314 -0.7657523911340105
-0.02108907525869638 -0.822178336257347
-0.056591246741401785 -0.6763270149670993
-0.06319672944239355 -0.6043583952895204
-0.059724814110142986 -0.5874178514298173
-0.0852302414819339 -0.47266204133453704
-0.15998065832572775 0.08415882260704165
-0.16883532076606322 0.13788896028480901
-0.20182486975676076 0.30379030409196384
-0.22082658184295692 0.3866495140812781
-0.20545825540204418 0.3706553905207651
-0.22526450331546993 0.35332007545021576
-0.1685622906298598 0.1850624346816626
-0.16051864376765768 0.16389845648398566
-0.06948583901713962 -0.27407956692310614
-0.024944835454271917 -0.4968395692587024
0.005527656798548934 -0.497159583033921
0.04565640039864823 -0.7312414766879747
0.01700793259134384 -0.5665576494334362
0.013352677072202154 -0.5355625598912779
-0.023408161954727114 -0.3080605984921076
-0.025219940994822332 -0.27888123158974226
-0.022790869523798815 -0.1920246018411968
-0.037076529268537266 -0.1486178082662015
-0.0732465504622515 0.10695376674636563
-0.07645160381323973 0.1645254567936691
-0.041922028294098704 -0.16265974425858723
-0.05794579249681057 -0.236698494386048
-0.024839265465413245 -0.2690243333840009
-0.04175280397040505 -0.3194777183216716
-0.014578526422827094 -0.3835231792261783
-0.02498830636599425 -0.46993293917867296
-0.01481103909485847 -0.5529496992170568
0.0017616879827541522 -0.8149283507449525
0.005120665327590757 -0.44870550355986333
0.01137285556843983 -0.36578453197958666
0.0020668487357905553 -0.33113578316856096
0.0033061667736667315 -0.0742991249185131
0.010767182820433019 -0.021792157278038883
0.007426935308339738 0.025122767872277095
0.009580971108018376 0.16527536790334782
0.0004743370341659947 0.24557178421467826
-0.010740423929815458 -0.05303478729062047
-2.9553176670129785e-05 -0.1464313284675838
-0.018681875724324514 -0.33909382280438066
-0.030911958623718733 -0.4253254840221477
-0.026754858983536505 -0.48508430400079905
-0.02680693028922028 -0.5206595838076078
-0.03273288597982849 -0.5702971365781951
-0.02713283018842044 -0.7750707625658456
