-0.054560597881357885 -0.5963234086801911
-0.07300744592026163 -0.48622443505198887
-0.11593763519768659 -0.4595256033302905
-0.10975660677234884 -0.42427270443319526
-0.1641046451378577 -0.2519590566648755
-0.21540167884922762 -0.16426777394998815
-0.29660534854671106 0.13859514696875352
-0.44149630807193363 0.527388165066232
-0.20001000357666304 -0.15775917811959733
-0.20478578086703786 -0.20703539123516213
-0.11304533604493162 -0.399328987145014
-0.11767584379438052 -0.42272997479921465
-0.08537425008423372 -0.46414314707187737
-0.08817006595210408 -0.4816212845242924
-0.020816312112179224 -0.6879602436953325
0.0053260191847885035 -0.7621066300432229
-0.009063293398755792 -0.7235388183660358
-0.06021949948128305 -0.6183205680860644
-0.2553548241027915 -0.34021249841560763
-0.2693542545977455 -0.28299657908644266
-0.33132968466824514 -0.17500555581864666
-0.41126438696083706 -0.04726274930781787
-0.5290028349685981 0.1570602246096083
-0.5745105572505833 0.23645051029364716
-0.5354087294564526 0.12167453449725597
-0.344970862831563 -0.1859693195583295
-0.3383875878088061 -0.19386588945512712
-0.24322314614934426 -0.3455361286764129
-0.22422472323983433 -0.36760907124383213
-0.1926050121178975 -0.39294068469525484
-0.08645231899208368 -0.5949233167113819
0.02516143966104203 -0.7780019829434843
0.020567349877362973 -0.7052964683872883
-0.020290289510588796 -0.6549578405973843
-0.018593263221178706 -0.5904952649965493
-0.0033772124861827617 -0.580851620474007
-0.07069349069915658 -0.44033148966219
-0.14513240174955822 -0.10705351639266153
-0.20738285577408758 0.04429444504941207
-0.3247147270405336 0.5700149087863342
-0.24546421498953042 0.30463911620319806
-0.10255639689442446 -0.16475344926266938
0.02044984161256779 -0.517237076643748
0.03590790747830923 -0.58756493099571
0.05373362647936579 -0.6077641016253053
0.0529406540414583 -0.6411330063211594
0.07912595437883295 -0.7217403645936558
0.08945720341172476 -0.7471004275067294
-0.0012444278913531952 -0.5287751355176697
-0.0807820865955581 -0.2971562273434295
-0.14188377921526846 -0.26307722199744527
-0.27991169928498955 0.12436720121088221
-0.2872237053089048 0.14279206446260015
-0.3061935977254926 0.17981466262796697
-0.31118035381427206 0.20565424642288238
-0.31512625816358164 0.21251154221439253
-0.29859802151911635 0.20163764097981485
-0.28295202678933773 0.13713091067683936
-0.1921110601962041 -0.1760058065488375
-0.13029684121577428 -0.37164428336796057
-0.11953699887992361 -0.4178469022039602
-0.13082239608793447 -0.42153484149457693
-0.057718679938538145 -0.6024260372400893
-0.010331202010180713 -0.7438205535105509
-0.02397797680705288 -0.6886861556791751
-0.06690855586515672 -0.6342356640969548
-0.056946846386281405 -0.6079756760231203
-0.20826725010918629 -0.18208499066925987
-0.286469835333146 0.06286385786067246
-0.31566587775516775 0.09575111304335594
-0.3684087720723472 0.2681439176151832
-0.4007797523368796 0.3660617509445862
-0.2907069650771733 0.047164132028123036
-0.2697082286204515 -0.035742215629635574
-0.233510072716973 -0.094546050947926
-0.17055666539619227 -0.25007707716298583
-0.11899012450016933 -0.42246357232668347
-0.14023504806238402 -0.47010803187631195
-0.053309330104002704 -0.6117434257994706
-0.016343286147099307 -0.766376612370157
-0.030617761160660208 -0.6906743532675316
-0.020931575642512766 -0.5415772915012701
-0.043687303681293366 -0.35741201849995236
-0.03106780369648292 -0.34337976823055494
-0.020625589375269388 -0.1238684028347227
-0.023893145380243286 -0.09475327187718348
-0.04094241019876069 0.03553090746297078
-0.03699901946389972 0.08994844376429956
-0.0406309383505621 0.04928814956878268
-0.026030347312508383 -0.05819314201367236
-0.008581264921476138 -0.19496047468964514
0.00015634475704645948 -0.38679412013170666
0.02084986720180865 -0.5163533763239928
0.04297478015935819 -0.6679238492889275
0.05108237893614252 -0.6869671080466081
0.03977486795767567 -0.7109272503414498
0.003938522900476233 -0.6396464147928056
-0.10192886496965506 -0.5156912951446766
-0.09247216226367869 -0.47356608782866116
-0.2556397463643372 -0.2811880855127367
-0.2579348476579898 -0.2745556825853288
-0.4691341134847309 0.00962030979933395
-0.5918518465781786 0.17943804592092938
-0.6631328607798599 0.28234258238801546
-0.5363100456218014 0.08097981787543947
-0.5036172386747388 0.05841110248710593
-0.46182029631274224 -0.027917127349895356
-0.3274962725998702 -0.2168664075405011
-0.3048791898923265 -0.23302243204698575
-0.25897730921456674 -0.2798403670885155
-0.21301722108245302 -0.3997637127200148
0.04147813485062663 -0.7514148128352974
-0.21948527441843393 -0.43358597987094216
-0.25873824479342983 -0.4125618377668147
-0.46555778039425627 -0.14087235868236064
-0.5083859159711753 -0.09245843670608725
-0.5930643786241373 -0.0031669791311017036
-0.5994339113055768 -0.00663474148205526
-0.7391282889297581 0.17173894907615908
-0.7741097951303929 0.22772236207212398
-0.7710517559369666 0.20526581614219105
-0.7404831572842648 0.15803688106144526
-0.7135082467314382 0.14528553764673913
-0.662602847845015 0.10227809611317708
-0.44627214916890945 -0.16786004856754047
-0.3311200273266068 -0.3083776188463142
-0.11174399432733141 -0.5964631246593527
0.00961525729955946 -0.7417853629867148
0.009284260896602305 -0.6704205578686107
-0.008547453941876646 -0.5686133110797051
-0.01926426227600199 -0.4742786908965044
-0.0183196971325814 -0.31929124803558323
-0.02091579368822314 -0.15501583358243
-0.04359865876381747 -0.06187659701506254
-0.050702458470821374 0.14195064797041435
-0.07015271135762902 0.36424986577790164
-0.05892737052925889 0.36076891889708995
-0.08006541418810544 0.2688995423434455
-0.042268052804955165 0.01929824970089118
-0.022044313156947694 -0.25131445647919315
0.007148379591054493 -0.49260359171095497
0.007714083936314137 -0.724686856166657
0.02349817412025868 -0.8130834079637335
0.035936890664507073 -0.8263611538688538
-0.11246210040998134 -0.5030467059866618
-0.14233840118785032 -0.4589646151793232
-0.17442227852492506 -0.3615314850871056
-0.2560075963410726 -0.2316369117011764
-0.33173022230240096 -0.09439102145884236
-0.3825619225721446 0.021779884394772582
-0.39513378585074405 0.049483497004195666
-0.4829000134123083 0.22344384878127857
-0.4555047155660675 0.17234777340648214
-0.18976508616101187 -0.35945775421227266
-0.15208900251619945 -0.41849769936929254
-0.14305099222267376 -0.4675002885949279
-0.059910165072324384 -0.5825507923229681
-0.055275163082566685 -0.6296206428233928
-0.030678787985303657 -0.6605050574858294
0.02199040377932086 -0.7660396974077668
-0.030530054709477023 -0.4449931609296515
-0.03125260846414965 -0.38408175786662063
-0.04512034264318097 -0.3037792399131057
-0.09480590373190571 -0.011044992349010201
-0.11476569759680336 0.09750577829536486
-0.13604804902777165 0.2730441154320932
-0.16145047399285986 0.3292526509947812
-0.17614465972946244 0.4859195350247586
-0.13675602262118072 0.3015465294522582
-0.14222134544157006 0.27369235286957927
-0.13827226733420864 0.22456282216956275
-0.0895984812983063 -0.11886167267719468
-0.06069382709102153 -0.12484102190822667
-0.0016527297440300072 -0.483707863526271
0.020249447416592247 -0.565291186272772
0.03538389650193173 -0.7177167028159432
-0.07726477713960343 -0.49226134995646625
-0.14403230546818732 -0.41397751455100157
-0.26725638952544456 -0.16113956888631165
-0.28212017887591206 -0.12053448728700311
-0.46390213928960317 0.18233650872909316
-0.4879860567659843 0.24774938964854648
-0.5337415983338261 0.26268761206207375
-0.5197030925490137 0.2917391868522018
-0.4124907706063062 0.10607731728653458
-0.369127686187931 0.0356718593151399
-0.2560510442564477 -0.21376552214283817
-0.2400604806718104 -0.2251136835291266
-0.2266699143608563 -0.269120847028937
-0.13737971616685377 -0.4169688903937395
-0.11988064836723804 -0.4611417001080063
0.038523455639506245 -0.7604128354033246
0.021444386315003963 -0.7091042968672399
0.00613272865507296 -0.5878220311642406
-0.02640358369523132 -0.5090272902330315
-0.041286438006337176 -0.48210173355987784
-0.15043877003636902 -0.04871115107271288
-0.1507485306503381 0.022754682537215687
-0.2581130511667409 0.3157610624972709
-0.2966294164083004 0.5476645169239759
-0.25928432641956156 0.4254578690838821
-0.23872625274529496 0.4168323362394158
-0.20829651107934896 0.20542470811618802
-0.11208385565686199 -0.22486667182727893
-0.08225493754601786 -0.3525442335168539
0.009184439380433692 -0.7130774891621218
0.009959805799765832 -0.7440334290912488
0.01278179915900632 -0.7570038533277847
0.10975024963615283 -0.5751744826471928
0.12362997456781988 -0.5369118480160503
0.22398970440139854 -0.34530892122912443
0.27280656201450443 -0.30562332321461716
0.34295553411779217 -0.17987207250002962
0.5241056497829543 0.17681333876867533
0.5655720736155606 0.2571914958843418
0.6383542400996656 0.38951547677579357
0.6236086398436269 0.3806037404340073
0.5766028019984036 0.2942562309720781
0.56070066544195 0.25671867130084963
0.5589142976950897 0.24556320830496636
0.3823608774405426 -0.11637047967265701
0.3566916947227005 -0.15441386552346922
0.23907395923683544 -0.3542412755448936
0.041813948503476306 -0.786584334613111
0.003603869479727538 -0.6114054899561562
0.0009605388540701943 -0.5636677726424708
-0.015248594336463375 -0.4417947008034516
-0.041085309429894114 -0.26227634964894403
-0.04657456180003537 -0.2105697481004135
-0.06912431522269008 -0.0704448528743982
-0.08521179411472006 0.09646572077376582
-0.1561660907904588 0.5097448555317227
-0.15803531567604873 0.42456620849762844
-0.12143636397012823 0.2684185189053927
-0.1315109740234161 0.16090925629873729
-0.10757480852265268 -0.04054999309987361
-0.06698455422039104 -0.25286665927418817
-0.06603947813726198 -0.4238711731320019
-0.04776970746585204 -0.49297603972995974
-0.03760380467955544 -0.7217296564614065
-0.030676944267806795 -0.6255996893326004
-0.0659694335018138 -0.46208848348744763
-0.06228624457649566 -0.4093072755480339
-0.0823315178464197 -0.40171957798881686
-0.09833736220462597 0.046691018864846216
-0.11309994794561748 0.13933435425461632
-0.1028166737162713 0.14285371945094527
-0.11622177069347245 0.24366647151612336
-0.05235245564522391 -0.1368806165674572
-0.052445681954821625 -0.18108742815721104
-0.014052568509543315 -0.23977351913589945
-0.03910756313894255 -0.27519723733100304
-0.023490032802322845 -0.39496657006874886
-0.023274268427782668 -0.4413884202076471
0.022193937835798445 -0.6178232747619117
0.05454370278006179 -0.7276658237456284
0.052808029845145585 -0.7082280161339748
-0.007573363602784319 -0.6414179180602638
-0.060804398570691184 -0.5986958312387182
-0.22709800332991836 -0.38227230779147164
-0.2519083167640656 -0.38118031747592124
-0.31579700285599116 -0.29247599597765017
-0.3794187980803412 -0.1943828126972932
-0.42881710231932235 -0.14547632989674875
-0.4010142900053597 -0.16707831811084228
-0.3356020178485115 -0.2690469496609329
-0.2982516402961438 -0.3684070691490591
-0.2658143817161355 -0.4050609983136836
-0.21398432118355903 -0.47443400341216285
-0.11648862764484152 -0.6248153486995268
-0.031370655911168284 -0.7379917077465964
-0.030124875179182664 -0.7445142598995997
-0.07987827925627915 -0.6443904159007561
-0.11416024988651885 -0.6365688512279132
-0.17744230499869712 -0.46542234590795384
-0.20822243404494686 -0.4110667391349947
-0.3716776432259058 -0.1575041654319765
-0.5648592935056046 0.24668007156377442
-0.5926704271364112 0.3372172224607694
-0.6241952553801225 0.36578793820870237
-0.2993847400635066 -0.2579361809594998
-0.27728742120789557 -0.2811245027244052
-0.20765565913201622 -0.3771092369893002
-0.2213887816928427 -0.40362624265672753
-0.11857988170173141 -0.5705387229066154
-0.047359059060784484 -0.6818710284814044
-0.03437674692941751 -0.7538587138426079
-0.0010882233292992714 -0.7831719580223407
-0.12214879405759729 -0.31441243662016155
-0.10456342680668312 -0.28248966000310227
-0.188518938233362 -0.009984372920512597
-0.22052991748760523 0.1334895211995824
-0.2064570568660978 0.17289696702026502
-0.25193678067596054 0.22468208844591087
-0.24541437785973547 0.22858353545748025
-0.26465075860891063 0.32090622134607044
-0.2582390354712086 0.2317058282659977
-0.22217428799653788 0.14091359640148865
-0.2155471522387227 0.0997478047681719
-0.14299683659126078 -0.26019930225213994
-0.11344638715211675 -0.31314817237448045
-0.03873679207889828 -0.6465927921707415
-0.03363035303162571 -0.672581812499332
-0.031170318785962825 -0.7129018045762943
-0.0485915841427246 -0.6213521201767883
-0.07881987902695721 -0.5432679980408102
-0.10709663217147206 -0.26006542025267027
-0.15325281442942795 -0.12878197123855276
-0.18872080647899772 -0.08079478141462575
-0.2029547682115529 0.05887966379826445
-0.25878942581022574 0.25082951680823523
-0.24729129604653868 0.2767267515196442
-0.23858498659449484 0.20610475334074252
-0.17977377885446286 0.06464181557101427
-0.17796160102082037 -0.01336655837650037
-0.1552725434338121 -0.05490855273870888
-0.15374628304955495 -0.103709470069594
-0.0782299410097571 -0.3959329032758745
-0.0640551516909737 -0.4411259250144466
0.004107489202630751 -0.7340439783784406
-0.009291566248797244 -0.7050822949419789
0.012374510571860248 -0.6862264447296182
-0.0034248316028055743 -0.638090290275413
-0.09474171240936954 -0.1299289582500678
-0.09939237019362893 -0.08517652528256757
-0.13518432907911263 0.13182686245907396
-0.13718679301951947 0.19470391542576543
-0.13974415172181293 0.23850075355764483
-0.12962942692963325 0.15735597780607094
-0.10153620445258099 -0.023370068992387368
-0.0547537743372051 -0.3369120773137715
-0.03602670266628486 -0.4395763787656917
-0.0216939031934955 -0.5350663817800428
-0.02073674146285443 -0.5755468987512391
-0.022567034232686 -0.6875677725640547
0.013571964264723345 -0.7934441472519715
-0.0546811269033571 -0.6821362827708644
-0.04724179596271064 -0.6658366138195762
-0.12149919207522344 -0.5595263912992895
-0.15462282826375265 -0.5123494125835657
-0.26352783546662667 -0.3153258111074518
-0.3531365887084566 -0.19107505915029974
-0.5810187263125925 0.24453385890470614
-0.6578430126571677 0.3792032744981975
-0.6477097000007993 0.3492655475639338
-0.35978768810960027 -0.10964381620312827
-0.3563469192420184 -0.1690631074737483
-0.24368324134908592 -0.39424451862411675
-0.17552616656774198 -0.4599077229176293
-0.12190264432527335 -0.5640030826863968
-0.06667301479181495 -0.6902519645907365
-0.005066678585439872 -0.7717558956983788
-0.0435561469696524 -0.5479711786357859
-0.05376974592746808 -0.46744781687092385
-0.07637826413638707 -0.265376053879516
-0.13729944354547483 -0.034832383701227126
-0.17232317436708544 0.043363070091290645
-0.19507628879471636 0.1822851083666106
-0.19134212694777383 0.18596401980910796
-0.1943202672668353 0.20192756515600535
-0.17597001656274394 0.14511954901531054
-0.1528109325502145 0.016088474353364145
-0.11365035495339287 -0.04155783923291887
-0.10850398542773057 -0.1321038244887639
-0.028321520630019713 -0.47167775686957675
-0.017977234166994704 -0.5313474782113128
0.0026012281602177186 -0.6087578831133146
0.039800244802688615 -0.7539463715977561
0.024745095619310806 -0.7302744288435363
0.022811216230176956 -0.6905253249581081
0.020662219228183364 -0.6788655566599548
0.021839884524838305 -0.663563008806183
-0.17819796594475104 -0.06141097551277483
-0.2427838499084636 0.15755514114578406
-0.31877491032728267 0.4011568121097826
-0.3517587350652208 0.5153912273600939
-0.35313186363690896 0.49393556103818126
-0.3158307057065743 0.34735179384823395
-0.25476992976815244 0.1540038118837181
-0.20041318965996352 -0.03831394017954069
-0.18043194523894185 -0.20397747043253003
-0.14263251350483272 -0.30229267767888063
-0.0778152239166445 -0.5241884507932615
-0.011336592316877796 -0.7603556522247785
-0.031247242801110593 -0.7244388459429346
-0.019538201731197195 -0.7166054704183566
-0.03266606023653097 -0.6969713018953085
-0.06480980517995526 -0.5990575727454194
-0.1415661848945955 -0.24817667204561475
-0.1652738199448251 -0.1469708298408965
-0.21623601093264802 -0.022902861279759146
-0.26205187734591295 0.30502433992678557
-0.23823689690787225 0.23056318152652588
-0.18828027542672524 0.09268026224144037
-0.15058596017531972 -0.07767153773242805
-0.10109438383203068 -0.3100127950401416
-0.03730342423867735 -0.5138718943239251
0.01307059058768859 -0.7324863749031212
0.021106110390083054 -0.7395300213539648
0.036760491369140655 -0.7768566894547656
-0.003571080659345832 -0.7324845881571752
-0.047928264531191984 -0.4718899089714169
-0.05348391625057574 -0.4723134295543137
-0.0850939457593212 -0.3889985069347078
-0.11851544013081924 -0.3677964884802737
-0.09961084065527621 -0.33307754776306664
-0.1884690136938479 -0.1397217055880097
-0.26537719294556894 0.07310278395702685
-0.22549551709335988 -0.03811351413964373
-0.22971841399209345 -0.06869639289724096
-0.20872494764390404 -0.10415880153460806
-0.15001727116937866 -0.253565169059296
-0.11937427212368393 -0.34767171995896334
-0.007389478961603834 -0.603448058136393
0.002020359537377581 -0.6436693298901828
0.03861537920759025 -0.7590913046115874
-0.06622742256414518 -0.18634553629134387
-0.08008609191619614 -0.029878678500512956
-0.10355847896547223 -0.033592816565220916
-0.10734774824748858 0.08128260164061714
-0.14050795867227805 0.32152094189337577
-0.16246576799881662 0.4906414587206946
-0.17545136024472446 0.49190328960257607
-0.17136823286501401 0.5188544229635105
-0.15490228286920618 0.48761308117146407
-0.14938028938127393 0.3270086586277573
-0.12106714704500031 0.2655205613095321
-0.10718701766845039 0.06395107333703458
0.015638845249976316 -0.5599782285839836
0.015348205939712756 -0.580259344247464
0.02590446580711274 -0.6265936373202388
0.041599448271212036 -0.7903397830465686
0.17899986382546385 -0.5683356438374254
0.19338394364640474 -0.5144482293107817
0.241039337735224 -0.4583103266381686
0.3058392197911233 -0.28267519413846803
0.32693608748309777 -0.2652627017563714
0.3838800510489721 -0.1872682717077685
0.43795216190641695 -0.14043826805604612
0.6544251389019469 0.28900704159561236
0.5619937430082808 0.17177454723683572
0.44447054581692 -0.03646092941907458
0.44852463968548545 -0.06541699714849923
0.12733985484161886 -0.5290646157567501
0.11501762526755047 -0.5387148427837072
0.08817457904854638 -0.553866896294513
0.05971939373497605 -0.6188703655966262
0.005707878799397333 -0.7299056603587335
-0.043752794776900125 -0.5735627032097814
-0.0736483216768102 -0.3347795044110161
-0.0701804977788868 -0.30417350964816514
-0.11448371319357337 -0.13868825014347866
-0.14941881377098126 -0.0030348102980121607
-0.17910589330893992 0.09352952736318723
-0.1896524148083679 0.2386033027421557
-0.24534379316958352 0.5431123266888453
-0.24337470606243705 0.4447725684611923
-0.2034902995407447 0.34805465734621965
-0.21286266929132855 0.2717158200978531
-0.04693256515517366 -0.5068818950560181
-0.043345219179322644 -0.5321552683453115
-0.03568504780971886 -0.5422898889537899
-0.027046980929748103 -0.7078183438516072
-0.002398684494414566 -0.7685902331905954
-0.07701445298247778 -0.5762394237160054
-0.1791418206414439 -0.4007762736684451
-0.18851462222667406 -0.346965035385603
-0.23515747221855313 -0.16763091964830484
-0.2700454278498294 -0.14667714983724137
-0.3962533880321017 0.13942040687162213
-0.41664223144258933 0.15377122658296843
-0.412091810926324 0.16786360684781068
-0.33767338996074664 -0.000955548875189594
-0.3265867259421504 -0.07224975985827975
-0.31942701291047615 -0.09938300673789326
-0.287237624889476 -0.17509704972383486
-0.26116742326637254 -0.18104288491887752
-0.2310906118293826 -0.2806246437228841
-0.13450635196610355 -0.5205214898812885
-0.025723902295668517 -0.8192701169179124
-0.0902922250514187 -0.7121100086292909
-0.15704383600874613 -0.6055498253783717
-0.21235340828635554 -0.46836029658684164
-0.2449288149168444 -0.4146273259102208
-0.48807030634539983 0.013060975919861254
-0.5286519441542475 0.1018377157032006
-0.5281702344391265 0.1134540394422573
-0.6531515704749571 0.32908608991920174
-0.44785376720010267 -0.023722052712751397
-0.44418434782629174 -0.025734823850741852
-0.14860511677147756 -0.5584401309360004
-0.10620810260475616 -0.6190117264335956
-0.08454302072272893 -0.6139271362326877
-0.07527082443328227 -0.6604559183504233
-0.045677971425319826 -0.7572138537571141
-0.027489059917663247 -0.7598445616728159
-0.39245396611998273 -0.13073046195773458
-0.39105254050432764 -0.07191557713109253
-0.525913483203054 0.15386916114479343
-0.6584431280516199 0.3802415893030566
-0.670363689570752 0.4418127079165853
-0.6999097037981263 0.49226636760863923
-0.7218613944089733 0.5459393700214444
-0.7350436120845858 0.5576161249861092
-0.6749986213650129 0.4547166769215376
-0.6704331135867988 0.42706653911396814
-0.6529195252936132 0.4368752515658838
-0.6345603923637827 0.41197342186678787
-0.3909859050570632 -0.04143556880764311
-0.0355167709096864 -0.6396785926580735
-0.024719035432337118 -0.6612064821945096
0.030409135455886072 -0.7437258862859764
