-0.011870153837799272 -0.6221061439362466
-0.03183920014855105 -0.5623662026571584
-0.021108770989897517 -0.5088968257284664
-0.05113230271349728 -0.42774365953009164
-0.050158430306521555 -0.27515925692136656
-0.09144332345011497 -0.21606105867394146
-0.10102375796933609 -0.14356618852233197
-0.15252134071772971 0.28789879717892364
-0.1367077030027891 0.1738976409177741
-0.118686496059877 0.16753317382756416
-0.08319263774650112 -0.14702096190105768
-0.07856309745846675 -0.24070856671641952
-0.07740797579834431 -0.2799348347316189
-0.022605457639172842 -0.45716168790894735
-0.014333764355882843 -0.619546203945409
-0.008949155984213768 -0.7465577854159019
-0.07096049480126591 -0.5887018829498446
-0.09265253149082003 -0.4334074514067153
-0.08111566957001719 -0.4243650692180562
-0.10139608959269837 -0.274623565204791
-0.12594975848817483 -0.21465242144995078
-0.148855730020456 -0.10202549657194325
-0.16003548425758848 -0.0068380404392797065
-0.20504099656488473 0.15083096191835746
-0.18758938293797497 0.07278429612125256
-0.17789204212122434 0.05989720389191045
-0.16435355829718407 0.03550413791124535
-0.1567030036832294 -0.06120982447382592
-0.16065004273202027 -0.16878011358976244
-0.1511327209778342 -0.18944554153018137
-0.11884446202463596 -0.3301607677501588
-0.028071748524155556 -0.804952028401688
-0.008014395123037955 -0.7566713705081839
0.006794018860470409 -0.6958688824587193
0.034681036166476886 -0.6539673161104668
0.06119917113552541 -0.5896912454630927
0.1545437813744716 -0.34656125318834013
0.1766166566269897 -0.2890800854222249
0.2626341595390052 -0.116639039485478
0.33755402690123903 0.0841201398361554
0.3235433561255363 0.01700112396041572
0.2762518361638133 -0.043168819097828846
0.2709244423397873 -0.04804952345801924
0.25883388182779216 -0.05374591368365434
0.22548210725554094 -0.15584563719115144
0.1132630229904072 -0.3804569977279549
0.008558114784702035 -0.6236892213194632
-0.032984106428616586 -0.6925277012108492
0.012370344951289669 -0.5008747753623038
0.03662109369737977 -0.4652865581285467
0.037468591935708735 -0.37521592886242244
0.0797329955620828 -0.2198110598198008
0.10447082904231107 -0.07782870186153638
0.1291127466775323 0.06357336345779424
0.18473161082754805 0.21733114324303487
0.24193141768512105 0.5138154898107931
0.22771001416428696 0.4509548417894952
0.1899348251458507 0.3135375963202928
0.19487111437989912 0.29642836413063495
0.19112744756966757 0.2562881265220772
0.17756426199571143 0.19317718894663963
0.0730531464408644 -0.2776957289723606
-0.028843842333635253 -0.7744173501802798
-0.03701332979585812 -0.7885482437988421
-0.03989793436569317 -0.6958532647351812
-0.04449396569677181 -0.6225660176066693
-0.06870953411197628 -0.3735557642491792
-0.060650226116341265 -0.37090818807311193
-0.07082594616044714 -0.22429209925739735
-0.06981070254862286 -0.0435753694124978
-0.10704922901561616 0.3486252287400808
-0.10240856604655685 0.3830944537490471
-0.10393430120916489 0.2806616031846301
-0.05995125182390694 -0.07343607467234964
-0.06628225765539886 -0.08206320828397153
-0.06480727163526047 -0.11722467980395429
-0.0347088031227538 -0.21826384104343488
-0.017774645597053804 -0.3651136139322399
0.009000889772127365 -0.7193772189810894
0.005972508319919304 -0.7526908901421486
-0.017731701573973316 -0.6578669678854344
-0.09516843999580052 -0.3094010952815492
-0.0997734837169441 -0.09337930124647321
-0.14418429963291096 -0.016154917819288357
-0.1804343544464829 0.151752241852361
-0.2155413079256096 0.3117433806469935
-0.221178085995199 0.36572905741289924
-0.22071757224385766 0.4204497911118291
-0.20440899418725608 0.40074799222984425
-0.2078620873648211 0.36882435750537074
-0.13185338499796687 -0.11236909735505562
-0.10880728716641347 -0.2557886715988534
-0.06056228816480923 -0.4552996258420374
-0.05236141504334709 -0.5189796283882757
-0.047365318452903905 -0.5592492284837307
-0.01284504955654331 -0.7601545327122682
0.01510247395869702 -0.6906658133049131
0.059413082163968685 -0.6271688130250576
0.23449965956043708 -0.3111849016044081
0.31708471665092897 -0.16402160933275414
0.3879876835662466 -0.019270409930521867
0.5063262710161635 0.20276541383609697
0.5055713720691116 0.21651523867065514
0.5421647520207484 0.26581463463148336
0.40847844503002456 0.013158566020337718
0.3424637349287223 -0.10176507961955668
0.31962802681181207 -0.17620923418681642
0.28933379959691496 -0.20775821764537047
0.23655493492149546 -0.29833749058883224
0.18376063962294428 -0.47345481124470107
0.059767234152396875 -0.6728237719979828
0.004137153321664714 -0.776626083128518
-0.020116925872790722 -0.6799072965550512
-0.04190767186195453 -0.6524183819403778
-0.07319971993439375 -0.6015037283545743
-0.09273678042816491 -0.4900998751851282
-0.1626742659019056 -0.41241988159591836
-0.23582119363973178 -0.1795269169769036
-0.35557026534511393 0.1936102873626171
-0.3758309956103881 0.19514894277149925
-0.3501815648705357 0.1691569184440743
-0.28694865918051055 0.012341675173420701
-0.10248842001314189 -0.43633249027736914
-0.049527397981148566 -0.5880009348526068
-0.04013614041079111 -0.6050600691954172
-0.01592473612933526 -0.629813495425558
-0.00865578990912631 -0.6382455149104386
0.014201109141936584 -0.7213048462305349
0.008329094156245906 -0.7109065282246388
-0.0764489314839924 -0.5357743357270173
-0.10308789290203074 -0.47740004944370845
-0.14396753430101408 -0.40087029152152914
-0.15067371134525354 -0.3762582771731299
-0.19373023132784523 -0.2635430892755534
-0.3095801924946124 -0.05142475266153387
-0.400860542502312 0.17903023832553355
-0.4049778888917814 0.17429347624384
-0.30655711431707466 -0.08311077849311527
-0.12444600417947825 -0.5265163566226135
-0.11048796988798457 -0.5796648400127388
-0.05688157840285946 -0.7050565634031474
-0.039195750068345206 -0.7410897620508269
-0.04421168309801168 -0.755342174091922
-0.020298096614581432 -0.7819683154365397
0.033975622278472936 -0.6761242031002574
0.03050982178675029 -0.648167528837428
0.0887506675267088 -0.4425255391959395
0.1169627944613665 -0.36970050839462193
0.2046613220929634 -0.11130621071607234
0.19565305011787476 -0.09017880762857595
0.236374414999922 0.0028213047680930203
0.25769836321722284 0.046506159991360874
0.22541912787323165 -0.08361335268400459
0.1526358403748084 -0.31246658581535147
0.12493662678133335 -0.43036330378679716
0.14308646741004066 -0.43549963548187703
0.0636360334961163 -0.5967984296065763
0.06881990279815248 -0.6375185639789736
0.06383003042674791 -0.6733215863332594
0.03328688274654134 -0.7964049975748011
0.08692804308622268 -0.6824304870527096
0.07145847605081364 -0.6538307799484985
0.0963559636326108 -0.6217144895134766
0.10882166947803933 -0.6072569602321769
0.10139194771972428 -0.5087365747823116
0.17124430417621683 -0.3976391211152532
0.25710961680748673 -0.12468960459551046
0.3193028658124113 0.11728032690171411
0.27696516678609984 0.04917650525234781
0.2607422343467681 -0.04253722540220285
0.13744377805145344 -0.3003491310473481
0.11838262932417465 -0.3602984572489947
0.04623810708064194 -0.544128399505829
0.0477101854380837 -0.5496405973795723
0.022930602049728577 -0.60409193404957
-0.02803930161482221 -0.7226608031704181
0.042601182760198725 -0.454448692176758
0.02201646512553312 -0.4040088187405001
0.050046022157366636 -0.3848635292687477
0.07841484860013354 -0.29453806976375446
0.06703637135324599 -0.2723478612421566
0.15782661614120758 0.14630073428639004
0.20934806264715086 0.3505809086952795
0.209925264586706 0.352461976900495
0.16976848027990452 0.10712935405236783
0.17868477880365907 0.09323040948312551
0.14386185554064718 -0.011551326413633895
0.15090724191117597 -0.10536798109884735
0.09256425929262084 -0.3213937588642695
0.03146772535542669 -0.6668004943851371
0.023729420954734046 -0.689762068569051
0.018176872327319668 -0.7242922947320841
0.010599369547338922 -0.7130442112634288
-0.06320817204312273 -0.4616244580123772
-0.07465373313366372 -0.4347379249494346
-0.06599243214132286 -0.3530788397564094
-0.24240247191937075 0.2710019864085503
-0.26890826891608666 0.3538446262939915
-0.29529585934901137 0.4330665304910946
-0.29897030008159 0.47115318687905294
-0.27042415545832427 0.32794278339749666
-0.2362554066131131 0.23447364153705022
-0.20947968565386196 0.09837268485414905
-0.13023797664510398 -0.23450223661886255
-0.1346713319261465 -0.28688308740679114
-0.05393888708169066 -0.4848730439713826
-0.034278889488960525 -0.634549254315063
-0.013877447927175775 -0.7441315542828753
-0.03658719732617965 -0.705446542945143
-0.030289534594785242 -0.6992310761810661
-0.13545281040645 -0.5597925518171639
-0.20902263146061767 -0.47666337061402864
-0.23271755451903375 -0.48140544700706167
-0.5488059522713147 -0.025412505336209958
-0.7241086727436414 0.21879743721401523
-0.7958549171823792 0.311370629429005
-0.7035037315913305 0.19414340942652483
-0.6999662336961529 0.19565041882273268
-0.681117953133298 0.14763568306383865
-0.6742149240013968 0.14317151818095142
-0.34529872828469305 -0.2825185283028607
-0.26343237817095977 -0.35174525736747475
-0.10174601670761407 -0.5704846872154519
0.021454005707124482 -0.7414608067774057
0.004621326012350386 -0.7101439500446968
-0.20234607793008377 -0.30829346048754397
-0.24078137608132413 -0.2686546893466359
-0.3281303994583465 -0.12865198529626856
-0.35578956587297694 -0.05817258717062628
-0.39592506050864423 0.007269341925926422
-0.5793894344737541 0.32586875501233464
-0.7295373080401557 0.5699724898192802
-0.6797930664530781 0.4598770002974784
-0.5817732115683856 0.3099247301497365
-0.35207957736739437 -0.10735098225179132
-0.2765851580156503 -0.15225505817839277
-0.23653306694760182 -0.25834650403811626
-0.19720700649686318 -0.32819481302645165
-0.04908040844604167 -0.6096753177578257
0.030207131017289057 -0.719685650265224
-0.04570665724813057 -0.5090868696845517
-0.09057423926555588 -0.37376140135521535
-0.14642626554047886 -0.1962093367312318
-0.19131761759530833 -0.10797723237604029
-0.2895195062563233 0.14361657780334186
-0.3041780641431689 0.21513927246013037
-0.31243180129841464 0.21748907027970646
-0.3708326897952693 0.37871812550990347
-0.36829585788072255 0.34119294498471525
-0.3699993991812799 0.3211286118732458
-0.34833136749612453 0.2949258821725307
-0.2529654574177263 0.019137570603274173
-0.06363529454623504 -0.5063318582286885
-0.02813482300329523 -0.5285294786093491
0.02501734553555066 -0.7095374563854492
0.03895993934225032 -0.741328154526201
0.02309664799894448 -0.6720842772068617
-0.09173907554743413 -0.3207979223697787
-0.1706312919514546 -0.06624300358452763
-0.235504511322293 0.15279261138110517
-0.2124233844768074 0.16679579882650677
-0.2742290294668965 0.3203845566396075
-0.2791330424473656 0.34276230461791474
-0.2913204274925848 0.37088389941757427
-0.24389754924383136 0.2271429547818231
-0.1936433021721373 0.037978904320092564
-0.18524201096243942 -0.07494114926713796
-0.13041880765168368 -0.2857431988257646
-0.11264076994385516 -0.336708882374861
-0.10502123902722599 -0.37186050361910195
-0.04001023049609875 -0.5972506542347913
-0.006247223892653098 -0.7869560007549827
-0.021649920695827232 -0.7931177795982245
-0.032562870174726664 -0.7414873285426394
-0.01786460588166172 -0.7169822435964736
-0.062234287456263346 -0.7045230771100829
-0.22559681783994934 -0.4071267038386797
-0.37532532688001224 -0.17780770451499572
-0.3928227081235377 -0.16761929413738808
-0.403347575164125 -0.10987669787035281
-0.36896944364085527 -0.17736153607235647
-0.24691495272881112 -0.3967352401679862
-0.2342370403303372 -0.4014618547969069
-0.10699454223141865 -0.6171523931722253
-0.0792422724703763 -0.6791386982791471
-0.05543369864454383 -0.692224780403943
-0.013084960354561475 -0.742343937312413
-0.023394049474432587 -0.7510063326003198
-0.021983182846921474 -0.7451110751088981
-0.03703741308166967 -0.5836839724348527
-0.046724503963969335 -0.2124182384826818
-0.06716449113339425 -0.14910380807372553
-0.0818089477108123 0.2018895166420932
-0.09880426900237707 0.4851109700887651
-0.09444921639435046 0.49309804915131417
-0.09905956162101826 0.5215825913937313
-0.08301630076263258 0.15739477784926056
-0.060736095490072764 0.023631519091610393
-0.051704315887666795 -0.09178433658598736
-0.06071342053558782 -0.10195663589776384
-0.038138021723793665 -0.22488726837714962
-0.02599774588876758 -0.35882901418710766
-0.009885162988379341 -0.6711628765914189
-0.009460097169059354 -0.7554793933530147
-0.01015551695125001 -0.7232286019940123
-0.05179368866689845 -0.40123518798252034
-0.07862578254339656 0.021547954391130237
-0.1182273768130753 0.18002539828445274
-0.11085532969053603 0.24232526794587866
-0.12806397383390783 0.33536880002700964
-0.13844298396118582 0.475690386849552
-0.13767214920154386 0.5455620127171296
-0.09754802773310466 0.28778371968309413
-0.10638499196711194 0.22573390530588985
-0.08391389070109578 0.1415405048161214
-0.0804598281264307 0.10970120932717947
-0.058426515422360256 -0.04076668866945515
-0.020897819044261346 -0.5864424431610858
0.004503093285015659 -0.7045980321021867
0.017606886159962615 -0.7673286913107261
0.03733270765481555 -0.49816495034493125
0.034938958363667796 -0.45440323770184504
0.03036939189092509 -0.2938605478701867
0.052794158394032356 -0.07079849749828565
0.04497016616439138 -0.04778213206077766
0.051094706567539214 0.17765264465130648
0.06231173965515463 0.24723878643770095
0.06099879722645374 0.34300914563506735
0.06660535191328738 0.31696584790721494
0.04548046258225032 0.1647090492280125
0.033335835221819654 -0.043441983979499
0.030746099008453286 -0.10335316883594214
0.02797544004456501 -0.30376008468550736
0.004798187277164848 -0.6826111228255985
-0.0020363865652131812 -0.7088489939538155
0.0011365110924288322 -0.7589609490100143
0.006165499744055131 -0.757354627783414
0.008385887475112071 -0.6653393096701834
-0.03368220389587486 -0.20072183753213999
-0.013917101546327302 -0.07103219177599007
-0.02514935420715623 0.055489703437662026
-0.036488429724075025 0.16652993772749083
-0.03310933838773008 0.20590871746994985
-0.04739996880490849 0.5249336384169107
-0.06007978415883436 0.20184749546074404
-0.02828298503976626 -0.11084466945958985
-0.02801838110977015 -0.25124112075612953
-0.028245777776325524 -0.37327167797420424
-0.029408582371756833 -0.5419896774417564
-0.017223844026023016 -0.608957628424047
-0.023097057968365486 -0.6383791538045962
-0.01646318931434133 -0.7008921042630022
-0.028125125918625468 -0.6790459408954085
-0.10490398568879797 -0.4429816323408448
-0.11573465365710758 -0.4237516459029395
-0.25800650824931637 -0.05707573513747957
-0.27054727765643993 -0.05476285042520909
-0.29492575080260125 0.03655515176350614
-0.4025030121176534 0.3569274158094084
-0.4521551833593623 0.5045613656523229
-0.42959001300158284 0.423196081233497
-0.3647473863256519 0.2066576196719348
-0.23104643749058232 -0.09956855371576616
-0.2023598492681142 -0.18707765389644723
-0.13155329194209306 -0.42923346121055006
-0.0656269119509599 -0.5771796543575252
-0.022878485726877645 -0.6592376449887198
-0.006327371206064753 -0.7553101731817979
-0.06921871198406532 -0.5845147516553072
-0.1744245972970997 -0.4417897607935506
-0.2188988118430308 -0.3097800692816654
-0.256198114706337 -0.19806255190762892
-0.24960100817831785 -0.17917374039443681
-0.270635045987773 -0.18038064041859836
-0.31278776837731714 -0.03693280001095476
-0.48945703661558626 0.32790665386485257
-0.4602228358098804 0.23498549131821242
-0.42016285435889916 0.2056698545975943
-0.41961716108630637 0.18497318354694525
-0.3519997729171978 0.02233024387096809
-0.29693846340691105 -0.10053964648295927
-0.16260343137619807 -0.3767414580252911
0.0012977481078171333 -0.7044787212412448
0.017291186003073524 -0.7598240351124429
-0.152422659102664 -0.40794289356979
-0.2933833546472421 -0.19800395376964566
-0.2726916982872409 -0.1639232508423435
-0.2860732965510776 -0.1541928292667481
-0.2898744242054108 -0.1535494063996051
-0.41509424305819326 0.061288906470030755
-0.4705077238422329 0.2201809841300129
-0.6236618410854636 0.5350172677701566
-0.626946639639024 0.5132444349439265
-0.5651159860782908 0.42255055073252024
-0.5318439391920554 0.3372288118159878
-0.33816190442802146 -0.07580253019176965
-0.1336513124936259 -0.4574833748092269
-0.10338646953155285 -0.5132677462061119
-0.012338300120121652 -0.7813200033928404
0.010195024350673427 -0.7719019516656512
0.01130580970148788 -0.6715734270542195
0.02914209046496804 -0.5317546747365197
0.021428359713548586 -0.4252997744143749
0.05797062063615667 -0.31117698809352573
0.06634639271228873 0.03416414368959948
0.07249560127737706 0.08309169513005835
0.05067355365119199 0.17755283154790594
0.07548411192231164 0.2915182793505062
0.045954791102994684 0.007301922489830474
0.040480146196978935 -0.15056872339716873
0.05075228715834055 -0.17924506759159559
0.04240040189300359 -0.38292870366361204
0.014968958291573738 -0.584395406886952
-0.0010074979331317364 -0.7043225825126757
0.016105099407459432 -0.7416352944413214
0.012061190579221028 -0.745450704968486
0.06716739060568835 -0.5972173465106875
0.07898134389122217 -0.6010608427589728
0.12596665023296105 -0.4753393310243975
0.19941081218712978 -0.32467237472787913
0.32810704006342445 -0.027133143677158477
0.4967375982488844 0.35829454380520853
0.5059720955718269 0.37825347512480784
0.5106030026600233 0.38367979148759535
0.4786605426630763 0.3023604061569759
0.29053170482735147 -0.07679293649568211
0.3075661390654769 -0.09699846555755538
0.2482956208826205 -0.277099361547075
0.10294241624984424 -0.6038259196510082
0.09523339585129534 -0.6103861898062831
0.04125494236279044 -0.7287375494611366
0.040494202113084715 -0.7349579443943959
-0.02977029007821313 -0.6037736549829344
-0.051199014580217694 -0.5505941957190433
-0.06536669858760037 -0.5285578751934454
-0.09884093458575877 -0.4854601260883953
-0.20052345042816175 -0.3159907435449374
-0.28674315233213576 -0.22340053580154867
-0.38842636655336504 -0.04133658883330634
-0.5674398265123708 0.2851118963985334
-0.45233622859489503 0.06470985153821981
-0.4196952017270224 0.032486244179716225
-0.3459060806061249 -0.07851026169240463
-0.26828819729449555 -0.23480696106597174
-0.05380695067342548 -0.576649086837506
-0.02635367531851092 -0.6382978417310246
0.011120047405285683 -0.6732199138522784
0.0036598083215478583 -0.6823255193431451
-0.10036377708293334 -0.5034233790570913
-0.29523013324565794 -0.09737150837438165
-0.3778267156830005 0.03770698633024158
-0.43504422175479834 0.16617743570357227
-0.5529489055105166 0.36861385989460993
-0.5570022154533537 0.3846258132313928
-0.5946692402193655 0.4639330998255967
-0.6087391979756258 0.4744803173834162
-0.5772254689526329 0.4044159283189498
-0.5814875002986419 0.35984901644984224
-0.47057802287505623 0.21817277446487807
-0.34497597620319825 -0.05245349694518063
-0.2542297512954753 -0.2630997788070948
-0.03421025863722535 -0.670989449377447
-0.031958663745761035 -0.6747383657454482
-0.0006489661478082055 -0.7489095790415461
-0.016045237012216464 -0.7095877915988628
-0.12643006235320808 -0.49153733528783183
-0.10024570120601584 -0.44129264982186167
-0.18834343726914324 -0.2705595052393747
-0.21126868584920983 -0.18522567918886257
-0.2764055282930204 -0.06752786206380167
-0.38724345271020877 0.2778830819062836
-0.4363222715868934 0.4007898649418796
-0.40624285414914724 0.33479165887303197
-0.3371585678395306 0.24321613095204198
-0.29185868637451484 0.06480765171364193
-0.26599396315232976 -0.008117430212902949
-0.1427876536661414 -0.2889007056986372
0.01548781124473289 -0.5927620311805964
0.024662090993231675 -0.6161968303718645
0.03466340486813583 -0.6653854548210965
0.023445300859538405 -0.6398552391900011
-0.06848853992181002 -0.393569638837385
-0.0716323538015252 -0.36452716233358545
-0.08163122520589729 -0.3611543614454159
-0.11558324154177205 -0.2550016279207699
-0.1538428063872001 -0.10623410378732955
-0.21797293377003607 0.03505871841225151
-0.23017734730544948 0.05740249527605584
-0.14337328935929425 -0.2653312874582525
-0.1437677093693311 -0.32843276250527226
-0.1139021000290736 -0.3931285800298495
-0.0947863001538611 -0.41827984268806784
-0.05709101718355587 -0.5393082799306407
-0.041301806982846245 -0.5972366403113409
-0.02078378925006595 -0.7495426319921592
-0.007556076120699992 -0.7494836506116523
-0.15495357937134072 -0.46194540102434684
-0.2403726738490087 -0.35075257443821095
-0.3757774971107015 -0.13751540955411715
-0.49480376421369643 0.1065802245200952
-0.5464233642356278 0.14445629987371286
-0.6461822430270128 0.32747204147033215
-0.6887392515912943 0.3814411035022193
-0.6852484069599671 0.3887237339790575
-0.6623390280685392 0.3642141646119447
-0.662630464937994 0.3419764930366925
-0.37585759748836756 -0.12970027490335084
-0.33816825449681676 -0.1394692548594631
-0.19279199415593126 -0.3929580793969779
-0.07375770076508507 -0.5815566270372574
-0.06475287165782458 -0.6481876615254303
0.015856353672664036 -0.742244847202782
