-0.0011841586574639152 -0.7271317085770489
0.09951682644603951 -0.5299532592528524
0.21244197332211576 -0.19018554517370007
0.2796490094907369 -0.0976650312151197
0.27724091808023205 -0.06612348799262874
0.2868310970834152 -0.02843819299565754
0.35681992620835784 0.11958354755047956
0.48877651580277703 0.4528890380270442
0.4622243739859895 0.40513481320345474
0.4439995360475596 0.3793641969371868
0.3509408577655993 0.16760795058151443
0.2912553550770314 0.039559696071251656
0.2924696825949861 -0.011936003868864236
0.021561217582380533 -0.5559364167540133
-0.010420435798898318 -0.5882816693397748
-0.04547804923459632 -0.6907803374145176
-0.0688806011502235 -0.613137808814409
-0.09869557508695437 -0.5846721281469311
-0.09276925005877328 -0.5536552401706806
-0.10447590536876868 -0.5371335972864786
-0.10933182761410029 -0.4444721847637432
-0.18664477390577622 -0.2851147785920809
-0.24867209467778945 -0.07401181941810778
-0.32963813581429274 0.20635661685664167
-0.27093939001227785 0.027447060848350763
-0.22863576014905135 0.013844226182073115
-0.2586051951736376 -0.002893007928717824
-0.1860425979347462 -0.17902547996831109
-0.14984425239952373 -0.26116144189808554
-0.09541333296250479 -0.42062329813324645
-0.07289967398297115 -0.4736234798220305
0.02324225484092344 -0.7239684155349673
0.017211267022666767 -0.7192121316582084
-0.015670188345531702 -0.6104234965675476
-0.04586419587396527 -0.5081512393775858
-0.13815567795553263 -0.3346362687849357
-0.17005335728072501 -0.2629396268154981
-0.2532832606554196 -0.0651440340038254
-0.3198096721038922 0.04292233657410235
-0.4211984674694668 0.290941412922447
-0.32920604181894114 0.07880357969504598
-0.3181571742820043 0.06458538977106543
-0.27912355509180636 -0.03961883040870509
-0.26791346782547365 -0.09654928960421306
-0.1450463064029308 -0.34606338916957463
-0.1250651569611697 -0.4786815482496834
-0.07143693831813731 -0.5140117074167927
0.023154760138272366 -0.7421883390582714
0.054530532552816424 -0.6685401228522557
0.07750430415202404 -0.4816680704528954
0.12735810638647332 -0.3634653262673626
0.1769541713503794 -0.1910153909621112
0.18048894724513576 -0.16762637705926015
0.21964892489372242 0.00692443698980493
0.32063000815800496 0.38754561575479674
0.36460935725781374 0.5203164599659331
0.3473242928277697 0.40562078218573805
0.31255509212151933 0.2500665292710887
0.29616259423714825 0.2075693218201032
0.1877298346384542 -0.16407583519914096
0.157778438922205 -0.28418210533130456
0.15299303674726802 -0.2915104158096068
0.09015949461361877 -0.6616689682336184
0.050938446333418014 -0.74737757006177
0.04856674568049771 -0.7172421130460634
0.07326114734575388 -0.6170327276831522
0.07137666797503636 -0.5484703180674804
0.09370089209478696 -0.46466178953967546
0.13473358470928076 -0.21452845646055507
0.15438062752794007 -0.11681478933870365
0.18401485320249292 0.04335706046140147
0.1971718161738775 0.1524737116752505
0.17037064788962888 -0.0007602612620506791
0.17030101297831765 -0.0724911289301309
0.10952339932099162 -0.4450647070691302
0.10330614619151748 -0.4544215042678022
0.10211165156241175 -0.5255715838370386
0.10932093673101997 -0.554947217257605
0.08984710018097934 -0.5524057162041458
0.06104362597935581 -0.786714388439599
0.07667778404775301 -0.7672650159859311
0.29416408594572224 -0.3328241140133913
0.36380876119256395 -0.22972380053103675
0.4117791924737149 -0.1359721519447296
0.5511092437146303 0.10022418887090051
0.6087978094463113 0.19250907088037306
0.6398930816547095 0.27227422839020743
0.6453441462579995 0.2829991428508715
0.4423436104997753 -0.05180032496969718
0.42609135742668425 -0.05049376537145642
0.36040477756842654 -0.1697154564890289
0.29415552686281465 -0.2835485070294697
0.2429397439692736 -0.362039471871898
0.2456775718933205 -0.3674558540780391
0.06905188420064413 -0.6507730593230606
0.027104967704283275 -0.7081492358135067
0.016819104231008127 -0.7124168276637212
-0.04013023760098996 -0.5329358338429941
-0.0511882075952121 -0.5113301852675449
-0.1397647293985883 -0.3271794411920167
-0.33142144113434596 0.09445736928276378
-0.3382010424301124 0.14493868294433795
-0.3759117453794607 0.22094688943361232
-0.3841174415300042 0.23923573608325244
-0.3111708078546935 0.12353834688242091
-0.2946043658267187 -0.008047080381980164
-0.2550082106769665 -0.033137097635727614
-0.26257163340510453 -0.037411583730865665
-0.14975600155152688 -0.2721028138690304
-0.02703673818285917 -0.585028194637509
-0.04351216996249328 -0.6137354822037748
0.04751320078910647 -0.7516245831062043
0.010531530699809295 -0.66925460880256
-0.04585357966007126 -0.544207628350153
-0.13549909855726794 -0.4314454246384349
-0.15070560170016173 -0.39195577274731036
-0.20916124837196984 -0.26427355008134357
-0.24439100586685397 -0.23653746544779666
-0.4298378934556493 0.08365547058280838
-0.5232076549126472 0.2490724139293341
-0.48093736257978814 0.16639542664330495
-0.43378657767271145 0.04966134232482073
-0.400174893411623 -0.06326474477115174
-0.3550939335930464 -0.1643238774795647
-0.155816944575501 -0.6171857671581729
-0.12338648144861708 -0.6683916351920587
-0.09924696371105199 -0.7271925471483445
-0.06700230896427598 -0.791505713186329
-0.15009392551169973 -0.4537253922019088
-0.16888656946096742 -0.43327158289894735
-0.20588479775227797 -0.24960924829354947
-0.31178761915312103 0.2156270654230529
-0.3078807029235386 0.24438472450939833
-0.3206365178387392 0.2774309416871187
-0.3299876053626448 0.35401777599869494
-0.3721200159440078 0.49582249769804454
-0.35695157499273555 0.4461597068668659
-0.27053823271128685 0.1412275367361655
-0.27492787905122684 0.0974015476381388
-0.20176105037515482 -0.08994417036160793
-0.1607217050603516 -0.16883391681190005
-0.1214252073602053 -0.3532564418458913
-0.05102609208783944 -0.6270565832256174
-0.02016664507247353 -0.7405815393549678
-0.035364867031170866 -0.716579376011226
-0.07477721106666575 -0.631870843303128
-0.09298580563308548 -0.6090321612351671
-0.08688220664528956 -0.5920486147880385
-0.12525558798098702 -0.5263931106923496
-0.23624987634584124 -0.3014068996685491
-0.5269613029652171 0.24275970725973428
-0.5548907730622328 0.326557628352004
-0.37950513135519565 0.05551043301518458
-0.36160684445331565 -0.0026516425258403193
-0.37247986091190055 -0.03278114184619052
-0.3435412926334368 -0.042783667077981986
-0.30698823333635605 -0.09272149263883875
-0.20842521932017008 -0.3038744938898278
-0.016345917726870267 -0.6272673798638402
0.04589959021531515 -0.7019885696932002
-0.00821164745233404 -0.6407114595220434
-0.01604088504841596 -0.611497503718775
-0.047690982795295156 -0.5807052650888486
-0.15786729124003532 -0.40953797216804366
-0.19894918502662862 -0.40415716652788325
-0.20407728737048045 -0.35956907379289005
-0.3510224028870749 -0.20210351091673884
-0.4819338550188149 -0.0012568421968606192
-0.4371164716740009 -0.08900652865196282
-0.333342508104261 -0.26125240587302034
-0.3123029724088952 -0.2784070505459045
-0.27155257967431545 -0.35922352678352265
-0.1612550241056314 -0.5182616036967153
-0.11607184270835796 -0.5854128559954576
-0.07268211699172242 -0.6608859407817382
-0.016145389760986978 -0.7588868069348685
-0.07209043451222608 -0.5369372043318478
-0.09673503945335923 -0.5024600947067341
-0.10321460303719783 -0.42464649388139036
-0.10642437659694942 -0.36768489262588605
-0.1120778392862391 -0.31180941117110145
-0.19388095102180258 -0.06504919619919898
-0.20228535246451773 0.01506220096035466
-0.29238497833388705 0.3204731257280668
-0.27577190758863634 0.24538414754397045
-0.25246738112151523 0.20944450463901595
-0.2211946753099564 0.06045922552642058
-0.17016025224622164 -0.1129401548613133
-0.14652518233765813 -0.18518485773012744
-0.0947033355485991 -0.3880215449246671
-0.0794428780416774 -0.3854778175116909
0.014885508001035592 -0.7926373005151588
-0.001203961205756397 -0.7017767321093389
-0.034085072558484225 -0.5667754984873364
-0.058630921399332174 -0.49821254189535286
-0.042738851596487125 -0.48413855260322286
-0.08697999636970452 -0.4006496957732221
-0.10348559941432411 -0.20214494378046394
-0.14998337887273466 0.0006867766818787337
-0.23369819344709963 0.31138314484663565
-0.17520353112546894 0.060053263251938965
-0.09595139429415352 -0.21068728587716404
-0.103048785980939 -0.3260418151063536
-0.05103107987722619 -0.408010901730646
-0.052174143492971704 -0.4623468150632253
-0.03894679249343422 -0.5505610820848741
-0.01303877677326094 -0.6577870054176552
0.013667114504880092 -0.7246723380543639
0.05232043343455512 -0.6801188107765276
0.036396768335254154 -0.6630733900577246
0.45579915154472356 -0.12259565605145789
0.47355051290480005 -0.09345536367401841
0.5541134228386599 -0.03214289288450577
0.7310755653273765 0.20950977290972012
0.8206839573975359 0.3221075375550576
0.8396559407514654 0.35317609499809915
0.632439489104532 0.062366616956607314
0.6129399876530881 0.04997090362806777
0.5485767021946097 -0.01936109828895539
0.5097813715054246 -0.08666624910631733
0.482003189378989 -0.11919081286625055
0.47898518383304783 -0.14393617934486483
0.44446485195134566 -0.14156641396760472
-0.007039776625025694 -0.7631893481234887
-0.03263029834495851 -0.6714180384755186
-0.05261174660169078 -0.6301597133536798
-0.039193340767468346 -0.6152661277102093
-0.18071279648800323 -0.07349682934813435
-0.2581095375786688 0.1721593090260089
-0.2836667828675569 0.3229851942727763
-0.32006024563690444 0.4409100645747722
-0.34083367880772986 0.49666019462053795
-0.3179885538695473 0.40113094374101715
-0.3170023205201126 0.3827130791356312
-0.17989369831549684 -0.04075953333991874
-0.1606857083983265 -0.09932578539395781
-0.14182523389565638 -0.17492938900607619
-0.12523727732552398 -0.20133401560168265
-0.11218910105344423 -0.26268202561767184
0.04038566988171788 -0.7329152318572009
0.04657022943132695 -0.7182593224508297
0.042053014747405124 -0.6917537052971401
0.06194244637984973 -0.5912739848169505
0.11586311020390037 -0.3970315674847396
0.14370116996899326 -0.2142596981340199
0.27638839585038416 0.5198710611266525
0.2667427243285793 0.5427249072554031
0.2984903317917833 0.6750588361357507
0.22413896490736204 0.37317159105002734
0.20306185012241976 0.2652905950198812
0.13877723615861934 0.07099376245946161
0.10798124740016529 0.01572360751419495
0.1034008396947178 -0.043366230912543685
0.092869396490474 -0.07534685647139695
0.06852245843277546 -0.24626343067036727
-0.08312131227010675 -0.8069651163488859
-0.13754130415760263 -0.7364695600190303
-0.28031279138922954 -0.32474874685796573
-0.3164280194122222 -0.21404382430502464
-0.34991788796349943 -0.2018880926709481
-0.3782321150681633 -0.07802611690148831
-0.3896520102583596 -0.012649173850619453
-0.42029558349010065 0.05559002570437449
-0.47970667823015767 0.1854667495971213
-0.4662157187020229 0.1714255300211757
-0.42571044214691384 0.06790199366095973
-0.3177531732155476 -0.1387841796294962
-0.3052803530962683 -0.1629910242770653
-0.24801177005946157 -0.256566261467382
-0.18848035487164602 -0.3939260660839946
-0.1055719743497196 -0.5310629471708108
-0.0029326643305774293 -0.7517615109579083
0.052375080838406744 -0.5257912132777753
0.10890632629104258 -0.32221704579977356
0.18699253581808695 -0.07932688701950051
0.1967484969452418 -0.02400689963045614
0.24504410030368917 0.1355395249713735
0.25419243269138314 0.1455290067816748
0.27969248990539447 0.3017436541896249
0.2860582402614043 0.3140541871670467
0.26935943912279614 0.26097816817840896
0.12593729853605146 -0.25021017917493477
0.052744998002381 -0.48778438231084187
0.03503084916741554 -0.5829052713832094
0.03613197724633917 -0.6280527183704799
0.03036521101709603 -0.6616939847192645
0.008082349354511615 -0.7112357291731772
-0.0007678756269696664 -0.7436097912314554
-0.0009827959655566397 -0.7020237426385426
0.19207798593940423 -0.4012916453052512
0.26014967037251435 -0.2841512988270938
0.27539588241808893 -0.2533946626251731
0.322874297085863 -0.12776003790086943
0.5916359539051997 0.3097896676732394
0.6698970025064478 0.43807902581423447
0.668599252603824 0.4599820851852432
0.6232594013512949 0.3649022009710799
0.6021475984898467 0.3604378031773735
0.4525910597501475 0.0933879308033195
0.4002225830768102 -0.013196331178095697
0.308765759914683 -0.13855882791237942
0.2028330326002975 -0.29196682217251996
-0.01374006825576271 -0.699420498691501
-0.04141154569123758 -0.7410430451972138
-0.07393260907746114 -0.7138751450944206
-0.22287031262323104 -0.42872611508030906
-0.40255331303064684 -0.1544204066699202
-0.6035580398249344 0.21634561997612242
-0.6261998774835035 0.24656750702744032
-0.6714539989270061 0.282871315268922
-0.7360261971870808 0.40311816540862605
-0.7360154397357398 0.43397725542298693
-0.6894142305714256 0.34284792246437024
-0.6708658335613322 0.31084135464292445
-0.5990407369918185 0.2004634387794289
-0.4589724280711571 0.010077473839953771
-0.14326002690975034 -0.5419112561106905
-0.09052426276075921 -0.5984180342369635
0.0047233025923901495 -0.7471283259526775
0.009329728901974496 -0.7905046062664646
0.011659068234184493 -0.7770576043293417
-0.1915993747630385 -0.26487745362224563
-0.21821338790043388 -0.22239184903464798
-0.23459169575266156 -0.14766966277713311
-0.31111756286939857 0.00862343251907742
-0.3903810340109709 0.26219664671043613
-0.42881002070197366 0.31588465355950596
-0.4306522422583563 0.3304781107824804
-0.41910626811607665 0.29923290394502927
-0.400957276342393 0.30306745887411174
-0.37894960793971366 0.1853846386017592
-0.35373317048464903 0.17176812743133493
-0.34483450451733894 0.16141294096274852
-0.3307110753361314 0.1218944055816559
-0.20593722521735497 -0.22971502662948304
0.012871267706313753 -0.7519283744584367
-0.0319431351471837 -0.6698612264710672
-0.15758653602511885 -0.27794716825249066
-0.200319098703324 -0.1684423574622105
-0.2332136202369543 -0.06142324241269368
-0.2822977000931368 0.13688218357415782
-0.2939001227946674 0.1475346748323567
-0.34001070191683574 0.19615179779087358
-0.3386342178592899 0.2618715177724491
-0.3172819125885792 0.16392633841982884
-0.2751211597200769 0.11465373834625028
-0.19576647190267438 -0.11309556295937814
-0.1850441719704017 -0.16517002786879909
-0.16576586834386683 -0.17492626036038583
-0.09471014400131862 -0.3441706234876644
0.034991718118075374 -0.7236183212708335
0.04360890991877547 -0.7234904685568537
0.02139932658007173 -0.5951513000556572
-0.0381690732629789 -0.3825041034694335
-0.06801634533951402 -0.24927318675193472
-0.07846671844864819 -0.22082828176405925
-0.1602669184132845 -0.020934525946453852
-0.1654306642336177 -0.009125887752426778
-0.16590934100141333 0.044900958133720116
-0.22810036255859426 0.2762211554835037
-0.18524065643034993 0.054854055171312595
-0.18462477323965437 0.008083558001143052
-0.16340248796046758 -0.0819090495892016
-0.16294737220361183 -0.21602545909093843
-0.1452386781211864 -0.23604047992214955
-0.14009984253281976 -0.2563715031618016
-0.08078213408897768 -0.5071937440576543
-0.03972021838551613 -0.7835240491773324
0.06822547857422993 -0.6315965272214586
0.15932175984254815 -0.4526664635880998
0.23925015136696876 -0.3487823359804704
0.27665656124609805 -0.2834842255701317
0.3922265483157732 -0.09777865027346642
0.4364619276858935 -0.055310484827076976
0.45561509190724664 0.022961345870107005
0.5935079960357421 0.21554573549956646
0.570329969431417 0.2097466551178547
0.5645253315767382 0.18285439091942218
0.566907851051568 0.12107938233963533
0.34259133228952693 -0.2561968141342737
0.1298845866675092 -0.6234058750721959
0.1002885438628217 -0.7369895123546659
0.08194036284388678 -0.7360157068377309
0.07268037112275445 -0.7896217082602621
-0.03474455837516534 -0.5866916949764334
-0.021090265280774397 -0.5512862428341725
-0.059235589054083194 -0.5294918376485306
-0.05201549542700969 -0.5154318970956088
-0.13781486851879837 -0.361138331065554
-0.17840595080219948 -0.2846575936138521
-0.22358586253522866 -0.19319950364055036
-0.31968622038825034 -0.0010197796146955707
-0.3112054725622208 -0.047617764622891044
-0.2680439113957541 -0.08715758990026902
-0.2679346155924846 -0.11630635497921281
-0.20978892296807536 -0.317979248313216
-0.06765263126749035 -0.5927999913787945
-0.036582435486215904 -0.6643399829393069
-0.029430641813015482 -0.6770792629688536
-0.016761823713304678 -0.7152384389166918
-0.00990643913485783 -0.6043003379198314
0.014818576646194487 -0.5275520585597747
0.01591733766682004 -0.4929968903792693
0.11739745156621634 -0.07306161991782092
0.10037424519251202 -0.025353734872451197
0.13952112901594316 0.036860341858650315
0.15544471689691944 0.23628124345678636
0.210920698040179 0.5890332678668286
0.18506638088870503 0.48892146049697804
0.20936595358123627 0.4456193762846048
0.1414863973118674 0.24073854520192886
0.16068636602164213 0.19780674893813247
0.1288588569374975 0.05004908860102795
0.07244374010571863 -0.05410346248278537
0.07475794451949676 -0.15423826197159549
-0.032664646965510136 -0.683358224702168
-0.0020737733747650663 -0.6070911108483844
0.032874250624620314 -0.5048642937529216
0.11283756374041064 -0.32363601914205675
0.11387541367800767 -0.32254551220620453
0.18315348143249668 -0.17007238690188228
0.29422363860981776 0.03345569780126685
0.29121898533618235 0.12257576309167698
0.356614483706878 0.2270888289927095
0.2927375613419394 0.01186575454410644
0.27896444786548397 -0.05912291559724422
0.17294195366893936 -0.3806239465394257
0.18532483520546625 -0.389453363759272
0.15753672046311848 -0.38537105293359525
0.11604043074185569 -0.6200067976903243
0.10572813202968499 -0.6331835565493037
0.07146304657854616 -0.7502018700456108
-0.041057167546611366 -0.614339707958274
-0.3052592182333864 -0.2178515199203636
-0.3348062830486962 -0.19098941194382693
-0.4428451506807089 -0.024551350793194662
-0.4492753209956933 -0.006707568217258965
-0.516239697400558 0.09399248640007553
-0.5413011525877955 0.1486172093004594
-0.6298752552509946 0.23485659166488423
-0.5256130198583133 0.09983806167692916
-0.532758781643098 0.06963936933703027
-0.43403395676041395 -0.10725791914101523
-0.4369742385043354 -0.11683122174048352
-0.3172869935041956 -0.26439855018525105
-0.23719225093649235 -0.37620150547155107
-0.13477441114951014 -0.5481025222747347
-0.013752498733787706 -0.7415954918907317
-0.02893085317846141 -0.7076568976203795
-0.04874835517906269 -0.6930150887835851
-0.05147822212422387 -0.6663994806022795
-0.053633767819475674 -0.6461209786891128
-0.06401078188627786 -0.6139327561261848
-0.07369820132933337 -0.5444880542764098
-0.11108571125930707 -0.4954325063802093
-0.16477473353784597 -0.36084704469823914
-0.12742340872302732 -0.4581146688258883
-0.07648887200981358 -0.5277244476457973
-0.04072079220842071 -0.5831511097359042
0.010340037076127533 -0.6783816521371712
0.010051018664101461 -0.687115013403262
0.027650443696034095 -0.7215169162980966
0.03538752018438779 -0.7342399257337896
0.04635291622138522 -0.7440167505710433
0.11492833103606322 -0.5361319326628987
0.1404412693599616 -0.44753353964292303
0.15035069190170358 -0.4083377935969196
0.15736413234516955 -0.3577392386474701
0.229659669371006 -0.15012446781244623
0.25666369200856426 -0.060571227484974954
0.29617340393721076 0.06333460332567781
0.3212288292001244 0.13588213166294355
0.2592373431330413 -0.012485847533536838
0.24752657779740875 -0.06337337527021465
0.24427874662533913 -0.07226529202440495
0.22636050538490288 -0.11305136909631268
0.16523573793892102 -0.30756655672595723
0.033894867197963446 -0.6326491346912253
0.03408736643565255 -0.6528307951325947
0.01483270797270711 -0.697058525309886
0.018320369785302028 -0.5065977049138151
-0.042643606779067485 -0.37933957102639554
-0.025116539373858084 -0.2543491152408355
-0.03622380508946641 -0.25293490428322957
-0.059985293968049705 -0.10251175725109557
-0.08240947643289219 0.17829653639384194
-0.06759957921487292 0.18879393714844533
-0.11521747523435116 0.5149193432512796
-0.10524241011799038 0.48325605346364
-0.08368728020549124 0.3045141367392389
-0.11132986768162986 0.27850511404679057
-0.06740661108076428 0.14994351885786106
-0.04044345510175211 0.08989980923504233
-0.0058764414432585 -0.37113380270105567
-0.0077020372917949165 -0.5534178535313456
0.044834168088053836 -0.7458512272567137
0.35458070338218056 -0.2588134082984956
0.4607534229674629 -0.11025386448573465
0.513640089697243 0.0027966198883878197
0.5290527771870832 0.023619434155731603
0.5443950118542299 0.07212942519747928
0.6554026512351812 0.22381473411369987
0.6751120938301169 0.29359387367743817
0.6872066777162831 0.2932777452425972
0.6251018692678858 0.20083077038181227
0.3587261244725145 -0.18976796681503666
0.30927606525473567 -0.25296567599298464
0.26632775688078086 -0.30933769348002227
0.2082488123252387 -0.41310996305072506
0.17792133251347667 -0.43618553903332413
0.034091941061293346 -0.636418685022365
-0.019513756133738062 -0.7292806789944036
