-0.014650105525666502 -0.7204932493524028
-0.18348597880721945 -0.3851114616400464
-0.2547624781871353 -0.2690615821592457
-0.2827631354477357 -0.22073589979011507
-0.379111164094296 -0.025882075141130393
-0.39112866383958667 0.012872371518993335
-0.45018607044121745 0.1428125715815631
-0.5505413155127529 0.315990505772147
-0.49959585734996076 0.24882527883872638
-0.4465706637029946 0.13087165007956966
-0.4291219064913911 0.08513232788249099
-0.37106397317853923 0.006647072786057176
-0.3128076422525581 -0.16342266355420954
-0.1797592613680502 -0.45539697257714445
-0.08988932220791285 -0.585548789847744
-0.007270097774314676 -0.7530720179644042
-0.017712278121282628 -0.6716283418436336
-0.006089429554207408 -0.4872778697818861
0.007610823030862428 -0.4874296019634041
0.025233741384977464 -0.04528279590120875
0.05524390183204368 0.16991685514005694
0.047677810148433364 0.32721849916223933
0.0777142867285627 0.3832071961293388
0.07109166653524956 0.5310529659150214
0.06936961505173449 0.44864343779549715
0.046769640074697916 -0.014692944072039025
0.05412192680409206 -0.1279838248632575
0.04223891995381701 -0.3853205284466691
0.013234606083685636 -0.41006443238303897
0.01903102658289495 -0.5177156016472293
0.02899173348905848 -0.6534069238574207
0.0035046902836475234 -0.7761464556401765
0.010393517409207556 -0.7365049635405067
0.06255500841341786 -0.5366162141964508
0.06141166302716684 -0.43889649414374377
0.09550639084063213 -0.38788161413159417
0.09733443107971415 -0.27640974237645505
0.11543513727246381 -0.18780018750010097
0.21385966489829075 0.2135364455559997
0.20737924481251258 0.24770707703475264
0.161251307060592 0.022636747255997562
0.11813266124178742 -0.22510620130945821
0.09549875088718855 -0.2367649730371754
0.07954936214018599 -0.43232464043341906
0.032867522911188746 -0.5312388658494779
0.04173492042963126 -0.5367835769297429
0.03508769365198903 -0.612605957249119
0.005466218744588676 -0.7502777743391689
-0.07344207392897144 -0.4588569965555193
-0.09929068778465484 -0.40399213247619425
-0.20038353953787713 -0.03699072361626377
-0.2022645816886918 -0.03388219004399315
-0.2742145141774641 0.2547238005122012
-0.3003220791944281 0.35962530250164937
-0.31268850204896986 0.41167657626278437
-0.34238349401424406 0.49264425112445676
-0.32747538812002397 0.42125369404565494
-0.32172396410185955 0.37747346615447214
-0.23877970093305273 0.1340512246610859
-0.2442257341717205 0.11232895258051392
-0.13665560660442724 -0.30467015629560706
-0.09343486536463706 -0.3840784999638834
-0.0966442997135572 -0.41649855851607415
0.008824061347854214 -0.76272690607646
0.10055316433185121 -0.5620165936233031
0.17785206892943686 -0.3862067727943148
0.17380309676807287 -0.3216571793906824
0.2837116979089139 -0.07031203526639114
0.2897726210860483 -0.05039271910637544
0.3105917808616198 0.0007303503388760659
0.3639612304739874 0.13191691323749302
0.4082162650469201 0.2520399886734557
0.24237720961327014 -0.09399274606991193
0.24970981624671204 -0.12925054876601963
0.24193874294761586 -0.1834455319015671
0.2030931905029392 -0.25625163470572104
0.18937173056811196 -0.26602970366071355
0.14843949984745913 -0.38653599641617975
0.027279253185838452 -0.7083446173485228
0.0075664089625977655 -0.7483880770200709
0.008230293122183176 -0.5943979710541958
0.02787209172228687 -0.5574279607911832
0.07339365044350668 -0.17468080979854575
0.08708588854654595 -0.09589434597587042
0.09852513866849762 -0.023115979375260286
0.10846868886296879 0.11038926418054157
0.11036723013549553 0.1548130083565634
0.14178139600062173 0.37675417935810124
0.13608488988833098 0.3456981185699112
0.1316573642113156 0.3256137663577629
0.11456519404717716 0.09263992616928757
0.09434267952412055 -0.07771980156671295
0.08295089379363413 -0.13776543223978246
0.07362910843494766 -0.4825711495811316
0.0597160314074488 -0.6190165499871347
0.05002147544922609 -0.6841322822221422
0.09032413478544385 -0.6192629795632298
0.1368004203466122 -0.6122257241818113
0.1806703871643408 -0.5417202902783359
0.18272321164651337 -0.5329739388428821
0.2994815712986293 -0.39197484322461695
0.2963022654395203 -0.36016602842712453
0.4727809643427092 -0.1591340822033755
0.5410809174093955 -0.08577865554946962
0.4207743868391617 -0.21381357542546023
0.4103167506155786 -0.2627294963914501
0.31883609354228826 -0.38672844376019566
0.2659209684423403 -0.4476683286869514
0.10291029610561105 -0.6341054117279187
0.1049335728587844 -0.6420816222244901
0.07832815138398107 -0.6908296510409603
0.0007423629451391813 -0.7587931731693989
0.06727706711329724 -0.59242734365113
0.06506415688850528 -0.5426521408120093
0.14131635733654846 -0.27305752586620335
0.18919636751480218 -0.18057143521828053
0.2594742357698241 -0.01655726257657298
0.25544386610508346 0.0025995434700917947
0.34682416373576963 0.29493502632051005
0.36361279469095764 0.3536498267178348
0.3695510307824056 0.3324158183183942
0.28388295112698414 0.19599414589051134
0.2807520909909495 0.12759456522098203
0.021844415965408287 -0.5185402528897965
0.006434390328380671 -0.5625376919949212
-0.016746114171792694 -0.6038985641931226
-0.05871017870591399 -0.720991341534024
-0.07617644590672432 -0.7682387890591169
-0.08563733342038367 -0.6514680313915474
-0.12976622583450478 -0.4495725017100113
-0.17131115882628514 -0.3190163457032892
-0.16763219169004764 -0.24491739485776554
-0.19318020416471143 -0.022213673321138792
-0.2031595070547516 0.024794552612042546
-0.24022115317688666 0.18079100444255253
-0.270263621339529 0.34648341158704477
-0.24291683294752392 0.2862784014265466
-0.18127555374047766 0.06701476565051742
-0.17606267020148192 0.019153379465148772
-0.14539999332135575 -0.1809618248551403
-0.07259355797059476 -0.4347252919779522
-0.06623444530495369 -0.49581018005414285
-0.057546969853493425 -0.5078089073596699
0.012418185034379574 -0.7795318313621223
-0.029456599640171936 -0.6744686241626305
-0.13570416569140845 -0.45340669529626904
-0.2619874909214568 -0.21741642350639392
-0.38403936898245145 0.04758024467555225
-0.42007344606761815 0.09126401121021792
-0.44457846769102327 0.15758281519428458
-0.5133381705683692 0.23655123787915938
-0.561753918391414 0.3966174928397073
-0.5288415721212771 0.33115226505048884
-0.38357409300345635 0.039126458610084645
-0.20400308628259192 -0.34014435711347235
-0.04373956956208825 -0.632814220849986
-0.04277286301588733 -0.6770843767583955
-0.021869092807744434 -0.6899479617288046
0.015985758603487714 -0.7898811349323536
0.025171286120192923 -0.791097880074534
-0.04001421854798515 -0.720643748040829
-0.07925762678157473 -0.6696343774090603
-0.18425993947173233 -0.5223109360706164
-0.2717091846873308 -0.42164207685408284
-0.2856232847337363 -0.43161668472952364
-0.4816252414595701 -0.1881038134820434
-0.6305102630128478 0.049456069886174826
-0.6605725899026871 0.07065433845072994
-0.4055732956636966 -0.22517039572889347
-0.35606833715389813 -0.26405351405447275
-0.14540512666737423 -0.5374511403193948
-0.1422902896825456 -0.5459638941291883
-0.08665197349525047 -0.6054519678511552
-0.03669754017708395 -0.6637332983579964
-0.03517870204723174 -0.6688670051156507
0.02468982569935413 -0.7352492314287966
0.008857330350673402 -0.7384142790779705
-0.006935270739872407 -0.6835302855121883
-0.12884395897008796 -0.4200751549988791
-0.22725822375264518 -0.19220815321369814
-0.2646363751200825 -0.10376766922292113
-0.3533048277422371 0.039496615817264324
-0.4366569542385458 0.23078846632607164
-0.4579026489925116 0.28324422308455766
-0.4625871332630618 0.2763286007624444
-0.4270514643947655 0.2305145681755009
-0.275523605040102 -0.08738100397284575
-0.2189478911669034 -0.2335437320083202
-0.09864115437882336 -0.4882414337694197
-0.0945019282468791 -0.5206414441368529
0.02578500200873557 -0.7290292380458004
0.03214037718822513 -0.750160403179945
-0.01822961943489708 -0.5412228517925824
-0.10720086589478313 -0.06308390072631612
-0.1759327900290489 0.14278064269291776
-0.19200754950820084 0.25419107311031935
-0.21809767152373008 0.3118942895097657
-0.23860000312820462 0.3510156709197696
-0.21018903702795266 0.4027280930736982
-0.23667851050526587 0.4055847821142994
-0.21188482801084713 0.31528859818406463
-0.1527144226337371 0.009759451659305923
-0.13601998930434522 -0.009932558185892594
-0.160068048725128 -0.033463035276892435
-0.08448581205968389 -0.36298227207622796
-0.06991464400496082 -0.4469604363232216
-0.06577393636797121 -0.4970732935112652
-0.00340553378642847 -0.7224182109696827
-0.05823397279768899 -0.6360799411897484
-0.06816781921398105 -0.5592937600838211
-0.315156412790499 0.026826131770514645
-0.32877254567385406 0.10005970061926832
-0.4321913760794465 0.3186655173551926
-0.42542234854565003 0.36484243660566507
-0.49283726578068215 0.4652430915791955
-0.5165490698836177 0.5568903057015794
-0.40769601134416533 0.2933217440723449
-0.30639539402891464 -0.020200329381925355
-0.2351846997391468 -0.18346067218208456
-0.2204725531487088 -0.22950266363260138
-0.21136023947806504 -0.2843064998289639
-0.1977264405717004 -0.28213115077938844
-0.15663337141906042 -0.4222592019887372
-0.019638320610548574 -0.7528742488842098
-0.03751029029969765 -0.6876734834667799
-0.3566804565364248 -0.2561274986327366
-0.383393029806415 -0.24078451592976016
-0.6516493418951625 0.17161483069312364
-0.6480800279280822 0.22199297324094086
-0.7097898886207075 0.2521687508765236
-0.8673476438235816 0.5236329665616154
-0.8837715573920132 0.5356811980044565
-0.6823189542583447 0.26134374912445946
-0.671481134571167 0.2396710367298126
-0.4676042050776194 -0.04983697548219801
-0.3913786692786054 -0.11854123497862458
-0.3671151450131225 -0.17745390970454442
-0.34470028464926195 -0.21672890389036706
-0.11074442282327175 -0.5561701434165688
0.039197708438520586 -0.760256809327111
0.030817511538986753 -0.4992235925781768
0.06103834740256002 -0.414079921451302
0.07786416615960362 0.014503317506933242
0.0913003910385667 0.22673781320772723
0.09534597734979497 0.468210220243123
0.08852553057377274 0.4785337708719915
0.09491152514437001 0.5570526218589201
0.09600659835399644 0.6246069778365708
0.09869594279514413 0.6159530092915776
0.09841443633679034 0.5715644053197547
0.04295169167918213 -0.18530618783712308
0.02408077872576696 -0.28671372065344686
0.020480274811782277 -0.41569473508161064
0.010097734779751445 -0.4661986101723963
0.007705988982124357 -0.6858130137252421
0.0009200386777059584 -0.7155363005629991
-0.05188161354020958 -0.6679387981219145
-0.03372092587215094 -0.6476646191115282
-0.06938446529628751 -0.6603726631761813
-0.13112397195297082 -0.5400289010477166
-0.16638296865563293 -0.5304626002002001
-0.3606087219451795 -0.3364880063567065
-0.408554455178176 -0.2684716759290406
-0.5244067714567812 -0.15904476108625798
-0.4261820240833817 -0.25921110932496094
-0.4061903854184394 -0.2999447793061881
-0.3475099439638664 -0.3545529259519287
-0.33260569022652087 -0.38230031674737097
-0.29579882002074687 -0.42507538514732107
-0.27282272304806365 -0.4514829759033264
0.031770607006225415 -0.7769209051503757
0.031114072018574475 -0.7796811045028151
0.023221346328118737 -0.6893820777482368
0.048053920174864075 -0.6454878857322301
0.03917252581081251 -0.5079899106058288
0.03479504857299294 -0.48560442946553195
0.03897193525603103 -0.280898601663018
0.0431514126207553 -0.14485588170466432
0.05410282083290988 -0.04431663013579254
0.033069007138777584 0.04863845322224186
0.03778744198557868 -0.02072489325770388
0.027988800820549612 -0.1183396056620663
0.027789788894712182 -0.22669168932661524
0.01020693964805559 -0.2907702429376388
-0.0008249825667639788 -0.45604610606160956
0.004001727656368703 -0.5261510844095699
-0.014497969755763212 -0.6410769543022895
-0.01197173582448864 -0.7546592436755496
0.009256175519610712 -0.7115385123078796
0.013342452048348524 -0.615182405245055
0.033302054395919364 -0.5270364115523515
0.09677796796842043 -0.19191761184809075
0.17650415807188097 0.2508489690479842
0.18198850848673195 0.2998713275580157
0.2537717440225522 0.7118247976357645
0.261523779944838 0.7106532419651235
0.2554326175019793 0.6142542575611769
0.1639643706139148 0.12182480794915426
0.1482787947427713 -0.04454449743655763
0.05588335397149894 -0.6721702013094856
0.05953078230739608 -0.7201971397216373
0.07227750254604227 -0.7221927805753996
0.05987751114094704 -0.746794431175462
0.03655188759084612 -0.8104830137325585
0.0778924238382865 -0.6652088307998166
0.1165950302488928 -0.47851528286822703
0.19010451748928314 -0.23022932867023418
0.21656914402993896 -0.15673644328831407
0.28782776524232917 0.040734479938343164
0.33399158381229727 0.21658034138198848
0.3471246731149979 0.27133326179361633
0.35981043940298196 0.3377459760487319
0.37793900161954097 0.3251571949575188
0.2988338929592235 0.1609038496751684
0.2466951336150986 0.048318920049929145
0.2202125754490935 -0.1085230381810686
0.17559349106389985 -0.1786653322066556
0.14275214106804124 -0.2873857837987406
0.10517969405929099 -0.4463682380216673
0.022337574469459068 -0.702266086655851
-0.18410628448496855 -0.49065832370869383
-0.21979445380666784 -0.47586724848057066
-0.269191540097218 -0.41809906102275046
-0.5595208702515067 -0.15755087711962631
-0.6292515480432056 -0.07369201038636584
-0.89760776184226 0.15434643950905455
-0.9255593801918238 0.17749574906860763
-0.9472153376893241 0.21354815242064168
-0.7389003522856451 0.009051186277158256
-0.7194182849298588 -0.015617857575130198
-0.5465453034791603 -0.16100269441104395
-0.3687219296743705 -0.33072095159698883
-0.3611640256567209 -0.36074959011075997
-0.274899290302228 -0.4120367865211309
-0.12414012625824959 -0.5385710488678527
0.03718424884244185 -0.712156986549965
0.030496674220432136 -0.7099154544920698
0.07372684927304973 -0.6076425937666842
0.10111832576980934 -0.4611756338389597
0.12262225008730182 -0.41031195810569243
0.18939672734169988 -0.12672124824337835
0.20997126839317626 -0.08741195556517842
0.2950256494899296 0.21945161955293171
0.29480168741981333 0.2632231331971525
0.21066836004040934 -0.04262375580653082
0.16447826995301115 -0.17874952537813096
0.1594548757588707 -0.20452812023990533
0.13656785389490686 -0.32268681898333723
0.1145597650783674 -0.3379395741795802
0.13175136117674316 -0.3913890981105005
0.10008081333551087 -0.4105035842545506
-0.003277261789104866 -0.7843903573931025
-0.0020449072075536703 -0.777475692239819
-0.015711519418008864 -0.7693308024425872
-0.1526023736072157 -0.5474604234196987
-0.22709636514623954 -0.35342115537607793
-0.34456257454899164 -0.13780988266651187
-0.37737818511961274 -0.08639651400689718
-0.4772327312387925 0.08845808607828835
-0.49080254921994027 0.12345846379363154
-0.3257889419692927 -0.17861853123662472
-0.3059964670029494 -0.19639720641853767
-0.2986784647473476 -0.19974017286321508
-0.26008518571004935 -0.31423774602518795
-0.22357386419272338 -0.3730560934140649
-0.1084654789152941 -0.5668602293453223
-0.012226367008421097 -0.7273933659855504
0.02497463851860612 -0.7976566245698118
0.03586283704787805 -0.7931740778007347
0.019711768975605653 -0.7541656630010477
0.08832827225327193 -0.5542566083306945
0.10976928196348025 -0.4844942488030171
0.10054799148496413 -0.4802082212699354
0.14263702584592874 -0.3553936129769276
0.2293256224290587 -0.06585389279221876
0.36891065509539384 0.4829602245011284
0.33133399292475757 0.3586474933990057
0.17089230189056429 -0.15354915693968327
0.1535699766296168 -0.2738199034145494
0.10751400866494719 -0.3911371104049941
0.055686550265052565 -0.5524039656115174
0.05216289227003237 -0.5544933949740775
0.03228560019021441 -0.5820631097021407
0.006552907069281253 -0.7169483902229113
0.07892685230363773 -0.5459846276545887
0.12744921666862896 -0.5367442328431878
0.12952246692216723 -0.479684854716967
0.2881478859114104 -0.19405403728950824
0.4635533039900652 0.12070830751752279
0.45890758072798793 0.16073991052222603
0.4839634135830717 0.17373880499531452
0.6380838352824668 0.44474763829606223
0.5260854581269412 0.27060098103656355
0.51970309869983 0.23470345720373312
0.5016155068567248 0.21704852940747227
0.26145842617311066 -0.2312601673662842
0.18796671335295426 -0.35079110753883014
0.18171313101512826 -0.4018749993647837
0.04132507727376536 -0.6537659767389332
-0.01772952528468977 -0.7383937769894229
-0.06653680280952802 -0.5581838272849492
-0.06374852000748503 -0.4849959892846915
-0.08987049338787657 -0.29954499211300467
-0.12630232141212988 -0.02987100238680509
-0.14044687049155744 0.062023916689738924
-0.18319940242012692 0.3037524998353808
-0.20667838366098 0.3671423082235174
-0.22561011956639176 0.5436750137299591
-0.20346055656501078 0.3447837272059728
-0.17563114313851091 0.3434010516282379
-0.1602133165894085 0.18627557156998756
-0.13086212328469818 -0.040455748293142565
-0.10629982399387167 -0.16386595714359473
-0.030396514062267635 -0.5354583921995991
-0.026386195617869805 -0.6574389959198165
-0.020697577800610403 -0.7479179639935044
0.06400128867504777 -0.4395553353373496
0.0525675935804403 -0.40583202054457806
0.13163595025191016 -0.1877090101143738
0.14835115444669952 -0.09905537306339572
0.14391390883224087 -0.09234977417860095
0.22911461217109513 0.24301700759963948
0.2510787904770569 0.3034861243715784
0.2459070968210646 0.3135729928951303
0.18628978588977077 -0.12963237427707394
0.1423629227328749 -0.2548123985113019
0.13351648252326553 -0.28633762040862704
0.11992785424366685 -0.4094590961168475
0.1019815314843946 -0.43842778755142564
0.06323344718077602 -0.6578848390748349
0.05605526472008807 -0.7220459099919152
0.05121208572747762 -0.7697261825085647
0.03266063308739415 -0.7498548655766833
0.013033857625799826 -0.7140875966217861
-0.022612007328424104 -0.6164289261174177
-0.045160712489206306 -0.5710703706669386
-0.055892344186755503 -0.5292076440729997
-0.2227170768244414 -0.16116519789946157
-0.21371518003915935 -0.136712723663789
-0.42559477440084637 0.3413394891975286
-0.4041071970468729 0.2792741728429631
-0.3323796518817338 0.15942762205788955
-0.27015963691509615 -0.09541767296755421
-0.2473754745251578 -0.168782213921124
-0.08833025289409062 -0.5875225387253877
-0.05243763178394636 -0.6906112201328802
-0.026813577335525886 -0.7461235566407678
-0.027488356658852697 -0.7464616789683794
0.09484543590345126 -0.549312372271871
0.1135375916985161 -0.5008363555253338
0.18689727248682725 -0.3577153922927593
0.4234995098687817 0.0962081505187062
0.49247958314834295 0.20338550058749688
0.5176280582982195 0.22352450907379506
0.542630371675781 0.2934925799395541
0.590303499932868 0.3632970966682581
0.4761190408010398 0.061442118671637944
0.4585750975268177 0.06633764537731669
0.4242391553979945 -0.01733099171392764
0.24223732584448804 -0.41088926057089875
0.21195666654354717 -0.4486687831538869
0.09841071693174795 -0.6768157768026225
0.08199110290507168 -0.7239389095427609
0.06751487893195296 -0.7657847082999075
0.020432153127265536 -0.5763342661500593
-0.04621272457244844 -0.0879635334667317
-0.06078103976353662 0.11968001173985425
-0.0692317868484771 0.12890503847760443
-0.06503207318402691 0.13780671581067314
-0.0879058145818816 0.25749937727064204
-0.1007822587003754 0.2834064453281288
-0.10983261176999415 0.3657982684509032
-0.12009598381329148 0.35769744401811837
-0.10344061088957886 0.12528315770076
-0.08072004278251269 0.07466933624965226
-0.08274208720138057 0.0008034459876884272
-0.06733211774874477 -0.25089961007859596
-0.05468593398718059 -0.40461374100711467
-0.03538530838660756 -0.4894710672052515
-0.020940129881523918 -0.6984520162369567
-0.013623050488814922 -0.5360455976636033
-0.00976577894220454 -0.49301094410918106
-0.005041352398540959 -0.39395504820783517
-0.02051799375219513 -0.2699155742933674
-0.0068666212400257795 -0.1276563004946182
0.018903769196139536 0.25610312343190406
0.005272418856499936 0.45543628374155204
0.023750884506335723 0.7039922285123734
0.015916294468632304 0.6547123431183705
0.007219242170693866 0.5884119784209391
0.00923621376237226 0.5119620094881394
0.034484687535215705 0.33134893005372773
0.019223003376900367 0.3026665160958942
0.033250595977767146 -0.02207818456113316
0.016849713289692432 -0.308929051992115
0.03569026389043215 -0.7194235365738834
0.1808278534036903 -0.3129327492787145
0.19433938063726863 -0.3011058536652225
0.24311993059677695 -0.1869191361597269
0.2319000012195488 -0.17807793109686218
0.2877057909067063 -0.06762021585481878
0.29550314491906604 -0.009397848847809625
0.4328566773040774 0.33200881245784547
0.4426490990250921 0.37557419024788846
0.4062579543780672 0.26177113088072795
0.3070841495883602 -0.002396879375675367
0.2688960333967392 -0.035671286229084276
0.2687467113073921 -0.06786459733715566
0.23978560436220092 -0.06306102159503599
0.17134475554869916 -0.31942371417173904
0.07673348284632786 -0.47484411246873004
-0.005002057605302348 -0.7210173342967451
